/*--------------------------------*- C++ -*----------------------------------*\
  =========                 |
  \\      /  F ield         | OpenFOAM: The Open Source CFD Toolbox
   \\    /   O peration     | Website:  https://openfoam.org
    \\  /    A nd           | Version:  6
     \\/     M anipulation  |
\*---------------------------------------------------------------------------*/
FoamFile
{
    version     2.0;
    format      ascii;
    class       volScalarField;
    location    "1400";
    object      p;
}
// * * * * * * * * * * * * * * * * * * * * * * * * * * * * * * * * * * * * * //

dimensions      [0 2 -2 0 0 0 0];

internalField   nonuniform List<scalar> 
7000
(
0.0403106
0.0380957
0.0375955
0.0373969
0.0373242
0.0373843
0.0375716
0.0378679
0.0384437
0.0407542
0.0380424
0.0358246
0.0353245
0.0351244
0.0350495
0.0351071
0.035292
0.0355857
0.0361582
0.0384676
0.0374984
0.0352807
0.0347796
0.0345782
0.0345017
0.0345575
0.0347404
0.0350322
0.0356032
0.0379091
0.0372405
0.0350216
0.0345194
0.0343165
0.034238
0.0342914
0.0344718
0.0347612
0.0353301
0.0376329
0.0370952
0.0348746
0.034371
0.0341662
0.0340853
0.0341359
0.0343133
0.0345999
0.0351663
0.0374658
0.0370759
0.0348535
0.0343484
0.0341416
0.034058
0.0341056
0.0342798
0.0345635
0.0351274
0.0374232
0.0371844
0.0349603
0.0344537
0.0342449
0.0341587
0.0342033
0.0343745
0.0346554
0.0352168
0.037509
0.0374111
0.0351854
0.0346775
0.0344668
0.0343784
0.0344204
0.034589
0.0348675
0.0354269
0.0377163
0.0379306
0.0357025
0.0351937
0.0349816
0.0348914
0.0349315
0.0350979
0.0353746
0.0359322
0.0382205
0.0401668
0.0379387
0.0374274
0.0372133
0.0371208
0.0371583
0.037322
0.0375964
0.0381531
0.0404369
0.0373573
0.0359738
0.0360159
0.0358235
0.0357524
0.0358171
0.0360128
0.0363132
0.0363446
0.037839
0.0359148
0.0345291
0.0345732
0.0343784
0.0343047
0.0343664
0.0345593
0.0348574
0.0348831
0.0363751
0.0359156
0.034532
0.0345743
0.0343782
0.0343028
0.0343626
0.0345534
0.0348493
0.0348744
0.0363605
0.0356593
0.0342735
0.0343147
0.034117
0.0340392
0.0340962
0.034284
0.0345768
0.0345995
0.0360827
0.0355104
0.0341227
0.0341624
0.0339624
0.0338818
0.0339356
0.0341199
0.0344093
0.0344294
0.0359086
0.0354901
0.0341003
0.0341385
0.0339362
0.0338526
0.0339029
0.0340835
0.0343695
0.0343868
0.0358615
0.0356
0.0342083
0.0342451
0.0340404
0.0339539
0.0340008
0.0341778
0.0344603
0.034475
0.0359451
0.0358229
0.03443
0.0344654
0.0342585
0.0341693
0.0342133
0.0343872
0.0346669
0.0346792
0.036145
0.0357994
0.0344021
0.0344375
0.0342291
0.0341381
0.0341801
0.0343517
0.0346293
0.0346391
0.0361054
0.0372068
0.0358084
0.0358392
0.0356292
0.0355357
0.0355746
0.0357429
0.0360169
0.0360276
0.0374897
0.0348806
0.0340982
0.0344656
0.0342955
0.0342888
0.0343644
0.0345178
0.0348185
0.034532
0.0354593
0.0340274
0.0332459
0.0336171
0.0334429
0.033433
0.0335047
0.0336537
0.033952
0.0336567
0.0345765
0.034353
0.0335756
0.033944
0.0337686
0.0337566
0.033826
0.0339724
0.0342677
0.0339724
0.0348829
0.0341096
0.0333285
0.0336959
0.0335183
0.0335033
0.0335691
0.0337116
0.0340027
0.0337041
0.0346112
0.0340143
0.0332309
0.0335965
0.0334162
0.0333976
0.0334592
0.0335972
0.0338838
0.0335819
0.0344827
0.0339921
0.033206
0.03357
0.0333867
0.0333643
0.0334215
0.0335548
0.0338366
0.033531
0.0344253
0.0340447
0.0332559
0.0336182
0.033432
0.033406
0.0334588
0.0335873
0.0338644
0.0335553
0.0344432
0.034251
0.0334615
0.033822
0.0336329
0.0336035
0.0336525
0.0337768
0.0340499
0.033738
0.0346184
0.0339033
0.033107
0.0334684
0.0332773
0.0332459
0.0332924
0.0334138
0.0336845
0.0333685
0.0342504
0.034715
0.0339132
0.0342675
0.0340752
0.0340401
0.0340825
0.0341996
0.0344642
0.0341504
0.0350296
0.0335847
0.0330384
0.0334315
0.0332582
0.0333346
0.0334291
0.0335364
0.0338787
0.0335884
0.0343325
0.0329522
0.032409
0.0328061
0.0326266
0.0326992
0.032788
0.0328881
0.0332271
0.0329251
0.0336563
0.0332985
0.0327597
0.0331527
0.0329719
0.0330416
0.0331271
0.0332237
0.0335579
0.0332559
0.0339748
0.0330367
0.0324924
0.0328844
0.0327006
0.0327661
0.0328465
0.0329375
0.0332658
0.0329584
0.0336723
0.0330067
0.0324601
0.0328497
0.0326621
0.0327227
0.0327974
0.032882
0.0332037
0.0328914
0.0335948
0.0329815
0.0324314
0.0328187
0.0326272
0.0326826
0.0327513
0.0328291
0.0331436
0.032826
0.0335191
0.0329629
0.0324083
0.0327937
0.0325983
0.0326488
0.0327114
0.0327824
0.0330899
0.0327669
0.0334504
0.0331818
0.0326267
0.0330093
0.03281
0.0328561
0.0329133
0.0329781
0.0332794
0.0329521
0.0336234
0.0328121
0.032249
0.0326333
0.0324311
0.0324744
0.0325282
0.0325889
0.0328865
0.0325529
0.0332237
0.0333946
0.0328223
0.0331983
0.0329948
0.0330323
0.0330803
0.0331353
0.0334234
0.0330907
0.0337578
0.032674
0.0322456
0.0325898
0.0324149
0.032557
0.032679
0.0327748
0.0331759
0.0329718
0.0336778
0.0321409
0.0317168
0.0320639
0.0318804
0.0320175
0.0321313
0.0322159
0.0326112
0.0323925
0.0330795
0.0324299
0.0320092
0.032351
0.0321658
0.0322986
0.0324075
0.0324868
0.0328748
0.0326551
0.0333266
0.0321457
0.0317177
0.0320581
0.0318684
0.0319952
0.0320969
0.032168
0.0325472
0.0323191
0.0329819
0.0321565
0.0317258
0.032063
0.031868
0.031988
0.0320814
0.0321433
0.0325126
0.0322768
0.0329227
0.0321272
0.0316917
0.0320258
0.0318254
0.0319382
0.0320231
0.0320751
0.0324338
0.0321896
0.0328189
0.0320599
0.031618
0.0319495
0.0317437
0.0318497
0.0319261
0.0319683
0.0323163
0.0320633
0.0326773
0.0322932
0.0318505
0.0321781
0.0319674
0.0320671
0.0321357
0.0321686
0.0325065
0.0322466
0.0328405
0.031978
0.0315269
0.0318568
0.0316419
0.031738
0.0318016
0.031828
0.0321601
0.0318899
0.0324779
0.0324514
0.0319878
0.0323089
0.0320921
0.0321798
0.0322349
0.0322533
0.0325705
0.0322971
0.0328764
0.0316651
0.031357
0.0316832
0.0315339
0.0317289
0.0318882
0.0320052
0.0324614
0.0323351
0.0330459
0.0312307
0.0309281
0.0312556
0.0310951
0.0312829
0.0314301
0.0315305
0.0319767
0.0318307
0.032514
0.0314903
0.0311899
0.0315107
0.0313476
0.0315292
0.0316692
0.0317618
0.0321967
0.0320472
0.0327093
0.0312058
0.0308961
0.031215
0.0310453
0.0312185
0.0313481
0.0314285
0.0318504
0.0316877
0.0323341
0.0312376
0.0309243
0.0312386
0.0310617
0.0312254
0.0313434
0.0314103
0.0318171
0.0316423
0.0322616
0.0312033
0.0308836
0.0311937
0.0310093
0.0311632
0.0312691
0.0313218
0.0317128
0.0315249
0.0321169
0.0311056
0.0307772
0.0310841
0.0308924
0.0310367
0.0311307
0.0311692
0.0315442
0.0313422
0.0319075
0.0313297
0.0309996
0.0313012
0.0311031
0.0312386
0.0313214
0.0313463
0.0317051
0.0314904
0.0320226
0.03104
0.0307011
0.0310051
0.0308013
0.0309321
0.0310076
0.0310224
0.0313705
0.0311399
0.0316551
0.0314035
0.0310484
0.031343
0.0311361
0.031255
0.0313185
0.0313204
0.031646
0.0314043
0.0318976
0.0305744
0.0303815
0.0307048
0.0305996
0.0308443
0.0310514
0.0312156
0.0317398
0.0317098
0.0325055
0.03023
0.0300435
0.030366
0.0302467
0.0304807
0.0306702
0.0308103
0.0313164
0.0312584
0.0320157
0.0304732
0.0302871
0.0306017
0.0304785
0.0307034
0.0308824
0.0310104
0.0314995
0.0314326
0.0321593
0.0302022
0.0300049
0.0303166
0.0301841
0.0303973
0.0305614
0.0306715
0.0311412
0.0310529
0.0317511
0.0302446
0.0300422
0.0303476
0.0302053
0.0304054
0.0305531
0.0306438
0.0310912
0.0309835
0.0316376
0.0302047
0.0299937
0.0302936
0.0301411
0.0303278
0.0304587
0.0305295
0.0309541
0.0308262
0.0314353
0.0300858
0.0298637
0.0301593
0.029997
0.0301709
0.0302853
0.0303361
0.0307374
0.0305876
0.0311511
0.0302857
0.0300603
0.0303492
0.0301784
0.0303401
0.0304389
0.0304699
0.0308455
0.0306743
0.0311806
0.030008
0.0297734
0.0300644
0.0298864
0.0300418
0.0301302
0.0301456
0.0305032
0.0303045
0.03077
0.0302692
0.0300137
0.0302947
0.0301114
0.0302511
0.0303223
0.030318
0.0306398
0.0304132
0.0308275
0.0294983
0.0293961
0.0297084
0.029651
0.0299429
0.0302079
0.0304457
0.0310749
0.0312078
0.0322511
0.0292166
0.0291209
0.0294296
0.0293545
0.0296305
0.0298701
0.0300727
0.0306712
0.0307625
0.031759
0.0294338
0.0293361
0.0296356
0.0295546
0.0298178
0.030042
0.0302261
0.0307984
0.0308705
0.0318202
0.0291763
0.0290652
0.0293604
0.0292666
0.0295138
0.0297168
0.0298747
0.0304169
0.0304536
0.0313458
0.0292211
0.0291025
0.0293894
0.0292826
0.0295118
0.0296921
0.0298225
0.0303321
0.0303373
0.0311513
0.0291753
0.0290455
0.0293251
0.0292049
0.0294162
0.0295737
0.0296769
0.0301548
0.0301314
0.0308685
0.029043
0.0288994
0.0291736
0.0290404
0.0292348
0.0293705
0.0294465
0.0298916
0.0298375
0.0304955
0.0292182
0.0290689
0.0293348
0.0291908
0.0293691
0.0294834
0.0295313
0.0299376
0.0298456
0.0303997
0.028962
0.0288032
0.0290707
0.0289178
0.0290878
0.0291877
0.0292127
0.0295865
0.0294445
0.0299019
0.0291468
0.0289629
0.02922
0.029059
0.0292091
0.0292855
0.0292795
0.029597
0.0293935
0.0297243
0.0284371
0.0284043
0.0286993
0.0286893
0.0290251
0.0293555
0.0296877
0.0304651
0.030853
0.0323849
0.0281952
0.0281681
0.0284558
0.0284238
0.0287366
0.0290309
0.0293119
0.0300369
0.0303573
0.0318327
0.0283796
0.0283475
0.0286245
0.0285838
0.0288789
0.0291507
0.0294031
0.0300868
0.0303661
0.0317621
0.0281332
0.0280853
0.028356
0.0282982
0.0285713
0.0288131
0.029027
0.0296648
0.0298816
0.0311619
0.0281735
0.028115
0.028375
0.0283001
0.0285489
0.0287595
0.0289349
0.0295264
0.0296922
0.0308355
0.0281218
0.0280489
0.0282998
0.0282074
0.0284327
0.0286132
0.0287526
0.0293034
0.0294344
0.0304608
0.0279834
0.0278938
0.0281378
0.0280289
0.0282328
0.0283851
0.0284895
0.0289986
0.0290962
0.0300099
0.0281365
0.0280383
0.0282725
0.0281499
0.0283333
0.0284578
0.0285241
0.0289768
0.0290148
0.0297448
0.0279091
0.0278015
0.0280367
0.0279038
0.0280765
0.0281821
0.0282158
0.0286158
0.0285593
0.029058
0.0280405
0.0279036
0.0281283
0.0279841
0.0281329
0.0282079
0.0281979
0.0285102
0.0283248
0.0285301
0.0273492
0.0273742
0.0276525
0.0276895
0.0280636
0.0284599
0.0288936
0.0298434
0.0306757
0.0330745
0.0271354
0.0271645
0.0274314
0.0274415
0.0277835
0.0281295
0.02849
0.0293569
0.030063
0.0324726
0.0272892
0.0273099
0.0275646
0.0275623
0.0278805
0.028194
0.0285108
0.0293117
0.0299306
0.0321925
0.0270546
0.0270566
0.0273026
0.0272779
0.0275662
0.0278377
0.0280977
0.0288263
0.0293297
0.0313137
0.0270867
0.0270743
0.0273069
0.0272599
0.0275161
0.027745
0.0279516
0.0286136
0.0290391
0.0307395
0.0270298
0.0269994
0.0272207
0.0271516
0.0273777
0.0275683
0.0277289
0.0283429
0.0287461
0.0302623
0.0268904
0.0268402
0.0270531
0.0269637
0.0271638
0.0273206
0.0274397
0.0280071
0.0284
0.029784
0.0270219
0.0269599
0.0271617
0.0270558
0.027231
0.027354
0.0274254
0.0279155
0.0282154
0.0292655
0.0268227
0.0267514
0.0269537
0.0268363
0.0269993
0.0270993
0.0271278
0.0275337
0.0276444
0.0281073
0.026913
0.0268088
0.0270008
0.0268694
0.0270056
0.0270695
0.0270412
0.0273227
0.0271851
0.0269933
0.0262102
0.0262854
0.0265492
0.026631
0.0270347
0.0274879
0.028009
0.0290575
0.0302109
0.0336998
0.0260187
0.0260961
0.0263443
0.026394
0.0267559
0.0271424
0.0275622
0.0284871
0.0293823
0.032635
0.0261469
0.0262124
0.0264469
0.0264801
0.0268109
0.0271516
0.0275045
0.0283269
0.0290123
0.0318872
0.025926
0.0259697
0.0261927
0.0261973
0.0264883
0.0267699
0.0270388
0.0277459
0.0282313
0.0306993
0.0259491
0.025974
0.0261808
0.0261569
0.0264059
0.0266299
0.0268228
0.0274339
0.0278204
0.0299875
0.0258885
0.0258914
0.0260845
0.0260333
0.0262448
0.0264204
0.0265558
0.0271096
0.0275443
0.0296888
0.0257518
0.0257318
0.0259152
0.0258401
0.026021
0.0261584
0.0262495
0.0267583
0.0272766
0.0295677
0.0258623
0.0258272
0.0259985
0.0259041
0.0260566
0.0261564
0.0261948
0.0266091
0.0270318
0.028898
0.0256886
0.0256444
0.0258161
0.0257097
0.0258492
0.0259243
0.025912
0.0262161
0.0263705
0.0271057
0.0257462
0.0256658
0.025828
0.0257059
0.0258183
0.0258572
0.0257873
0.0259562
0.0258117
0.0253905
0.0250163
0.0251343
0.0253834
0.0255045
0.0259247
0.0264054
0.0269515
0.0278961
0.0284596
0.0307646
0.0248435
0.0249621
0.025192
0.0252768
0.0256472
0.026047
0.0264591
0.0272277
0.0273257
0.0282173
0.0249509
0.0250541
0.0252691
0.0253332
0.025665
0.0260038
0.0263146
0.0269266
0.0266527
0.0264052
0.0247448
0.0248231
0.0250237
0.0250525
0.0253329
0.0255915
0.0257815
0.0262329
0.0256975
0.0251995
0.0247599
0.0248148
0.0249962
0.0249895
0.0252159
0.0253976
0.0254846
0.0258151
0.0252098
0.0249644
0.0246978
0.0247266
0.0248922
0.0248523
0.0250323
0.025154
0.0251733
0.0254423
0.0250039
0.0256395
0.0245673
0.0245704
0.0247253
0.0246579
0.0248034
0.0248849
0.0248681
0.0251097
0.0248947
0.0265394
0.0246593
0.024644
0.0247864
0.0246978
0.024813
0.0248584
0.0248013
0.024961
0.0247254
0.0261802
0.0245098
0.024486
0.0246292
0.0245292
0.0246329
0.0246581
0.0245646
0.0246364
0.0242974
0.0250032
0.0245421
0.0244797
0.0246151
0.0244997
0.024581
0.0245822
0.0244619
0.0244731
0.0241208
0.0243549
0.0237663
0.0239195
0.0241525
0.0243069
0.0247344
0.0252192
0.0257465
0.0266008
0.0266407
0.0275352
0.0236107
0.0237637
0.0239755
0.0240922
0.0244675
0.0248724
0.0252557
0.0259388
0.0256951
0.0246621
0.0237013
0.023836
0.0240325
0.024125
0.024456
0.0247891
0.025041
0.0255258
0.0249362
0.0226844
0.0235114
0.0236185
0.023798
0.0238487
0.0241167
0.0243467
0.0244309
0.0246944
0.0236578
0.0210051
0.0235208
0.0236002
0.023758
0.0237658
0.0239669
0.024096
0.0240357
0.0241184
0.0228527
0.0203474
0.0234605
0.0235101
0.0236503
0.0236189
0.0237634
0.0238158
0.0236646
0.0236405
0.0224127
0.0208814
0.02334
0.0233617
0.0234908
0.0234294
0.0235354
0.0235437
0.0233662
0.0233233
0.0222839
0.0220694
0.0234176
0.0234181
0.0235352
0.0234517
0.0235271
0.0235031
0.0233114
0.023222
0.0221934
0.0220393
0.0232927
0.0232857
0.0234045
0.0233115
0.0233786
0.0233427
0.0231467
0.0230225
0.0220223
0.0216908
0.0233073
0.0232603
0.0233743
0.0232682
0.0233216
0.0232816
0.0231135
0.0230288
0.0222222
0.0218084
0.0224586
0.0226394
0.0228548
0.0230396
0.0234815
0.0240002
0.0245685
0.0255874
0.0260435
0.0267076
0.0223208
0.0225021
0.0226972
0.0228484
0.023247
0.0237171
0.0242186
0.0252303
0.0262548
0.027947
0.0223989
0.0225603
0.0227411
0.0228666
0.0232192
0.0236179
0.0239824
0.0247781
0.0254775
0.0258749
0.0222273
0.0223595
0.0225218
0.0226
0.022879
0.0231513
0.0232807
0.0237318
0.0235958
0.0218697
0.0222347
0.0223359
0.0224749
0.0225036
0.0227014
0.022841
0.0227478
0.0228677
0.0220204
0.0189085
0.0221801
0.0222487
0.0223691
0.0223527
0.0224808
0.0225139
0.0222666
0.0221313
0.0208889
0.0178483
0.0220739
0.0221132
0.022223
0.0221743
0.0222581
0.0222325
0.0219389
0.0217354
0.0204703
0.018785
0.0221417
0.022158
0.0222571
0.0221862
0.0222394
0.0221787
0.0218842
0.0216644
0.0204217
0.0194023
0.0220416
0.0220523
0.0221546
0.0220768
0.0221253
0.0220559
0.0217827
0.0215916
0.020427
0.0196366
0.022046
0.0220162
0.0221174
0.0220304
0.0220756
0.0220194
0.0218221
0.0217545
0.0208924
0.0201168
0.0210895
0.0212888
0.021484
0.021696
0.0221609
0.0227588
0.0234616
0.0247752
0.0261618
0.0276776
0.0209717
0.0211746
0.0213536
0.0215421
0.0219842
0.0225894
0.0233713
0.0249313
0.0275724
0.0338069
0.0210424
0.021225
0.0213924
0.0215563
0.0219547
0.0224977
0.0231598
0.0245158
0.0269183
0.032355
0.0208918
0.0210453
0.0211947
0.0213085
0.0216255
0.0220261
0.0223887
0.023272
0.0246955
0.0264966
0.0209023
0.0210233
0.0211498
0.0212095
0.021433
0.0216713
0.0217193
0.0220691
0.0223298
0.0206171
0.0208582
0.0209457
0.0210542
0.0210647
0.0212062
0.0213042
0.0211171
0.0210187
0.020365
0.0173113
0.0207705
0.0208294
0.0209292
0.0209068
0.0209996
0.0210177
0.0207426
0.0204832
0.0194058
0.0170478
0.0208335
0.0208691
0.0209607
0.0209177
0.0209823
0.0209593
0.0206796
0.0204433
0.0193273
0.0179797
0.0207591
0.0207915
0.0208883
0.020842
0.0209073
0.0208754
0.0206241
0.0204889
0.0195026
0.018556
0.0207595
0.0207528
0.0208531
0.0208026
0.0208755
0.0208668
0.0207139
0.0207818
0.0201776
0.0192451
0.0196588
0.0198623
0.0200283
0.0202508
0.0207153
0.0213717
0.0221896
0.0236415
0.0257137
0.0286073
0.019564
0.0197764
0.0199323
0.0201455
0.020612
0.0213269
0.022356
0.0242444
0.0276273
0.0378188
0.0196318
0.0198251
0.019974
0.0201664
0.0205954
0.0212625
0.0222038
0.0239221
0.027159
0.0378616
0.0195053
0.0196721
0.0198066
0.0199512
0.0202999
0.0208309
0.0214572
0.0226339
0.0250079
0.0312742
0.0195242
0.0196602
0.0197758
0.019868
0.0201213
0.0204817
0.0207482
0.0212622
0.0223176
0.0236628
0.0194957
0.0196004
0.0197018
0.0197469
0.0199164
0.0201204
0.0201128
0.0200862
0.0198882
0.0182579
0.019431
0.0195105
0.0196077
0.0196241
0.0197488
0.0198631
0.0197358
0.0195026
0.018521
0.0159945
0.0194943
0.0195524
0.0196462
0.019647
0.0197536
0.0198307
0.0196921
0.019539
0.018495
0.0164113
0.0194455
0.0195047
0.0196068
0.0196095
0.0197269
0.0198027
0.0196863
0.0197048
0.0188931
0.0171092
0.0194492
0.0194719
0.019583
0.0195875
0.0197259
0.0198351
0.019823
0.0200951
0.0197771
0.0179576
0.0181677
0.0183543
0.0184744
0.0186733
0.0190786
0.0196985
0.0204911
0.0217941
0.0240897
0.0285103
0.0180988
0.0183009
0.0184171
0.0186205
0.0190474
0.0197477
0.0208116
0.022627
0.0258069
0.0383883
0.0181675
0.0183535
0.018468
0.0186569
0.019055
0.019724
0.020751
0.0224706
0.0254442
0.0405186
0.0180681
0.0182331
0.0183403
0.018491
0.0188212
0.0193857
0.0201631
0.0213669
0.0236363
0.0346807
0.018101
0.0182405
0.0183375
0.0184463
0.0186945
0.0191117
0.0195623
0.0201263
0.0210726
0.0259674
0.018093
0.0182075
0.0182988
0.0183718
0.0185535
0.0188322
0.0190346
0.0191405
0.0187968
0.0185776
0.0180554
0.018152
0.0182475
0.0183038
0.0184616
0.0186701
0.0187628
0.0187382
0.017725
0.0149066
0.0181235
0.018204
0.0183037
0.0183551
0.0185174
0.0187195
0.0188154
0.0189496
0.0182121
0.0151028
0.0181006
0.0181874
0.0183
0.0183609
0.0185506
0.018777
0.0188946
0.0192302
0.0190079
0.0162388
0.0181125
0.0181685
0.018297
0.0183678
0.0185965
0.0188781
0.0190926
0.0197018
0.0201565
0.0176041
0.0166254
0.0167684
0.0168214
0.016951
0.017217
0.0176638
0.0182573
0.0190804
0.0210619
0.0268246
0.0165836
0.016749
0.0168026
0.0169459
0.0172415
0.0177557
0.0185762
0.0198471
0.0218216
0.0337353
0.0166556
0.0168092
0.0168669
0.0170043
0.0172834
0.0177823
0.0186229
0.0199055
0.021258
0.0367248
0.0165852
0.0167261
0.0167867
0.0169037
0.0171413
0.0175892
0.0183212
0.0192791
0.0200234
0.0331256
0.0166361
0.0167609
0.0168245
0.0169205
0.0171102
0.0174704
0.0179908
0.0185548
0.0183475
0.0246341
0.0166521
0.0167628
0.0168339
0.0169163
0.0170808
0.017367
0.0177321
0.0181363
0.0174001
0.0172555
0.016644
0.0167484
0.0168362
0.0169231
0.017105
0.017386
0.0177195
0.0182244
0.0178013
0.0149508
0.0167206
0.0168172
0.0169198
0.0170183
0.0172397
0.0175807
0.017993
0.0187561
0.0194832
0.0173121
0.0167217
0.0168318
0.0169526
0.0170693
0.0173366
0.0177431
0.0182038
0.0191368
0.0208003
0.0200953
0.0167471
0.0168336
0.0169779
0.0171132
0.0174376
0.0179285
0.0184903
0.0196354
0.022155
0.0225192
0.0150477
0.015121
0.015089
0.015106
0.0151582
0.0153088
0.0155758
0.0155987
0.0165084
0.0262311
0.0150331
0.0151344
0.0151056
0.0151389
0.015216
0.0153896
0.0157297
0.0159625
0.015711
0.0268517
0.0151098
0.0152045
0.0151861
0.0152237
0.0152997
0.0154625
0.0158336
0.0161843
0.0146331
0.0279794
0.0150689
0.015162
0.0151581
0.0152
0.0152732
0.0154418
0.0158609
0.0162703
0.0142108
0.0263395
0.0151401
0.0152299
0.0152451
0.0152962
0.0153746
0.0155468
0.0159309
0.0164504
0.0145895
0.0213856
0.0151815
0.0152718
0.015311
0.0153799
0.0154955
0.0157076
0.0161032
0.0169377
0.0164977
0.0190972
0.0152032
0.0153018
0.0153726
0.0154738
0.015663
0.0159793
0.0165016
0.0177438
0.0193027
0.0223503
0.0152888
0.0153904
0.0154876
0.0156197
0.0158887
0.0163537
0.0171104
0.018678
0.0221832
0.0293245
0.0153103
0.0154318
0.0155506
0.0157066
0.0160313
0.0165979
0.0174657
0.0190665
0.0234643
0.0342966
0.01535
0.0154565
0.0156048
0.0157845
0.0161742
0.0168449
0.0178214
0.0194718
0.0244983
0.0371672
0.0134622
0.0134472
0.0133253
0.013206
0.0130061
0.0127552
0.0126187
0.0118667
0.0093905
0.0222123
0.0134724
0.0134895
0.0133717
0.0132658
0.0130763
0.0127965
0.0125281
0.0116501
0.00706559
0.0162931
0.0135526
0.0135689
0.0134671
0.0133748
0.0131992
0.0129074
0.0126201
0.0119578
0.00562311
0.0132157
0.0135389
0.0135654
0.0134886
0.0134259
0.0132912
0.0130568
0.0129288
0.0128349
0.006631
0.0134854
0.0136291
0.0136668
0.0136242
0.0136038
0.013538
0.0134218
0.0134677
0.0141364
0.0103024
0.0172305
0.0136934
0.0137474
0.0137449
0.0137764
0.0138174
0.0138906
0.0141886
0.0156662
0.01589
0.0263995
0.013741
0.0138187
0.0138614
0.0139521
0.0141213
0.0144207
0.0150557
0.0171645
0.0208925
0.0379617
0.0138338
0.0139248
0.0140029
0.0141405
0.0144187
0.0149321
0.0159574
0.0183619
0.023538
0.0465024
0.0138689
0.0139845
0.0140828
0.0142421
0.0145653
0.0151647
0.0163233
0.0185367
0.0231129
0.0483918
0.0139223
0.0140296
0.0141589
0.0143387
0.014713
0.0153865
0.0166141
0.0185656
0.0224643
0.0468562
0.0338061
0.0372857
0.0380406
0.0334845
0.0277749
0.0248416
0.0248355
0.0261374
0.0277905
0.0281139
0.0328832
0.0385184
0.0393547
0.0333236
0.026625
0.023211
0.0232162
0.0250765
0.0277479
0.0293381
0.0314345
0.036149
0.036677
0.0311572
0.0249683
0.0218915
0.0220377
0.0239179
0.026775
0.0285425
0.0296797
0.0338654
0.0340209
0.0292623
0.0237677
0.0208831
0.020984
0.0225168
0.0247573
0.025847
0.0282554
0.0321088
0.0326121
0.0296243
0.0241575
0.0201454
0.0197019
0.0211921
0.0230578
0.022612
0.0270429
0.0302687
0.0321827
0.031208
0.0248474
0.0186576
0.0171457
0.0189218
0.0215455
0.0217718
0.0262236
0.0286859
0.0318713
0.0319392
0.0248204
0.0172921
0.0147714
0.0162516
0.0193792
0.0208701
0.0252244
0.0265018
0.0294368
0.0294842
0.0229832
0.0161782
0.0134879
0.0145149
0.0174696
0.0190847
0.0242137
0.0242567
0.0248844
0.0239517
0.0191053
0.0142631
0.0124651
0.0134033
0.0158967
0.0170235
0.0237557
0.0239626
0.0228107
0.0206673
0.0171128
0.0139556
0.0128529
0.0133344
0.0147644
0.0143608
0.0296976
0.032077
0.03249
0.0285485
0.0239646
0.0215638
0.0219233
0.024292
0.0273828
0.0301809
0.0275941
0.0303847
0.030979
0.0265439
0.0218844
0.019234
0.019261
0.0219355
0.0265321
0.0302616
0.0247461
0.0282134
0.0297947
0.0258361
0.0210041
0.0182154
0.0182959
0.0209085
0.0253911
0.0290162
0.0230432
0.0264679
0.0281247
0.0244829
0.0191754
0.0162241
0.0167762
0.0196177
0.0236525
0.0267695
0.0226134
0.0257541
0.0277456
0.0246944
0.0181135
0.0142982
0.0147929
0.0179467
0.021993
0.0247223
0.0221932
0.0246859
0.0273383
0.0247154
0.0163239
0.0115287
0.0113252
0.0142268
0.0189864
0.022042
0.0222309
0.0233822
0.0260576
0.0235746
0.0145684
0.00973413
0.00924271
0.0113845
0.0157903
0.0190514
0.0216808
0.0216801
0.0233904
0.020907
0.0131167
0.00879378
0.00815725
0.0100088
0.0141459
0.0171466
0.0216689
0.0205538
0.0200726
0.0170024
0.0110962
0.00754109
0.00720536
0.00924196
0.0133466
0.016507
0.0229676
0.0216636
0.0195571
0.0165918
0.0125691
0.00972302
0.00941847
0.0110681
0.0135662
0.0158972
0.0274896
0.0280478
0.0269427
0.0235347
0.0198307
0.0176506
0.0178834
0.0205363
0.0245206
0.0274764
0.0268155
0.0255416
0.0240546
0.0210905
0.0180977
0.0162251
0.0163292
0.0187894
0.023621
0.0274106
0.0227774
0.023184
0.023916
0.0209041
0.0172351
0.0152566
0.0154648
0.0178886
0.0225267
0.0260754
0.019926
0.02119
0.0226835
0.0193904
0.0146279
0.0123055
0.0128673
0.0158165
0.0204275
0.0235096
0.0189842
0.0206867
0.0227021
0.01847
0.0117428
0.00929495
0.0101977
0.0134984
0.018205
0.0210066
0.0182236
0.0200797
0.02221
0.0169668
0.00862719
0.00673239
0.00780285
0.0104958
0.0148576
0.0174608
0.0183333
0.0192345
0.0210289
0.0152651
0.00683746
0.00546027
0.00649247
0.00858089
0.0122753
0.0143487
0.018221
0.0184656
0.0194152
0.0139118
0.00635391
0.00473296
0.00540092
0.00730548
0.0110304
0.0129176
0.0189892
0.0184426
0.0181828
0.0137677
0.00714636
0.00447836
0.00467383
0.00648389
0.0102608
0.012523
0.0211606
0.0201232
0.0190721
0.0163412
0.0114415
0.00770464
0.00677559
0.00823283
0.0108414
0.0126147
0.0278953
0.024969
0.0213545
0.0176677
0.0141559
0.0121954
0.0125025
0.0151218
0.019128
0.0212773
0.0300326
0.0225244
0.0192346
0.0162607
0.0135248
0.0119019
0.0122027
0.0144878
0.0188474
0.0218401
0.0272529
0.0221602
0.0199336
0.016219
0.0128807
0.0113543
0.0118272
0.0140732
0.018194
0.0209366
0.023523
0.0201353
0.0188403
0.0144775
0.0102696
0.0087965
0.00958563
0.0120787
0.0161007
0.0183954
0.0195906
0.0187504
0.018588
0.0127756
0.00720457
0.00617504
0.00739106
0.0100669
0.0139303
0.0155805
0.0171385
0.0177759
0.0181414
0.010808
0.00454919
0.00444404
0.00599286
0.00826994
0.0114561
0.0123842
0.0162808
0.017069
0.0176102
0.00971432
0.00369799
0.00372212
0.00505904
0.00700936
0.00984624
0.0102613
0.016543
0.0167282
0.0172215
0.00996873
0.00390209
0.00318468
0.00389935
0.00569403
0.00877151
0.00937954
0.0178298
0.0175963
0.0180468
0.0123411
0.00544617
0.00318856
0.00341991
0.00470895
0.00758359
0.00851713
0.020267
0.0199016
0.0199386
0.0164383
0.0103404
0.00627892
0.00512327
0.00593387
0.00780377
0.00821652
0.0280789
0.0228898
0.0176283
0.0129628
0.00908735
0.00717578
0.00751718
0.00995331
0.0136631
0.0152349
0.0299151
0.0212337
0.0161652
0.0120267
0.00868367
0.00705474
0.00761287
0.00989665
0.0138319
0.0162096
0.0298864
0.0223032
0.0173087
0.0122204
0.00852163
0.00705554
0.00784006
0.010119
0.0137375
0.0158034
0.0260427
0.0205054
0.0163373
0.0107024
0.00676831
0.00585321
0.00688079
0.00901548
0.0122565
0.0138412
0.0204101
0.0185453
0.0158941
0.00886873
0.00441122
0.00432435
0.00573826
0.0078182
0.0107696
0.0115472
0.0168616
0.0169251
0.015635
0.00716655
0.00298059
0.00344211
0.0050821
0.00697952
0.00941375
0.0093743
0.0154419
0.0162213
0.0157927
0.00739799
0.00314881
0.0033203
0.00466374
0.00635545
0.0086537
0.0082538
0.016103
0.0160645
0.0162889
0.00921748
0.00397365
0.00313767
0.00372783
0.00529217
0.00778888
0.00773744
0.0174771
0.0172271
0.0180627
0.012058
0.00524294
0.00326744
0.00336035
0.00434317
0.0064534
0.00661851
0.0196014
0.0195594
0.0201242
0.0158989
0.00928052
0.00548237
0.00447799
0.00501659
0.0062979
0.00605324
0.0272669
0.0220884
0.0160734
0.0101445
0.00585095
0.00407989
0.00445401
0.00666041
0.00989973
0.0106887
0.0287154
0.0212593
0.0144334
0.00883971
0.00516992
0.00377374
0.0044222
0.00653075
0.0100568
0.0117419
0.0295705
0.0229229
0.0158505
0.00924
0.00531011
0.00411589
0.00494693
0.00710143
0.0103554
0.0117606
0.0253269
0.0209369
0.0149321
0.00808758
0.00438541
0.00386421
0.00493015
0.00689632
0.00968343
0.0105324
0.0201847
0.018669
0.014424
0.00657633
0.00306894
0.00333443
0.0046645
0.00646716
0.00896868
0.00893513
0.0166951
0.016855
0.0143447
0.0058044
0.00271309
0.00317255
0.00465257
0.00633507
0.00852302
0.00773188
0.0149381
0.0158623
0.0150583
0.00754742
0.00380663
0.00362185
0.00485785
0.00640267
0.00843152
0.00739915
0.0154691
0.0157193
0.0162095
0.0106062
0.00531199
0.00399264
0.0045461
0.00587338
0.00791863
0.00719501
0.0163487
0.0165933
0.0179442
0.0136332
0.00652817
0.00437893
0.00421211
0.00507104
0.00671422
0.00613084
0.017681
0.0181823
0.0195769
0.0166498
0.00980247
0.00602877
0.0049279
0.00540424
0.00642964
0.00564367
0.0254718
0.0213908
0.0158783
0.0091894
0.00456883
0.00304032
0.00356346
0.00566191
0.00818821
0.00787575
0.0275232
0.0213437
0.013962
0.0070451
0.0037056
0.00288041
0.00360751
0.0053819
0.00821034
0.00880083
0.0298143
0.0237488
0.0158896
0.00785142
0.00385833
0.00308116
0.00397909
0.00581725
0.00860666
0.0092285
0.0253861
0.0212258
0.0148524
0.00696136
0.00341364
0.00313837
0.00412338
0.00596123
0.00848045
0.00851324
0.019582
0.0178799
0.0139017
0.00613204
0.00299232
0.00307553
0.00419917
0.00599158
0.0083813
0.00743062
0.0151672
0.0157423
0.0135597
0.00662879
0.00339018
0.003332
0.00456967
0.00638424
0.00858481
0.00693223
0.0132052
0.0147186
0.0143774
0.00948047
0.00513898
0.00426722
0.00522571
0.00692147
0.00893258
0.00723097
0.0135311
0.0145733
0.0160655
0.0131439
0.00707198
0.00528936
0.00548486
0.0067782
0.00873793
0.00736777
0.0141488
0.0155006
0.0185018
0.0169775
0.00902288
0.00609994
0.00530492
0.00602517
0.00757117
0.00637025
0.0152012
0.0168672
0.0203642
0.0198452
0.0123884
0.00806411
0.00619687
0.00644581
0.0072302
0.00615132
0.0222429
0.02056
0.0170696
0.0107248
0.00524512
0.00320535
0.00411169
0.00641871
0.0089211
0.00782091
0.0236644
0.0211001
0.0155341
0.00772762
0.00380345
0.00306063
0.00399236
0.00611167
0.00897905
0.00877132
0.0267646
0.0236271
0.0180798
0.00957213
0.00415346
0.00332786
0.00436803
0.00644909
0.00948714
0.00968163
0.0235198
0.0207435
0.017079
0.00909354
0.00388288
0.003467
0.00461772
0.00672171
0.00968545
0.00956512
0.0169373
0.0158685
0.0153863
0.00896014
0.00406604
0.00382241
0.00501204
0.00712368
0.00998811
0.00898746
0.01151
0.0129641
0.0141856
0.0105372
0.00505579
0.00469414
0.00590525
0.00797316
0.0104336
0.00835065
0.0104926
0.0128577
0.0146346
0.0141412
0.00760768
0.00627706
0.00703644
0.0086202
0.0106458
0.00867079
0.0126676
0.0141335
0.0172257
0.0184332
0.0104979
0.00751659
0.00721569
0.00841765
0.0106859
0.00958565
0.0150584
0.0164559
0.0212096
0.0232421
0.0138179
0.00838582
0.00679261
0.00742268
0.00945428
0.00886393
0.0171709
0.0184406
0.024613
0.0264704
0.01752
0.0109331
0.00764489
0.00723642
0.00853659
0.00849675
0.0230315
0.0214372
0.0199583
0.0157377
0.009255
0.00449348
0.00340052
0.0045375
0.00970808
0.0159263
0.0207506
0.0215194
0.0196678
0.0128384
0.00683439
0.00405606
0.00377171
0.00527548
0.0100132
0.0132894
0.0221883
0.0227059
0.0218717
0.0158293
0.00876031
0.00516661
0.00449452
0.00596328
0.011048
0.0140047
0.0202304
0.0206715
0.0219229
0.0165741
0.00898472
0.00533874
0.00468399
0.00612854
0.0112945
0.0144478
0.0154611
0.0169381
0.0214624
0.0176066
0.00919977
0.00565394
0.00493491
0.00607626
0.0109749
0.0153213
0.012781
0.0151456
0.0214147
0.0209517
0.011047
0.00674211
0.00509467
0.00542435
0.0101636
0.0168287
0.0166432
0.0165673
0.02265
0.0260309
0.0154563
0.00878053
0.00523667
0.0044438
0.0100764
0.0204405
0.0255015
0.0205616
0.0255714
0.0306781
0.0205491
0.010696
0.00533305
0.00404823
0.0117245
0.0255686
0.0321293
0.0255735
0.0297362
0.0342222
0.0241689
0.0120463
0.00496368
0.00354327
0.0121829
0.027633
0.0352972
0.0286894
0.033475
0.0362919
0.0273299
0.0158344
0.00623551
0.00312705
0.012016
0.0303924
0.0323948
0.0242928
0.0216819
0.0196092
0.0164259
0.0122737
0.00493961
-0.00121884
0.0205506
0.0852071
0.024232
0.0234562
0.022311
0.0192784
0.0161703
0.0133358
0.00787964
0.00297041
0.0224289
0.0752399
0.0212932
0.0228397
0.0231585
0.0209902
0.0178002
0.0149374
0.00931336
0.00460094
0.0236046
0.0708746
0.021259
0.0232289
0.0247972
0.0236236
0.0203707
0.0169434
0.0103795
0.00513474
0.024573
0.0736084
0.0248697
0.0257127
0.0281407
0.0281896
0.0245191
0.0199329
0.0119484
0.0054342
0.0257826
0.0845832
0.0371593
0.0310211
0.0329793
0.0345971
0.0308361
0.0246229
0.0140643
0.00490536
0.0282133
0.102312
0.0559731
0.0385305
0.0378883
0.0403632
0.0369379
0.0292703
0.016197
0.0055411
0.0345779
0.120054
0.0727335
0.0455232
0.0408351
0.0439019
0.0405426
0.0323563
0.0188448
0.00978002
0.0439699
0.133617
0.0782351
0.0486976
0.0419037
0.0449439
0.0419429
0.0343472
0.0213443
0.0138255
0.0506911
0.142695
0.073012
0.0477628
0.0414065
0.0436543
0.0415291
0.0362426
0.0246227
0.0170733
0.0549822
0.151508
0.0301861
0.0307166
0.029964
0.0294153
0.0294349
0.0293769
0.0291814
0.0295625
0.0291961
0.0295452
0.0333213
0.031037
0.0297794
0.0290609
0.0290489
0.0289999
0.0288202
0.029223
0.0288658
0.0292048
0.0326808
0.0307059
0.0297019
0.0291262
0.0292075
0.0292212
0.0290845
0.0295094
0.029171
0.0295222
0.0291623
0.0289943
0.0285923
0.0282963
0.0285433
0.0286578
0.0285836
0.0290497
0.0287286
0.0291044
0.0253503
0.0275854
0.0278668
0.027908
0.0283525
0.0285883
0.0285909
0.0291044
0.028809
0.0292079
0.0254996
0.0267791
0.0271548
0.0273901
0.0279878
0.0283331
0.0284099
0.0289713
0.0287003
0.0291273
0.0257421
0.0259756
0.0263687
0.0267517
0.0274739
0.0279139
0.0280565
0.0286634
0.0284122
0.0288703
0.0240034
0.0253351
0.0260428
0.026654
0.0275136
0.0280454
0.0282502
0.0288965
0.0286679
0.0291482
0.0217105
0.0243034
0.0252626
0.0260443
0.0269978
0.027584
0.0278207
0.028491
0.0282669
0.0287624
0.0176787
0.0228588
0.0245275
0.0257106
0.0268786
0.0275916
0.0279086
0.0286238
0.0284247
0.0289692
0.0336252
0.0298961
0.0284396
0.0279866
0.0279532
0.0279121
0.0277476
0.0281111
0.0277899
0.0281115
0.0367484
0.0301151
0.0283891
0.0277198
0.0276333
0.0275932
0.0274409
0.0278229
0.0275121
0.02782
0.0353085
0.029445
0.0281561
0.0276777
0.0277174
0.0277562
0.0276538
0.0280626
0.0277704
0.0280929
0.0318359
0.0276857
0.0269802
0.0268104
0.0270507
0.0272092
0.0271787
0.0276334
0.0273602
0.0277079
0.0275659
0.0260085
0.026043
0.0263033
0.0267984
0.0271055
0.0271643
0.0276724
0.0274275
0.0277998
0.0257461
0.0246331
0.0251473
0.0257007
0.0263945
0.026833
0.0269763
0.0275383
0.0273192
0.0277211
0.0240281
0.0232891
0.0242219
0.0250155
0.0258664
0.0264152
0.026632
0.0272432
0.0270451
0.0274787
0.022074
0.0224358
0.0237392
0.0248322
0.0258454
0.0264995
0.0267855
0.0274397
0.0272655
0.0277231
0.0213789
0.0218317
0.0230635
0.024294
0.0253831
0.0260862
0.0264024
0.02708
0.0269102
0.0273812
0.0187622
0.0208369
0.0222954
0.0239099
0.0252154
0.0260489
0.0264487
0.0271744
0.0270281
0.02755
0.0303799
0.0269406
0.0265663
0.0264273
0.0264197
0.0264584
0.0263459
0.0267029
0.0264258
0.02672
0.0336619
0.027007
0.0265938
0.0262004
0.0261434
0.0261807
0.0260778
0.0264518
0.0261844
0.026464
0.0318815
0.0262235
0.0262584
0.0260804
0.0261786
0.0263038
0.0262544
0.0266549
0.0264065
0.0267017
0.0285678
0.0246657
0.0251277
0.0252353
0.0255455
0.0257938
0.0258169
0.0262634
0.0260333
0.0263532
0.0236956
0.0229947
0.0240993
0.0246754
0.0252712
0.0256784
0.0257944
0.0262953
0.0260926
0.0264381
0.0197716
0.021217
0.0230793
0.0240348
0.0248636
0.0254119
0.0256146
0.0261696
0.0259912
0.0263667
0.0172852
0.0196483
0.0221075
0.0233541
0.0243573
0.0250207
0.0252961
0.0258989
0.0257396
0.0261462
0.0160155
0.0188213
0.0215994
0.0231503
0.0243106
0.0250812
0.0254255
0.0260706
0.0259337
0.026365
0.0160726
0.0185111
0.0211364
0.0227546
0.0239333
0.0247328
0.0250976
0.0257618
0.025625
0.026068
0.0145355
0.0180064
0.020469
0.0224196
0.0237607
0.0246734
0.0251165
0.0258253
0.0257117
0.0262053
0.0239399
0.0229633
0.024226
0.0245871
0.0248021
0.025007
0.0249698
0.0253306
0.0251003
0.02536
0.0272008
0.0229107
0.0243308
0.0243825
0.0245586
0.0247576
0.0247279
0.0251031
0.0248832
0.0251284
0.0257121
0.0222747
0.0240264
0.0242674
0.0245949
0.0248725
0.0248894
0.0252884
0.0250819
0.0253437
0.0229048
0.0211427
0.0230818
0.023542
0.0240534
0.0244309
0.0245078
0.0249457
0.0247525
0.0250376
0.0185337
0.0199036
0.0221416
0.0230452
0.0238234
0.0243406
0.0244992
0.0249843
0.0248125
0.0251231
0.0144419
0.0183435
0.0211761
0.0224717
0.0234744
0.0241169
0.0243504
0.0248815
0.0247282
0.0250674
0.0122279
0.017019
0.0203363
0.0218871
0.023045
0.0237862
0.0240791
0.02465
0.0245085
0.0248772
0.0114129
0.0163347
0.0199326
0.0217321
0.0230185
0.0238549
0.0242061
0.0248122
0.0246875
0.0250806
0.0112594
0.0160459
0.0196682
0.0214899
0.0227457
0.0235897
0.0239458
0.0245598
0.0244322
0.0248315
0.0100648
0.0157228
0.0190884
0.0212338
0.0225855
0.023522
0.0239445
0.0246007
0.0244884
0.0249416
0.0182136
0.0196588
0.0219705
0.0227227
0.0232142
0.0235866
0.0236148
0.02398
0.0237887
0.0240194
0.0209746
0.0195079
0.0221985
0.0225805
0.0230398
0.0233906
0.0234178
0.0237914
0.0236061
0.0238198
0.0198443
0.0190814
0.021997
0.0225266
0.0231112
0.0235179
0.0235801
0.0239683
0.0237921
0.0240195
0.017897
0.0184682
0.021316
0.0219928
0.0227037
0.0231681
0.0232682
0.0236826
0.023512
0.023757
0.0150336
0.017888
0.0206153
0.0216742
0.0225795
0.0231372
0.0232946
0.0237419
0.0235839
0.0238488
0.0120986
0.0169693
0.0199036
0.0212902
0.0223525
0.0229917
0.0231988
0.0236776
0.023527
0.023815
0.0104376
0.0161388
0.0193371
0.0208903
0.0220524
0.0227525
0.0229944
0.023497
0.02335
0.0236599
0.00972329
0.0156627
0.0191024
0.0208245
0.0220802
0.0228528
0.0231341
0.0236612
0.0235238
0.0238536
0.00933748
0.0153849
0.0190052
0.0207083
0.0219099
0.0226742
0.0229428
0.0234689
0.023319
0.0236514
0.00849957
0.0151881
0.0185565
0.0205705
0.0218006
0.0226372
0.0229546
0.0235082
0.0233705
0.0237511
0.014194
0.0177017
0.0203807
0.0212361
0.0218529
0.0222797
0.0223206
0.0226645
0.0224966
0.0226926
0.0160397
0.0174461
0.0207
0.0211557
0.0217623
0.0221504
0.0221804
0.0225231
0.0223572
0.0225298
0.0152635
0.0172505
0.0206113
0.0211813
0.021885
0.0223036
0.0223526
0.0227018
0.022537
0.0227193
0.0143073
0.0171285
0.020226
0.0208792
0.0216343
0.0220599
0.0221195
0.0224783
0.0223099
0.0225014
0.0130635
0.0171837
0.0198686
0.0208214
0.0216573
0.0221139
0.0221977
0.0225697
0.0224016
0.0226044
0.0114825
0.0169862
0.0195474
0.0207197
0.0215985
0.0220741
0.0221722
0.0225534
0.022382
0.0225966
0.0104212
0.0167488
0.0193468
0.0205752
0.0214692
0.0219501
0.0220482
0.022435
0.0222534
0.0224804
0.00979267
0.0166266
0.0193535
0.0206505
0.0215881
0.0221033
0.0222153
0.0226116
0.0224297
0.0226701
0.00941554
0.0165153
0.0194573
0.0206634
0.0215277
0.0220149
0.0220948
0.0224757
0.0222786
0.0225115
0.00899456
0.0165258
0.0192305
0.0206793
0.0214984
0.022036
0.0221375
0.022536
0.0223365
0.0226137
0.0124968
0.017539
0.0197112
0.0202998
0.0208036
0.0211274
0.0211036
0.0213895
0.0212236
0.0213707
0.0133113
0.0171177
0.0200234
0.0202488
0.0207887
0.0210624
0.0210212
0.0212973
0.0211275
0.0212454
0.0129082
0.017143
0.0200302
0.0203557
0.0209656
0.0212451
0.0212085
0.0214803
0.0213062
0.0214284
0.0128235
0.0174268
0.019951
0.0202982
0.0208759
0.0211116
0.0210572
0.0213205
0.0211332
0.0212545
0.0128777
0.0180589
0.0200065
0.0205378
0.0210622
0.0212639
0.0211967
0.0214501
0.0212509
0.0213722
0.0124817
0.0186077
0.0201691
0.0207652
0.0211934
0.0213449
0.0212504
0.0214896
0.0212713
0.0213932
0.0121383
0.0191105
0.0204245
0.0209279
0.0212605
0.0213499
0.0212165
0.0214358
0.0211964
0.0213172
0.0118257
0.0195667
0.0207667
0.0212041
0.0215035
0.0215728
0.0214205
0.0216321
0.0213821
0.0215069
0.0116328
0.0198205
0.021137
0.0213688
0.0215642
0.0215748
0.0213673
0.0215539
0.0212776
0.02139
0.0117688
0.020236
0.0212531
0.0215846
0.0216488
0.0216764
0.0214578
0.0216397
0.0213552
0.0215009
0.0160669
0.0200895
0.0199774
0.0198885
0.0200165
0.0200899
0.0199389
0.0201314
0.0199515
0.0200383
0.0155285
0.0192589
0.0201715
0.0198318
0.0200588
0.0200783
0.0199088
0.0200842
0.0198975
0.0199485
0.0153326
0.0194069
0.0202622
0.0200224
0.0202848
0.0202869
0.0201088
0.0202725
0.0200756
0.0201261
0.0159671
0.0200641
0.0205028
0.0202039
0.0203454
0.0202573
0.020035
0.0201731
0.0199544
0.019994
0.0172733
0.0213821
0.0210297
0.0207422
0.02069
0.0205082
0.020236
0.0203416
0.0200984
0.0201273
0.0184022
0.02294
0.0217596
0.0213121
0.0210124
0.0207116
0.0203699
0.0204343
0.0201612
0.0201767
0.0195043
0.0245615
0.0225704
0.021815
0.0212842
0.0208481
0.020425
0.0204471
0.0201379
0.0201404
0.0203518
0.0259977
0.023359
0.0223459
0.0216739
0.0211507
0.0206731
0.0206672
0.0203357
0.0203333
0.0208404
0.0269099
0.0240669
0.0226904
0.0218674
0.0212428
0.0206856
0.0206387
0.0202782
0.0202529
0.0219044
0.0279809
0.0246078
0.0231289
0.0220853
0.0214351
0.0208252
0.0207599
0.0203749
0.0203757
0.0318248
0.0241055
0.020498
0.0197451
0.0192842
0.0190461
0.0187532
0.018843
0.0186486
0.0186735
0.0273412
0.0225037
0.0204647
0.0196501
0.0193629
0.0190742
0.0187676
0.0188358
0.0186321
0.018616
0.0263225
0.0226933
0.0206603
0.0199277
0.0196293
0.0193018
0.0189765
0.019026
0.0188083
0.0187876
0.027691
0.0237597
0.0212302
0.0203242
0.0198179
0.0193625
0.0189704
0.0189795
0.0187333
0.0186928
0.031508
0.0259673
0.0222489
0.0211327
0.0202986
0.0197003
0.0192249
0.0191812
0.0189017
0.0188396
0.0369056
0.0288457
0.0235615
0.0220218
0.0207913
0.020013
0.0194287
0.0193228
0.0190009
0.0189148
0.0426238
0.03194
0.0249399
0.022853
0.0212484
0.0202673
0.0195646
0.0193923
0.0190258
0.0189139
0.047198
0.0347468
0.0261987
0.023642
0.021776
0.0206429
0.0198521
0.0196337
0.0192356
0.0191091
0.0500858
0.0366039
0.0272348
0.0241474
0.0220838
0.0208077
0.0199169
0.0196497
0.0192142
0.0190604
0.0537706
0.0385595
0.0282372
0.024803
0.0224319
0.0210841
0.0201041
0.0197995
0.0193327
0.0191947
0.0627828
0.0261988
0.0211546
0.0194582
0.01828
0.0178362
0.017456
0.0174688
0.0172777
0.0172552
0.0549965
0.0242564
0.0208809
0.0193185
0.018375
0.0178897
0.0175053
0.0174938
0.0172929
0.0172252
0.0535684
0.0247357
0.0212105
0.0196709
0.0186654
0.018126
0.0177159
0.0176809
0.0174639
0.0173885
0.056614
0.0263223
0.0221039
0.0202259
0.0189434
0.0182542
0.0177619
0.0176761
0.0174269
0.0173245
0.0644523
0.0294057
0.023596
0.0212337
0.0195148
0.0186526
0.0180523
0.0179005
0.0176119
0.0174803
0.0757042
0.033292
0.025422
0.0223612
0.0201246
0.0190427
0.0183055
0.0180756
0.0177403
0.0175748
0.0870794
0.0372856
0.0272263
0.0234339
0.0207077
0.0193797
0.0184986
0.0181893
0.0178025
0.0176027
0.0961092
0.0409899
0.0287917
0.0244083
0.0213252
0.0198021
0.0188116
0.0184432
0.0180187
0.0177979
0.102178
0.0435214
0.0300079
0.0250034
0.0217036
0.0200111
0.018912
0.0184884
0.0180269
0.0177729
0.10746
0.0459717
0.031363
0.0257972
0.0221475
0.0203498
0.0191315
0.018663
0.0181607
0.0179156
0.0540389
0.0495445
0.0485001
0.0480367
0.0478038
0.0478232
0.0480932
0.0485882
0.0496574
0.0541871
0.0494779
0.0449851
0.0439446
0.0434848
0.0432557
0.0432789
0.0435523
0.0440499
0.0451199
0.0496532
0.0483795
0.0438909
0.0428526
0.0423957
0.0421699
0.0421963
0.0424725
0.0429723
0.0440441
0.0485781
0.047845
0.0433607
0.0423255
0.0418726
0.0416512
0.0416818
0.0419618
0.0424645
0.0435383
0.0480747
0.0475274
0.0430481
0.0420167
0.0415685
0.0413522
0.041388
0.0416725
0.0421787
0.0432551
0.0477945
0.047457
0.0429832
0.041956
0.0415127
0.041302
0.0413431
0.0416325
0.0421426
0.0432218
0.0477643
0.0476407
0.0431725
0.0421493
0.0417108
0.0415054
0.0415518
0.0418459
0.0423597
0.0434416
0.0479871
0.0480622
0.0435986
0.0425789
0.0421445
0.0419437
0.0419947
0.0422928
0.0428099
0.0438941
0.0484424
0.0490744
0.0446135
0.0435966
0.0431656
0.0429684
0.043023
0.0433243
0.043844
0.0449297
0.0494812
0.053532
0.0490774
0.048063
0.0476361
0.0474437
0.0475027
0.047808
0.0483309
0.0494201
0.0539726
0.0481703
0.0453305
0.0453774
0.0449185
0.0446806
0.0447001
0.044976
0.0454678
0.0454386
0.0483248
0.0452575
0.0424197
0.0424726
0.0420166
0.0417825
0.0418059
0.0420854
0.0425806
0.04255
0.0454388
0.0452529
0.0424215
0.042476
0.0420234
0.0417928
0.0418197
0.0421023
0.0425998
0.0425718
0.0454593
0.0447166
0.0418893
0.0419475
0.0414997
0.0412742
0.0413059
0.0415927
0.0420935
0.0420677
0.0449584
0.0443874
0.0415657
0.0416281
0.0411859
0.0409663
0.0410038
0.0412958
0.0418005
0.0417775
0.0446715
0.0443106
0.0414952
0.0415621
0.0411258
0.0409127
0.0409563
0.0412537
0.0417628
0.0417427
0.04464
0.0444929
0.041684
0.0417555
0.041325
0.041118
0.0411677
0.0414704
0.0419838
0.0419664
0.0448669
0.0449034
0.0421009
0.0421762
0.0417506
0.0415491
0.041604
0.0419115
0.0424287
0.042414
0.0453166
0.0448184
0.042017
0.0420962
0.0416742
0.0414767
0.0415355
0.0418462
0.0423662
0.0423521
0.0452602
0.0476224
0.044828
0.0449081
0.0444918
0.0443
0.0443639
0.044679
0.0452019
0.0451934
0.0481035
0.0433025
0.041653
0.0423545
0.0419235
0.0417968
0.0418161
0.0419808
0.0424467
0.0417559
0.0434615
0.0415643
0.039921
0.0406313
0.0402031
0.0400815
0.0401056
0.0402744
0.0407454
0.0400513
0.0417563
0.0422129
0.0405792
0.0412907
0.040867
0.0407497
0.040778
0.0409505
0.041424
0.0407337
0.0424354
0.0416917
0.0400629
0.0407794
0.0403621
0.0402513
0.0402857
0.0404635
0.0409409
0.0402528
0.0419595
0.0414592
0.0398387
0.0405608
0.0401508
0.0400477
0.0400895
0.0402736
0.040756
0.0400713
0.0417817
0.0413662
0.0397549
0.0404829
0.0400809
0.039986
0.0400357
0.0402267
0.0407144
0.0400331
0.0417476
0.0414209
0.0398188
0.0405527
0.0401584
0.0400718
0.0401291
0.0403268
0.0408198
0.0401416
0.0418605
0.0417891
0.0401973
0.040936
0.0405484
0.0404691
0.0405333
0.0407369
0.0412349
0.0405599
0.0422808
0.041037
0.0394462
0.0401906
0.0398076
0.0397334
0.0398023
0.0400098
0.0405113
0.0398362
0.0415651
0.0426354
0.0410517
0.0417967
0.0414231
0.0413566
0.0414328
0.0416466
0.0421512
0.0414846
0.0432203
0.0408643
0.0396689
0.0404147
0.0399492
0.0399585
0.0399761
0.0400009
0.0405018
0.0397584
0.0410192
0.039559
0.0383729
0.0391295
0.0386672
0.0386842
0.0387083
0.0387379
0.0392461
0.0384992
0.0397573
0.0402439
0.0390706
0.0398289
0.0393735
0.0393965
0.0394264
0.039461
0.0399721
0.0392305
0.0404851
0.0396657
0.0384999
0.0392662
0.0388201
0.0388524
0.0388908
0.0389327
0.0394491
0.0387101
0.0399717
0.0395438
0.038392
0.0391667
0.0387315
0.0387749
0.0388236
0.0388743
0.0393975
0.0386627
0.0399286
0.0394208
0.0382835
0.0390671
0.0386436
0.038699
0.0387587
0.0388188
0.0393492
0.0386188
0.0398903
0.039307
0.0381837
0.0389761
0.0385641
0.0386313
0.0387019
0.0387711
0.0393086
0.0385822
0.0398603
0.0396811
0.0385745
0.0393741
0.0389724
0.0390503
0.0391306
0.0392079
0.0397521
0.0390303
0.0403106
0.0388605
0.0377584
0.0385666
0.0381715
0.0382569
0.0383438
0.0384264
0.0389756
0.0382531
0.0395432
0.0399725
0.0388829
0.0396952
0.0393154
0.0394121
0.0395099
0.0396025
0.0401557
0.0394438
0.040745
0.0392691
0.0382867
0.0389161
0.0384065
0.0385021
0.0385162
0.0384464
0.0389885
0.0383493
0.0394089
0.0381514
0.0371788
0.0378202
0.0373148
0.0374214
0.0374443
0.0373804
0.0379323
0.0372907
0.0383462
0.0387062
0.03775
0.0383952
0.0379005
0.0380159
0.0380471
0.0379904
0.0385461
0.0379117
0.0389647
0.0380495
0.0371067
0.037765
0.0372845
0.0374139
0.0374576
0.0374112
0.0379747
0.0373435
0.038406
0.0379743
0.037055
0.0377267
0.0372633
0.0374095
0.0374683
0.0374343
0.0380072
0.037382
0.0384495
0.0378038
0.0369081
0.037594
0.0371485
0.0373126
0.0373873
0.0373667
0.0379496
0.0373303
0.0384054
0.0375518
0.0366782
0.0373779
0.03695
0.0371316
0.0372221
0.0372143
0.0378071
0.0371931
0.0382776
0.0379224
0.0370758
0.0377868
0.0373753
0.0375729
0.0376776
0.0376815
0.0382832
0.0376757
0.0387632
0.0371767
0.0363432
0.0370676
0.0366668
0.0368761
0.0369904
0.0370016
0.0376104
0.0370021
0.0381002
0.038023
0.0372148
0.0379511
0.0375749
0.0378017
0.0379326
0.0379588
0.0385738
0.0379773
0.039091
0.0375525
0.0367905
0.037353
0.0368402
0.0369792
0.0369872
0.0368595
0.0373967
0.0368057
0.0376633
0.0366288
0.0358711
0.0364454
0.0359377
0.036091
0.0361109
0.0359909
0.0365405
0.0359486
0.0368005
0.0370968
0.0363617
0.0369444
0.036453
0.0366197
0.0366516
0.0365419
0.0370969
0.0365138
0.0373649
0.0363845
0.0356756
0.0362807
0.0358119
0.036
0.0360502
0.0359551
0.0365211
0.0359426
0.0368056
0.0362918
0.035623
0.036251
0.0358094
0.0360232
0.0360955
0.0360181
0.036597
0.0360268
0.0368964
0.0360515
0.0354209
0.0360711
0.0356574
0.035898
0.0359935
0.0359349
0.0365278
0.0359655
0.0368452
0.0356796
0.0350843
0.0357556
0.0353686
0.0356353
0.0357535
0.0357131
0.0363196
0.0357644
0.0366567
0.0359789
0.0354267
0.0361164
0.0357554
0.0360463
0.0361854
0.0361616
0.0367803
0.0362338
0.0371308
0.0352328
0.0347096
0.0354204
0.0350772
0.035386
0.0355393
0.0355257
0.0361541
0.0356072
0.036516
0.0357671
0.0353006
0.0360392
0.0357362
0.0360734
0.0362516
0.0362597
0.0368977
0.0363646
0.0372942
0.0357643
0.0352228
0.0357313
0.0352349
0.0353905
0.0353893
0.0352217
0.0357244
0.0351554
0.035826
0.0350473
0.0344842
0.0349991
0.0345065
0.0346792
0.034693
0.0345355
0.0350532
0.0344852
0.0351485
0.0354346
0.0349055
0.0354382
0.0349709
0.0351637
0.0351949
0.0350519
0.0355771
0.03502
0.0356844
0.0346528
0.0341798
0.0347534
0.0343233
0.0345492
0.0346071
0.0344846
0.0350251
0.0344743
0.0351532
0.0344778
0.0340776
0.0346922
0.0343068
0.0345721
0.0346622
0.0345645
0.0351227
0.034583
0.0352709
0.0341391
0.0337989
0.0344478
0.0341052
0.0344106
0.0345342
0.0344627
0.0350399
0.0345108
0.0352119
0.0336474
0.0333588
0.0340376
0.0337351
0.0340788
0.0342348
0.0341884
0.0347842
0.0342644
0.0349817
0.0338165
0.0335971
0.0343055
0.0340435
0.0344233
0.0346092
0.0345861
0.0351982
0.0346898
0.0354145
0.033007
0.0328511
0.0335946
0.033363
0.0337701
0.0339764
0.0339673
0.0345923
0.0340845
0.034822
0.0331667
0.0331337
0.0339349
0.0337701
0.0342236
0.0344673
0.0344888
0.0351286
0.0346365
0.0354009
0.0341066
0.0337811
0.0341886
0.0336926
0.0338387
0.0338242
0.033631
0.0340977
0.0335704
0.0341082
0.0336342
0.0331981
0.0335879
0.0330868
0.0332503
0.0332534
0.0330731
0.0335572
0.0330335
0.0335629
0.0338868
0.0335079
0.0339336
0.0334723
0.0336663
0.0336943
0.0335339
0.0340286
0.0335175
0.0340507
0.0329376
0.0326943
0.0332025
0.0328053
0.0330508
0.0331176
0.0329853
0.0335009
0.0329983
0.0335487
0.032569
0.0324763
0.0330646
0.0327419
0.0330478
0.0331611
0.0330633
0.0336026
0.0331145
0.0336769
0.03211
0.0320974
0.0327345
0.0324771
0.0328419
0.0330026
0.0329405
0.0335049
0.0330306
0.03361
0.0315197
0.0315585
0.0322301
0.0320307
0.0324504
0.0326561
0.032628
0.0332171
0.0327545
0.0333543
0.0315088
0.0316633
0.0323838
0.0322473
0.03272
0.0329677
0.0329713
0.0335816
0.033134
0.0337442
0.0305868
0.0308785
0.0316616
0.0315763
0.0320899
0.0323662
0.0323888
0.0330159
0.0325692
0.0331938
0.0302577
0.0308308
0.0317372
0.0317658
0.0323539
0.0326851
0.0327493
0.0333973
0.0329698
0.0336273
0.0326089
0.0325345
0.0327609
0.0322358
0.0323488
0.0323176
0.032112
0.0325476
0.0320775
0.0325297
0.0325892
0.0321309
0.0322716
0.0317147
0.0318398
0.0318271
0.0316368
0.0320925
0.0316279
0.0320715
0.0326405
0.0322819
0.0324919
0.0319972
0.0321679
0.0321901
0.0320265
0.0324964
0.0320468
0.0324969
0.0313074
0.0312926
0.0316727
0.0312895
0.0315392
0.0316167
0.0314914
0.0319884
0.0315502
0.0320202
0.0305079
0.0308551
0.0314014
0.031145
0.0314867
0.0316303
0.0315516
0.0320797
0.0316597
0.0321455
0.0299588
0.0303552
0.0309625
0.0308031
0.0312293
0.031438
0.0314066
0.0319672
0.0315646
0.0320714
0.029358
0.0297289
0.0303634
0.0302855
0.0307876
0.0310566
0.0310696
0.0316615
0.0312741
0.0318052
0.0290812
0.0296658
0.0303845
0.0304041
0.0309815
0.0313074
0.0313618
0.0319815
0.031611
0.0321569
0.0279093
0.0288133
0.029648
0.0297525
0.0303887
0.0307531
0.030832
0.0314709
0.0311037
0.0316645
0.026835
0.0283687
0.0294503
0.0297483
0.0305003
0.0309428
0.0310764
0.0317452
0.0313991
0.0319993
0.0310146
0.0315458
0.0314045
0.0308307
0.0308954
0.030846
0.0306387
0.0310454
0.0306302
0.0310233
0.0320903
0.0314746
0.0310504
0.0303878
0.0304489
0.0304154
0.0302247
0.0306526
0.0302455
0.0306292
0.0318474
0.0314144
0.0311262
0.0305606
0.0306884
0.0307026
0.0305463
0.0309926
0.0306023
0.0309955
0.0296353
0.0300958
0.0301726
0.0297948
0.030041
0.0301317
0.0300257
0.0305062
0.0301302
0.0305459
0.0278173
0.0292569
0.0297044
0.0295387
0.0299221
0.0301043
0.0300596
0.0305792
0.0302255
0.0306607
0.0274118
0.0286226
0.029131
0.0291082
0.0296089
0.0298778
0.0298937
0.030454
0.0301214
0.0305816
0.0271583
0.0279348
0.0284335
0.0285235
0.0291249
0.0294714
0.029543
0.0301423
0.0298272
0.0303159
0.026346
0.0276164
0.0282908
0.0285334
0.0292395
0.0296605
0.0297845
0.0304172
0.0301228
0.0306301
0.0246469
0.0266328
0.0275229
0.0278971
0.0286829
0.0291527
0.0293058
0.0299616
0.0296711
0.0301941
0.0223239
0.025626
0.027032
0.0277112
0.0286642
0.0292388
0.0294615
0.0301552
0.0298887
0.0304565
0.0119004
0.0117916
0.0115899
0.0113314
0.0108788
0.0101371
0.00927687
0.00774514
-0.000870509
-0.00796473
0.0119322
0.0118582
0.0116616
0.0114134
0.0109587
0.0101668
0.00905348
0.00722862
-0.00360407
-0.0150272
0.0120139
0.0119451
0.0117698
0.011545
0.0111237
0.0103413
0.00916653
0.00768364
-0.00458275
-0.0200782
0.012023
0.011976
0.0118338
0.0116607
0.0113257
0.0106591
0.00968852
0.00915734
-0.00182305
-0.0172422
0.0121277
0.0121061
0.0120092
0.0119085
0.0117056
0.0112752
0.0106423
0.0112653
0.00431911
-0.00593898
0.0122086
0.0122179
0.0121723
0.0121513
0.0121128
0.0120025
0.0118269
0.0133235
0.0111705
0.00907161
0.012275
0.0123204
0.0123268
0.0123808
0.0124982
0.0126805
0.0129558
0.0148278
0.0151842
0.0181754
0.0123689
0.0124351
0.0124787
0.0125829
0.0128071
0.0131802
0.0138267
0.0156409
0.0151486
0.0168309
0.0124091
0.0124991
0.0125543
0.0126642
0.0128926
0.0132527
0.0138875
0.0152287
0.0121626
0.00804289
0.0124703
0.0125552
0.0126351
0.0127493
0.0129863
0.013318
0.0138557
0.0146241
0.00972583
0.00115174
0.0103941
0.0102022
0.00994961
0.00958157
0.00894683
0.00783746
0.00616836
0.00447367
-0.0035767
-0.0141361
0.0104424
0.0102876
0.0100426
0.00968674
0.00904871
0.00791423
0.00602402
0.00422685
-0.00535206
-0.018904
0.0105214
0.0103777
0.0101581
0.00983551
0.00925374
0.00818006
0.00626379
0.00506619
-0.00468407
-0.0207039
0.0105462
0.0104338
0.0102501
0.00999267
0.00953165
0.00863189
0.00692419
0.00681308
-0.000663561
-0.0153777
0.0106575
0.0105816
0.0104468
0.0102774
0.00998588
0.00939162
0.00803947
0.00887474
0.00531213
-0.00385327
0.0107453
0.0107101
0.0106281
0.0105478
0.0104367
0.0101964
0.00930557
0.0104605
0.00999607
0.00764221
0.0108198
0.0108274
0.0107935
0.0107835
0.0108086
0.0108144
0.0102825
0.0111592
0.0107372
0.00999133
0.010908
0.0109384
0.0109348
0.0109613
0.0110543
0.0111399
0.0107732
0.0111618
0.00845907
0.00354936
0.010944
0.0109924
0.010986
0.0109924
0.011034
0.0109815
0.0103865
0.010244
0.00557494
-0.00479223
0.011007
0.0110481
0.0110536
0.0110397
0.0110383
0.0108484
0.0100165
0.00935321
0.00400658
-0.00898387
0.00896929
0.00872126
0.00846329
0.00805822
0.00739199
0.00633928
0.00463025
0.00378277
-0.000196134
-0.00614119
0.0090282
0.00881938
0.00857232
0.00818692
0.00752554
0.00648849
0.00462805
0.0039295
-0.000814061
-0.00861043
0.00909975
0.00890686
0.00868698
0.00834291
0.00775673
0.00682924
0.00496832
0.00499301
0.001056
-0.0077988
0.00913153
0.00897616
0.00878976
0.00851208
0.00805971
0.00734157
0.00563655
0.0065502
0.00500603
-0.0021616
0.00923951
0.00912655
0.00898372
0.00878888
0.00850308
0.00809518
0.00665491
0.00795634
0.00919626
0.00656857
0.00932253
0.00925353
0.00915327
0.00903157
0.00889196
0.00877544
0.00767021
0.00862261
0.010924
0.0127344
0.00939366
0.00936673
0.00929945
0.00922153
0.00915583
0.00915959
0.00823479
0.00842242
0.00904806
0.0100121
0.00946869
0.00946112
0.00941108
0.00934555
0.00929299
0.00925662
0.00832557
0.00794617
0.00630009
0.00302324
0.00949354
0.00949448
0.00942691
0.00931987
0.00917937
0.00895847
0.0077764
0.00718264
0.00524977
-0.000588646
0.00955171
0.00954008
0.00947157
0.00932565
0.00911792
0.00874213
0.00739068
0.00663231
0.005582
-0.000240157
0.0076353
0.00736541
0.00714891
0.00679572
0.006236
0.00553554
0.00434655
0.0042889
0.00259707
-0.000609543
0.00769764
0.00746848
0.00726509
0.00693983
0.00639396
0.00574138
0.00443684
0.00468129
0.0028628
-0.00129008
0.00775633
0.0075461
0.00736803
0.00708554
0.00662063
0.00610061
0.00476266
0.00564096
0.00515448
0.000956844
0.00778666
0.00761613
0.00746416
0.00723638
0.00689221
0.00658223
0.00529718
0.00665391
0.0081246
0.00549875
0.00788184
0.00775436
0.00763378
0.007466
0.00725123
0.00721229
0.00607828
0.00723898
0.0101287
0.010639
0.00794979
0.00786312
0.00776719
0.00763986
0.00750728
0.00766215
0.00675482
0.00714384
0.00957973
0.0125102
0.00800801
0.00795662
0.00787301
0.00775402
0.00762081
0.00776687
0.00692685
0.00645147
0.00655879
0.00749803
0.00806603
0.0080274
0.00794756
0.00782061
0.00765839
0.00768909
0.00679388
0.00593878
0.00435669
0.0017114
0.00807695
0.00803747
0.00793173
0.00775918
0.00751008
0.00739484
0.00637771
0.00565122
0.00491143
0.00166736
0.00812787
0.00806957
0.00795544
0.00774238
0.00744043
0.00722888
0.00622307
0.00561547
0.00650441
0.00466868
0.00639102
0.00612848
0.00597724
0.00572607
0.00530877
0.00490214
0.00413706
0.00437646
0.00316044
0.000426076
0.00644837
0.00622649
0.00608777
0.00586998
0.00547447
0.00514319
0.00427219
0.00484456
0.00390765
0.00092196
0.00648874
0.00628594
0.00616653
0.00598425
0.0056613
0.00547052
0.00451675
0.00551024
0.00609433
0.00379514
0.00650998
0.00634484
0.00624028
0.00609011
0.0058507
0.00584718
0.00485237
0.00590887
0.00787046
0.00686771
0.0065845
0.00645811
0.00636947
0.00624649
0.00607505
0.00628085
0.00536479
0.00581702
0.00805784
0.00885954
0.00662973
0.00653611
0.00645263
0.00633351
0.00617084
0.00647347
0.00574738
0.0053073
0.00618929
0.00791681
0.00666907
0.00660037
0.00650938
0.0063676
0.00614008
0.00633012
0.00563957
0.00451483
0.00308768
0.00242592
0.00670943
0.00664672
0.00655003
0.00639168
0.00611567
0.00614785
0.00540463
0.00416108
0.00172341
-0.00178495
0.00670912
0.00663893
0.006516
0.00632633
0.00599308
0.00594196
0.00520674
0.0042818
0.0031661
6.17515e-05
0.00675452
0.00666193
0.00653113
0.00631529
0.0059683
0.00589957
0.00533259
0.0046146
0.0051814
0.00392321
0.00521264
0.00497189
0.00487679
0.00471909
0.00441133
0.00412515
0.00351454
0.00389152
0.00301997
0.000582656
0.00525682
0.00505577
0.00497064
0.00484923
0.00457131
0.00439064
0.0036747
0.00430439
0.00382841
0.00152258
0.00527643
0.00509268
0.0050196
0.00492261
0.00470211
0.00467158
0.0038488
0.00463812
0.0055625
0.00431547
0.00528508
0.00513407
0.00506493
0.00497608
0.00479135
0.00492138
0.00402032
0.0045636
0.00629961
0.00599936
0.00533606
0.00521626
0.0051498
0.00505845
0.00487345
0.005146
0.00431952
0.0040925
0.0053536
0.00581642
0.0053566
0.005259
0.00518253
0.00506776
0.00482609
0.00510972
0.00450097
0.00351574
0.00306322
0.00350203
0.00537634
0.00529229
0.00519324
0.00503702
0.00468795
0.00478212
0.00421892
0.00288037
0.000545169
-0.00132851
0.00540262
0.00531903
0.00520885
0.00503717
0.00464069
0.00455062
0.0039294
0.00271606
7.2927e-05
-0.00385835
0.00539582
0.00530228
0.00517066
0.00498985
0.00457759
0.00445742
0.00391273
0.00306477
0.00190644
-0.00108552
0.00544139
0.00532419
0.00518961
0.00500323
0.00462193
0.0045468
0.00426089
0.00357269
0.00380658
0.00264979
0.00409606
0.00387137
0.0038097
0.00371595
0.00350009
0.00327666
0.00271278
0.00324531
0.0029977
0.00125958
0.00410859
0.00391921
0.00386406
0.00380585
0.00362259
0.00353193
0.00286119
0.00349374
0.00352418
0.00201024
0.00410626
0.00393121
0.00388166
0.00383579
0.00368841
0.0037558
0.00298731
0.00352224
0.00462122
0.00420811
0.00410205
0.00395299
0.00389945
0.00384373
0.00368404
0.00388385
0.0030538
0.0031683
0.00461092
0.00478556
0.00413056
0.00400349
0.00394462
0.00387014
0.00365188
0.00392637
0.00321317
0.00260765
0.00321979
0.00348052
0.00412913
0.00401321
0.00393659
0.00382998
0.00351306
0.0037259
0.0032856
0.00222845
0.00121474
0.00100029
0.00413252
0.00401975
0.00391227
0.00376149
0.00332461
0.0033015
0.00292698
0.00189569
-0.000345723
-0.00247152
0.00414931
0.00403381
0.0039135
0.00375433
0.00328976
0.00307814
0.00262306
0.0018952
5.12558e-06
-0.00339143
0.0041433
0.00401853
0.00388341
0.00373611
0.00329873
0.00310153
0.00274068
0.00232059
0.00185631
-0.000336721
0.00420617
0.00406262
0.00393113
0.00379631
0.00342714
0.00331679
0.0032582
0.00286669
0.00333184
0.00267872
0.00297358
0.00277903
0.00274022
0.0026872
0.0025642
0.00243351
0.00190106
0.00249887
0.00277258
0.00175327
0.00296171
0.00279776
0.00276232
0.00274091
0.00264338
0.00266084
0.00203158
0.0025691
0.00289485
0.00200508
0.002947
0.00279372
0.00276027
0.00274156
0.00265192
0.00282467
0.00213789
0.00238665
0.00338015
0.00344289
0.00293509
0.00280059
0.00275944
0.00272403
0.00258176
0.00285496
0.00215729
0.00194706
0.00297004
0.00332936
0.00294731
0.00282547
0.00277671
0.00272406
0.00248746
0.00276967
0.00224136
0.00150134
0.00167088
0.00178469
0.00293159
0.00281145
0.00274433
0.00267094
0.00232712
0.00249127
0.0022772
0.00144689
0.000351386
-9.42641e-05
0.0029252
0.00280039
0.00270043
0.00259412
0.00215001
0.00206595
0.00192266
0.00143972
-0.000202801
-0.00202806
0.00293744
0.00280888
0.00269702
0.00259003
0.00215053
0.00190058
0.00164128
0.00152558
0.000719143
-0.0017097
0.00293087
0.00279697
0.00267675
0.00259442
0.00221583
0.00201859
0.00184453
0.00188155
0.00225176
0.00101888
0.00300496
0.00285789
0.00274654
0.0026863
0.00239764
0.00230478
0.00243824
0.00234556
0.00307304
0.00291974
0.00202379
0.00175426
0.00174512
0.00171566
0.00167389
0.00165094
0.00119762
0.00166423
0.00211888
0.00175882
0.00186393
0.0015802
0.00157873
0.00157401
0.00153673
0.00165033
0.00111057
0.00145033
0.00174244
0.00137189
0.00185195
0.00158324
0.00158069
0.0015737
0.00151797
0.001759
0.00122912
0.00122345
0.00187247
0.00214452
0.00184025
0.00158434
0.0015733
0.00155519
0.00142951
0.00173358
0.00125122
0.000868683
0.00143395
0.00183935
0.00184267
0.00159306
0.00157512
0.00155507
0.00133751
0.00160092
0.00130234
0.000630726
0.000565312
0.000727842
0.00182291
0.00157041
0.00153813
0.00152069
0.00122715
0.00134987
0.00133508
0.00084359
-2.46902e-05
-0.000289339
0.00181386
0.00155447
0.00149371
0.00146224
0.00111561
0.00102763
0.00105172
0.0010397
0.000106435
-0.00105438
0.00182242
0.00156049
0.00149141
0.00146285
0.00114977
0.000948819
0.000828802
0.0010978
0.00112768
-0.000173197
0.00180744
0.00153572
0.00146437
0.00146036
0.00121488
0.00108469
0.00102207
0.00126401
0.00200203
0.00172528
0.00201253
0.00177252
0.00170384
0.00171663
0.00155282
0.001498
0.00171886
0.00171197
0.00238215
0.00256507
0.000326446
0.000432815
0.000440493
0.000410449
0.00040242
0.000444645
0.000116524
0.000386883
0.000678829
0.000361663
0.000497467
0.000668629
0.000671556
0.000652427
0.000637275
0.000766235
0.000432339
0.000582971
0.000699374
0.000207378
0.000504796
0.000672258
0.000677592
0.000659299
0.000613921
0.000814797
0.000534358
0.000432183
0.00061222
0.0005644
0.000485598
0.000652178
0.000653225
0.000636136
0.000535411
0.000763927
0.00055129
0.000251884
0.000327725
0.000276748
0.000487379
0.000653122
0.0006508
0.000646609
0.000492074
0.000665262
0.000582501
0.000193562
-3.32839e-05
-0.000252352
0.000476782
0.000638035
0.00062851
0.000642994
0.000463734
0.000521552
0.000602285
0.00045008
-0.00013026
-0.000553973
0.000474094
0.000629424
0.000602361
0.000616318
0.000431654
0.000360473
0.000418791
0.000622718
0.000222512
-0.000605766
0.000494905
0.00065467
0.00062333
0.0006348
0.000487785
0.000366554
0.00028916
0.000584248
0.000947046
0.000127343
0.000473384
0.000640239
0.000607053
0.000628656
0.000524534
0.000458668
0.00042131
0.000592681
0.00124992
0.000831983
0.000328296
0.000439877
0.000418868
0.00045213
0.000392979
0.00035822
0.000497765
0.000473827
0.000698568
0.000525012
0.015832
0.0133026
0.0189823
0.0176047
0.0165752
0.0163081
0.0159648
0.0159651
0.0158115
0.0157685
0.0120151
0.0124044
0.0188084
0.017513
0.0166898
0.0163809
0.0160412
0.0160139
0.0158518
0.0157603
0.0131125
0.0136759
0.019365
0.0179417
0.0169927
0.0166177
0.0162459
0.0161926
0.0160124
0.0159122
0.0167986
0.0154942
0.0204189
0.0185437
0.0173104
0.0167855
0.0163252
0.0162163
0.0160032
0.0158716
0.0215503
0.0179387
0.0219175
0.0195406
0.0178926
0.017204
0.0166271
0.0164482
0.0161957
0.0160299
0.0249444
0.0199854
0.0234879
0.0206109
0.018506
0.0176171
0.0168984
0.0166398
0.01634
0.0161356
0.0269446
0.0214968
0.024835
0.021603
0.0190828
0.0179755
0.0171158
0.016776
0.0164268
0.0161828
0.0294356
0.0232478
0.0259369
0.0224942
0.0196755
0.0183931
0.017427
0.0170276
0.0166411
0.0163722
0.0321493
0.0246991
0.0267721
0.0229727
0.0200346
0.0185993
0.017536
0.0170868
0.0166662
0.0163629
0.0356433
0.0267785
0.0280439
0.0237004
0.0204944
0.0189544
0.0177639
0.0172707
0.016807
0.0165088
-0.00466966
0.00502995
0.0139863
0.0137411
0.0141507
0.0144245
0.0142582
0.0143302
0.0142455
0.0142136
-0.00632648
0.00498391
0.0140675
0.0137476
0.0142904
0.0145154
0.0143539
0.0143948
0.0143023
0.0142207
-0.00391945
0.00679703
0.0147964
0.0142236
0.0145938
0.0147448
0.0145458
0.0145576
0.0144487
0.0143576
-0.00020617
0.00862745
0.0157651
0.0147584
0.0149041
0.0149211
0.0146376
0.0145955
0.0144567
0.0143322
0.00294556
0.0103611
0.0168707
0.0155487
0.0154146
0.0153111
0.0149225
0.0148185
0.0146446
0.0144853
0.00302889
0.0109225
0.0177575
0.0163023
0.0159108
0.0156815
0.0151756
0.0150045
0.0147911
0.0145924
0.00105062
0.0105515
0.01831
0.0169462
0.0163441
0.0159902
0.015377
0.0151404
0.0148864
0.0146482
0.00036639
0.0106313
0.0187055
0.0175492
0.0167975
0.0163448
0.0156546
0.0153717
0.0150882
0.0148256
0.00116861
0.0109712
0.0189311
0.0177839
0.0170609
0.0165006
0.0157452
0.0154277
0.0151183
0.0148235
0.00363671
0.0124877
0.0197965
0.0183219
0.0174805
0.0168299
0.0159579
0.0156071
0.0152578
0.0149664
0.000995943
0.00642019
0.0110942
0.0106129
0.0119172
0.0124408
0.0124489
0.0126185
0.0126066
0.012606
0.000357262
0.00683566
0.0113114
0.0106717
0.0120735
0.0125453
0.012555
0.0126894
0.0126729
0.0126211
0.00324365
0.00876692
0.0120413
0.0111445
0.0123651
0.0127591
0.0127257
0.0128325
0.0127993
0.0127397
0.00690432
0.0104351
0.0128242
0.0115945
0.0126478
0.012921
0.0128135
0.0128724
0.0128144
0.0127219
0.00966685
0.0117581
0.0135793
0.0121893
0.0130605
0.0132508
0.0130604
0.0130722
0.0129873
0.0128624
0.00912849
0.0117622
0.0139974
0.0126493
0.0134047
0.0135394
0.0132686
0.0132351
0.0131225
0.0129615
0.00628314
0.0107368
0.014058
0.0129607
0.0136556
0.0137585
0.0134252
0.0133511
0.0132123
0.0130159
0.00455741
0.0100632
0.0140073
0.0132921
0.0139389
0.0140194
0.0136475
0.0135488
0.0133918
0.0131752
0.00452498
0.00972594
0.0137995
0.0133428
0.0140947
0.0141018
0.0137034
0.0135889
0.0134187
0.0131732
0.00647677
0.0107341
0.0142831
0.0137353
0.0144621
0.0143787
0.0138847
0.0137549
0.013548
0.0133086
0.00781716
0.00908015
0.0104222
0.00927463
0.0104158
0.0106736
0.0107163
0.01092
0.0109419
0.0109726
0.00787173
0.00973687
0.0106528
0.00934568
0.0105785
0.0107813
0.0108215
0.0109892
0.0110077
0.0109882
0.0107311
0.0114613
0.0112612
0.00978774
0.0108483
0.0109707
0.0109666
0.0111064
0.0111123
0.0110856
0.0137486
0.0126722
0.0118259
0.0101713
0.011096
0.0111062
0.011041
0.0111398
0.0111267
0.0110691
0.0157887
0.0135042
0.0123282
0.010634
0.0114154
0.0113666
0.011241
0.0113077
0.0112767
0.0111909
0.0149422
0.0132329
0.0124975
0.010898
0.0116248
0.0115662
0.0113938
0.011437
0.0113908
0.0112745
0.0120827
0.0121043
0.0123393
0.0109797
0.0117173
0.0116898
0.0114946
0.0115223
0.0114642
0.0113194
0.0100722
0.011177
0.0120871
0.0111225
0.0118476
0.0118525
0.0116539
0.0116789
0.0116156
0.0114563
0.00934687
0.0103561
0.0116508
0.0110824
0.0119056
0.0118578
0.0116706
0.0116987
0.0116319
0.01145
0.0105053
0.0108001
0.0118821
0.0114182
0.0122275
0.0120753
0.0118197
0.0118463
0.0117495
0.0115762
0.00838943
0.00892815
0.00968588
0.00843797
0.00920892
0.00910805
0.00911601
0.00927507
0.0092894
0.00934145
0.00876911
0.00960027
0.00984923
0.0085013
0.00936378
0.00920258
0.00920637
0.00932918
0.00934464
0.0093467
0.0111279
0.0108718
0.0102669
0.00889035
0.00959387
0.00935734
0.00931917
0.00941933
0.00942287
0.0094207
0.0130566
0.0114362
0.010581
0.00918929
0.00978612
0.00945696
0.00937413
0.00944011
0.00943083
0.00940073
0.0141197
0.0117185
0.0108507
0.00952102
0.0100054
0.00964567
0.0095244
0.00957164
0.00955309
0.00950018
0.0130454
0.0112803
0.0108592
0.00962972
0.010095
0.0097618
0.00962171
0.00966327
0.00964016
0.00956382
0.0105489
0.010301
0.0106274
0.00955607
0.0100617
0.00980125
0.00966843
0.00971377
0.00969205
0.00959432
0.00865856
0.00941424
0.0103398
0.00957816
0.0100651
0.00987756
0.00976997
0.00983048
0.0098127
0.00970785
0.00735028
0.00829103
0.0098318
0.00949773
0.010031
0.00981562
0.00975552
0.00982967
0.00981829
0.00969613
0.00761009
0.00822961
0.00992843
0.00982255
0.0103083
0.00998195
0.00988206
0.00996613
0.00992784
0.00981763
0.00659593
0.00732964
0.00818081
0.00713208
0.00778968
0.00753812
0.00755124
0.00765303
0.00764861
0.00771914
0.00696353
0.00784511
0.00823297
0.00717039
0.00791659
0.00760163
0.00761252
0.00768107
0.00767952
0.00770324
0.00859505
0.00858637
0.00845005
0.00748762
0.00808827
0.00771376
0.00769219
0.00774049
0.0077327
0.00775381
0.00947515
0.00856595
0.00853639
0.00768236
0.00820701
0.00777205
0.00772484
0.00774613
0.00773195
0.00772819
0.00980498
0.00845822
0.00862238
0.00788113
0.00832446
0.00789221
0.00782699
0.00784093
0.00782481
0.00780407
0.00880504
0.00803392
0.00854492
0.00786721
0.00831574
0.00793903
0.00787512
0.00789512
0.00788429
0.00784622
0.00697681
0.00739526
0.00834181
0.00769861
0.00819618
0.00791757
0.00787819
0.00791467
0.00791215
0.00786123
0.00554943
0.00679449
0.00814081
0.00764857
0.00810411
0.0079309
0.00793456
0.00799445
0.00800362
0.00795202
0.00402594
0.00564797
0.00768599
0.00753864
0.0079804
0.00781902
0.00789888
0.00797641
0.00799868
0.00793524
0.00365042
0.00529219
0.00774619
0.00785763
0.00820558
0.00794787
0.00801887
0.00811103
0.00810782
0.00806039
0.00537438
0.00586754
0.00645517
0.00551836
0.00617772
0.00590404
0.005965
0.00602825
0.00601998
0.006146
0.0055465
0.00613636
0.00635553
0.00548217
0.00622313
0.00588778
0.00595204
0.00598443
0.00598408
0.00606918
0.00649921
0.00642898
0.00641327
0.00572122
0.0063262
0.00595563
0.00599726
0.00601725
0.00601273
0.00609835
0.00662259
0.00602209
0.0063479
0.0058185
0.00637007
0.00597456
0.00600785
0.00600744
0.00600272
0.00606681
0.00657478
0.00574033
0.00633721
0.00591588
0.0064044
0.00603794
0.0060675
0.0060679
0.00606807
0.0061203
0.00588827
0.00547132
0.00624956
0.00583219
0.00633531
0.00603784
0.00607752
0.00609124
0.00610053
0.00614278
0.00487752
0.00526646
0.00613814
0.00562893
0.00618032
0.00598722
0.00605382
0.00608463
0.00610919
0.0061437
0.00416573
0.00511703
0.00609608
0.00555086
0.00603999
0.00597209
0.00608137
0.00613654
0.0061753
0.00621513
0.00284822
0.00421586
0.00578217
0.00541895
0.00584795
0.00583767
0.00603687
0.00610572
0.00616092
0.00619547
0.00226993
0.0038528
0.00592277
0.00576509
0.00605985
0.00598601
0.00620162
0.00628146
0.00631525
0.00636345
0.004426
0.00452327
0.00477088
0.00388822
0.00451933
0.00421917
0.00432137
0.00435803
0.00434709
0.00450939
0.00442874
0.00460391
0.00457059
0.00380201
0.00449762
0.00413986
0.00425177
0.00426202
0.00426097
0.00439075
0.00490715
0.00461481
0.00455064
0.00398645
0.00454845
0.00418011
0.00427916
0.0042805
0.00428053
0.00441246
0.0045939
0.00403595
0.00442669
0.00401721
0.00453747
0.00417421
0.00427584
0.00426151
0.00426647
0.00437917
0.0044081
0.00373363
0.0044001
0.00406135
0.00452235
0.00420149
0.00430452
0.00429503
0.0043075
0.00441361
0.00406671
0.00364548
0.0043467
0.00396461
0.00443822
0.00418258
0.00429306
0.00429499
0.00432046
0.00442023
0.00378725
0.00381993
0.00433325
0.00377966
0.00430196
0.00413684
0.00425979
0.00427602
0.00431527
0.00441213
0.00381108
0.00411874
0.00444898
0.00371111
0.00416747
0.00412725
0.00427465
0.00430755
0.00436082
0.00446735
0.00293724
0.00358083
0.00428879
0.00355996
0.00393758
0.00399287
0.00422311
0.00425769
0.00433263
0.00443626
0.00242299
0.00334716
0.00452181
0.00390317
0.00412681
0.0041598
0.00441837
0.00445843
0.00451268
0.00462903
0.00350494
0.00306394
0.00321992
0.00251058
0.00303923
0.00273001
0.00284556
0.0028571
0.00278968
0.00329403
0.00305745
0.00267379
0.00263791
0.00203521
0.00261336
0.00224752
0.00237935
0.00236601
0.00229714
0.00282806
0.00331496
0.00264149
0.00266746
0.0022397
0.00268649
0.00233362
0.00245628
0.00244113
0.00237838
0.00289899
0.0029006
0.00208953
0.00255987
0.00223116
0.00264545
0.00231704
0.00244531
0.00241757
0.0023631
0.00286616
0.00274324
0.00185867
0.00256246
0.00225634
0.00261479
0.00232888
0.00245582
0.00243224
0.00238626
0.00288472
0.00264116
0.00187264
0.00254313
0.00218429
0.00255177
0.00231329
0.00243822
0.00242235
0.00238713
0.00288144
0.00278469
0.00220659
0.00257277
0.00205276
0.00247275
0.00229268
0.00241163
0.00240181
0.00237793
0.00287002
0.00325031
0.00273893
0.00276424
0.00202069
0.0023941
0.00231188
0.0024264
0.00242459
0.00241118
0.00291194
0.0027513
0.00243502
0.00264571
0.00180227
0.00211701
0.00214056
0.00231136
0.00230004
0.002305
0.00281806
0.00279929
0.0027566
0.00329079
0.00248546
0.00265712
0.00269378
0.00288686
0.00287327
0.00287604
0.0033443
0.000390823
0.000759848
0.000840264
0.000376894
0.000738816
0.000495079
0.000598826
0.000623426
0.000612154
0.000231695
0.000842181
0.00124759
0.00120352
0.000844599
0.00121001
0.000938226
0.00105663
0.00107528
0.0010842
0.000621325
0.000914054
0.00114583
0.00120013
0.000932396
0.00120309
0.000950491
0.00106137
0.00107797
0.00108604
0.000636688
0.000531794
0.000788383
0.00112287
0.000874041
0.00112855
0.000900639
0.00101338
0.00102
0.0010329
0.000581236
0.000415458
0.000692877
0.00115633
0.000892752
0.00110688
0.00090834
0.00101527
0.00102382
0.00104111
0.000590725
0.000380526
0.000730701
0.00115019
0.000857499
0.00107859
0.000904447
0.00100413
0.00101561
0.00103824
0.000588215
0.000562038
0.000976976
0.00115318
0.000785862
0.001059
0.000907077
0.00099262
0.0010054
0.00103343
0.000582574
0.00105569
0.00142958
0.00132404
0.000821636
0.00108449
0.000984811
0.00104788
0.00106492
0.00109815
0.000646887
0.000901844
0.00138246
0.00131959
0.000718894
0.000960389
0.00094017
0.00102181
0.00102784
0.00107984
0.000618225
0.000231181
0.000815734
0.000960924
0.000334767
0.000502021
0.000512538
0.000608302
0.000599562
0.000634624
0.00025155
)
;

boundaryField
{
    inlet1
    {
        type            zeroGradient;
    }
    inlet2
    {
        type            zeroGradient;
    }
    outlet1
    {
        type            fixedValue;
        value           uniform 0;
    }
    outlet2
    {
        type            fixedValue;
        value           uniform 0;
    }
    fixedWalls
    {
        type            zeroGradient;
    }
}


// ************************************************************************* //
