/*--------------------------------*- C++ -*----------------------------------*\
  =========                 |
  \\      /  F ield         | OpenFOAM: The Open Source CFD Toolbox
   \\    /   O peration     | Website:  https://openfoam.org
    \\  /    A nd           | Version:  6
     \\/     M anipulation  |
\*---------------------------------------------------------------------------*/
FoamFile
{
    version     2.0;
    format      ascii;
    class       volScalarField;
    location    "0.045";
    object      T;
}
// * * * * * * * * * * * * * * * * * * * * * * * * * * * * * * * * * * * * * //

dimensions      [0 0 0 1 0 0 0];

internalField   nonuniform List<scalar> 
7000
(
95.1418
95.1415
95.1413
95.1413
95.1412
95.1412
95.1413
95.1413
95.1414
95.1415
95.1415
95.1412
95.141
95.141
95.1409
95.1409
95.141
95.141
95.1411
95.1413
95.1413
95.141
95.1409
95.1408
95.1408
95.1408
95.1408
95.1409
95.141
95.1412
95.1413
95.141
95.1408
95.1407
95.1407
95.1407
95.1407
95.1408
95.1409
95.1411
95.1412
95.1409
95.1408
95.1407
95.1407
95.1407
95.1407
95.1408
95.1409
95.1411
95.1412
95.1409
95.1408
95.1407
95.1407
95.1407
95.1407
95.1408
95.1409
95.1411
95.1413
95.141
95.1408
95.1407
95.1407
95.1407
95.1407
95.1408
95.141
95.1411
95.1413
95.141
95.1409
95.1408
95.1408
95.1408
95.1408
95.1409
95.141
95.1412
95.1414
95.1411
95.141
95.1409
95.1409
95.1409
95.141
95.141
95.1412
95.1413
95.1415
95.1413
95.1412
95.1411
95.1411
95.1411
95.1411
95.1412
95.1413
95.1415
67.1343
67.1336
67.1332
67.133
67.1329
67.1329
67.133
67.1332
67.1335
67.1338
67.1336
67.133
67.1326
67.1324
67.1323
67.1323
67.1324
67.1326
67.1329
67.1333
67.1332
67.1326
67.1322
67.132
67.1319
67.1319
67.132
67.1322
67.1326
67.133
67.133
67.1324
67.132
67.1318
67.1317
67.1317
67.1318
67.132
67.1324
67.1329
67.1329
67.1323
67.1319
67.1317
67.1316
67.1316
67.1317
67.132
67.1323
67.1328
67.1329
67.1323
67.1319
67.1317
67.1316
67.1316
67.1317
67.132
67.1323
67.1328
67.133
67.1324
67.132
67.1318
67.1317
67.1317
67.1319
67.1321
67.1325
67.133
67.1332
67.1326
67.1322
67.132
67.132
67.132
67.1321
67.1323
67.1327
67.1332
67.1335
67.1329
67.1326
67.1324
67.1323
67.1323
67.1325
67.1327
67.1331
67.1336
67.1338
67.1333
67.133
67.1329
67.1328
67.1328
67.133
67.1332
67.1336
67.1341
43.6609
43.6601
43.6597
43.6594
43.6593
43.6593
43.6594
43.6597
43.6601
43.6606
43.6601
43.6594
43.6589
43.6586
43.6585
43.6585
43.6587
43.659
43.6594
43.6601
43.6597
43.6589
43.6584
43.6582
43.6581
43.6581
43.6582
43.6585
43.659
43.6597
43.6594
43.6586
43.6582
43.6579
43.6578
43.6578
43.658
43.6583
43.6588
43.6595
43.6593
43.6585
43.6581
43.6578
43.6577
43.6577
43.6579
43.6582
43.6587
43.6595
43.6593
43.6585
43.6581
43.6578
43.6577
43.6578
43.6579
43.6582
43.6588
43.6595
43.6594
43.6587
43.6582
43.658
43.6579
43.6579
43.6581
43.6584
43.6589
43.6597
43.6597
43.659
43.6585
43.6583
43.6582
43.6582
43.6584
43.6587
43.6593
43.66
43.6601
43.6594
43.659
43.6588
43.6587
43.6588
43.6589
43.6593
43.6598
43.6605
43.6606
43.6601
43.6597
43.6595
43.6595
43.6595
43.6597
43.66
43.6605
43.6613
26.1141
26.1134
26.1129
26.1127
26.1126
26.1126
26.1127
26.113
26.1134
26.114
26.1134
26.1127
26.1122
26.112
26.1119
26.1119
26.1121
26.1124
26.1128
26.1136
26.1129
26.1122
26.1118
26.1116
26.1115
26.1115
26.1116
26.112
26.1125
26.1133
26.1127
26.112
26.1116
26.1113
26.1112
26.1113
26.1114
26.1118
26.1123
26.1131
26.1126
26.1119
26.1115
26.1112
26.1111
26.1112
26.1113
26.1117
26.1122
26.113
26.1126
26.1119
26.1115
26.1113
26.1112
26.1112
26.1114
26.1117
26.1123
26.1131
26.1127
26.1121
26.1116
26.1114
26.1113
26.1114
26.1116
26.1119
26.1125
26.1133
26.113
26.1124
26.112
26.1118
26.1117
26.1117
26.1119
26.1122
26.1128
26.1136
26.1134
26.1128
26.1125
26.1123
26.1122
26.1123
26.1125
26.1128
26.1134
26.1142
26.114
26.1136
26.1133
26.1131
26.113
26.1131
26.1133
26.1136
26.1142
26.115
14.3628
14.3623
14.362
14.3618
14.3617
14.3617
14.3618
14.3621
14.3625
14.363
14.3623
14.3618
14.3614
14.3613
14.3612
14.3612
14.3613
14.3616
14.362
14.3627
14.362
14.3614
14.3611
14.3609
14.3609
14.3609
14.361
14.3613
14.3617
14.3624
14.3618
14.3613
14.3609
14.3607
14.3607
14.3607
14.3608
14.3611
14.3616
14.3623
14.3617
14.3612
14.3609
14.3607
14.3606
14.3606
14.3608
14.3611
14.3616
14.3623
14.3617
14.3612
14.3609
14.3607
14.3606
14.3607
14.3608
14.3611
14.3616
14.3623
14.3618
14.3613
14.361
14.3608
14.3608
14.3608
14.361
14.3613
14.3618
14.3625
14.3621
14.3616
14.3613
14.3611
14.3611
14.3611
14.3613
14.3616
14.3621
14.3628
14.3625
14.362
14.3618
14.3616
14.3616
14.3616
14.3618
14.3621
14.3625
14.3633
14.363
14.3627
14.3624
14.3623
14.3623
14.3623
14.3625
14.3628
14.3633
14.364
7.2743
7.27396
7.27374
7.27362
7.27357
7.27359
7.27368
7.27386
7.27415
7.27455
7.27396
7.27362
7.2734
7.27328
7.27323
7.27325
7.27335
7.27354
7.27386
7.27435
7.27374
7.2734
7.27318
7.27306
7.27302
7.27304
7.27314
7.27334
7.27368
7.2742
7.27362
7.27328
7.27306
7.27294
7.2729
7.27292
7.27303
7.27324
7.27359
7.27412
7.27357
7.27323
7.27302
7.2729
7.27285
7.27288
7.27299
7.27321
7.27356
7.27409
7.27359
7.27325
7.27304
7.27292
7.27288
7.27291
7.27302
7.27324
7.2736
7.27413
7.27368
7.27335
7.27314
7.27303
7.27299
7.27302
7.27314
7.27335
7.27371
7.27425
7.27387
7.27355
7.27335
7.27324
7.27321
7.27324
7.27336
7.27357
7.27393
7.27447
7.27416
7.27387
7.27369
7.2736
7.27357
7.27361
7.27372
7.27394
7.2743
7.27483
7.27457
7.27436
7.27421
7.27413
7.27411
7.27414
7.27426
7.27448
7.27484
7.27538
3.40068
3.40048
3.40036
3.40028
3.40026
3.40027
3.40033
3.40044
3.40062
3.40086
3.40048
3.40029
3.40016
3.40009
3.40006
3.40008
3.40014
3.40026
3.40045
3.40075
3.40036
3.40016
3.40003
3.39996
3.39994
3.39995
3.40002
3.40014
3.40035
3.40067
3.40028
3.40009
3.39996
3.39989
3.39987
3.39989
3.39995
3.40008
3.40029
3.40062
3.40026
3.40006
3.39994
3.39987
3.39985
3.39986
3.39993
3.40006
3.40028
3.40061
3.40028
3.40008
3.39996
3.39989
3.39987
3.39989
3.39995
3.40009
3.4003
3.40063
3.40034
3.40014
3.40002
3.39996
3.39994
3.39996
3.40003
3.40016
3.40038
3.40071
3.40046
3.40027
3.40016
3.4001
3.40008
3.4001
3.40017
3.4003
3.40052
3.40085
3.40065
3.40049
3.40038
3.40033
3.40031
3.40034
3.40041
3.40054
3.40076
3.40109
3.40092
3.40081
3.40072
3.40068
3.40066
3.40069
3.40076
3.40089
3.40111
3.40145
1.47184
1.47173
1.47167
1.47163
1.47161
1.47162
1.47164
1.47168
1.47171
1.47177
1.47173
1.47163
1.47156
1.47153
1.47151
1.47152
1.47154
1.47158
1.47162
1.47171
1.47167
1.47156
1.4715
1.47146
1.47145
1.47145
1.47148
1.47152
1.47157
1.47167
1.47163
1.47153
1.47146
1.47142
1.47141
1.47142
1.47145
1.47149
1.47154
1.47164
1.47162
1.47151
1.47145
1.47141
1.4714
1.47141
1.47144
1.47148
1.47154
1.47164
1.47163
1.47153
1.47146
1.47143
1.47141
1.47142
1.47145
1.47149
1.47155
1.47165
1.47166
1.47156
1.4715
1.47147
1.47146
1.47147
1.47149
1.47154
1.4716
1.4717
1.47173
1.47164
1.47158
1.47155
1.47154
1.47155
1.47158
1.47162
1.47168
1.47178
1.47185
1.47176
1.47171
1.47168
1.47167
1.47168
1.47171
1.47176
1.47182
1.47192
1.47201
1.47195
1.47191
1.47188
1.47188
1.47189
1.47192
1.47196
1.47202
1.47212
0.591696
0.591647
0.591615
0.591597
0.591589
0.591583
0.591562
0.591478
0.591241
0.590841
0.591647
0.591598
0.591567
0.591549
0.591541
0.591535
0.591515
0.591433
0.5912
0.590815
0.591616
0.591567
0.591536
0.591518
0.59151
0.591505
0.591485
0.591405
0.591176
0.590795
0.591598
0.59155
0.591519
0.591501
0.591493
0.591488
0.591469
0.59139
0.591163
0.590784
0.591593
0.591545
0.591514
0.591497
0.591489
0.591484
0.591466
0.591387
0.591161
0.590782
0.591599
0.591551
0.591521
0.591504
0.591496
0.591491
0.591473
0.591395
0.591169
0.590791
0.591618
0.591571
0.591542
0.591525
0.591518
0.591514
0.591496
0.591418
0.591192
0.590814
0.591656
0.59161
0.591582
0.591567
0.59156
0.591557
0.591539
0.591461
0.591235
0.590857
0.591716
0.591675
0.59165
0.591637
0.591631
0.591627
0.59161
0.591532
0.591306
0.590929
0.5918
0.591774
0.591754
0.591742
0.591737
0.591734
0.591716
0.591639
0.591413
0.591036
0.221695
0.221674
0.22166
0.221651
0.221643
0.221622
0.221538
0.221233
0.220275
0.218058
0.221674
0.221653
0.221639
0.221631
0.221622
0.221601
0.221518
0.221214
0.220258
0.218048
0.22166
0.22164
0.221626
0.221617
0.221609
0.221588
0.221505
0.221202
0.220247
0.218039
0.221653
0.221632
0.221619
0.22161
0.221602
0.221581
0.221499
0.221196
0.220242
0.218035
0.221651
0.22163
0.221617
0.221608
0.2216
0.221579
0.221497
0.221195
0.220241
0.218034
0.221654
0.221633
0.22162
0.221612
0.221604
0.221583
0.221501
0.221199
0.220245
0.218038
0.221663
0.221643
0.22163
0.221622
0.221614
0.221594
0.221512
0.221209
0.220256
0.218049
0.221681
0.221662
0.221649
0.221642
0.221634
0.221614
0.221532
0.22123
0.220276
0.218069
0.22171
0.221692
0.221682
0.221675
0.221668
0.221647
0.221565
0.221263
0.220309
0.218102
0.22175
0.221739
0.22173
0.221724
0.221718
0.221697
0.221616
0.221313
0.22036
0.218152
0.077677
0.0776686
0.0776629
0.0776581
0.077649
0.0776142
0.0774671
0.0768528
0.0743179
0.0637262
0.0776687
0.0776603
0.0776546
0.0776499
0.0776408
0.0776061
0.0774591
0.0768453
0.0743115
0.0637224
0.0776634
0.0776551
0.0776494
0.0776447
0.0776356
0.077601
0.0774541
0.0768407
0.0743076
0.0637197
0.0776605
0.0776522
0.0776465
0.0776418
0.0776328
0.0775983
0.0774515
0.0768383
0.0743056
0.0637182
0.0776598
0.0776515
0.0776459
0.0776412
0.0776322
0.0775977
0.077451
0.076838
0.0743054
0.0637181
0.0776612
0.0776529
0.0776474
0.0776428
0.0776338
0.0775994
0.0774528
0.0768397
0.0743071
0.0637196
0.0776653
0.0776571
0.0776517
0.0776472
0.0776384
0.077604
0.0774574
0.0768443
0.0743116
0.0637234
0.077673
0.0776652
0.0776601
0.0776558
0.077647
0.0776127
0.0774661
0.076853
0.0743199
0.0637305
0.0776855
0.0776786
0.077674
0.07767
0.0776614
0.0776271
0.0774805
0.0768673
0.0743338
0.0637424
0.0777033
0.0776989
0.0776952
0.0776915
0.077683
0.0776487
0.0775022
0.0768888
0.0743547
0.0637608
0.0255343
0.0255312
0.0255289
0.0255262
0.0255188
0.02549
0.0253759
0.0249477
0.0234577
0.0188349
0.0255313
0.0255281
0.0255258
0.0255232
0.0255158
0.0254871
0.025373
0.024945
0.0234555
0.0188336
0.0255293
0.0255262
0.0255239
0.0255212
0.0255139
0.0254852
0.0253712
0.0249433
0.0234541
0.0188326
0.0255283
0.0255252
0.0255229
0.0255202
0.0255129
0.0254842
0.0253702
0.0249425
0.0234534
0.0188322
0.025528
0.0255249
0.0255227
0.02552
0.0255127
0.025484
0.0253701
0.0249424
0.0234534
0.0188322
0.0255286
0.0255255
0.0255233
0.0255207
0.0255134
0.0254847
0.0253708
0.0249431
0.023454
0.0188327
0.0255303
0.0255272
0.025525
0.0255225
0.0255152
0.0254866
0.0253726
0.0249449
0.0234557
0.0188341
0.0255334
0.0255305
0.0255284
0.0255259
0.0255187
0.02549
0.0253761
0.0249483
0.0234589
0.0188366
0.0255384
0.0255358
0.0255339
0.0255315
0.0255244
0.0254958
0.0253818
0.0249539
0.0234642
0.0188409
0.0255455
0.0255439
0.0255424
0.0255401
0.025533
0.0255044
0.0253904
0.0249624
0.0234722
0.0188476
0.00789951
0.00789841
0.00789751
0.00789611
0.00789173
0.00787515
0.00781461
0.00761117
0.00700127
0.00546386
0.00789846
0.00789737
0.00789647
0.00789508
0.0078907
0.00787413
0.00781363
0.00761028
0.00700055
0.0054634
0.0078978
0.00789671
0.00789581
0.00789442
0.00789005
0.00787349
0.00781302
0.00760972
0.00700009
0.0054631
0.00789745
0.00789636
0.00789547
0.00789408
0.00788971
0.00787317
0.00781271
0.00760944
0.00699987
0.00546295
0.00789737
0.0078963
0.00789541
0.00789402
0.00788966
0.00787312
0.00781267
0.00760942
0.00699986
0.00546295
0.0078976
0.00789653
0.00789565
0.00789428
0.00788992
0.00787338
0.00781294
0.00760968
0.00700011
0.00546315
0.00789822
0.00789716
0.0078963
0.00789494
0.00789059
0.00787406
0.00781361
0.00761034
0.00700071
0.00546363
0.00789937
0.00789836
0.00789753
0.0078962
0.00789186
0.00787534
0.00781489
0.00761158
0.00700185
0.00546453
0.00790123
0.00790033
0.00789958
0.00789829
0.00789397
0.00787745
0.00781698
0.00761362
0.00700374
0.00546602
0.0079039
0.00790333
0.00790269
0.00790143
0.00789713
0.00788061
0.00782013
0.0076167
0.0070066
0.00546833
0.00230672
0.00230636
0.00230602
0.00230538
0.00230327
0.00229572
0.00227016
0.00219208
0.00198413
0.00153148
0.00230638
0.00230603
0.00230569
0.00230505
0.00230295
0.0022954
0.00226985
0.0021918
0.0019839
0.00153134
0.00230617
0.00230581
0.00230548
0.00230484
0.00230274
0.00229519
0.00226966
0.00219162
0.00198376
0.00153124
0.00230606
0.0023057
0.00230537
0.00230473
0.00230263
0.00229509
0.00226956
0.00219154
0.00198369
0.0015312
0.00230604
0.00230569
0.00230535
0.00230472
0.00230262
0.00229508
0.00226956
0.00219153
0.00198369
0.0015312
0.00230612
0.00230577
0.00230544
0.00230481
0.00230271
0.00229517
0.00226965
0.00219162
0.00198378
0.00153127
0.00230634
0.00230599
0.00230566
0.00230503
0.00230294
0.00229541
0.00226988
0.00219185
0.00198398
0.00153143
0.00230674
0.0023064
0.00230609
0.00230547
0.00230338
0.00229584
0.00227032
0.00219227
0.00198436
0.00153173
0.00230738
0.00230708
0.00230679
0.00230618
0.0023041
0.00229657
0.00227103
0.00219296
0.00198499
0.00153222
0.0023083
0.00230811
0.00230786
0.00230726
0.00230519
0.00229765
0.0022721
0.002194
0.00198594
0.00153299
0.000637534
0.000637421
0.000637301
0.000637042
0.000636188
0.000633274
0.000624058
0.000598065
0.000535053
0.000411778
0.000637434
0.000637322
0.000637202
0.000636943
0.00063609
0.000633177
0.000623966
0.000597982
0.000534987
0.000411734
0.00063737
0.000637259
0.000637139
0.000636881
0.000636028
0.000633117
0.000623909
0.000597931
0.000534946
0.000411706
0.000637338
0.000637226
0.000637107
0.000636849
0.000635997
0.000633086
0.00062388
0.000597906
0.000534926
0.000411693
0.000637333
0.000637222
0.000637103
0.000636845
0.000635994
0.000633084
0.000623879
0.000597906
0.000534928
0.000411695
0.00063736
0.00063725
0.000637132
0.000636875
0.000636024
0.000633115
0.00062391
0.000597935
0.000534955
0.000411717
0.00063743
0.000637321
0.000637205
0.000636949
0.000636099
0.00063319
0.000623984
0.000598007
0.000535019
0.000411767
0.000637558
0.000637453
0.000637342
0.000637088
0.00063624
0.000633331
0.000624123
0.00059814
0.000535138
0.00041186
0.000637767
0.000637673
0.000637568
0.000637319
0.000636471
0.000633562
0.000624351
0.000598359
0.000535336
0.000412016
0.000638065
0.000638004
0.000637911
0.000637665
0.000636819
0.000633909
0.000624694
0.00059869
0.000535635
0.000412254
0.000167203
0.00016717
0.00016713
0.000167036
0.000166732
0.000165743
0.000162792
0.000155011
0.000137517
0.00010591
0.000167175
0.000167142
0.000167102
0.000167008
0.000166704
0.000165715
0.000162766
0.000154988
0.000137499
0.000105897
0.000167157
0.000167124
0.000167084
0.000166991
0.000166687
0.000165698
0.00016275
0.000154974
0.000137487
0.000105889
0.000167148
0.000167115
0.000167075
0.000166982
0.000166678
0.00016569
0.000162743
0.000154967
0.000137482
0.000105886
0.000167147
0.000167114
0.000167074
0.000166981
0.000166678
0.00016569
0.000162743
0.000154967
0.000137482
0.000105887
0.000167155
0.000167122
0.000167083
0.00016699
0.000166687
0.000165699
0.000162752
0.000154976
0.000137491
0.000105893
0.000167176
0.000167144
0.000167105
0.000167013
0.00016671
0.000165722
0.000162774
0.000154998
0.00013751
0.000105908
0.000167215
0.000167184
0.000167147
0.000167055
0.000166752
0.000165764
0.000162816
0.000155037
0.000137545
0.000105936
0.000167278
0.00016725
0.000167215
0.000167124
0.000166822
0.000165834
0.000162885
0.000155103
0.000137604
0.000105982
0.000167369
0.000167351
0.000167318
0.000167229
0.000166927
0.000165938
0.000162987
0.000155201
0.000137692
0.000106052
4.17118e-05
4.17024e-05
4.169e-05
4.16594e-05
4.15622e-05
4.12592e-05
4.04007e-05
3.82611e-05
3.37362e-05
2.60423e-05
4.17042e-05
4.16948e-05
4.16825e-05
4.1652e-05
4.15548e-05
4.1252e-05
4.03938e-05
3.82551e-05
3.37314e-05
2.6039e-05
4.16994e-05
4.16901e-05
4.16778e-05
4.16473e-05
4.15502e-05
4.12475e-05
4.03896e-05
3.82513e-05
3.37284e-05
2.6037e-05
4.1697e-05
4.16877e-05
4.16754e-05
4.16449e-05
4.15479e-05
4.12453e-05
4.03875e-05
3.82495e-05
3.3727e-05
2.60361e-05
4.16968e-05
4.16876e-05
4.16753e-05
4.16449e-05
4.15479e-05
4.12453e-05
4.03876e-05
3.82497e-05
3.37272e-05
2.60363e-05
4.16993e-05
4.16901e-05
4.16779e-05
4.16475e-05
4.15506e-05
4.1248e-05
4.03903e-05
3.82523e-05
3.37296e-05
2.60382e-05
4.17053e-05
4.16963e-05
4.16842e-05
4.16539e-05
4.1557e-05
4.12545e-05
4.03967e-05
3.82583e-05
3.37349e-05
2.60424e-05
4.17165e-05
4.17077e-05
4.1696e-05
4.16659e-05
4.15691e-05
4.12665e-05
4.04085e-05
3.82695e-05
3.37449e-05
2.60502e-05
4.17346e-05
4.17266e-05
4.17155e-05
4.16857e-05
4.1589e-05
4.12863e-05
4.04279e-05
3.8288e-05
3.37613e-05
2.60632e-05
4.17605e-05
4.17552e-05
4.17449e-05
4.17154e-05
4.16187e-05
4.13159e-05
4.0457e-05
3.83156e-05
3.3786e-05
2.60828e-05
9.92011e-06
9.9176e-06
9.91403e-06
9.90488e-06
9.8765e-06
9.79142e-06
9.56082e-06
9.01318e-06
7.91173e-06
6.12552e-06
9.91818e-06
9.91569e-06
9.91212e-06
9.90299e-06
9.87462e-06
9.78959e-06
9.55911e-06
9.01166e-06
7.91052e-06
6.12469e-06
9.91697e-06
9.91449e-06
9.91092e-06
9.9018e-06
9.87345e-06
9.78845e-06
9.55804e-06
9.01072e-06
7.90977e-06
6.12417e-06
9.91637e-06
9.91389e-06
9.91033e-06
9.90121e-06
9.87288e-06
9.78791e-06
9.55753e-06
9.01028e-06
7.90943e-06
6.12394e-06
9.91636e-06
9.91389e-06
9.91034e-06
9.90123e-06
9.8729e-06
9.78794e-06
9.55758e-06
9.01035e-06
7.90951e-06
6.12403e-06
9.91704e-06
9.91458e-06
9.91105e-06
9.90195e-06
9.87364e-06
9.78868e-06
9.55831e-06
9.01105e-06
7.91014e-06
6.12453e-06
9.91868e-06
9.91625e-06
9.91276e-06
9.90369e-06
9.87539e-06
9.79043e-06
9.56002e-06
9.01267e-06
7.91157e-06
6.12566e-06
9.9217e-06
9.91935e-06
9.91593e-06
9.90692e-06
9.87864e-06
9.79366e-06
9.56319e-06
9.01566e-06
7.91421e-06
6.12774e-06
9.92657e-06
9.92445e-06
9.92118e-06
9.91223e-06
9.88397e-06
9.79897e-06
9.56838e-06
9.02057e-06
7.91856e-06
6.13119e-06
9.9336e-06
9.93214e-06
9.92908e-06
9.92021e-06
9.89196e-06
9.8069e-06
9.57615e-06
9.02794e-06
7.92512e-06
6.13641e-06
2.25383e-06
2.25319e-06
2.25222e-06
2.2497e-06
2.24204e-06
2.21987e-06
2.1621e-06
2.03046e-06
1.77667e-06
1.38103e-06
2.25337e-06
2.25273e-06
2.25176e-06
2.24924e-06
2.24159e-06
2.21944e-06
2.16169e-06
2.03009e-06
1.77638e-06
1.38083e-06
2.25307e-06
2.25244e-06
2.25148e-06
2.24895e-06
2.24131e-06
2.21916e-06
2.16143e-06
2.02987e-06
1.77621e-06
1.3807e-06
2.25293e-06
2.2523e-06
2.25134e-06
2.24882e-06
2.24117e-06
2.21903e-06
2.16131e-06
2.02977e-06
1.77613e-06
1.38065e-06
2.25293e-06
2.25231e-06
2.25134e-06
2.24882e-06
2.24118e-06
2.21905e-06
2.16133e-06
2.02979e-06
1.77615e-06
1.38067e-06
2.25311e-06
2.25249e-06
2.25153e-06
2.24901e-06
2.24137e-06
2.21924e-06
2.16152e-06
2.02997e-06
1.77631e-06
1.3808e-06
2.25353e-06
2.25292e-06
2.25197e-06
2.24946e-06
2.24182e-06
2.21969e-06
2.16196e-06
2.03038e-06
1.77667e-06
1.38109e-06
2.25431e-06
2.25371e-06
2.25278e-06
2.25028e-06
2.24265e-06
2.22051e-06
2.16276e-06
2.03114e-06
1.77734e-06
1.38162e-06
2.25556e-06
2.25501e-06
2.25412e-06
2.25164e-06
2.24401e-06
2.22186e-06
2.16408e-06
2.03238e-06
1.77844e-06
1.38249e-06
2.25736e-06
2.25698e-06
2.25613e-06
2.25367e-06
2.24605e-06
2.22388e-06
2.16605e-06
2.03424e-06
1.78009e-06
1.38381e-06
4.90133e-07
4.89979e-07
4.89731e-07
4.8908e-07
4.87154e-07
4.81753e-07
4.68157e-07
4.38335e-07
3.83314e-07
3.03281e-07
4.90026e-07
4.89873e-07
4.89625e-07
4.88975e-07
4.87051e-07
4.81652e-07
4.68062e-07
4.38252e-07
3.83248e-07
3.03234e-07
4.89959e-07
4.89807e-07
4.89559e-07
4.8891e-07
4.86986e-07
4.8159e-07
4.68004e-07
4.38201e-07
3.83207e-07
3.03205e-07
4.89927e-07
4.89775e-07
4.89528e-07
4.88879e-07
4.86956e-07
4.81561e-07
4.67978e-07
4.38178e-07
3.8319e-07
3.03193e-07
4.89929e-07
4.89777e-07
4.89531e-07
4.88882e-07
4.8696e-07
4.81566e-07
4.67983e-07
4.38185e-07
3.83197e-07
3.03199e-07
4.89973e-07
4.89822e-07
4.89577e-07
4.88929e-07
4.87007e-07
4.81613e-07
4.68029e-07
4.38229e-07
3.83236e-07
3.03232e-07
4.90076e-07
4.89927e-07
4.89683e-07
4.89037e-07
4.87116e-07
4.81721e-07
4.68135e-07
4.38328e-07
3.83324e-07
3.03303e-07
4.90264e-07
4.9012e-07
4.89881e-07
4.89237e-07
4.87317e-07
4.81921e-07
4.6833e-07
4.38511e-07
3.83485e-07
3.03433e-07
4.90568e-07
4.90437e-07
4.90206e-07
4.89566e-07
4.87647e-07
4.82248e-07
4.68648e-07
4.3881e-07
3.83749e-07
3.03647e-07
4.91008e-07
4.90914e-07
4.90695e-07
4.9006e-07
4.8814e-07
4.82737e-07
4.69125e-07
4.39259e-07
3.84146e-07
3.03968e-07
0.0176656
0.00480197
0.0012712
0.000339648
0.000151148
0.000322113
0.00123873
0.00484022
0.0183286
0.067436
0.0176644
0.00480161
0.00127109
0.000339607
0.000151098
0.000321957
0.0012382
0.00483848
0.0183232
0.0674203
0.0176636
0.00480138
0.00127103
0.000339583
0.00015107
0.000321876
0.00123793
0.00483761
0.0183206
0.0674129
0.0176632
0.00480127
0.00127099
0.000339572
0.000151058
0.000321838
0.00123781
0.00483722
0.0183195
0.0674095
0.0176632
0.00480128
0.001271
0.000339574
0.000151056
0.000321828
0.00123777
0.00483712
0.0183192
0.0674086
0.0176637
0.00480145
0.00127106
0.000339591
0.000151063
0.000321838
0.00123781
0.00483724
0.0183196
0.06741
0.017665
0.00480186
0.00127118
0.000339631
0.00015108
0.000321868
0.00123791
0.0048376
0.0183208
0.0674139
0.0176674
0.00480262
0.00127142
0.000339703
0.000151111
0.000321918
0.00123808
0.00483822
0.018323
0.067421
0.0176713
0.00480387
0.00127181
0.00033982
0.000151157
0.000321984
0.00123831
0.00483906
0.018326
0.0674315
0.0176771
0.00480569
0.00127236
0.000339984
0.000151215
0.000322049
0.00123852
0.00483985
0.0183289
0.0674425
0.00766698
0.00255529
0.000765889
0.00022316
0.000106374
0.000222799
0.000808527
0.00291255
0.00974757
0.0292533
0.00766643
0.00255509
0.000765823
0.000223132
0.000106339
0.000222693
0.000808186
0.00291152
0.00974477
0.0292467
0.00766605
0.00255496
0.000765782
0.000223116
0.00010632
0.000222636
0.000808004
0.00291098
0.00974329
0.0292431
0.00766586
0.0025549
0.000765763
0.000223109
0.00010631
0.000222609
0.00080792
0.00291073
0.00974261
0.0292414
0.00766588
0.00255491
0.000765768
0.00022311
0.000106309
0.000222602
0.000807897
0.00291066
0.00974244
0.029241
0.00766614
0.00255502
0.000765805
0.000223123
0.000106314
0.000222609
0.000807921
0.00291074
0.00974269
0.0292417
0.00766677
0.00255526
0.000765889
0.000223151
0.000106327
0.000222631
0.000807992
0.00291098
0.0097434
0.0292436
0.00766796
0.00255571
0.000766045
0.000223202
0.00010635
0.000222669
0.000808114
0.00291139
0.00974467
0.0292472
0.00766994
0.00255647
0.000766304
0.000223286
0.000106386
0.000222721
0.000808285
0.00291197
0.00974653
0.0292525
0.00767299
0.00255762
0.000766697
0.000223413
0.000106436
0.000222786
0.000808489
0.00291268
0.00974887
0.0292595
0.00268139
0.00103874
0.000348995
0.000111713
5.78142e-05
0.000118378
0.000401017
0.00132506
0.00396027
0.0102274
0.00268118
0.00103865
0.000348964
0.000111698
5.77948e-05
0.000118322
0.000400848
0.00132459
0.00395913
0.010225
0.00268103
0.0010386
0.000348944
0.00011169
5.77837e-05
0.000118291
0.000400755
0.00132433
0.00395849
0.0102236
0.00268096
0.00103857
0.000348936
0.000111686
5.77785e-05
0.000118276
0.00040071
0.00132421
0.00395818
0.010223
0.00268097
0.00103858
0.000348938
0.000111687
5.77776e-05
0.000118272
0.000400698
0.00132418
0.0039581
0.0102228
0.00268108
0.00103863
0.000348957
0.000111694
5.77807e-05
0.000118277
0.000400711
0.00132422
0.00395822
0.0102231
0.00268134
0.00103874
0.000349001
0.000111709
5.77884e-05
0.000118289
0.00040075
0.00132434
0.00395855
0.0102239
0.00268183
0.00103895
0.00034908
0.000111738
5.78023e-05
0.000118312
0.000400818
0.00132455
0.00395914
0.0102253
0.00268263
0.0010393
0.000349214
0.000111785
5.78241e-05
0.000118344
0.000400918
0.00132486
0.00396003
0.0102275
0.00268389
0.00103985
0.000349418
0.000111856
5.78554e-05
0.000118387
0.000401048
0.00132528
0.00396127
0.0102307
0.000835756
0.000360644
0.000133041
4.63922e-05
2.59633e-05
5.19424e-05
0.000164788
0.000504185
0.0013742
0.0031867
0.000835682
0.000360613
0.000133028
4.6386e-05
2.59544e-05
5.19177e-05
0.000164718
0.000504004
0.0013738
0.00318594
0.000835634
0.000360592
0.00013302
4.63822e-05
2.59492e-05
5.19036e-05
0.000164678
0.000503901
0.00137356
0.00318548
0.000835611
0.000360582
0.000133017
4.63805e-05
2.59467e-05
5.18968e-05
0.000164659
0.000503851
0.00137345
0.00318525
0.000835615
0.000360585
0.000133018
4.63809e-05
2.59463e-05
5.18949e-05
0.000164653
0.000503837
0.00137342
0.0031852
0.000835656
0.000360605
0.000133027
4.63841e-05
2.59478e-05
5.1897e-05
0.000164659
0.000503855
0.00137346
0.0031853
0.000835749
0.00036065
0.000133045
4.63912e-05
2.59516e-05
5.19031e-05
0.000164677
0.000503905
0.00137359
0.00318558
0.000835925
0.000360734
0.000133079
4.64044e-05
2.59585e-05
5.19142e-05
0.000164709
0.000503997
0.00137383
0.0031861
0.000836218
0.000360874
0.000133137
4.64262e-05
2.59695e-05
5.19308e-05
0.000164757
0.000504137
0.0013742
0.00318693
0.00083667
0.000361089
0.000133225
4.64594e-05
2.59854e-05
5.19536e-05
0.000164822
0.000504333
0.00137472
0.00318815
0.000240167
0.000112168
4.46228e-05
1.67707e-05
1.00636e-05
1.96943e-05
5.89082e-05
0.000168749
0.000427144
0.000915435
0.000240144
0.000112158
4.46183e-05
1.67683e-05
1.006e-05
1.96848e-05
5.88827e-05
0.000168688
0.000427014
0.000915208
0.000240129
0.000112151
4.46155e-05
1.67668e-05
1.00579e-05
1.96793e-05
5.88678e-05
0.000168651
0.000426937
0.000915066
0.000240122
0.000112148
4.46143e-05
1.67662e-05
1.00569e-05
1.96766e-05
5.88605e-05
0.000168633
0.000426898
0.000914993
0.000240124
0.000112149
4.46149e-05
1.67664e-05
1.00567e-05
1.96758e-05
5.88584e-05
0.000168629
0.000426888
0.000914976
0.000240138
0.000112156
4.46181e-05
1.67676e-05
1.00573e-05
1.96767e-05
5.88608e-05
0.000168635
0.000426904
0.00091501
0.000240169
0.000112172
4.46251e-05
1.67705e-05
1.0059e-05
1.96793e-05
5.88679e-05
0.000168654
0.00042695
0.000915103
0.000240227
0.000112202
4.46381e-05
1.67758e-05
1.00619e-05
1.9684e-05
5.88807e-05
0.000168689
0.000427034
0.000915277
0.000240324
0.000112251
4.46598e-05
1.67846e-05
1.00667e-05
1.96913e-05
5.89006e-05
0.000168744
0.000427168
0.000915558
0.000240473
0.000112327
4.4693e-05
1.6798e-05
1.00736e-05
1.97015e-05
5.89287e-05
0.000168822
0.000427365
0.000915981
6.46068e-05
3.20277e-05
1.35478e-05
5.43367e-06
3.46474e-06
6.64396e-06
1.88692e-05
5.11141e-05
0.000121881
0.000246168
6.45999e-05
3.20244e-05
1.35464e-05
5.43283e-06
3.46346e-06
6.64071e-06
1.88608e-05
5.10949e-05
0.000121842
0.000246103
6.45955e-05
3.20223e-05
1.35455e-05
5.43231e-06
3.4627e-06
6.63878e-06
1.88559e-05
5.10833e-05
0.000121819
0.000246063
6.45936e-05
3.20214e-05
1.35451e-05
5.43209e-06
3.46233e-06
6.63781e-06
1.88534e-05
5.10775e-05
0.000121807
0.000246042
6.45943e-05
3.20219e-05
1.35453e-05
5.43217e-06
3.46228e-06
6.63755e-06
1.88527e-05
5.1076e-05
0.000121804
0.000246037
6.45985e-05
3.20242e-05
1.35464e-05
5.43263e-06
3.46252e-06
6.63789e-06
1.88536e-05
5.10783e-05
0.000121809
0.000246047
6.46082e-05
3.20294e-05
1.35488e-05
5.43366e-06
3.46314e-06
6.63887e-06
1.88561e-05
5.10848e-05
0.000121824
0.000246076
6.46261e-05
3.2039e-05
1.35532e-05
5.43558e-06
3.46427e-06
6.64065e-06
1.88608e-05
5.10968e-05
0.000121852
0.00024613
6.46559e-05
3.2055e-05
1.35606e-05
5.43874e-06
3.46609e-06
6.64345e-06
1.88681e-05
5.11159e-05
0.000121896
0.000246218
6.47015e-05
3.20794e-05
1.35719e-05
5.44353e-06
3.46878e-06
6.64746e-06
1.88786e-05
5.11439e-05
0.000121962
0.000246352
1.6405e-05
8.51642e-06
3.78921e-06
1.60805e-06
1.08063e-06
2.03416e-06
5.5207e-06
1.42602e-05
3.23849e-05
6.24818e-05
1.64031e-05
8.51549e-06
3.78878e-06
1.60778e-06
1.08022e-06
2.03314e-06
5.5182e-06
1.42546e-05
3.23743e-05
6.24647e-05
1.64019e-05
8.5149e-06
3.78851e-06
1.60762e-06
1.07997e-06
2.03253e-06
5.51668e-06
1.42513e-05
3.23677e-05
6.24537e-05
1.64014e-05
8.51466e-06
3.7884e-06
1.60755e-06
1.07985e-06
2.03222e-06
5.51591e-06
1.42495e-05
3.23644e-05
6.24479e-05
1.64016e-05
8.51481e-06
3.78848e-06
1.60758e-06
1.07983e-06
2.03214e-06
5.51571e-06
1.42491e-05
3.23635e-05
6.24466e-05
1.64028e-05
8.51551e-06
3.78883e-06
1.60773e-06
1.07992e-06
2.03225e-06
5.51599e-06
1.42498e-05
3.23651e-05
6.24497e-05
1.64056e-05
8.51707e-06
3.78958e-06
1.60807e-06
1.08013e-06
2.03258e-06
5.51683e-06
1.42519e-05
3.23696e-05
6.24581e-05
1.64108e-05
8.51994e-06
3.79096e-06
1.6087e-06
1.08052e-06
2.0332e-06
5.51836e-06
1.42557e-05
3.23779e-05
6.24738e-05
1.64194e-05
8.52473e-06
3.79327e-06
1.60973e-06
1.08115e-06
2.03417e-06
5.52081e-06
1.42618e-05
3.23915e-05
6.24996e-05
1.64325e-05
8.53202e-06
3.79677e-06
1.6113e-06
1.08208e-06
2.03558e-06
5.52437e-06
1.42708e-05
3.24119e-05
6.25389e-05
3.95344e-06
2.12905e-06
9.88174e-07
4.40593e-07
3.09843e-07
5.73496e-07
1.49563e-06
3.70889e-06
8.08941e-06
1.50509e-05
3.95295e-06
2.1288e-06
9.88054e-07
4.40513e-07
3.0972e-07
5.73202e-07
1.49493e-06
3.7074e-06
8.08667e-06
1.50466e-05
3.95264e-06
2.12865e-06
9.8798e-07
4.40465e-07
3.09646e-07
5.73024e-07
1.49451e-06
3.70649e-06
8.08494e-06
1.50438e-05
3.95251e-06
2.12858e-06
9.87951e-07
4.40445e-07
3.0961e-07
5.72933e-07
1.49429e-06
3.70601e-06
8.08405e-06
1.50423e-05
3.95258e-06
2.12863e-06
9.87975e-07
4.40454e-07
3.09605e-07
5.72909e-07
1.49423e-06
3.70589e-06
8.08384e-06
1.5042e-05
3.95292e-06
2.12883e-06
9.88076e-07
4.405e-07
3.09632e-07
5.72946e-07
1.49432e-06
3.70611e-06
8.0843e-06
1.50428e-05
3.95369e-06
2.12927e-06
9.88294e-07
4.40603e-07
3.09699e-07
5.7305e-07
1.49457e-06
3.7067e-06
8.08556e-06
1.50451e-05
3.95509e-06
2.13007e-06
9.88697e-07
4.40793e-07
3.09822e-07
5.73243e-07
1.49504e-06
3.70782e-06
8.08792e-06
1.50494e-05
3.95742e-06
2.13141e-06
9.89364e-07
4.41106e-07
3.10022e-07
5.73552e-07
1.49579e-06
3.70962e-06
8.09178e-06
1.50565e-05
3.96096e-06
2.13344e-06
9.90376e-07
4.41578e-07
3.10319e-07
5.74004e-07
1.49689e-06
3.71231e-06
8.0976e-06
1.50674e-05
9.12395e-07
5.07337e-07
2.4438e-07
1.13932e-07
8.34196e-08
1.52001e-07
3.82392e-07
9.14584e-07
1.92591e-06
3.47185e-06
9.12273e-07
5.07273e-07
2.44348e-07
1.1391e-07
8.33852e-08
1.51921e-07
3.82208e-07
9.14204e-07
1.92523e-06
3.4708e-06
9.12198e-07
5.07234e-07
2.44328e-07
1.13896e-07
8.33644e-08
1.51872e-07
3.82094e-07
9.13967e-07
1.9248e-06
3.47012e-06
9.12168e-07
5.07219e-07
2.44321e-07
1.13891e-07
8.33541e-08
1.51847e-07
3.82036e-07
9.13845e-07
1.92457e-06
3.46975e-06
9.12188e-07
5.07232e-07
2.44328e-07
1.13893e-07
8.33529e-08
1.5184e-07
3.82021e-07
9.13815e-07
1.92452e-06
3.46968e-06
9.12278e-07
5.07286e-07
2.44356e-07
1.13907e-07
8.33609e-08
1.51851e-07
3.82046e-07
9.13874e-07
1.92464e-06
3.46991e-06
9.12476e-07
5.07402e-07
2.44416e-07
1.13936e-07
8.33808e-08
1.51882e-07
3.82118e-07
9.1404e-07
1.92498e-06
3.4705e-06
9.1284e-07
5.07617e-07
2.44527e-07
1.1399e-07
8.34175e-08
1.51939e-07
3.82252e-07
9.14349e-07
1.92562e-06
3.47163e-06
9.13442e-07
5.07972e-07
2.44709e-07
1.14079e-07
8.3477e-08
1.52031e-07
3.82468e-07
9.14852e-07
1.92666e-06
3.47349e-06
9.14352e-07
5.08509e-07
2.44985e-07
1.14213e-07
8.35651e-08
1.52166e-07
3.82787e-07
9.15601e-07
1.92823e-06
3.47633e-06
2.30609e-07
1.35485e-07
6.80614e-08
3.32177e-08
2.52999e-08
4.5374e-08
1.10124e-07
2.53866e-07
5.13763e-07
8.77011e-07
2.30578e-07
1.35468e-07
6.80526e-08
3.32112e-08
2.52894e-08
4.535e-08
1.10071e-07
2.53759e-07
5.13579e-07
8.76743e-07
2.30558e-07
1.35457e-07
6.8047e-08
3.32071e-08
2.52828e-08
4.53349e-08
1.10037e-07
2.5369e-07
5.13458e-07
8.76562e-07
2.3055e-07
1.35453e-07
6.8045e-08
3.32054e-08
2.52795e-08
4.53271e-08
1.10019e-07
2.53655e-07
5.13395e-07
8.76465e-07
2.30556e-07
1.35457e-07
6.80473e-08
3.32063e-08
2.52792e-08
4.53252e-08
1.10015e-07
2.53646e-07
5.13382e-07
8.76447e-07
2.30582e-07
1.35474e-07
6.80561e-08
3.32107e-08
2.52819e-08
4.53289e-08
1.10023e-07
2.53665e-07
5.1342e-07
8.76512e-07
2.30639e-07
1.35509e-07
6.80748e-08
3.32202e-08
2.52886e-08
4.53392e-08
1.10046e-07
2.53717e-07
5.13522e-07
8.76683e-07
2.30742e-07
1.35573e-07
6.81091e-08
3.32377e-08
2.53009e-08
4.53583e-08
1.1009e-07
2.53814e-07
5.13713e-07
8.77005e-07
2.30912e-07
1.35678e-07
6.81654e-08
3.32662e-08
2.53208e-08
4.53889e-08
1.1016e-07
2.53971e-07
5.14027e-07
8.77538e-07
2.31162e-07
1.35834e-07
6.82482e-08
3.3308e-08
2.53495e-08
4.54327e-08
1.1026e-07
2.54199e-07
5.14487e-07
8.7833e-07
0.243267
0.283718
0.293415
0.295776
0.296349
0.296492
0.29654
0.296575
0.29662
0.29667
0.243224
0.283669
0.293365
0.295726
0.296299
0.296443
0.29649
0.296527
0.296575
0.296635
0.243204
0.283646
0.293341
0.295701
0.296275
0.296419
0.296467
0.296505
0.296555
0.296618
0.243194
0.283634
0.293329
0.295689
0.296263
0.296407
0.296456
0.296494
0.296546
0.29661
0.243192
0.283631
0.293326
0.295687
0.296261
0.296405
0.296454
0.296493
0.296545
0.296609
0.243196
0.283636
0.293332
0.295692
0.296267
0.296411
0.29646
0.296499
0.296551
0.296616
0.243208
0.283651
0.293348
0.295709
0.296284
0.296428
0.296477
0.296517
0.296569
0.296634
0.243231
0.283679
0.293378
0.29574
0.296316
0.29646
0.29651
0.296549
0.296602
0.296666
0.243266
0.283724
0.293426
0.29579
0.296366
0.296511
0.29656
0.2966
0.296653
0.296717
0.243308
0.28378
0.293487
0.295853
0.29643
0.296575
0.296625
0.296664
0.296717
0.296782
0.0718655
0.089516
0.095211
0.0968521
0.0972927
0.0974069
0.09744
0.0974573
0.0974757
0.0974987
0.0718529
0.0895012
0.0951955
0.0968363
0.0972769
0.0973911
0.0974244
0.0974422
0.0974618
0.0974884
0.0718458
0.0894925
0.0951863
0.096827
0.0972675
0.0973819
0.0974154
0.0974336
0.097454
0.0974818
0.0718423
0.0894882
0.0951817
0.0968224
0.097263
0.0973774
0.0974111
0.0974296
0.0974504
0.0974787
0.0718414
0.0894871
0.0951807
0.0968213
0.097262
0.0973765
0.0974103
0.0974289
0.09745
0.0974784
0.0718429
0.0894891
0.0951829
0.0968237
0.0972644
0.097379
0.0974129
0.0974316
0.0974528
0.0974812
0.0718473
0.0894947
0.0951891
0.0968302
0.0972711
0.0973858
0.0974197
0.0974385
0.0974597
0.0974882
0.0718553
0.0895052
0.0952007
0.0968424
0.0972835
0.0973983
0.0974322
0.0974511
0.0974723
0.0975009
0.0718679
0.0895218
0.0952192
0.0968616
0.0973031
0.097418
0.097452
0.0974709
0.0974922
0.0975209
0.0718855
0.0895457
0.0952459
0.0968893
0.0973311
0.0974462
0.0974803
0.0974992
0.0975206
0.0975493
0.0208438
0.0267135
0.0290443
0.0298232
0.0300561
0.030121
0.0301397
0.0301478
0.030155
0.0301643
0.02084
0.0267089
0.0290394
0.0298183
0.0300512
0.0301161
0.0301348
0.030143
0.0301507
0.0301612
0.0208376
0.026706
0.0290363
0.0298151
0.030048
0.0301129
0.0301317
0.0301401
0.0301481
0.030159
0.0208364
0.0267046
0.0290347
0.0298135
0.0300464
0.0301114
0.0301302
0.0301387
0.0301468
0.0301579
0.0208361
0.0267042
0.0290344
0.0298131
0.030046
0.030111
0.0301299
0.0301384
0.0301466
0.0301578
0.0208367
0.0267049
0.0290352
0.029814
0.0300469
0.030112
0.0301309
0.0301394
0.0301477
0.0301588
0.0208382
0.0267069
0.0290374
0.0298164
0.0300494
0.0301144
0.0301334
0.0301419
0.0301502
0.0301614
0.020841
0.0267106
0.0290416
0.0298208
0.0300539
0.030119
0.030138
0.0301465
0.0301548
0.030166
0.0208454
0.0267166
0.0290484
0.0298279
0.0300611
0.0301263
0.0301453
0.0301539
0.0301622
0.0301734
0.020852
0.0267256
0.0290586
0.0298386
0.030072
0.0301372
0.0301563
0.0301649
0.0301732
0.0301845
0.00584114
0.00756925
0.00836391
0.00866282
0.00876102
0.00879044
0.00879915
0.00880258
0.00880529
0.00880863
0.00584
0.00756788
0.00836245
0.00866132
0.00875951
0.00878894
0.00879767
0.00880114
0.00880399
0.00880775
0.00583927
0.00756698
0.00836147
0.00866032
0.00875851
0.00878794
0.00879669
0.00880021
0.00880315
0.00880705
0.0058389
0.00756652
0.00836097
0.0086598
0.00875799
0.00878743
0.0087962
0.00879975
0.00880274
0.00880669
0.00583881
0.00756641
0.00836086
0.00865969
0.00875789
0.00878733
0.00879612
0.00879969
0.0088027
0.00880667
0.00583899
0.00756665
0.00836113
0.00865999
0.0087582
0.00878765
0.00879644
0.00880003
0.00880305
0.00880702
0.00583949
0.00756731
0.00836189
0.00866079
0.00875902
0.00878849
0.00879729
0.00880088
0.00880391
0.00880789
0.00584041
0.00756855
0.0083633
0.00866229
0.00876056
0.00879005
0.00879886
0.00880245
0.00880549
0.00880947
0.00584191
0.00757057
0.00836562
0.00866475
0.00876307
0.00879258
0.0088014
0.008805
0.00880804
0.00881204
0.00584421
0.00757368
0.00836917
0.0086685
0.00876691
0.00879644
0.00880527
0.00880888
0.00881193
0.00881595
0.00157016
0.0020408
0.0022816
0.0023811
0.00241649
0.00242781
0.0024313
0.00243262
0.00243356
0.00243468
0.00156984
0.00204041
0.00228118
0.00238066
0.00241606
0.00242737
0.00243087
0.0024322
0.00243319
0.00243443
0.00156962
0.00204015
0.0022809
0.00238037
0.00241576
0.00242708
0.00243058
0.00243193
0.00243294
0.00243423
0.00156951
0.00204001
0.00228074
0.00238021
0.0024156
0.00242693
0.00243043
0.00243179
0.00243282
0.00243412
0.00156949
0.00203998
0.00228071
0.00238018
0.00241557
0.0024269
0.00243041
0.00243177
0.00243281
0.00243412
0.00156954
0.00204006
0.0022808
0.00238028
0.00241567
0.002427
0.00243051
0.00243188
0.00243292
0.00243423
0.0015697
0.00204027
0.00228104
0.00238053
0.00241594
0.00242727
0.00243078
0.00243215
0.00243319
0.00243451
0.00156999
0.00204066
0.00228149
0.00238101
0.00241643
0.00242777
0.00243129
0.00243266
0.0024337
0.00243502
0.00157047
0.0020413
0.00228223
0.00238181
0.00241724
0.00242859
0.00243211
0.00243348
0.00243453
0.00243585
0.00157121
0.00204229
0.00228338
0.00238302
0.00241849
0.00242985
0.00243338
0.00243475
0.0024358
0.00243713
0.000403741
0.000524412
0.00059127
0.000621056
0.000632386
0.000636224
0.000637455
0.000637916
0.000638223
0.000638572
0.000403651
0.000524305
0.000591154
0.000620936
0.000632265
0.000636103
0.000637336
0.000637801
0.00063812
0.000638506
0.000403592
0.000524233
0.000591075
0.000620854
0.000632183
0.000636021
0.000637256
0.000637725
0.000638052
0.00063845
0.000403561
0.000524194
0.000591033
0.000620811
0.000632139
0.000635978
0.000637214
0.000637686
0.000638017
0.000638419
0.000403554
0.000524186
0.000591024
0.000620802
0.000632131
0.000635971
0.000637208
0.000637682
0.000638015
0.000638419
0.000403571
0.000524209
0.000591051
0.000620832
0.000632162
0.000636002
0.000637241
0.000637715
0.000638049
0.000638454
0.000403618
0.000524271
0.000591123
0.000620909
0.000632241
0.000636083
0.000637322
0.000637797
0.000638132
0.000638537
0.000403705
0.000524387
0.000591257
0.000621053
0.00063239
0.000636234
0.000637474
0.00063795
0.000638286
0.000638691
0.00040385
0.00052458
0.000591481
0.000621293
0.000632637
0.000636484
0.000637725
0.000638202
0.000638538
0.000638944
0.000404073
0.000524878
0.000591826
0.000621662
0.000633016
0.000636867
0.00063811
0.000638588
0.000638925
0.000639334
9.9248e-05
0.000128622
0.000145917
0.000154108
0.000157405
0.00015858
0.000158972
0.000159119
0.000159212
0.000159314
9.92246e-05
0.000128594
0.000145887
0.000154077
0.000157373
0.000158548
0.00015894
0.000159089
0.000159185
0.000159297
9.9209e-05
0.000128575
0.000145866
0.000154055
0.000157352
0.000158526
0.000158919
0.000159069
0.000159167
0.000159283
9.92008e-05
0.000128565
0.000145855
0.000154043
0.00015734
0.000158515
0.000158908
0.000159058
0.000159158
0.000159275
9.9199e-05
0.000128563
0.000145853
0.000154042
0.000157338
0.000158513
0.000158907
0.000159057
0.000159158
0.000159275
9.92039e-05
0.00012857
0.00014586
0.00015405
0.000157347
0.000158522
0.000158916
0.000159067
0.000159168
0.000159285
9.92171e-05
0.000128587
0.000145881
0.000154072
0.00015737
0.000158545
0.000158939
0.00015909
0.000159191
0.000159309
9.92419e-05
0.00012862
0.000145919
0.000154113
0.000157412
0.000158588
0.000158983
0.000159134
0.000159235
0.000159352
9.9283e-05
0.000128675
0.000145982
0.000154181
0.000157483
0.00015866
0.000159054
0.000159206
0.000159307
0.000159425
9.93464e-05
0.000128759
0.00014608
0.000154286
0.000157591
0.000158769
0.000159165
0.000159317
0.000159418
0.000159537
2.33372e-05
3.01569e-05
3.43672e-05
3.64642e-05
3.73499e-05
3.76796e-05
3.77938e-05
3.78372e-05
3.78637e-05
3.78919e-05
2.33313e-05
3.01499e-05
3.43596e-05
3.64563e-05
3.7342e-05
3.76717e-05
3.77859e-05
3.78296e-05
3.7857e-05
3.78877e-05
2.33274e-05
3.01452e-05
3.43544e-05
3.64509e-05
3.73365e-05
3.76662e-05
3.77806e-05
3.78246e-05
3.78526e-05
3.78841e-05
2.33254e-05
3.01427e-05
3.43517e-05
3.6448e-05
3.73336e-05
3.76634e-05
3.77779e-05
3.7822e-05
3.78503e-05
3.78821e-05
2.3325e-05
3.01422e-05
3.43512e-05
3.64476e-05
3.73332e-05
3.7663e-05
3.77776e-05
3.78219e-05
3.78503e-05
3.78822e-05
2.33263e-05
3.0144e-05
3.43533e-05
3.64499e-05
3.73356e-05
3.76655e-05
3.77801e-05
3.78245e-05
3.78529e-05
3.78849e-05
2.33298e-05
3.01486e-05
3.43587e-05
3.64557e-05
3.73417e-05
3.76717e-05
3.77864e-05
3.78308e-05
3.78593e-05
3.78913e-05
2.33365e-05
3.01574e-05
3.43689e-05
3.64667e-05
3.73531e-05
3.76833e-05
3.77981e-05
3.78425e-05
3.78711e-05
3.79032e-05
2.33476e-05
3.0172e-05
3.43859e-05
3.64851e-05
3.73721e-05
3.77026e-05
3.78175e-05
3.7862e-05
3.78907e-05
3.79229e-05
2.33646e-05
3.01945e-05
3.44121e-05
3.65134e-05
3.74013e-05
3.77322e-05
3.78473e-05
3.78919e-05
3.79206e-05
3.7953e-05
5.25967e-06
6.77031e-06
7.74052e-06
8.24471e-06
8.4667e-06
8.55261e-06
8.58336e-06
8.59524e-06
8.60236e-06
8.6097e-06
5.25827e-06
6.76865e-06
7.73872e-06
8.24283e-06
8.4648e-06
8.5507e-06
8.58149e-06
8.59344e-06
8.60076e-06
8.60872e-06
5.25735e-06
6.76753e-06
7.73749e-06
8.24155e-06
8.46349e-06
8.54941e-06
8.58022e-06
8.59224e-06
8.59971e-06
8.60786e-06
5.25685e-06
6.76693e-06
7.73683e-06
8.24086e-06
8.4628e-06
8.54872e-06
8.57956e-06
8.59163e-06
8.59917e-06
8.6074e-06
5.25676e-06
6.76684e-06
7.73673e-06
8.24077e-06
8.46272e-06
8.54865e-06
8.57951e-06
8.59161e-06
8.59918e-06
8.60744e-06
5.2571e-06
6.76729e-06
7.73727e-06
8.24136e-06
8.46334e-06
8.54929e-06
8.58016e-06
8.59228e-06
8.59987e-06
8.60814e-06
5.258e-06
6.76847e-06
7.73864e-06
8.24285e-06
8.46489e-06
8.55088e-06
8.58177e-06
8.5939e-06
8.6015e-06
8.60978e-06
5.25971e-06
6.77069e-06
7.74124e-06
8.24566e-06
8.46781e-06
8.55385e-06
8.58477e-06
8.59691e-06
8.60452e-06
8.61282e-06
5.26255e-06
6.77441e-06
7.74558e-06
8.25036e-06
8.47269e-06
8.5588e-06
8.58975e-06
8.60191e-06
8.60954e-06
8.61786e-06
5.26689e-06
6.78012e-06
7.75223e-06
8.25755e-06
8.48014e-06
8.56637e-06
8.59736e-06
8.60955e-06
8.6172e-06
8.62557e-06
1.15461e-06
1.46026e-06
1.67065e-06
1.7849e-06
1.83716e-06
1.85811e-06
1.86584e-06
1.86888e-06
1.87068e-06
1.87249e-06
1.15429e-06
1.45989e-06
1.67024e-06
1.78447e-06
1.83673e-06
1.85767e-06
1.86541e-06
1.86847e-06
1.87032e-06
1.87227e-06
1.15407e-06
1.45963e-06
1.66996e-06
1.78418e-06
1.83643e-06
1.85738e-06
1.86512e-06
1.8682e-06
1.87008e-06
1.87208e-06
1.15396e-06
1.4595e-06
1.66981e-06
1.78403e-06
1.83627e-06
1.85722e-06
1.86497e-06
1.86806e-06
1.86996e-06
1.87198e-06
1.15394e-06
1.45948e-06
1.66979e-06
1.78401e-06
1.83626e-06
1.85721e-06
1.86497e-06
1.86806e-06
1.86996e-06
1.87199e-06
1.15402e-06
1.45959e-06
1.66993e-06
1.78415e-06
1.83641e-06
1.85736e-06
1.86513e-06
1.86822e-06
1.87013e-06
1.87216e-06
1.15425e-06
1.45988e-06
1.67026e-06
1.78452e-06
1.83679e-06
1.85775e-06
1.86552e-06
1.86862e-06
1.87053e-06
1.87256e-06
1.15467e-06
1.46042e-06
1.67089e-06
1.7852e-06
1.8375e-06
1.85848e-06
1.86625e-06
1.86935e-06
1.87126e-06
1.8733e-06
1.15537e-06
1.46132e-06
1.67194e-06
1.78634e-06
1.83868e-06
1.85968e-06
1.86746e-06
1.87057e-06
1.87249e-06
1.87453e-06
1.15644e-06
1.4627e-06
1.67355e-06
1.78808e-06
1.84049e-06
1.86152e-06
1.86931e-06
1.87243e-06
1.87435e-06
1.87641e-06
363.269
363.268
363.267
363.267
363.266
363.266
363.267
363.267
363.267
363.268
363.268
363.266
363.266
363.265
363.265
363.265
363.265
363.266
363.266
363.267
363.267
363.266
363.265
363.265
363.265
363.265
363.265
363.265
363.266
363.266
363.267
363.265
363.265
363.265
363.264
363.264
363.265
363.265
363.265
363.266
363.266
363.265
363.265
363.264
363.264
363.264
363.264
363.265
363.265
363.266
363.266
363.265
363.265
363.264
363.264
363.264
363.265
363.265
363.265
363.266
363.267
363.265
363.265
363.265
363.264
363.265
363.265
363.265
363.265
363.266
363.267
363.266
363.265
363.265
363.265
363.265
363.265
363.265
363.266
363.266
363.267
363.266
363.266
363.265
363.265
363.265
363.265
363.266
363.266
363.267
363.268
363.267
363.266
363.266
363.266
363.266
363.266
363.266
363.267
363.268
256.331
256.328
256.327
256.326
256.326
256.326
256.326
256.327
256.328
256.329
256.328
256.326
256.324
256.324
256.323
256.323
256.324
256.324
256.326
256.327
256.327
256.324
256.323
256.322
256.322
256.322
256.322
256.323
256.324
256.326
256.326
256.324
256.322
256.321
256.321
256.321
256.321
256.322
256.324
256.326
256.326
256.323
256.322
256.321
256.321
256.321
256.321
256.322
256.323
256.325
256.326
256.323
256.322
256.321
256.321
256.321
256.321
256.322
256.323
256.325
256.326
256.324
256.322
256.321
256.321
256.321
256.322
256.323
256.324
256.326
256.327
256.324
256.323
256.322
256.322
256.322
256.323
256.323
256.325
256.327
256.328
256.326
256.324
256.324
256.323
256.323
256.324
256.325
256.326
256.328
256.329
256.327
256.326
256.326
256.325
256.325
256.326
256.327
256.328
256.33
166.705
166.702
166.701
166.699
166.699
166.699
166.7
166.701
166.702
166.704
166.702
166.699
166.698
166.697
166.696
166.696
166.697
166.698
166.7
166.702
166.701
166.698
166.696
166.695
166.694
166.694
166.695
166.696
166.698
166.701
166.699
166.697
166.695
166.694
166.693
166.694
166.694
166.695
166.697
166.7
166.699
166.696
166.694
166.693
166.693
166.693
166.694
166.695
166.697
166.7
166.699
166.696
166.694
166.694
166.693
166.693
166.694
166.695
166.697
166.7
166.7
166.697
166.695
166.694
166.694
166.694
166.695
166.696
166.698
166.701
166.701
166.698
166.696
166.695
166.695
166.695
166.696
166.697
166.699
166.702
166.702
166.7
166.698
166.697
166.697
166.697
166.698
166.699
166.701
166.704
166.704
166.702
166.701
166.7
166.7
166.7
166.701
166.702
166.704
166.707
99.7082
99.7056
99.7039
99.703
99.7026
99.7027
99.7032
99.7042
99.7059
99.7081
99.7056
99.7029
99.7013
99.7003
99.7
99.7001
99.7006
99.7017
99.7036
99.7064
99.7039
99.7013
99.6996
99.6987
99.6983
99.6984
99.699
99.7002
99.7022
99.7052
99.703
99.7003
99.6987
99.6978
99.6974
99.6975
99.6982
99.6994
99.7015
99.7045
99.7026
99.7
99.6983
99.6974
99.6971
99.6972
99.6978
99.6991
99.7012
99.7043
99.7027
99.7001
99.6984
99.6975
99.6972
99.6973
99.698
99.6993
99.7014
99.7045
99.7032
99.7006
99.699
99.6982
99.6978
99.698
99.6987
99.7
99.7021
99.7052
99.7042
99.7017
99.7002
99.6994
99.6991
99.6993
99.7
99.7013
99.7034
99.7065
99.7059
99.7036
99.7022
99.7015
99.7012
99.7014
99.7021
99.7034
99.7055
99.7087
99.7081
99.7064
99.7052
99.7045
99.7043
99.7045
99.7052
99.7065
99.7087
99.7118
54.8398
54.8378
54.8366
54.8358
54.8356
54.8357
54.8361
54.8371
54.8385
54.8405
54.8378
54.8358
54.8346
54.8339
54.8336
54.8337
54.8342
54.8352
54.8368
54.8393
54.8366
54.8346
54.8333
54.8326
54.8323
54.8325
54.833
54.834
54.8358
54.8384
54.8358
54.8339
54.8326
54.8319
54.8316
54.8318
54.8323
54.8334
54.8352
54.8379
54.8356
54.8336
54.8323
54.8316
54.8314
54.8315
54.8321
54.8332
54.835
54.8378
54.8356
54.8337
54.8324
54.8318
54.8315
54.8317
54.8322
54.8334
54.8352
54.838
54.8361
54.8342
54.833
54.8323
54.8321
54.8322
54.8328
54.8339
54.8358
54.8385
54.837
54.8352
54.834
54.8334
54.8332
54.8334
54.8339
54.8351
54.8369
54.8397
54.8385
54.8368
54.8358
54.8352
54.835
54.8352
54.8358
54.8369
54.8388
54.8416
54.8405
54.8393
54.8384
54.8379
54.8378
54.838
54.8385
54.8397
54.8416
54.8443
27.7746
27.7733
27.7724
27.772
27.7718
27.7719
27.7723
27.773
27.7741
27.7756
27.7732
27.772
27.7711
27.7707
27.7705
27.7706
27.771
27.7717
27.773
27.7748
27.7724
27.7711
27.7703
27.7699
27.7697
27.7698
27.7702
27.771
27.7723
27.7743
27.7719
27.7707
27.7698
27.7694
27.7692
27.7693
27.7698
27.7706
27.7719
27.774
27.7718
27.7705
27.7697
27.7692
27.7691
27.7692
27.7696
27.7704
27.7718
27.7739
27.7718
27.7706
27.7698
27.7693
27.7692
27.7693
27.7697
27.7706
27.7719
27.774
27.7722
27.7709
27.7702
27.7697
27.7696
27.7697
27.7702
27.771
27.7724
27.7745
27.7729
27.7717
27.771
27.7706
27.7704
27.7706
27.771
27.7718
27.7732
27.7753
27.774
27.7729
27.7723
27.7719
27.7718
27.7719
27.7724
27.7732
27.7746
27.7767
27.7756
27.7748
27.7743
27.7739
27.7739
27.774
27.7745
27.7753
27.7767
27.7788
12.9842
12.9835
12.9831
12.9829
12.9828
12.9829
12.9831
12.9836
12.9843
12.9853
12.9834
12.9828
12.9824
12.9821
12.982
12.9821
12.9824
12.9829
12.9837
12.9849
12.983
12.9823
12.9819
12.9816
12.9816
12.9816
12.9819
12.9824
12.9833
12.9846
12.9827
12.982
12.9816
12.9814
12.9813
12.9814
12.9817
12.9822
12.9831
12.9844
12.9826
12.9819
12.9815
12.9813
12.9812
12.9813
12.9816
12.9821
12.983
12.9844
12.9826
12.982
12.9816
12.9814
12.9813
12.9814
12.9817
12.9822
12.9831
12.9845
12.9829
12.9822
12.9818
12.9816
12.9816
12.9817
12.982
12.9825
12.9834
12.9847
12.9833
12.9827
12.9824
12.9822
12.9821
12.9822
12.9825
12.983
12.984
12.9853
12.9841
12.9835
12.9832
12.983
12.983
12.9831
12.9834
12.984
12.9849
12.9862
12.9851
12.9848
12.9845
12.9844
12.9843
12.9845
12.9847
12.9853
12.9862
12.9876
5.61881
5.61881
5.61886
5.61887
5.61887
5.61893
5.61908
5.61935
5.61978
5.62039
5.61841
5.61842
5.61847
5.61847
5.61848
5.61854
5.61869
5.61898
5.61945
5.62018
5.61816
5.61816
5.61822
5.61822
5.61823
5.6183
5.61845
5.61875
5.61925
5.62001
5.61802
5.61803
5.61808
5.61809
5.6181
5.61816
5.61833
5.61863
5.61915
5.61992
5.61797
5.61798
5.61803
5.61804
5.61806
5.61813
5.61829
5.6186
5.61912
5.6199
5.61801
5.61802
5.61808
5.61809
5.61811
5.61818
5.61834
5.61866
5.61918
5.61996
5.61815
5.61817
5.61823
5.61825
5.61827
5.61834
5.61851
5.61883
5.61935
5.62013
5.61842
5.61845
5.61853
5.61855
5.61858
5.61865
5.61882
5.61914
5.61967
5.62045
5.61886
5.61892
5.61903
5.61907
5.6191
5.61917
5.61935
5.61967
5.62019
5.62097
5.61947
5.61965
5.61978
5.61984
5.61987
5.61995
5.62013
5.62045
5.62097
5.62176
2.25554
2.2572
2.25821
2.25861
2.25874
2.25881
2.2589
2.25904
2.25927
2.2596
2.25535
2.25702
2.25803
2.25843
2.25856
2.25863
2.25872
2.25887
2.25912
2.2595
2.25523
2.2569
2.25791
2.25831
2.25844
2.25851
2.25861
2.25877
2.25903
2.25942
2.25517
2.25683
2.25785
2.25824
2.25838
2.25845
2.25855
2.25871
2.25898
2.25938
2.25515
2.25681
2.25783
2.25823
2.25836
2.25844
2.25853
2.2587
2.25897
2.25937
2.25517
2.25684
2.25785
2.25825
2.25839
2.25846
2.25856
2.25873
2.259
2.25941
2.25524
2.25691
2.25793
2.25834
2.25847
2.25855
2.25865
2.25881
2.25909
2.25949
2.25539
2.25706
2.25809
2.25849
2.25864
2.25871
2.25881
2.25898
2.25925
2.25966
2.25562
2.25731
2.25835
2.25876
2.25891
2.25898
2.25908
2.25925
2.25953
2.25993
2.25594
2.25769
2.25874
2.25916
2.25931
2.25939
2.25949
2.25966
2.25993
2.26034
0.832368
0.840905
0.84462
0.845823
0.846168
0.846274
0.846332
0.846405
0.846516
0.846674
0.832293
0.840829
0.844544
0.845747
0.846092
0.846198
0.846258
0.846334
0.846452
0.846634
0.832243
0.840778
0.844493
0.845696
0.846042
0.846148
0.846209
0.846288
0.846412
0.846602
0.832215
0.84075
0.844465
0.845668
0.846014
0.846121
0.846184
0.846264
0.846391
0.846584
0.832207
0.840742
0.844457
0.845661
0.846007
0.846115
0.846178
0.846259
0.846387
0.846581
0.832218
0.840754
0.84447
0.845674
0.846021
0.846129
0.846192
0.846275
0.846403
0.846598
0.832253
0.840791
0.844508
0.845713
0.846061
0.846169
0.846233
0.846316
0.846444
0.846639
0.832318
0.84086
0.844581
0.845788
0.846137
0.846246
0.84631
0.846393
0.846522
0.846717
0.832425
0.840976
0.844703
0.845913
0.846264
0.846373
0.846438
0.846521
0.84665
0.846846
0.83258
0.841156
0.844892
0.846106
0.846457
0.846567
0.846632
0.846716
0.846845
0.847042
1.02206e-07
1.02171e-07
1.02111e-07
1.01954e-07
1.01499e-07
1.00261e-07
9.7245e-08
9.08891e-08
7.98563e-08
6.62797e-08
1.02183e-07
1.02148e-07
1.02088e-07
1.01931e-07
1.01476e-07
1.00239e-07
9.72245e-08
9.0871e-08
7.98418e-08
6.62704e-08
1.02168e-07
1.02133e-07
1.02073e-07
1.01917e-07
1.01462e-07
1.00225e-07
9.72118e-08
9.08599e-08
7.98329e-08
6.62638e-08
1.02161e-07
1.02126e-07
1.02067e-07
1.0191e-07
1.01456e-07
1.00219e-07
9.72061e-08
9.0855e-08
7.98291e-08
6.62611e-08
1.02162e-07
1.02127e-07
1.02068e-07
1.01911e-07
1.01457e-07
1.0022e-07
9.72076e-08
9.08567e-08
7.98309e-08
6.62629e-08
1.02172e-07
1.02138e-07
1.02078e-07
1.01922e-07
1.01468e-07
1.00231e-07
9.72184e-08
9.0867e-08
7.98401e-08
6.62707e-08
1.02196e-07
1.02162e-07
1.02103e-07
1.01947e-07
1.01493e-07
1.00256e-07
9.72429e-08
9.08899e-08
7.98605e-08
6.6288e-08
1.0224e-07
1.02207e-07
1.02149e-07
1.01993e-07
1.0154e-07
1.00302e-07
9.72877e-08
9.0932e-08
7.98978e-08
6.63196e-08
1.02311e-07
1.0228e-07
1.02224e-07
1.0207e-07
1.01616e-07
1.00378e-07
9.73612e-08
9.10009e-08
7.9959e-08
6.63714e-08
1.02413e-07
1.02391e-07
1.02337e-07
1.02184e-07
1.0173e-07
1.00491e-07
9.74709e-08
9.11041e-08
8.00506e-08
6.64484e-08
2.04712e-08
2.04635e-08
2.04498e-08
2.0414e-08
2.03127e-08
2.00443e-08
1.94114e-08
1.81305e-08
1.60396e-08
1.37658e-08
2.04663e-08
2.04585e-08
2.04449e-08
2.04092e-08
2.03079e-08
2.00397e-08
1.94071e-08
1.81267e-08
1.60366e-08
1.37639e-08
2.04632e-08
2.04555e-08
2.04419e-08
2.04062e-08
2.0305e-08
2.00368e-08
1.94045e-08
1.81244e-08
1.60347e-08
1.37625e-08
2.04618e-08
2.04541e-08
2.04405e-08
2.04048e-08
2.03036e-08
2.00355e-08
1.94033e-08
1.81234e-08
1.60339e-08
1.3762e-08
2.0462e-08
2.04543e-08
2.04408e-08
2.04051e-08
2.03039e-08
2.00359e-08
1.94037e-08
1.81238e-08
1.60344e-08
1.37624e-08
2.04643e-08
2.04567e-08
2.04432e-08
2.04075e-08
2.03064e-08
2.00384e-08
1.94061e-08
1.81261e-08
1.60364e-08
1.37642e-08
2.04697e-08
2.04621e-08
2.04487e-08
2.04131e-08
2.0312e-08
2.00439e-08
1.94115e-08
1.81312e-08
1.6041e-08
1.37682e-08
2.04794e-08
2.0472e-08
2.04588e-08
2.04234e-08
2.03223e-08
2.00541e-08
1.94214e-08
1.81404e-08
1.60493e-08
1.37754e-08
2.0495e-08
2.04883e-08
2.04755e-08
2.04402e-08
2.03391e-08
2.00708e-08
1.94376e-08
1.81556e-08
1.60628e-08
1.37873e-08
2.05177e-08
2.05127e-08
2.05005e-08
2.04654e-08
2.03643e-08
2.00956e-08
1.94618e-08
1.81783e-08
1.60831e-08
1.38048e-08
3.94452e-09
3.94289e-09
3.93993e-09
3.93222e-09
3.91082e-09
3.85562e-09
3.72947e-09
3.48397e-09
3.10533e-09
2.73039e-09
3.94352e-09
3.9419e-09
3.93895e-09
3.93124e-09
3.90986e-09
3.85469e-09
3.7286e-09
3.4832e-09
3.10471e-09
2.73004e-09
3.9429e-09
3.94128e-09
3.93834e-09
3.93063e-09
3.90926e-09
3.85412e-09
3.72807e-09
3.48274e-09
3.10434e-09
2.72976e-09
3.94262e-09
3.941e-09
3.93806e-09
3.93036e-09
3.909e-09
3.85387e-09
3.72784e-09
3.48254e-09
3.10419e-09
2.72965e-09
3.94268e-09
3.94107e-09
3.93813e-09
3.93044e-09
3.90908e-09
3.85396e-09
3.72794e-09
3.48264e-09
3.10429e-09
2.72975e-09
3.94319e-09
3.94158e-09
3.93865e-09
3.93096e-09
3.90961e-09
3.85448e-09
3.72845e-09
3.48313e-09
3.10473e-09
2.73015e-09
3.94432e-09
3.94273e-09
3.93982e-09
3.93215e-09
3.9108e-09
3.85566e-09
3.72959e-09
3.48421e-09
3.1057e-09
2.73101e-09
3.94638e-09
3.94483e-09
3.94197e-09
3.93432e-09
3.91297e-09
3.85782e-09
3.73168e-09
3.48617e-09
3.10747e-09
2.73259e-09
3.94971e-09
3.94828e-09
3.94549e-09
3.93788e-09
3.91654e-09
3.86134e-09
3.7351e-09
3.48937e-09
3.11035e-09
2.73516e-09
3.95453e-09
3.95346e-09
3.95078e-09
3.94321e-09
3.92185e-09
3.86659e-09
3.7402e-09
3.49416e-09
3.11465e-09
2.73898e-09
7.32264e-10
7.31935e-10
7.31325e-10
7.29744e-10
7.25446e-10
7.14636e-10
6.90655e-10
6.45693e-10
5.79765e-10
5.1907e-10
7.3207e-10
7.31742e-10
7.31134e-10
7.29554e-10
7.2526e-10
7.14457e-10
6.90488e-10
6.45545e-10
5.79645e-10
5.19002e-10
7.3195e-10
7.31623e-10
7.31015e-10
7.29437e-10
7.25145e-10
7.14346e-10
6.90386e-10
6.45456e-10
5.79573e-10
5.18949e-10
7.31896e-10
7.3157e-10
7.30963e-10
7.29385e-10
7.25095e-10
7.14299e-10
6.90342e-10
6.45419e-10
5.79545e-10
5.18928e-10
7.31912e-10
7.31586e-10
7.30979e-10
7.29403e-10
7.25113e-10
7.14318e-10
6.90363e-10
6.45441e-10
5.79567e-10
5.1895e-10
7.32015e-10
7.3169e-10
7.31086e-10
7.29511e-10
7.25222e-10
7.14426e-10
6.90469e-10
6.45541e-10
5.79659e-10
5.19034e-10
7.32246e-10
7.31925e-10
7.31324e-10
7.29752e-10
7.25464e-10
7.14666e-10
6.90701e-10
6.4576e-10
5.79857e-10
5.19215e-10
7.32666e-10
7.32354e-10
7.31761e-10
7.30194e-10
7.25906e-10
7.15103e-10
6.91125e-10
6.46158e-10
5.80218e-10
5.19542e-10
7.33344e-10
7.33054e-10
7.32477e-10
7.30916e-10
7.26628e-10
7.15817e-10
6.91817e-10
6.46808e-10
5.80807e-10
5.20076e-10
7.34325e-10
7.34107e-10
7.33552e-10
7.31997e-10
7.27707e-10
7.16882e-10
6.92848e-10
6.47776e-10
5.81683e-10
5.20867e-10
1.31148e-10
1.31084e-10
1.30964e-10
1.30655e-10
1.29831e-10
1.27809e-10
1.23447e-10
1.15547e-10
1.04468e-10
9.48413e-11
1.31111e-10
1.31048e-10
1.30928e-10
1.30619e-10
1.29796e-10
1.27775e-10
1.23416e-10
1.15519e-10
1.04445e-10
9.4829e-11
1.31089e-10
1.31026e-10
1.30906e-10
1.30598e-10
1.29775e-10
1.27755e-10
1.23397e-10
1.15503e-10
1.04432e-10
9.48191e-11
1.31079e-10
1.31016e-10
1.30896e-10
1.30588e-10
1.29766e-10
1.27746e-10
1.23389e-10
1.15496e-10
1.04427e-10
9.48154e-11
1.31083e-10
1.3102e-10
1.309e-10
1.30592e-10
1.2977e-10
1.2775e-10
1.23393e-10
1.15501e-10
1.04431e-10
9.482e-11
1.31103e-10
1.3104e-10
1.30921e-10
1.30613e-10
1.29791e-10
1.27771e-10
1.23414e-10
1.15521e-10
1.0445e-10
9.48368e-11
1.31148e-10
1.31086e-10
1.30968e-10
1.3066e-10
1.29839e-10
1.27818e-10
1.23459e-10
1.15563e-10
1.04489e-10
9.48728e-11
1.31231e-10
1.3117e-10
1.31053e-10
1.30747e-10
1.29925e-10
1.27903e-10
1.23542e-10
1.15641e-10
1.0456e-10
9.49379e-11
1.31363e-10
1.31307e-10
1.31193e-10
1.30888e-10
1.30066e-10
1.28043e-10
1.23677e-10
1.15768e-10
1.04675e-10
9.50439e-11
1.31555e-10
1.31512e-10
1.31403e-10
1.31098e-10
1.30276e-10
1.2825e-10
1.23877e-10
1.15956e-10
1.04847e-10
9.52011e-11
2.26899e-11
2.2678e-11
2.26554e-11
2.25976e-11
2.24466e-11
2.2084e-11
2.13226e-11
1.9987e-11
1.81854e-11
1.66917e-11
2.26833e-11
2.26716e-11
2.26489e-11
2.25912e-11
2.24403e-11
2.2078e-11
2.1317e-11
1.9982e-11
1.81813e-11
1.66895e-11
2.26793e-11
2.26676e-11
2.2645e-11
2.25873e-11
2.24365e-11
2.20743e-11
2.13136e-11
1.9979e-11
1.81789e-11
1.66878e-11
2.26776e-11
2.26659e-11
2.26433e-11
2.25857e-11
2.24349e-11
2.20728e-11
2.13123e-11
1.99779e-11
1.8178e-11
1.66872e-11
2.26783e-11
2.26666e-11
2.26441e-11
2.25865e-11
2.24357e-11
2.20737e-11
2.13132e-11
1.99788e-11
1.8179e-11
1.66881e-11
2.26822e-11
2.26705e-11
2.2648e-11
2.25905e-11
2.24398e-11
2.20777e-11
2.13171e-11
1.99825e-11
1.81824e-11
1.66913e-11
2.26908e-11
2.26792e-11
2.26569e-11
2.25994e-11
2.24487e-11
2.20865e-11
2.13256e-11
1.99906e-11
1.81898e-11
1.66982e-11
2.27062e-11
2.2695e-11
2.26729e-11
2.26156e-11
2.24649e-11
2.21025e-11
2.13411e-11
2.00052e-11
1.82032e-11
1.67106e-11
2.27312e-11
2.27207e-11
2.26992e-11
2.26421e-11
2.24913e-11
2.21286e-11
2.13664e-11
2.0029e-11
1.82251e-11
1.67308e-11
2.27674e-11
2.27593e-11
2.27385e-11
2.26816e-11
2.25307e-11
2.21675e-11
2.1404e-11
2.00643e-11
1.82575e-11
1.67608e-11
3.79672e-12
3.7946e-12
3.7905e-12
3.78015e-12
3.75357e-12
3.69115e-12
3.56328e-12
3.3454e-12
3.06142e-12
2.83493e-12
3.79559e-12
3.79348e-12
3.78939e-12
3.77905e-12
3.75249e-12
3.6901e-12
3.5623e-12
3.34453e-12
3.06072e-12
2.83456e-12
3.79489e-12
3.79279e-12
3.7887e-12
3.77837e-12
3.75183e-12
3.68947e-12
3.56172e-12
3.34402e-12
3.06031e-12
2.83426e-12
3.7946e-12
3.7925e-12
3.78841e-12
3.77809e-12
3.75156e-12
3.68921e-12
3.56149e-12
3.34383e-12
3.06016e-12
2.83415e-12
3.79474e-12
3.79264e-12
3.78856e-12
3.77825e-12
3.75172e-12
3.68938e-12
3.56166e-12
3.344e-12
3.06034e-12
2.83433e-12
3.79545e-12
3.79336e-12
3.78929e-12
3.77898e-12
3.75246e-12
3.69011e-12
3.56238e-12
3.34469e-12
3.06097e-12
2.83493e-12
3.79701e-12
3.79494e-12
3.79089e-12
3.7806e-12
3.75407e-12
3.69171e-12
3.56392e-12
3.34615e-12
3.06232e-12
2.83619e-12
3.79982e-12
3.7978e-12
3.7938e-12
3.78353e-12
3.75701e-12
3.69461e-12
3.56673e-12
3.34879e-12
3.06477e-12
2.83848e-12
3.80434e-12
3.80247e-12
3.79856e-12
3.78832e-12
3.76179e-12
3.69932e-12
3.57129e-12
3.3531e-12
3.06874e-12
2.84219e-12
3.81091e-12
3.80946e-12
3.80568e-12
3.79548e-12
3.76892e-12
3.70635e-12
3.57809e-12
3.35951e-12
3.07463e-12
2.84768e-12
6.15195e-13
6.14829e-13
6.14116e-13
6.12334e-13
6.07837e-13
5.97488e-13
5.76778e-13
5.42417e-13
4.98966e-13
4.6542e-13
6.15005e-13
6.14641e-13
6.13929e-13
6.12149e-13
6.07655e-13
5.97313e-13
5.76615e-13
5.42272e-13
4.98848e-13
4.65357e-13
6.14889e-13
6.14526e-13
6.13815e-13
6.12036e-13
6.07545e-13
5.97207e-13
5.76517e-13
5.42186e-13
4.98779e-13
4.65308e-13
6.14841e-13
6.14478e-13
6.13768e-13
6.1199e-13
6.075e-13
5.97166e-13
5.7648e-13
5.42155e-13
4.98755e-13
4.65291e-13
6.14867e-13
6.14505e-13
6.13796e-13
6.12019e-13
6.0753e-13
5.97196e-13
5.76511e-13
5.42187e-13
4.98788e-13
4.65324e-13
6.14992e-13
6.14632e-13
6.13924e-13
6.12149e-13
6.07661e-13
5.97326e-13
5.76637e-13
5.42308e-13
4.989e-13
4.65431e-13
6.15266e-13
6.14909e-13
6.14205e-13
6.12432e-13
6.07944e-13
5.97605e-13
5.76908e-13
5.42564e-13
4.99139e-13
4.65655e-13
6.15758e-13
6.1541e-13
6.14714e-13
6.12945e-13
6.08456e-13
5.98111e-13
5.77398e-13
5.43027e-13
4.99568e-13
4.66059e-13
6.16551e-13
6.16226e-13
6.15545e-13
6.13782e-13
6.09292e-13
5.98934e-13
5.78195e-13
5.4378e-13
5.00266e-13
4.66715e-13
6.17702e-13
6.17449e-13
6.1679e-13
6.15032e-13
6.10536e-13
6.0016e-13
5.79381e-13
5.44899e-13
5.013e-13
4.67687e-13
9.69232e-14
9.68621e-14
9.67422e-14
9.64457e-14
9.571e-14
9.40497e-14
9.0799e-14
8.55365e-14
7.90584e-14
7.41949e-14
9.68921e-14
9.68313e-14
9.67116e-14
9.64154e-14
9.56803e-14
9.40211e-14
9.07724e-14
8.55126e-14
7.90389e-14
7.41847e-14
9.68733e-14
9.68125e-14
9.66929e-14
9.6397e-14
9.56623e-14
9.40039e-14
9.07565e-14
8.54987e-14
7.90277e-14
7.41767e-14
9.68656e-14
9.6805e-14
9.66855e-14
9.63897e-14
9.56553e-14
9.39973e-14
9.07506e-14
8.54939e-14
7.90241e-14
7.41742e-14
9.68704e-14
9.68099e-14
9.66906e-14
9.6395e-14
9.56607e-14
9.40028e-14
9.07562e-14
8.54995e-14
7.90298e-14
7.418e-14
9.68919e-14
9.68316e-14
9.67126e-14
9.64172e-14
9.5683e-14
9.40249e-14
9.07778e-14
8.55201e-14
7.90492e-14
7.41985e-14
9.69384e-14
9.68786e-14
9.67603e-14
9.64653e-14
9.5731e-14
9.40724e-14
9.08238e-14
8.55637e-14
7.90899e-14
7.4237e-14
9.70221e-14
9.69638e-14
9.68467e-14
9.65523e-14
9.58179e-14
9.41581e-14
9.09068e-14
8.56424e-14
7.91632e-14
7.43063e-14
9.71567e-14
9.71022e-14
9.69876e-14
9.66942e-14
9.59595e-14
9.42976e-14
9.10418e-14
8.57701e-14
7.9282e-14
7.44186e-14
9.73521e-14
9.73094e-14
9.71984e-14
9.69058e-14
9.61701e-14
9.45049e-14
9.12424e-14
8.59597e-14
7.9458e-14
7.4585e-14
1.69028e-14
1.68916e-14
1.68693e-14
1.68148e-14
1.66818e-14
1.63878e-14
1.5825e-14
1.4936e-14
1.387e-14
1.30902e-14
1.68973e-14
1.68862e-14
1.68639e-14
1.68094e-14
1.66766e-14
1.63827e-14
1.58203e-14
1.49318e-14
1.38666e-14
1.30885e-14
1.68939e-14
1.68828e-14
1.68606e-14
1.68061e-14
1.66733e-14
1.63797e-14
1.58174e-14
1.49293e-14
1.38646e-14
1.30871e-14
1.68926e-14
1.68815e-14
1.68593e-14
1.68048e-14
1.66721e-14
1.63785e-14
1.58164e-14
1.49284e-14
1.3864e-14
1.30867e-14
1.68936e-14
1.68825e-14
1.68603e-14
1.68059e-14
1.66732e-14
1.63796e-14
1.58175e-14
1.49296e-14
1.38651e-14
1.30878e-14
1.68977e-14
1.68866e-14
1.68645e-14
1.68101e-14
1.66774e-14
1.63838e-14
1.58216e-14
1.49335e-14
1.38688e-14
1.30914e-14
1.69065e-14
1.68955e-14
1.68735e-14
1.68192e-14
1.66865e-14
1.63928e-14
1.58303e-14
1.49417e-14
1.38765e-14
1.30987e-14
1.69223e-14
1.69116e-14
1.68898e-14
1.68356e-14
1.67029e-14
1.64089e-14
1.5846e-14
1.49566e-14
1.38904e-14
1.31119e-14
1.69476e-14
1.69376e-14
1.69163e-14
1.68623e-14
1.67295e-14
1.64351e-14
1.58713e-14
1.49806e-14
1.39129e-14
1.31332e-14
1.69837e-14
1.69759e-14
1.69552e-14
1.69013e-14
1.67683e-14
1.64734e-14
1.59083e-14
1.50156e-14
1.39455e-14
1.31643e-14
2.52277e-07
3.04131e-07
3.46329e-07
3.70688e-07
3.82284e-07
3.8709e-07
3.88917e-07
3.89648e-07
3.90079e-07
3.90506e-07
2.52204e-07
3.04048e-07
3.4624e-07
3.70595e-07
3.82189e-07
3.86995e-07
3.88823e-07
3.89559e-07
3.9e-07
3.90459e-07
2.52155e-07
3.03993e-07
3.46179e-07
3.70531e-07
3.82125e-07
3.8693e-07
3.8876e-07
3.895e-07
3.89948e-07
3.90417e-07
2.52129e-07
3.03963e-07
3.46147e-07
3.70497e-07
3.82091e-07
3.86897e-07
3.88728e-07
3.8947e-07
3.89922e-07
3.90395e-07
2.52126e-07
3.03959e-07
3.46143e-07
3.70495e-07
3.82089e-07
3.86895e-07
3.88727e-07
3.89471e-07
3.89925e-07
3.90399e-07
2.52147e-07
3.03986e-07
3.46174e-07
3.70528e-07
3.82124e-07
3.86932e-07
3.88765e-07
3.89509e-07
3.89964e-07
3.90439e-07
2.52202e-07
3.04052e-07
3.46251e-07
3.70612e-07
3.82212e-07
3.87022e-07
3.88856e-07
3.89601e-07
3.90056e-07
3.90532e-07
2.52305e-07
3.04178e-07
3.46397e-07
3.7077e-07
3.82377e-07
3.87189e-07
3.89025e-07
3.89771e-07
3.90227e-07
3.90704e-07
2.52477e-07
3.04388e-07
3.4664e-07
3.71034e-07
3.82651e-07
3.87469e-07
3.89307e-07
3.90054e-07
3.90511e-07
3.90989e-07
2.5273e-07
3.04707e-07
3.4701e-07
3.71436e-07
3.83069e-07
3.87895e-07
3.89736e-07
3.90484e-07
3.90943e-07
3.91424e-07
5.2373e-08
6.10673e-08
6.90682e-08
7.39795e-08
7.64144e-08
7.74566e-08
7.7864e-08
7.80305e-08
7.81283e-08
7.8224e-08
5.23573e-08
6.105e-08
6.90494e-08
7.396e-08
7.63945e-08
7.74367e-08
7.78444e-08
7.80117e-08
7.81118e-08
7.82142e-08
5.23468e-08
6.10383e-08
6.90368e-08
7.39467e-08
7.6381e-08
7.74233e-08
7.78313e-08
7.79994e-08
7.8101e-08
7.82056e-08
5.23412e-08
6.10321e-08
6.903e-08
7.39397e-08
7.6374e-08
7.74163e-08
7.78246e-08
7.79932e-08
7.80957e-08
7.82011e-08
5.23406e-08
6.10315e-08
6.90295e-08
7.39393e-08
7.63737e-08
7.74162e-08
7.78247e-08
7.79937e-08
7.80965e-08
7.82023e-08
5.23456e-08
6.10375e-08
6.90364e-08
7.39469e-08
7.63817e-08
7.74244e-08
7.78331e-08
7.80023e-08
7.81053e-08
7.82112e-08
5.23583e-08
6.10524e-08
6.90536e-08
7.39655e-08
7.64012e-08
7.74443e-08
7.78533e-08
7.80226e-08
7.81257e-08
7.82318e-08
5.23821e-08
6.10804e-08
6.90857e-08
7.40005e-08
7.64376e-08
7.74815e-08
7.78908e-08
7.80603e-08
7.81637e-08
7.82699e-08
5.24215e-08
6.11271e-08
6.91394e-08
7.40587e-08
7.64984e-08
7.75434e-08
7.79533e-08
7.8123e-08
7.82266e-08
7.83331e-08
5.24791e-08
6.11981e-08
6.92212e-08
7.41474e-08
7.65908e-08
7.76375e-08
7.80481e-08
7.82183e-08
7.83222e-08
7.84295e-08
1.03833e-08
1.18189e-08
1.32687e-08
1.42104e-08
1.46961e-08
1.49107e-08
1.49968e-08
1.50327e-08
1.50539e-08
1.50744e-08
1.03801e-08
1.18154e-08
1.32649e-08
1.42065e-08
1.46922e-08
1.49067e-08
1.49929e-08
1.5029e-08
1.50506e-08
1.50725e-08
1.03779e-08
1.1813e-08
1.32624e-08
1.42039e-08
1.46895e-08
1.4904e-08
1.49902e-08
1.50265e-08
1.50484e-08
1.50708e-08
1.03768e-08
1.18118e-08
1.3261e-08
1.42025e-08
1.46881e-08
1.49026e-08
1.49889e-08
1.50253e-08
1.50474e-08
1.50699e-08
1.03767e-08
1.18117e-08
1.3261e-08
1.42024e-08
1.46881e-08
1.49026e-08
1.4989e-08
1.50254e-08
1.50476e-08
1.50702e-08
1.03778e-08
1.1813e-08
1.32624e-08
1.42041e-08
1.46898e-08
1.49044e-08
1.49908e-08
1.50273e-08
1.50495e-08
1.50721e-08
1.03806e-08
1.18162e-08
1.32661e-08
1.4208e-08
1.46939e-08
1.49086e-08
1.49951e-08
1.50316e-08
1.50538e-08
1.50764e-08
1.03858e-08
1.18222e-08
1.32729e-08
1.42154e-08
1.47016e-08
1.49165e-08
1.50031e-08
1.50396e-08
1.50619e-08
1.50845e-08
1.03944e-08
1.18322e-08
1.32843e-08
1.42278e-08
1.47145e-08
1.49296e-08
1.50163e-08
1.50529e-08
1.50752e-08
1.5098e-08
1.04069e-08
1.18473e-08
1.33016e-08
1.42465e-08
1.4734e-08
1.49496e-08
1.50364e-08
1.50731e-08
1.50955e-08
1.51184e-08
1.973e-09
2.20581e-09
2.45843e-09
2.63102e-09
2.72342e-09
2.76547e-09
2.7828e-09
2.79018e-09
2.79456e-09
2.79876e-09
1.97237e-09
2.20513e-09
2.4577e-09
2.63026e-09
2.72265e-09
2.7647e-09
2.78204e-09
2.78945e-09
2.79392e-09
2.79839e-09
1.97195e-09
2.20467e-09
2.45721e-09
2.62975e-09
2.72213e-09
2.76418e-09
2.78154e-09
2.78898e-09
2.7935e-09
2.79807e-09
1.97173e-09
2.20443e-09
2.45696e-09
2.62949e-09
2.72186e-09
2.76392e-09
2.78129e-09
2.78875e-09
2.7933e-09
2.7979e-09
1.97171e-09
2.20442e-09
2.45695e-09
2.62949e-09
2.72187e-09
2.76393e-09
2.78131e-09
2.78878e-09
2.79335e-09
2.79796e-09
1.97195e-09
2.20469e-09
2.45726e-09
2.62982e-09
2.72222e-09
2.7643e-09
2.78168e-09
2.78916e-09
2.79374e-09
2.79836e-09
1.97253e-09
2.20535e-09
2.458e-09
2.63063e-09
2.72306e-09
2.76516e-09
2.78255e-09
2.79004e-09
2.79463e-09
2.79925e-09
1.97362e-09
2.20658e-09
2.45939e-09
2.63213e-09
2.72463e-09
2.76676e-09
2.78418e-09
2.79167e-09
2.79627e-09
2.8009e-09
1.97541e-09
2.20862e-09
2.4617e-09
2.63464e-09
2.72725e-09
2.76943e-09
2.78687e-09
2.79438e-09
2.79899e-09
2.80363e-09
1.97802e-09
2.21171e-09
2.46521e-09
2.63844e-09
2.73121e-09
2.77348e-09
2.79095e-09
2.79848e-09
2.8031e-09
2.80778e-09
3.60316e-10
3.97315e-10
4.39807e-10
4.70154e-10
4.86973e-10
4.94851e-10
4.9818e-10
4.99626e-10
5.00491e-10
5.01319e-10
3.60198e-10
3.97188e-10
4.39672e-10
4.70013e-10
4.8683e-10
4.94708e-10
4.98038e-10
4.9949e-10
5.00372e-10
5.0125e-10
3.60117e-10
3.97103e-10
4.39581e-10
4.69918e-10
4.86734e-10
4.94612e-10
4.97945e-10
4.99403e-10
5.00296e-10
5.01191e-10
3.60076e-10
3.97058e-10
4.39534e-10
4.69869e-10
4.86685e-10
4.94563e-10
4.97898e-10
4.9936e-10
5.00259e-10
5.01161e-10
3.60075e-10
3.97058e-10
4.39535e-10
4.69871e-10
4.86688e-10
4.94568e-10
4.97905e-10
4.99369e-10
5.00271e-10
5.01175e-10
3.60123e-10
3.97112e-10
4.39595e-10
4.69937e-10
4.86757e-10
4.9464e-10
4.97978e-10
4.99444e-10
5.00347e-10
5.01253e-10
3.6024e-10
3.97241e-10
4.3974e-10
4.70095e-10
4.86922e-10
4.94808e-10
4.98149e-10
4.99616e-10
5.00521e-10
5.01427e-10
3.60457e-10
3.97484e-10
4.40012e-10
4.70389e-10
4.87229e-10
4.95122e-10
4.98466e-10
4.99936e-10
5.00842e-10
5.0175e-10
3.60813e-10
3.97886e-10
4.40464e-10
4.70877e-10
4.87739e-10
4.95643e-10
4.98992e-10
5.00465e-10
5.01374e-10
5.02284e-10
3.61333e-10
3.98494e-10
4.41149e-10
4.71618e-10
4.88512e-10
4.96432e-10
4.99789e-10
5.01265e-10
5.02177e-10
5.03094e-10
6.33816e-11
6.9136e-11
7.60529e-11
8.11882e-11
8.41269e-11
8.5541e-11
8.61529e-11
8.64243e-11
8.65883e-11
8.67449e-11
6.336e-11
6.91132e-11
7.60286e-11
8.11629e-11
8.41012e-11
8.55152e-11
8.61275e-11
8.64e-11
8.6567e-11
8.67328e-11
6.33455e-11
6.90978e-11
7.60123e-11
8.1146e-11
8.40839e-11
8.54981e-11
8.61108e-11
8.63843e-11
8.65534e-11
8.67222e-11
6.3338e-11
6.90899e-11
7.6004e-11
8.11374e-11
8.40753e-11
8.54896e-11
8.61027e-11
8.63769e-11
8.65471e-11
8.6717e-11
6.3338e-11
6.90901e-11
7.60044e-11
8.1138e-11
8.40762e-11
8.54907e-11
8.61041e-11
8.63788e-11
8.65495e-11
8.67199e-11
6.33474e-11
6.91004e-11
7.60159e-11
8.11506e-11
8.40894e-11
8.55043e-11
8.6118e-11
8.6393e-11
8.6564e-11
8.67347e-11
6.33699e-11
6.91251e-11
7.60434e-11
8.11802e-11
8.41204e-11
8.55361e-11
8.61502e-11
8.64255e-11
8.65968e-11
8.67676e-11
6.34116e-11
6.91711e-11
7.60946e-11
8.12355e-11
8.41782e-11
8.55952e-11
8.621e-11
8.64857e-11
8.66572e-11
8.68283e-11
6.34797e-11
6.92472e-11
7.61797e-11
8.13273e-11
8.4274e-11
8.56931e-11
8.63089e-11
8.65852e-11
8.67572e-11
8.69288e-11
6.35791e-11
6.93622e-11
7.63084e-11
8.14662e-11
8.4419e-11
8.58412e-11
8.64585e-11
8.67354e-11
8.69081e-11
8.7081e-11
1.0759e-11
1.1634e-11
1.27256e-11
1.3564e-11
1.40581e-11
1.43019e-11
1.44099e-11
1.44588e-11
1.44887e-11
1.45172e-11
1.07552e-11
1.163e-11
1.27214e-11
1.35596e-11
1.40536e-11
1.42975e-11
1.44055e-11
1.44546e-11
1.4485e-11
1.45151e-11
1.07527e-11
1.16273e-11
1.27185e-11
1.35567e-11
1.40507e-11
1.42945e-11
1.44026e-11
1.44519e-11
1.44826e-11
1.45133e-11
1.07514e-11
1.1626e-11
1.27171e-11
1.35553e-11
1.40492e-11
1.42931e-11
1.44012e-11
1.44506e-11
1.44816e-11
1.45124e-11
1.07514e-11
1.16261e-11
1.27172e-11
1.35554e-11
1.40494e-11
1.42933e-11
1.44015e-11
1.4451e-11
1.4482e-11
1.4513e-11
1.07531e-11
1.1628e-11
1.27194e-11
1.35577e-11
1.40518e-11
1.42958e-11
1.44041e-11
1.44536e-11
1.44847e-11
1.45157e-11
1.07573e-11
1.16325e-11
1.27244e-11
1.35631e-11
1.40574e-11
1.43016e-11
1.44099e-11
1.44595e-11
1.44907e-11
1.45217e-11
1.0765e-11
1.16409e-11
1.27337e-11
1.35731e-11
1.40679e-11
1.43123e-11
1.44208e-11
1.44704e-11
1.45016e-11
1.45327e-11
1.07775e-11
1.16548e-11
1.27491e-11
1.35898e-11
1.40853e-11
1.433e-11
1.44387e-11
1.44885e-11
1.45197e-11
1.45509e-11
1.07958e-11
1.16757e-11
1.27724e-11
1.36149e-11
1.41115e-11
1.43568e-11
1.44658e-11
1.45157e-11
1.45471e-11
1.45785e-11
1.76534e-12
1.89535e-12
2.06261e-12
2.19498e-12
2.27509e-12
2.31558e-12
2.3339e-12
2.34237e-12
2.34761e-12
2.35262e-12
1.76471e-12
1.89468e-12
2.0619e-12
2.19424e-12
2.27434e-12
2.31483e-12
2.33316e-12
2.34166e-12
2.34699e-12
2.35227e-12
1.76428e-12
1.89424e-12
2.06143e-12
2.19375e-12
2.27384e-12
2.31434e-12
2.33268e-12
2.34121e-12
2.3466e-12
2.35197e-12
1.76406e-12
1.89401e-12
2.0612e-12
2.19351e-12
2.2736e-12
2.3141e-12
2.33246e-12
2.341e-12
2.34643e-12
2.35183e-12
1.76408e-12
1.89403e-12
2.06123e-12
2.19355e-12
2.27365e-12
2.31415e-12
2.33252e-12
2.34108e-12
2.34652e-12
2.35194e-12
1.76439e-12
1.89437e-12
2.0616e-12
2.19396e-12
2.27407e-12
2.31459e-12
2.33297e-12
2.34154e-12
2.34699e-12
2.35241e-12
1.76513e-12
1.89517e-12
2.06248e-12
2.1949e-12
2.27506e-12
2.3156e-12
2.334e-12
2.34258e-12
2.34803e-12
2.35346e-12
1.7665e-12
1.89665e-12
2.06411e-12
2.19666e-12
2.27689e-12
2.31748e-12
2.33589e-12
2.34449e-12
2.34995e-12
2.3554e-12
1.76872e-12
1.8991e-12
2.06681e-12
2.19956e-12
2.27993e-12
2.32058e-12
2.33903e-12
2.34764e-12
2.35312e-12
2.35858e-12
1.77197e-12
1.90279e-12
2.0709e-12
2.20395e-12
2.28451e-12
2.32526e-12
2.34376e-12
2.3524e-12
2.3579e-12
2.3634e-12
2.81258e-13
3.00174e-13
3.25149e-13
3.45445e-13
3.58035e-13
3.64543e-13
3.6755e-13
3.68967e-13
3.69857e-13
3.70709e-13
2.81154e-13
3.00064e-13
3.25033e-13
3.45326e-13
3.57913e-13
3.6442e-13
3.67429e-13
3.68852e-13
3.69756e-13
3.70653e-13
2.81084e-13
2.99991e-13
3.24956e-13
3.45246e-13
3.57832e-13
3.6434e-13
3.67351e-13
3.68779e-13
3.69693e-13
3.70605e-13
2.81049e-13
2.99955e-13
3.24919e-13
3.45207e-13
3.57793e-13
3.64302e-13
3.67315e-13
3.68746e-13
3.69666e-13
3.70583e-13
2.81053e-13
2.9996e-13
3.24925e-13
3.45215e-13
3.57803e-13
3.64312e-13
3.67327e-13
3.6876e-13
3.69683e-13
3.70602e-13
2.81107e-13
3.00018e-13
3.2499e-13
3.45285e-13
3.57876e-13
3.64388e-13
3.67404e-13
3.68839e-13
3.69763e-13
3.70684e-13
2.81234e-13
3.00155e-13
3.25139e-13
3.45446e-13
3.58044e-13
3.6456e-13
3.67579e-13
3.69015e-13
3.69941e-13
3.70862e-13
2.81469e-13
3.00409e-13
3.25417e-13
3.45744e-13
3.58355e-13
3.64879e-13
3.67902e-13
3.6934e-13
3.70267e-13
3.7119e-13
2.81851e-13
3.00826e-13
3.25876e-13
3.46237e-13
3.58869e-13
3.65405e-13
3.68433e-13
3.69875e-13
3.70805e-13
3.71732e-13
2.82409e-13
3.01455e-13
3.26569e-13
3.46979e-13
3.59644e-13
3.66197e-13
3.69234e-13
3.7068e-13
3.71614e-13
3.72548e-13
4.95914e-14
5.26359e-14
5.67532e-14
6.01867e-14
6.23696e-14
6.35244e-14
6.407e-14
6.43327e-14
6.44999e-14
6.4658e-14
4.95728e-14
5.26165e-14
5.67328e-14
6.01655e-14
6.23481e-14
6.35028e-14
6.40487e-14
6.43124e-14
6.44823e-14
6.46486e-14
4.95601e-14
5.26034e-14
5.6719e-14
6.01513e-14
6.23336e-14
6.34884e-14
6.40348e-14
6.42994e-14
6.44711e-14
6.46401e-14
4.95538e-14
5.25969e-14
5.67123e-14
6.01445e-14
6.23268e-14
6.34817e-14
6.40284e-14
6.42936e-14
6.44663e-14
6.46363e-14
4.95549e-14
5.25981e-14
5.67138e-14
6.01462e-14
6.23288e-14
6.34839e-14
6.40309e-14
6.42966e-14
6.44697e-14
6.46401e-14
4.95654e-14
5.26094e-14
5.67262e-14
6.01595e-14
6.23427e-14
6.34983e-14
6.40456e-14
6.43116e-14
6.4485e-14
6.46557e-14
4.95898e-14
5.26355e-14
5.67546e-14
6.01899e-14
6.23746e-14
6.3531e-14
6.40787e-14
6.43449e-14
6.45187e-14
6.46895e-14
4.96346e-14
5.26837e-14
5.68072e-14
6.02462e-14
6.24333e-14
6.35911e-14
6.41396e-14
6.44063e-14
6.45803e-14
6.47515e-14
4.97073e-14
5.27626e-14
5.68936e-14
6.03388e-14
6.25299e-14
6.36899e-14
6.42395e-14
6.45069e-14
6.46815e-14
6.48532e-14
4.98115e-14
5.28796e-14
5.70218e-14
6.04759e-14
6.26728e-14
6.3836e-14
6.43873e-14
6.46555e-14
6.48309e-14
6.5004e-14
)
;

boundaryField
{
    inlet1
    {
        type            fixedValue;
        value           uniform 10;
    }
    inlet2
    {
        type            fixedValue;
        value           uniform 20;
    }
    outlet1
    {
        type            zeroGradient;
    }
    outlet2
    {
        type            zeroGradient;
    }
    fixedWalls
    {
        type            zeroGradient;
    }
}


// ************************************************************************* //
