/*--------------------------------*- C++ -*----------------------------------*\
  =========                 |
  \\      /  F ield         | OpenFOAM: The Open Source CFD Toolbox
   \\    /   O peration     | Website:  https://openfoam.org
    \\  /    A nd           | Version:  6
     \\/     M anipulation  |
\*---------------------------------------------------------------------------*/
FoamFile
{
    version     2.0;
    format      ascii;
    class       volScalarField;
    location    "0.745";
    object      T;
}
// * * * * * * * * * * * * * * * * * * * * * * * * * * * * * * * * * * * * * //

dimensions      [0 0 0 1 0 0 0];

internalField   nonuniform List<scalar> 
7000
(
106.299
106.298
106.294
106.289
106.282
106.275
106.269
106.263
106.258
106.256
106.299
106.298
106.294
106.289
106.282
106.275
106.269
106.263
106.258
106.256
106.299
106.298
106.294
106.289
106.282
106.275
106.269
106.263
106.258
106.256
106.299
106.298
106.294
106.289
106.282
106.275
106.269
106.263
106.258
106.256
106.299
106.298
106.294
106.289
106.282
106.275
106.269
106.263
106.258
106.256
106.299
106.298
106.294
106.289
106.282
106.275
106.269
106.263
106.258
106.256
106.299
106.298
106.294
106.289
106.282
106.275
106.269
106.263
106.258
106.256
106.299
106.298
106.294
106.289
106.282
106.275
106.269
106.263
106.258
106.256
106.299
106.298
106.294
106.289
106.282
106.275
106.269
106.263
106.258
106.256
106.299
106.298
106.294
106.289
106.282
106.275
106.269
106.263
106.258
106.256
98.9234
98.9176
98.9064
98.8905
98.8712
98.85
98.8289
98.8103
98.7962
98.7886
98.9234
98.9176
98.9064
98.8905
98.8712
98.85
98.8289
98.8102
98.7962
98.7886
98.9234
98.9176
98.9064
98.8905
98.8712
98.85
98.8289
98.8102
98.7962
98.7886
98.9234
98.9176
98.9064
98.8905
98.8712
98.85
98.8289
98.8102
98.7962
98.7886
98.9234
98.9176
98.9064
98.8905
98.8712
98.85
98.8289
98.8102
98.7962
98.7886
98.9234
98.9176
98.9064
98.8905
98.8712
98.85
98.8289
98.8102
98.7962
98.7886
98.9234
98.9176
98.9064
98.8905
98.8712
98.85
98.8289
98.8102
98.7962
98.7886
98.9234
98.9176
98.9064
98.8905
98.8712
98.85
98.8289
98.8102
98.7962
98.7886
98.9234
98.9176
98.9064
98.8905
98.8712
98.85
98.8289
98.8102
98.7962
98.7886
98.9234
98.9176
98.9064
98.8905
98.8712
98.85
98.8289
98.8102
98.7962
98.7886
91.6223
91.6124
91.5931
91.5657
91.5321
91.4951
91.4579
91.4247
91.3995
91.3859
91.6223
91.6123
91.5931
91.5657
91.5321
91.495
91.4579
91.4247
91.3995
91.3858
91.6223
91.6123
91.593
91.5656
91.5321
91.495
91.4579
91.4247
91.3995
91.3858
91.6223
91.6123
91.593
91.5656
91.5321
91.495
91.4579
91.4247
91.3995
91.3858
91.6223
91.6123
91.593
91.5656
91.5321
91.495
91.4579
91.4246
91.3995
91.3858
91.6223
91.6123
91.593
91.5656
91.5321
91.495
91.4579
91.4246
91.3995
91.3858
91.6223
91.6123
91.593
91.5656
91.5321
91.495
91.4579
91.4246
91.3995
91.3858
91.6223
91.6123
91.593
91.5656
91.5321
91.495
91.4579
91.4247
91.3995
91.3858
91.6223
91.6123
91.593
91.5656
91.5321
91.495
91.4579
91.4247
91.3995
91.3858
91.6223
91.6123
91.593
91.5657
91.5321
91.495
91.4579
91.4247
91.3995
91.3859
84.445
84.4305
84.4023
84.3621
84.3123
84.2567
84.2003
84.1491
84.1098
84.0883
84.445
84.4305
84.4023
84.362
84.3122
84.2567
84.2003
84.1491
84.1097
84.0882
84.445
84.4305
84.4023
84.362
84.3122
84.2566
84.2002
84.1491
84.1097
84.0882
84.445
84.4305
84.4023
84.362
84.3122
84.2566
84.2002
84.149
84.1097
84.0882
84.445
84.4305
84.4023
84.362
84.3122
84.2566
84.2002
84.149
84.1097
84.0882
84.445
84.4305
84.4023
84.362
84.3122
84.2566
84.2002
84.149
84.1097
84.0882
84.445
84.4305
84.4023
84.362
84.3122
84.2566
84.2002
84.149
84.1097
84.0882
84.445
84.4305
84.4023
84.362
84.3122
84.2566
84.2002
84.149
84.1097
84.0882
84.445
84.4305
84.4023
84.362
84.3122
84.2566
84.2002
84.1491
84.1097
84.0882
84.445
84.4305
84.4023
84.362
84.3122
84.2567
84.2003
84.1491
84.1098
84.0883
77.4388
77.4193
77.3812
77.3263
77.2577
77.1798
77.0993
77.0247
76.9661
76.9335
77.4388
77.4193
77.3812
77.3263
77.2577
77.1798
77.0993
77.0247
76.9661
76.9335
77.4388
77.4193
77.3812
77.3263
77.2576
77.1798
77.0993
77.0247
76.9661
76.9335
77.4387
77.4193
77.3812
77.3263
77.2576
77.1798
77.0993
77.0246
76.9661
76.9335
77.4387
77.4192
77.3812
77.3263
77.2576
77.1798
77.0992
77.0246
76.9661
76.9335
77.4387
77.4192
77.3812
77.3263
77.2576
77.1798
77.0992
77.0246
76.9661
76.9335
77.4387
77.4192
77.3812
77.3263
77.2576
77.1798
77.0992
77.0246
76.9661
76.9335
77.4387
77.4193
77.3812
77.3263
77.2576
77.1798
77.0993
77.0247
76.9661
76.9335
77.4388
77.4193
77.3812
77.3263
77.2576
77.1798
77.0993
77.0247
76.9661
76.9335
77.4388
77.4193
77.3812
77.3263
77.2577
77.1798
77.0993
77.0247
76.9661
76.9335
70.6486
70.6238
70.5748
70.5036
70.413
70.3082
70.1969
70.0904
70.004
69.9545
70.6486
70.6237
70.5748
70.5035
70.413
70.3082
70.1969
70.0904
70.004
69.9544
70.6486
70.6237
70.5748
70.5035
70.413
70.3081
70.1968
70.0904
70.0039
69.9544
70.6485
70.6237
70.5747
70.5035
70.4129
70.3081
70.1968
70.0904
70.0039
69.9544
70.6485
70.6237
70.5747
70.5035
70.4129
70.3081
70.1968
70.0903
70.0039
69.9544
70.6485
70.6236
70.5747
70.5035
70.4129
70.3081
70.1968
70.0903
70.0039
69.9544
70.6485
70.6237
70.5747
70.5035
70.4129
70.3081
70.1968
70.0904
70.0039
69.9544
70.6485
70.6237
70.5747
70.5035
70.4129
70.3081
70.1968
70.0904
70.0039
69.9544
70.6486
70.6237
70.5748
70.5035
70.413
70.3082
70.1968
70.0904
70.004
69.9544
70.6486
70.6237
70.5748
70.5035
70.413
70.3082
70.1969
70.0904
70.004
69.9545
64.1164
64.086
64.0257
63.9368
63.8216
63.6847
63.5339
63.3831
63.254
63.1761
64.1164
64.086
64.0257
63.9367
63.8216
63.6846
63.5339
63.3831
63.254
63.1761
64.1164
64.0859
64.0256
63.9367
63.8215
63.6846
63.5338
63.383
63.254
63.1761
64.1163
64.0859
64.0256
63.9367
63.8215
63.6846
63.5338
63.383
63.254
63.176
64.1163
64.0859
64.0256
63.9367
63.8215
63.6845
63.5338
63.383
63.2539
63.176
64.1163
64.0859
64.0256
63.9367
63.8215
63.6845
63.5338
63.383
63.2539
63.176
64.1163
64.0859
64.0256
63.9367
63.8215
63.6845
63.5338
63.383
63.2539
63.176
64.1163
64.0859
64.0256
63.9367
63.8215
63.6846
63.5338
63.383
63.254
63.1761
64.1163
64.0859
64.0256
63.9367
63.8216
63.6846
63.5338
63.383
63.254
63.1761
64.1164
64.086
64.0257
63.9368
63.8216
63.6846
63.5339
63.3831
63.254
63.1761
57.8804
57.8447
57.7734
57.6668
57.5257
57.3522
57.1523
56.9393
56.7415
56.6104
57.8803
57.8447
57.7734
57.6668
57.5256
57.3522
57.1522
56.9392
56.7415
56.6103
57.8803
57.8446
57.7734
57.6667
57.5256
57.3521
57.1522
56.9392
56.7415
56.6103
57.8803
57.8446
57.7733
57.6667
57.5256
57.3521
57.1522
56.9391
56.7414
56.6103
57.8803
57.8446
57.7733
57.6667
57.5255
57.3521
57.1521
56.9391
56.7414
56.6103
57.8803
57.8446
57.7733
57.6667
57.5255
57.3521
57.1521
56.9391
56.7414
56.6103
57.8803
57.8446
57.7733
57.6667
57.5255
57.3521
57.1522
56.9391
56.7414
56.6103
57.8803
57.8446
57.7733
57.6667
57.5256
57.3521
57.1522
56.9392
56.7414
56.6103
57.8803
57.8446
57.7734
57.6668
57.5256
57.3521
57.1522
56.9392
56.7415
56.6103
57.8803
57.8447
57.7734
57.6668
57.5256
57.3522
57.1522
56.9392
56.7415
56.6104
51.974
51.9341
51.8537
51.7317
51.5664
51.3557
51.0988
50.8012
50.4888
50.2432
51.9739
51.934
51.8536
51.7317
51.5663
51.3556
51.0988
50.8011
50.4887
50.2432
51.9739
51.934
51.8536
51.7316
51.5663
51.3556
51.0987
50.8011
50.4887
50.2431
51.9739
51.9339
51.8536
51.7316
51.5663
51.3556
51.0987
50.801
50.4887
50.2431
51.9739
51.9339
51.8536
51.7316
51.5662
51.3555
51.0987
50.801
50.4887
50.2431
51.9739
51.9339
51.8535
51.7316
51.5662
51.3555
51.0987
50.801
50.4887
50.2431
51.9739
51.9339
51.8536
51.7316
51.5663
51.3555
51.0987
50.801
50.4887
50.2431
51.9739
51.9339
51.8536
51.7316
51.5663
51.3556
51.0987
50.8011
50.4887
50.2431
51.9739
51.934
51.8536
51.7316
51.5663
51.3556
51.0987
50.8011
50.4887
50.2432
51.9739
51.934
51.8536
51.7317
51.5664
51.3557
51.0988
50.8011
50.4888
50.2432
46.4249
46.3826
46.2969
46.1653
45.9832
45.7428
45.4315
45.032
44.5322
43.9997
46.4249
46.3826
46.2969
46.1653
45.9832
45.7427
45.4315
45.0319
44.5321
43.9997
46.4248
46.3825
46.2968
46.1652
45.9831
45.7427
45.4314
45.0319
44.5321
43.9996
46.4248
46.3825
46.2968
46.1652
45.9831
45.7426
45.4314
45.0319
44.5321
43.9996
46.4248
46.3825
46.2968
46.1652
45.9831
45.7426
45.4314
45.0318
44.532
43.9996
46.4248
46.3825
46.2968
46.1652
45.9831
45.7426
45.4314
45.0318
44.532
43.9996
46.4248
46.3825
46.2968
46.1652
45.9831
45.7426
45.4314
45.0319
44.5321
43.9996
46.4248
46.3825
46.2968
46.1652
45.9831
45.7427
45.4314
45.0319
44.5321
43.9996
46.4249
46.3825
46.2969
46.1653
45.9831
45.7427
45.4314
45.0319
44.5321
43.9997
46.4249
46.3826
46.2969
46.1653
45.9832
45.7427
45.4315
45.032
44.5322
43.9997
41.2541
41.2121
41.1268
40.9951
40.8107
40.5616
40.2242
39.7475
39.0071
37.6361
41.254
41.212
41.1267
40.995
40.8106
40.5615
40.2241
39.7475
39.007
37.636
41.254
41.212
41.1267
40.995
40.8106
40.5615
40.224
39.7474
39.0069
37.6359
41.254
41.2119
41.1267
40.995
40.8106
40.5615
40.224
39.7474
39.0069
37.6359
41.2539
41.2119
41.1267
40.9949
40.8105
40.5615
40.224
39.7474
39.0069
37.6359
41.2539
41.2119
41.1267
40.9949
40.8105
40.5615
40.224
39.7474
39.0069
37.6359
41.2539
41.2119
41.1267
40.995
40.8105
40.5615
40.224
39.7474
39.0069
37.6359
41.254
41.212
41.1267
40.995
40.8106
40.5615
40.224
39.7474
39.0069
37.6359
41.254
41.212
41.1267
40.995
40.8106
40.5615
40.2241
39.7474
39.007
37.636
41.254
41.212
41.1268
40.9951
40.8107
40.5616
40.2241
39.7475
39.007
37.636
36.4744
36.4359
36.358
36.2382
36.0716
35.8481
35.5488
35.137
34.5454
33.6715
36.4744
36.4359
36.3579
36.2382
36.0715
35.8481
35.5488
35.137
34.5453
33.6715
36.4743
36.4358
36.3579
36.2381
36.0715
35.848
35.5487
35.1369
34.5453
33.6714
36.4743
36.4358
36.3579
36.2381
36.0714
35.848
35.5487
35.1369
34.5452
33.6714
36.4743
36.4358
36.3579
36.2381
36.0714
35.848
35.5487
35.1369
34.5452
33.6713
36.4743
36.4358
36.3579
36.2381
36.0714
35.848
35.5487
35.1369
34.5452
33.6713
36.4743
36.4358
36.3579
36.2381
36.0714
35.848
35.5487
35.1369
34.5452
33.6714
36.4743
36.4358
36.3579
36.2381
36.0714
35.848
35.5487
35.1369
34.5452
33.6714
36.4743
36.4358
36.3579
36.2382
36.0715
35.8481
35.5488
35.1369
34.5453
33.6714
36.4744
36.4359
36.358
36.2382
36.0715
35.8481
35.5488
35.137
34.5454
33.6715
32.0907
32.0588
31.9949
31.8987
31.7689
31.6024
31.3937
31.1344
30.8202
30.4804
32.0906
32.0587
31.9949
31.8986
31.7688
31.6024
31.3936
31.1343
30.8201
30.4803
32.0906
32.0587
31.9948
31.8986
31.7688
31.6023
31.3936
31.1342
30.82
30.4803
32.0906
32.0586
31.9948
31.8986
31.7687
31.6023
31.3935
31.1342
30.82
30.4802
32.0905
32.0586
31.9948
31.8986
31.7687
31.6023
31.3935
31.1342
30.82
30.4802
32.0905
32.0586
31.9948
31.8986
31.7687
31.6023
31.3935
31.1342
30.82
30.4802
32.0905
32.0586
31.9948
31.8986
31.7687
31.6023
31.3935
31.1342
30.82
30.4802
32.0906
32.0586
31.9948
31.8986
31.7688
31.6023
31.3935
31.1342
30.82
30.4802
32.0906
32.0587
31.9948
31.8986
31.7688
31.6024
31.3936
31.1343
30.8201
30.4803
32.0906
32.0587
31.9949
31.8987
31.7689
31.6024
31.3937
31.1343
30.8201
30.4804
28.0995
28.0765
28.0319
27.9678
27.8879
27.7976
27.7049
27.6242
27.5856
27.6552
28.0994
28.0765
28.0318
27.9677
27.8878
27.7975
27.7048
27.6242
27.5855
27.6551
28.0994
28.0765
28.0318
27.9677
27.8878
27.7975
27.7047
27.6241
27.5855
27.655
28.0994
28.0764
28.0317
27.9676
27.8878
27.7974
27.7047
27.6241
27.5854
27.655
28.0994
28.0764
28.0317
27.9676
27.8878
27.7974
27.7047
27.6241
27.5854
27.655
28.0994
28.0764
28.0317
27.9676
27.8878
27.7974
27.7047
27.6241
27.5854
27.655
28.0994
28.0764
28.0317
27.9676
27.8878
27.7974
27.7047
27.6241
27.5854
27.655
28.0994
28.0764
28.0317
27.9677
27.8878
27.7974
27.7047
27.6241
27.5855
27.655
28.0994
28.0765
28.0318
27.9677
27.8878
27.7975
27.7048
27.6242
27.5855
27.6551
28.0995
28.0765
28.0318
27.9678
27.8879
27.7975
27.7048
27.6242
27.5856
27.6552
24.4904
24.4777
24.4548
24.427
24.4026
24.3944
24.4215
24.5124
24.7108
25.0844
24.4904
24.4777
24.4548
24.4269
24.4025
24.3943
24.4214
24.5123
24.7107
25.0844
24.4903
24.4776
24.4547
24.4269
24.4025
24.3943
24.4214
24.5123
24.7107
25.0843
24.4903
24.4776
24.4547
24.4268
24.4024
24.3943
24.4214
24.5122
24.7106
25.0843
24.4903
24.4776
24.4547
24.4268
24.4024
24.3943
24.4213
24.5122
24.7106
25.0843
24.4903
24.4776
24.4547
24.4268
24.4024
24.3943
24.4213
24.5122
24.7106
25.0843
24.4903
24.4776
24.4547
24.4268
24.4024
24.3943
24.4214
24.5122
24.7106
25.0843
24.4903
24.4776
24.4547
24.4269
24.4025
24.3943
24.4214
24.5123
24.7107
25.0843
24.4903
24.4776
24.4548
24.4269
24.4025
24.3943
24.4214
24.5123
24.7107
25.0844
24.4904
24.4777
24.4548
24.427
24.4025
24.3944
24.4215
24.5124
24.7108
25.0844
21.2473
21.2449
21.2438
21.2517
21.2811
21.3509
21.4879
21.7296
22.1253
22.7358
21.2472
21.2449
21.2438
21.2517
21.2811
21.3508
21.4879
21.7295
22.1253
22.7358
21.2472
21.2448
21.2437
21.2516
21.281
21.3508
21.4878
21.7295
22.1252
22.7357
21.2472
21.2448
21.2437
21.2516
21.281
21.3507
21.4878
21.7295
22.1252
22.7357
21.2472
21.2448
21.2437
21.2516
21.281
21.3507
21.4878
21.7295
22.1252
22.7357
21.2472
21.2448
21.2437
21.2516
21.281
21.3507
21.4878
21.7295
22.1252
22.7357
21.2472
21.2448
21.2437
21.2516
21.281
21.3507
21.4878
21.7295
22.1252
22.7357
21.2472
21.2448
21.2437
21.2516
21.281
21.3508
21.4878
21.7295
22.1252
22.7357
21.2472
21.2448
21.2438
21.2517
21.2811
21.3508
21.4879
21.7295
22.1253
22.7358
21.2473
21.2449
21.2438
21.2517
21.2811
21.3509
21.4879
21.7296
22.1253
22.7358
18.35
18.3569
18.3752
18.4144
18.49
18.6255
18.854
19.2205
19.781
20.5947
18.35
18.3569
18.3751
18.4143
18.49
18.6255
18.854
19.2204
19.7809
20.5946
18.35
18.3568
18.3751
18.4143
18.4899
18.6254
18.8539
19.2204
19.7809
20.5946
18.3499
18.3568
18.3751
18.4142
18.4899
18.6254
18.8539
19.2204
19.7809
20.5945
18.3499
18.3568
18.3751
18.4142
18.4899
18.6254
18.8539
19.2204
19.7808
20.5945
18.3499
18.3568
18.3751
18.4142
18.4899
18.6254
18.8539
19.2204
19.7808
20.5945
18.3499
18.3568
18.3751
18.4142
18.4899
18.6254
18.8539
19.2204
19.7809
20.5945
18.3499
18.3568
18.3751
18.4143
18.4899
18.6254
18.8539
19.2204
19.7809
20.5946
18.35
18.3568
18.3751
18.4143
18.49
18.6255
18.854
19.2204
19.7809
20.5946
18.35
18.3569
18.3752
18.4144
18.49
18.6255
18.854
19.2205
19.781
20.5947
15.7763
15.7904
15.8237
15.8866
15.9962
16.1789
16.4727
16.9312
17.6258
18.6355
15.7762
15.7904
15.8236
15.8865
15.9962
16.1789
16.4726
16.9311
17.6257
18.6355
15.7762
15.7903
15.8236
15.8865
15.9962
16.1788
16.4726
16.9311
17.6257
18.6354
15.7762
15.7903
15.8236
15.8864
15.9961
16.1788
16.4725
16.9311
17.6257
18.6354
15.7762
15.7903
15.8236
15.8864
15.9961
16.1788
16.4725
16.931
17.6256
18.6354
15.7762
15.7903
15.8236
15.8864
15.9961
16.1788
16.4725
16.9311
17.6256
18.6354
15.7762
15.7903
15.8236
15.8864
15.9961
16.1788
16.4725
16.9311
17.6257
18.6354
15.7762
15.7903
15.8236
15.8865
15.9962
16.1788
16.4726
16.9311
17.6257
18.6354
15.7762
15.7904
15.8236
15.8865
15.9962
16.1789
16.4726
16.9311
17.6257
18.6355
15.7763
15.7904
15.8237
15.8866
15.9963
16.1789
16.4727
16.9312
17.6258
18.6356
13.5028
13.5217
13.5645
13.6414
13.7696
13.9755
14.2988
14.801
15.5793
16.7831
13.5028
13.5217
13.5644
13.6413
13.7696
13.9754
14.2988
14.801
15.5793
16.783
13.5028
13.5217
13.5644
13.6413
13.7695
13.9754
14.2987
14.801
15.5792
16.783
13.5027
13.5216
13.5644
13.6413
13.7695
13.9754
14.2987
14.8009
15.5792
16.783
13.5027
13.5216
13.5643
13.6413
13.7695
13.9753
14.2987
14.8009
15.5792
16.783
13.5027
13.5216
13.5643
13.6413
13.7695
13.9753
14.2987
14.8009
15.5792
16.783
13.5027
13.5216
13.5644
13.6413
13.7695
13.9754
14.2987
14.8009
15.5792
16.783
13.5027
13.5216
13.5644
13.6413
13.7695
13.9754
14.2987
14.801
15.5792
16.783
13.5028
13.5217
13.5644
13.6413
13.7696
13.9754
14.2988
14.801
15.5793
16.7831
13.5028
13.5217
13.5645
13.6414
13.7696
13.9755
14.2988
14.8011
15.5793
16.7831
11.507
11.528
11.5744
11.6553
11.7856
11.9878
12.2962
12.7666
13.5072
14.7914
11.5069
11.5279
11.5744
11.6553
11.7856
11.9878
12.2961
12.7665
13.5071
14.7914
11.5069
11.5279
11.5743
11.6552
11.7855
11.9878
12.2961
12.7665
13.5071
14.7913
11.5069
11.5279
11.5743
11.6552
11.7855
11.9877
12.2961
12.7665
13.5071
14.7913
11.5069
11.5279
11.5743
11.6552
11.7855
11.9877
12.2961
12.7665
13.507
14.7913
11.5069
11.5279
11.5743
11.6552
11.7855
11.9877
12.2961
12.7665
13.5071
14.7913
11.5069
11.5279
11.5743
11.6552
11.7855
11.9877
12.2961
12.7665
13.5071
14.7913
11.5069
11.5279
11.5743
11.6552
11.7855
11.9878
12.2961
12.7665
13.5071
14.7913
11.5069
11.5279
11.5744
11.6553
11.7856
11.9878
12.2962
12.7666
13.5071
14.7914
11.507
11.528
11.5744
11.6553
11.7856
11.9878
12.2962
12.7666
13.5072
14.7914
34.332
33.3747
34.0612
36.1661
39.6759
44.7152
51.5492
60.6483
72.8647
89.904
34.3319
33.3746
34.0611
36.166
39.6758
44.7151
51.5491
60.6482
72.8646
89.9039
34.3319
33.3745
34.061
36.1659
39.6757
44.715
51.549
60.6481
72.8645
89.9038
34.3318
33.3745
34.061
36.1659
39.6757
44.7149
51.5489
60.648
72.8644
89.9037
34.3318
33.3744
34.0609
36.1658
39.6756
44.7149
51.5489
60.6479
72.8644
89.9037
34.3318
33.3744
34.0609
36.1658
39.6756
44.7149
51.5488
60.6479
72.8644
89.9037
34.3318
33.3744
34.0609
36.1658
39.6756
44.7149
51.5489
60.648
72.8644
89.9037
34.3319
33.3745
34.061
36.1659
39.6757
44.715
51.5489
60.648
72.8644
89.9037
34.3319
33.3745
34.061
36.1659
39.6757
44.715
51.549
60.6481
72.8645
89.9038
34.332
33.3746
34.0611
36.166
39.6758
44.7151
51.5491
60.6482
72.8646
89.9039
32.5135
32.3119
33.2735
35.44
38.8725
43.6931
50.102
58.3925
68.9443
82.0688
32.5134
32.3118
33.2734
35.4399
38.8724
43.693
50.1019
58.3924
68.9441
82.0686
32.5133
32.3118
33.2733
35.4398
38.8723
43.6929
50.1018
58.3923
68.944
82.0685
32.5133
32.3117
33.2732
35.4397
38.8723
43.6928
50.1017
58.3922
68.9439
82.0684
32.5132
32.3117
33.2732
35.4397
38.8722
43.6928
50.1017
58.3922
68.9439
82.0684
32.5132
32.3117
33.2732
35.4397
38.8722
43.6928
50.1017
58.3922
68.9439
82.0684
32.5133
32.3117
33.2732
35.4397
38.8722
43.6928
50.1017
58.3922
68.9439
82.0684
32.5133
32.3117
33.2733
35.4397
38.8723
43.6929
50.1017
58.3923
68.944
82.0685
32.5133
32.3118
33.2733
35.4398
38.8723
43.6929
50.1018
58.3923
68.9441
82.0686
32.5134
32.3119
33.2734
35.4399
38.8724
43.693
50.1019
58.3925
68.9442
82.0687
30.2737
30.6689
31.9109
34.1249
37.4048
41.8524
47.5876
54.7332
63.3492
73.2484
30.2736
30.6688
31.9108
34.1248
37.4047
41.8522
47.5875
54.7331
63.3491
73.2483
30.2735
30.6688
31.9108
34.1247
37.4046
41.8521
47.5874
54.733
63.349
73.2482
30.2735
30.6687
31.9107
34.1247
37.4045
41.8521
47.5874
54.733
63.3489
73.2481
30.2735
30.6687
31.9107
34.1246
37.4045
41.8521
47.5873
54.7329
63.3489
73.2481
30.2735
30.6687
31.9107
34.1246
37.4045
41.8521
47.5873
54.7329
63.3489
73.2481
30.2735
30.6687
31.9107
34.1246
37.4045
41.8521
47.5873
54.7329
63.3489
73.2481
30.2735
30.6687
31.9107
34.1247
37.4045
41.8521
47.5874
54.733
63.349
73.2482
30.2736
30.6688
31.9108
34.1248
37.4046
41.8522
47.5875
54.7331
63.3491
73.2483
30.2736
30.6689
31.9109
34.1248
37.4047
41.8523
47.5876
54.7332
63.3492
73.2484
27.9713
28.7621
30.2043
32.4172
35.488
39.4876
44.4705
50.4533
57.3604
64.9251
27.9712
28.762
30.2042
32.4171
35.4879
39.4875
44.4704
50.4532
57.3603
64.925
27.9712
28.7619
30.2041
32.4171
35.4879
39.4874
44.4703
50.4531
57.3602
64.9249
27.9711
28.7619
30.204
32.417
35.4878
39.4874
44.4703
50.453
57.3601
64.9248
27.9711
28.7619
30.204
32.417
35.4878
39.4873
44.4702
50.453
57.3601
64.9248
27.9711
28.7619
30.204
32.417
35.4878
39.4873
44.4702
50.453
57.3601
64.9248
27.9711
28.7619
30.204
32.417
35.4878
39.4874
44.4703
50.453
57.3601
64.9248
27.9712
28.7619
30.2041
32.417
35.4878
39.4874
44.4703
50.4531
57.3602
64.9249
27.9712
28.762
30.2041
32.4171
35.4879
39.4875
44.4704
50.4532
57.3603
64.925
27.9713
28.7621
30.2042
32.4172
35.488
39.4876
44.4705
50.4533
57.3604
64.9251
25.7333
26.784
28.3501
30.5191
33.3541
36.8948
41.1513
46.0874
51.5905
57.4339
25.7332
26.7839
28.35
30.519
33.354
36.8947
41.1512
46.0873
51.5904
57.4338
25.7331
26.7838
28.3499
30.5189
33.3539
36.8946
41.1511
46.0872
51.5903
57.4337
25.7331
26.7838
28.3499
30.5189
33.3539
36.8945
41.151
46.0871
51.5902
57.4336
25.7331
26.7838
28.3499
30.5189
33.3539
36.8945
41.151
46.0871
51.5902
57.4336
25.7331
26.7838
28.3499
30.5189
33.3538
36.8945
41.151
46.0871
51.5902
57.4336
25.7331
26.7838
28.3499
30.5189
33.3539
36.8945
41.151
46.0871
51.5902
57.4336
25.7331
26.7838
28.3499
30.5189
33.3539
36.8946
41.1511
46.0872
51.5903
57.4337
25.7332
26.7839
28.35
30.519
33.354
36.8946
41.1512
46.0873
51.5904
57.4338
25.7333
26.784
28.3501
30.5191
33.3541
36.8948
41.1513
46.0874
51.5905
57.4339
23.6277
24.865
26.5096
28.6146
31.2171
34.3308
37.938
41.9788
46.3406
50.8531
23.6276
24.8649
26.5095
28.6145
31.217
34.3307
37.9379
41.9787
46.3405
50.853
23.6275
24.8648
26.5094
28.6144
31.2169
34.3306
37.9378
41.9786
46.3404
50.8529
23.6275
24.8648
26.5094
28.6144
31.2168
34.3306
37.9378
41.9786
46.3403
50.8529
23.6275
24.8648
26.5093
28.6143
31.2168
34.3306
37.9378
41.9786
46.3403
50.8528
23.6275
24.8648
26.5093
28.6143
31.2168
34.3306
37.9378
41.9786
46.3403
50.8528
23.6275
24.8648
26.5094
28.6143
31.2168
34.3306
37.9378
41.9786
46.3403
50.8529
23.6275
24.8648
26.5094
28.6144
31.2169
34.3306
37.9378
41.9786
46.3404
50.8529
23.6276
24.8649
26.5095
28.6145
31.217
34.3307
37.9379
41.9787
46.3405
50.853
23.6277
24.865
26.5095
28.6146
31.2171
34.3308
37.938
41.9788
46.3406
50.8532
21.7026
23.1049
24.8166
26.8629
29.2612
32.0067
35.0634
38.3579
41.7817
45.2064
21.7025
23.1048
24.8165
26.8628
29.2611
32.0066
35.0632
38.3578
41.7816
45.2063
21.7025
23.1047
24.8165
26.8628
29.261
32.0065
35.0632
38.3577
41.7815
45.2062
21.7024
23.1047
24.8164
26.8627
29.261
32.0065
35.0631
38.3576
41.7814
45.2061
21.7024
23.1047
24.8164
26.8627
29.2609
32.0065
35.0631
38.3576
41.7814
45.2061
21.7024
23.1047
24.8164
26.8627
29.2609
32.0065
35.0631
38.3576
41.7814
45.2061
21.7024
23.1047
24.8164
26.8627
29.261
32.0065
35.0631
38.3576
41.7814
45.2061
21.7025
23.1047
24.8165
26.8628
29.261
32.0065
35.0632
38.3577
41.7815
45.2062
21.7025
23.1048
24.8165
26.8628
29.2611
32.0066
35.0633
38.3578
41.7816
45.2063
21.7026
23.1049
24.8166
26.8629
29.2612
32.0067
35.0634
38.3579
41.7817
45.2064
19.9979
21.5913
23.3875
25.4002
27.6402
30.0932
32.7095
35.4
38.0442
40.5203
19.9978
21.5912
23.3874
25.4001
27.6401
30.0931
32.7094
35.3999
38.0441
40.5202
19.9977
21.5911
23.3874
25.4001
27.64
30.0931
32.7093
35.3998
38.044
40.5201
19.9977
21.5911
23.3873
25.4
27.64
30.093
32.7093
35.3998
38.044
40.52
19.9977
21.5911
23.3873
25.4
27.64
30.093
32.7092
35.3998
38.0439
40.52
19.9977
21.5911
23.3873
25.4
27.64
30.093
32.7092
35.3998
38.0439
40.52
19.9977
21.5911
23.3873
25.4
27.64
30.093
32.7093
35.3998
38.044
40.5201
19.9977
21.5911
23.3874
25.4001
27.64
30.0931
32.7093
35.3999
38.044
40.5201
19.9978
21.5912
23.3875
25.4001
27.6401
30.0932
32.7094
35.4
38.0441
40.5202
19.9979
21.5913
23.3875
25.4002
27.6402
30.0933
32.7095
35.4001
38.0442
40.5203
18.563
20.4198
22.331
24.3421
26.4791
28.7279
31.0278
33.266
35.2782
36.8723
18.5629
20.4197
22.3309
24.342
26.479
28.7278
31.0277
33.2659
35.2781
36.8722
18.5629
20.4197
22.3309
24.3419
26.4789
28.7278
31.0276
33.2658
35.278
36.8721
18.5628
20.4196
22.3308
24.3419
26.4789
28.7277
31.0276
33.2658
35.278
36.8721
18.5628
20.4196
22.3308
24.3419
26.4788
28.7277
31.0276
33.2658
35.278
36.872
18.5628
20.4196
22.3308
24.3419
26.4788
28.7277
31.0276
33.2658
35.278
36.872
18.5628
20.4196
22.3308
24.3419
26.4789
28.7277
31.0276
33.2658
35.278
36.8721
18.5629
20.4197
22.3309
24.342
26.4789
28.7278
31.0277
33.2658
35.2781
36.8721
18.5629
20.4197
22.3309
24.342
26.479
28.7279
31.0277
33.2659
35.2782
36.8722
18.563
20.4198
22.331
24.3421
26.4791
28.728
31.0278
33.266
35.2783
36.8724
17.537
19.7284
21.7554
23.7829
25.8718
28.0151
30.1449
32.1234
33.7177
34.5286
17.5369
19.7283
21.7554
23.7828
25.8717
28.0151
30.1448
32.1233
33.7176
34.5285
17.5369
19.7283
21.7553
23.7827
25.8716
28.015
30.1447
32.1232
33.7176
34.5285
17.5369
19.7283
21.7553
23.7827
25.8716
28.015
30.1447
32.1232
33.7175
34.5284
17.5368
19.7282
21.7553
23.7827
25.8716
28.0149
30.1446
32.1232
33.7175
34.5284
17.5369
19.7282
21.7553
23.7827
25.8716
28.015
30.1447
32.1232
33.7175
34.5284
17.5369
19.7283
21.7553
23.7827
25.8716
28.015
30.1447
32.1232
33.7175
34.5284
17.5369
19.7283
21.7553
23.7828
25.8716
28.015
30.1447
32.1233
33.7176
34.5285
17.537
19.7284
21.7554
23.7828
25.8717
28.0151
30.1448
32.1233
33.7177
34.5286
17.537
19.7284
21.7555
23.7829
25.8718
28.0152
30.1449
32.1235
33.7178
34.5287
115.718
127.988
135.504
140.762
144.651
147.568
149.73
151.263
152.247
152.728
115.718
127.988
135.504
140.762
144.651
147.568
149.73
151.263
152.246
152.728
115.718
127.988
135.504
140.762
144.651
147.568
149.73
151.263
152.246
152.728
115.718
127.988
135.504
140.762
144.65
147.568
149.729
151.262
152.246
152.727
115.718
127.987
135.504
140.762
144.65
147.568
149.729
151.262
152.246
152.727
115.718
127.987
135.504
140.762
144.65
147.568
149.729
151.262
152.246
152.727
115.718
127.987
135.504
140.762
144.65
147.568
149.729
151.263
152.246
152.727
115.718
127.988
135.504
140.762
144.651
147.568
149.73
151.263
152.246
152.728
115.718
127.988
135.504
140.762
144.651
147.568
149.73
151.263
152.247
152.728
115.718
127.988
135.504
140.762
144.651
147.568
149.73
151.263
152.247
152.728
97.1135
108.058
115.794
121.404
125.567
128.675
130.965
132.582
133.616
134.121
97.1134
108.058
115.793
121.404
125.567
128.675
130.965
132.582
133.616
134.121
97.1133
108.058
115.793
121.404
125.567
128.675
130.965
132.582
133.616
134.121
97.1132
108.058
115.793
121.404
125.567
128.675
130.965
132.582
133.616
134.121
97.1132
108.058
115.793
121.404
125.567
128.675
130.965
132.582
133.616
134.121
97.1132
108.058
115.793
121.404
125.567
128.675
130.965
132.582
133.616
134.121
97.1132
108.058
115.793
121.404
125.567
128.675
130.965
132.582
133.616
134.121
97.1133
108.058
115.793
121.404
125.567
128.675
130.965
132.582
133.616
134.121
97.1134
108.058
115.793
121.404
125.567
128.675
130.965
132.582
133.616
134.121
97.1135
108.058
115.794
121.404
125.567
128.675
130.965
132.582
133.616
134.121
83.5765
92.3331
99.2246
104.532
108.592
111.67
113.955
115.574
116.612
117.119
83.5764
92.333
99.2244
104.532
108.592
111.67
113.955
115.574
116.612
117.119
83.5763
92.3329
99.2243
104.532
108.592
111.67
113.955
115.574
116.612
117.119
83.5762
92.3328
99.2243
104.532
108.592
111.67
113.955
115.574
116.612
117.119
83.5762
92.3328
99.2242
104.532
108.592
111.67
113.955
115.574
116.612
117.119
83.5762
92.3327
99.2242
104.532
108.592
111.67
113.955
115.574
116.612
117.119
83.5762
92.3328
99.2243
104.532
108.592
111.67
113.955
115.574
116.612
117.119
83.5763
92.3329
99.2243
104.532
108.592
111.67
113.955
115.574
116.612
117.119
83.5764
92.333
99.2244
104.532
108.592
111.67
113.955
115.574
116.612
117.119
83.5765
92.3331
99.2246
104.532
108.592
111.67
113.955
115.574
116.612
117.119
72.5696
79.4599
85.2514
89.9401
93.6503
96.5258
98.6902
100.238
101.235
101.723
72.5694
79.4597
85.2513
89.9399
93.6502
96.5257
98.69
100.238
101.235
101.723
72.5693
79.4596
85.2512
89.9398
93.65
96.5256
98.6899
100.237
101.235
101.723
72.5692
79.4595
85.2511
89.9397
93.65
96.5255
98.6898
100.237
101.234
101.723
72.5692
79.4595
85.2511
89.9397
93.6499
96.5255
98.6898
100.237
101.234
101.723
72.5692
79.4595
85.2511
89.9397
93.6499
96.5255
98.6898
100.237
101.234
101.723
72.5692
79.4595
85.2511
89.9397
93.65
96.5255
98.6899
100.237
101.234
101.723
72.5693
79.4596
85.2512
89.9398
93.6501
96.5256
98.6899
100.237
101.235
101.723
72.5694
79.4597
85.2513
89.9399
93.6502
96.5257
98.6901
100.238
101.235
101.723
72.5695
79.4599
85.2514
89.9401
93.6503
96.5259
98.6902
100.238
101.235
101.723
63.2602
68.6571
73.3777
77.3449
80.5803
83.1452
85.1074
86.5263
87.4472
87.9002
63.2601
68.657
73.3776
77.3447
80.5801
83.145
85.1073
86.5262
87.4471
87.9001
63.26
68.6569
73.3775
77.3446
80.58
83.1449
85.1072
86.5261
87.447
87.9
63.2599
68.6568
73.3774
77.3445
80.5799
83.1449
85.1071
86.526
87.4469
87.9
63.2599
68.6567
73.3774
77.3445
80.5799
83.1448
85.1071
86.526
87.4469
87.9
63.2599
68.6568
73.3774
77.3445
80.5799
83.1448
85.1071
86.526
87.4469
87.9
63.2599
68.6568
73.3774
77.3446
80.5799
83.1449
85.1071
86.526
87.4469
87.9
63.26
68.6569
73.3775
77.3446
80.58
83.145
85.1072
86.5261
87.447
87.9001
63.2601
68.657
73.3776
77.3447
80.5801
83.1451
85.1073
86.5262
87.4472
87.9002
63.2602
68.6571
73.3777
77.3449
80.5803
83.1452
85.1075
86.5264
87.4473
87.9004
55.3035
59.4804
63.2309
66.4756
69.1928
71.3945
73.1077
74.3619
75.1828
75.5886
55.3033
59.4802
63.2307
66.4755
69.1926
71.3944
73.1076
74.3618
75.1827
75.5885
55.3032
59.4801
63.2306
66.4754
69.1925
71.3943
73.1075
74.3617
75.1826
75.5884
55.3032
59.4801
63.2306
66.4753
69.1925
71.3942
73.1074
74.3616
75.1825
75.5883
55.3031
59.48
63.2305
66.4753
69.1924
71.3942
73.1074
74.3616
75.1825
75.5883
55.3031
59.48
63.2305
66.4753
69.1925
71.3942
73.1074
74.3616
75.1825
75.5883
55.3032
59.4801
63.2306
66.4753
69.1925
71.3942
73.1074
74.3617
75.1825
75.5884
55.3032
59.4801
63.2306
66.4754
69.1926
71.3943
73.1075
74.3617
75.1826
75.5885
55.3033
59.4802
63.2307
66.4755
69.1927
71.3944
73.1076
74.3619
75.1827
75.5886
55.3035
59.4804
63.2309
66.4756
69.1928
71.3946
73.1078
74.362
75.1829
75.5887
48.5185
51.6523
54.5333
57.0963
59.2998
61.1256
62.5716
63.6443
64.3528
64.7049
48.5184
51.6522
54.5332
57.0962
59.2997
61.1254
62.5715
63.6442
64.3527
64.7048
48.5183
51.6521
54.5331
57.0961
59.2996
61.1253
62.5714
63.6441
64.3526
64.7047
48.5182
51.6521
54.5331
57.096
59.2995
61.1253
62.5713
63.644
64.3526
64.7047
48.5182
51.652
54.533
57.096
59.2995
61.1253
62.5713
63.644
64.3525
64.7047
48.5182
51.652
54.533
57.096
59.2995
61.1253
62.5713
63.644
64.3525
64.7047
48.5183
51.6521
54.5331
57.0961
59.2995
61.1253
62.5713
63.6441
64.3526
64.7047
48.5183
51.6521
54.5331
57.0961
59.2996
61.1254
62.5714
63.6441
64.3527
64.7048
48.5184
51.6522
54.5332
57.0962
59.2997
61.1255
62.5715
63.6443
64.3528
64.7049
48.5185
51.6524
54.5334
57.0964
59.2999
61.1256
62.5717
63.6444
64.3529
64.7051
42.7824
44.9675
47.0622
49.0012
50.7237
52.1881
53.3709
54.2611
54.8548
55.1515
42.7823
44.9673
47.062
49.0011
50.7236
52.188
53.3708
54.2609
54.8547
55.1514
42.7822
44.9672
47.0619
49.001
50.7235
52.1879
53.3707
54.2608
54.8546
55.1514
42.7821
44.9672
47.0619
49.0009
50.7234
52.1878
53.3706
54.2608
54.8545
55.1513
42.7821
44.9672
47.0619
49.0009
50.7234
52.1878
53.3706
54.2608
54.8545
55.1513
42.7821
44.9672
47.0619
49.0009
50.7234
52.1878
53.3706
54.2608
54.8545
55.1513
42.7821
44.9672
47.0619
49.001
50.7235
52.1879
53.3707
54.2608
54.8546
55.1514
42.7822
44.9673
47.062
49.001
50.7235
52.1879
53.3707
54.2609
54.8546
55.1514
42.7823
44.9674
47.0621
49.0011
50.7236
52.188
53.3708
54.261
54.8548
55.1516
42.7824
44.9675
47.0622
49.0013
50.7238
52.1882
53.371
54.2611
54.8549
55.1517
37.9636
39.2277
40.6153
42.0046
43.2998
44.4371
45.3767
46.0951
46.5794
46.8229
37.9635
39.2276
40.6152
42.0045
43.2997
44.437
45.3766
46.095
46.5793
46.8228
37.9634
39.2275
40.6151
42.0044
43.2996
44.4369
45.3765
46.0949
46.5792
46.8228
37.9633
39.2275
40.6151
42.0043
43.2995
44.4368
45.3764
46.0949
46.5792
46.8227
37.9633
39.2275
40.6151
42.0043
43.2995
44.4368
45.3764
46.0948
46.5791
46.8227
37.9633
39.2275
40.6151
42.0043
43.2995
44.4368
45.3764
46.0949
46.5792
46.8227
37.9633
39.2275
40.6151
42.0043
43.2995
44.4369
45.3765
46.0949
46.5792
46.8228
37.9634
39.2276
40.6152
42.0044
43.2996
44.4369
45.3765
46.095
46.5793
46.8228
37.9635
39.2277
40.6153
42.0045
43.2997
44.437
45.3766
46.0951
46.5794
46.823
37.9636
39.2278
40.6154
42.0046
43.2998
44.4372
45.3768
46.0952
46.5795
46.8231
33.7802
34.1808
34.9924
35.9373
36.8788
37.7377
38.4652
39.0309
39.4164
39.6116
33.7801
34.1807
34.9923
35.9372
36.8787
37.7376
38.4651
39.0308
39.4163
39.6115
33.78
34.1806
34.9922
35.9371
36.8786
37.7375
38.465
39.0307
39.4163
39.6114
33.7799
34.1806
34.9922
35.9371
36.8785
37.7375
38.4649
39.0306
39.4162
39.6114
33.7799
34.1805
34.9921
35.937
36.8785
37.7374
38.4649
39.0306
39.4162
39.6114
33.7799
34.1805
34.9922
35.937
36.8785
37.7374
38.4649
39.0306
39.4162
39.6114
33.7799
34.1806
34.9922
35.9371
36.8786
37.7375
38.465
39.0307
39.4163
39.6114
33.78
34.1806
34.9922
35.9371
36.8786
37.7376
38.465
39.0308
39.4163
39.6115
33.7801
34.1807
34.9923
35.9372
36.8787
37.7376
38.4651
39.0308
39.4164
39.6116
33.7802
34.1808
34.9925
35.9374
36.8788
37.7378
38.4653
39.031
39.4166
39.6117
405.349
405.367
405.401
405.446
405.497
405.549
405.596
405.634
405.661
405.675
405.349
405.367
405.401
405.446
405.497
405.549
405.596
405.634
405.661
405.675
405.349
405.367
405.401
405.446
405.497
405.549
405.596
405.634
405.661
405.675
405.349
405.367
405.401
405.446
405.497
405.549
405.596
405.634
405.661
405.675
405.349
405.367
405.401
405.446
405.497
405.549
405.596
405.634
405.661
405.675
405.349
405.367
405.401
405.446
405.497
405.549
405.596
405.634
405.661
405.675
405.349
405.367
405.401
405.446
405.497
405.549
405.596
405.634
405.661
405.675
405.349
405.367
405.401
405.446
405.497
405.549
405.596
405.634
405.661
405.675
405.349
405.367
405.401
405.446
405.497
405.549
405.596
405.634
405.661
405.675
405.349
405.367
405.401
405.446
405.497
405.549
405.596
405.634
405.661
405.675
376.104
376.161
376.268
376.409
376.568
376.727
376.872
376.99
377.074
377.117
376.104
376.161
376.268
376.409
376.568
376.727
376.872
376.99
377.074
377.117
376.104
376.161
376.268
376.409
376.568
376.727
376.872
376.99
377.074
377.117
376.104
376.161
376.268
376.409
376.568
376.727
376.872
376.99
377.073
377.117
376.104
376.161
376.268
376.409
376.568
376.727
376.872
376.99
377.073
377.117
376.104
376.161
376.268
376.409
376.568
376.727
376.872
376.99
377.073
377.117
376.104
376.161
376.268
376.409
376.568
376.727
376.872
376.99
377.073
377.117
376.104
376.161
376.268
376.409
376.568
376.727
376.872
376.99
377.074
377.117
376.104
376.161
376.268
376.409
376.568
376.727
376.872
376.99
377.074
377.117
376.104
376.161
376.268
376.409
376.568
376.727
376.872
376.99
377.074
377.117
347.024
347.129
347.324
347.58
347.864
348.147
348.403
348.61
348.756
348.831
347.024
347.129
347.324
347.58
347.864
348.147
348.403
348.61
348.756
348.831
347.024
347.129
347.324
347.579
347.864
348.147
348.403
348.61
348.756
348.831
347.024
347.129
347.324
347.579
347.864
348.147
348.403
348.61
348.756
348.831
347.024
347.129
347.324
347.579
347.864
348.147
348.403
348.61
348.756
348.831
347.024
347.129
347.324
347.579
347.864
348.147
348.403
348.61
348.756
348.831
347.024
347.129
347.324
347.579
347.864
348.147
348.403
348.61
348.756
348.831
347.024
347.129
347.324
347.579
347.864
348.147
348.403
348.61
348.756
348.831
347.024
347.129
347.324
347.579
347.864
348.147
348.403
348.61
348.756
348.831
347.024
347.129
347.324
347.58
347.864
348.147
348.403
348.61
348.756
348.831
318.205
318.375
318.686
319.09
319.533
319.968
320.356
320.668
320.886
320.998
318.204
318.375
318.686
319.09
319.533
319.968
320.356
320.668
320.886
320.998
318.204
318.375
318.686
319.09
319.533
319.968
320.356
320.668
320.886
320.997
318.204
318.375
318.686
319.09
319.533
319.968
320.356
320.668
320.886
320.997
318.204
318.375
318.686
319.09
319.533
319.968
320.356
320.668
320.886
320.997
318.204
318.375
318.686
319.09
319.533
319.968
320.356
320.668
320.886
320.997
318.204
318.375
318.686
319.09
319.533
319.968
320.356
320.668
320.886
320.997
318.204
318.375
318.686
319.09
319.533
319.968
320.356
320.668
320.886
320.997
318.204
318.375
318.686
319.09
319.533
319.968
320.356
320.668
320.886
320.998
318.204
318.375
318.686
319.09
319.533
319.968
320.356
320.668
320.886
320.998
289.714
289.98
290.458
291.065
291.718
292.346
292.897
293.335
293.638
293.793
289.714
289.98
290.458
291.065
291.718
292.345
292.897
293.335
293.638
293.793
289.714
289.98
290.458
291.065
291.718
292.345
292.896
293.335
293.638
293.793
289.714
289.98
290.458
291.065
291.718
292.345
292.896
293.335
293.638
293.793
289.714
289.98
290.458
291.065
291.718
292.345
292.896
293.335
293.638
293.792
289.714
289.98
290.458
291.065
291.718
292.345
292.896
293.335
293.638
293.792
289.714
289.98
290.458
291.065
291.718
292.345
292.896
293.335
293.638
293.793
289.714
289.98
290.458
291.065
291.718
292.345
292.896
293.335
293.638
293.793
289.714
289.98
290.458
291.065
291.718
292.345
292.897
293.335
293.638
293.793
289.714
289.98
290.458
291.065
291.718
292.346
292.897
293.335
293.638
293.793
261.578
261.997
262.727
263.624
264.559
265.436
266.189
266.779
267.183
267.387
261.578
261.997
262.726
263.624
264.559
265.436
266.189
266.779
267.183
267.387
261.578
261.997
262.726
263.624
264.559
265.436
266.189
266.779
267.183
267.387
261.578
261.996
262.726
263.624
264.559
265.436
266.189
266.779
267.183
267.387
261.578
261.996
262.726
263.623
264.559
265.436
266.189
266.779
267.183
267.387
261.578
261.996
262.726
263.623
264.559
265.436
266.189
266.779
267.183
267.387
261.578
261.996
262.726
263.624
264.559
265.436
266.189
266.779
267.183
267.387
261.578
261.996
262.726
263.624
264.559
265.436
266.189
266.779
267.183
267.387
261.578
261.997
262.726
263.624
264.559
265.436
266.189
266.779
267.183
267.387
261.578
261.997
262.726
263.624
264.559
265.436
266.189
266.779
267.183
267.387
233.753
234.432
235.561
236.882
238.202
239.397
240.398
241.167
241.685
241.946
233.753
234.432
235.561
236.882
238.202
239.397
240.398
241.166
241.685
241.946
233.752
234.432
235.561
236.882
238.202
239.397
240.398
241.166
241.685
241.946
233.752
234.432
235.561
236.882
238.202
239.397
240.398
241.166
241.685
241.946
233.752
234.432
235.561
236.882
238.202
239.397
240.398
241.166
241.685
241.946
233.752
234.432
235.561
236.882
238.202
239.397
240.398
241.166
241.685
241.946
233.752
234.432
235.561
236.882
238.202
239.397
240.398
241.166
241.685
241.946
233.752
234.432
235.561
236.882
238.202
239.397
240.398
241.166
241.685
241.946
233.752
234.432
235.561
236.882
238.202
239.397
240.398
241.166
241.685
241.946
233.753
234.432
235.561
236.882
238.202
239.397
240.398
241.167
241.685
241.946
206.066
207.239
209.029
210.974
212.808
214.398
215.688
216.658
217.303
217.625
206.066
207.239
209.029
210.974
212.807
214.398
215.688
216.658
217.303
217.625
206.066
207.239
209.029
210.974
212.807
214.398
215.688
216.658
217.303
217.625
206.066
207.239
209.029
210.974
212.807
214.398
215.688
216.658
217.303
217.625
206.066
207.239
209.029
210.974
212.807
214.398
215.688
216.658
217.303
217.625
206.065
207.239
209.029
210.974
212.807
214.398
215.688
216.658
217.303
217.625
206.066
207.239
209.029
210.974
212.807
214.398
215.688
216.658
217.303
217.625
206.066
207.239
209.029
210.974
212.807
214.398
215.688
216.658
217.303
217.625
206.066
207.239
209.029
210.974
212.807
214.398
215.688
216.658
217.303
217.625
206.066
207.239
209.029
210.974
212.808
214.398
215.688
216.658
217.303
217.625
178.095
180.323
183.242
186.085
188.572
190.622
192.23
193.41
194.185
194.568
178.095
180.323
183.241
186.085
188.572
190.622
192.229
193.41
194.185
194.568
178.095
180.323
183.241
186.085
188.572
190.622
192.229
193.41
194.184
194.568
178.095
180.323
183.241
186.085
188.572
190.622
192.229
193.41
194.184
194.568
178.095
180.323
183.241
186.085
188.572
190.622
192.229
193.41
194.184
194.568
178.095
180.323
183.241
186.085
188.572
190.622
192.229
193.41
194.184
194.568
178.095
180.323
183.241
186.085
188.572
190.622
192.229
193.41
194.184
194.568
178.095
180.323
183.241
186.085
188.572
190.622
192.229
193.41
194.185
194.568
178.095
180.323
183.241
186.085
188.572
190.622
192.229
193.41
194.185
194.568
178.095
180.323
183.242
186.085
188.572
190.622
192.23
193.41
194.185
194.568
148.836
153.663
158.484
162.519
165.75
168.275
170.191
171.57
172.462
172.901
148.836
153.663
158.484
162.519
165.75
168.275
170.191
171.57
172.462
172.901
148.836
153.663
158.484
162.519
165.749
168.275
170.191
171.57
172.462
172.901
148.836
153.663
158.484
162.519
165.749
168.275
170.191
171.57
172.462
172.901
148.836
153.663
158.484
162.519
165.749
168.275
170.191
171.569
172.462
172.901
148.836
153.663
158.484
162.519
165.749
168.275
170.191
171.57
172.462
172.901
148.836
153.663
158.484
162.519
165.749
168.275
170.191
171.57
172.462
172.901
148.836
153.663
158.484
162.519
165.749
168.275
170.191
171.57
172.462
172.901
148.836
153.663
158.484
162.519
165.75
168.275
170.191
171.57
172.462
172.901
148.836
153.663
158.484
162.519
165.75
168.275
170.191
171.57
172.463
172.901
9.7672
9.788
9.83309
9.90947
10.028
10.2039
10.456
10.8052
11.2592
11.7424
9.76716
9.78796
9.83305
9.90944
10.028
10.2038
10.456
10.8051
11.2591
11.7424
9.76713
9.78794
9.83302
9.90941
10.028
10.2038
10.456
10.8051
11.2591
11.7423
9.76711
9.78792
9.833
9.90939
10.028
10.2038
10.4559
10.8051
11.2591
11.7423
9.7671
9.78791
9.833
9.90938
10.0279
10.2038
10.4559
10.8051
11.2591
11.7423
9.7671
9.78791
9.833
9.90938
10.0279
10.2038
10.4559
10.8051
11.2591
11.7423
9.76711
9.78792
9.83301
9.90939
10.028
10.2038
10.4559
10.8051
11.2591
11.7423
9.76713
9.78794
9.83302
9.90941
10.028
10.2038
10.456
10.8051
11.2591
11.7423
9.76715
9.78796
9.83305
9.90944
10.028
10.2038
10.456
10.8051
11.2592
11.7424
9.76718
9.788
9.83309
9.90948
10.0281
10.2039
10.456
10.8052
11.2592
11.7424
8.26362
8.28255
8.32285
8.38924
8.48843
8.62825
8.81537
9.04935
9.30825
9.5175
8.26358
8.28251
8.32282
8.38921
8.4884
8.62822
8.81533
9.04932
9.30821
9.51747
8.26356
8.28249
8.32279
8.38918
8.48837
8.62819
8.8153
9.04929
9.30819
9.51745
8.26354
8.28247
8.32277
8.38917
8.48835
8.62817
8.81529
9.04927
9.30817
9.51743
8.26353
8.28246
8.32277
8.38916
8.48835
8.62817
8.81528
9.04926
9.30816
9.51742
8.26353
8.28246
8.32277
8.38916
8.48835
8.62817
8.81528
9.04927
9.30817
9.51743
8.26354
8.28247
8.32278
8.38917
8.48836
8.62818
8.81529
9.04928
9.30818
9.51744
8.26356
8.28249
8.32279
8.38919
8.48838
8.6282
8.81531
9.0493
9.3082
9.51746
8.26358
8.28251
8.32282
8.38922
8.48841
8.62823
8.81535
9.04933
9.30824
9.5175
8.2636
8.28254
8.32286
8.38925
8.48845
8.62827
8.81539
9.04938
9.30828
9.51755
6.97799
6.99412
7.02792
7.0821
7.16011
7.26481
7.39614
7.54672
7.69469
7.79661
6.97796
6.99409
7.02788
7.08207
7.16008
7.26477
7.39611
7.54669
7.69466
7.79658
6.97794
6.99407
7.02786
7.08205
7.16005
7.26475
7.39609
7.54666
7.69464
7.79656
6.97792
6.99406
7.02785
7.08203
7.16004
7.26473
7.39607
7.54665
7.69462
7.79655
6.97791
6.99405
7.02784
7.08203
7.16003
7.26473
7.39606
7.54664
7.69462
7.79654
6.97792
6.99405
7.02784
7.08203
7.16003
7.26473
7.39607
7.54664
7.69462
7.79655
6.97792
6.99406
7.02785
7.08204
7.16004
7.26474
7.39608
7.54666
7.69463
7.79656
6.97794
6.99407
7.02786
7.08206
7.16006
7.26476
7.3961
7.54668
7.69465
7.79658
6.97796
6.99409
7.02789
7.08208
7.16009
7.26479
7.39613
7.54671
7.69468
7.79661
6.97798
6.99413
7.02792
7.08212
7.16012
7.26482
7.39616
7.54675
7.69473
7.79665
5.89363
5.90669
5.93365
5.97583
6.03452
6.10988
6.19933
6.29503
6.38152
6.43574
5.8936
5.90666
5.93362
5.9758
6.03449
6.10986
6.1993
6.295
6.38149
6.43572
5.89358
5.90664
5.9336
5.97578
6.03447
6.10983
6.19928
6.29498
6.38147
6.43571
5.89356
5.90663
5.93359
5.97577
6.03445
6.10982
6.19926
6.29497
6.38146
6.43569
5.89356
5.90662
5.93358
5.97576
6.03445
6.10981
6.19926
6.29496
6.38145
6.43569
5.89356
5.90662
5.93358
5.97577
6.03445
6.10982
6.19926
6.29496
6.38146
6.43569
5.89356
5.90663
5.93359
5.97577
6.03446
6.10983
6.19927
6.29497
6.38147
6.4357
5.89358
5.90665
5.93361
5.97579
6.03447
6.10984
6.19929
6.29499
6.38149
6.43572
5.8936
5.90667
5.93363
5.97581
6.0345
6.10987
6.19931
6.29502
6.38151
6.43575
5.89362
5.90669
5.93366
5.97585
6.03453
6.1099
6.19935
6.29506
6.38155
6.43579
4.99531
5.00549
5.02622
5.05793
5.10075
5.15369
5.2137
5.27458
5.32646
5.35721
4.99529
5.00547
5.02619
5.05791
5.10072
5.15366
5.21368
5.27456
5.32644
5.35719
4.99527
5.00545
5.02617
5.05789
5.1007
5.15365
5.21366
5.27454
5.32642
5.35717
4.99525
5.00543
5.02616
5.05788
5.10069
5.15363
5.21365
5.27453
5.32641
5.35716
4.99525
5.00543
5.02615
5.05787
5.10069
5.15363
5.21364
5.27452
5.32641
5.35716
4.99525
5.00543
5.02615
5.05787
5.10069
5.15363
5.21364
5.27452
5.32641
5.35716
4.99526
5.00544
5.02616
5.05788
5.1007
5.15364
5.21365
5.27453
5.32642
5.35717
4.99527
5.00545
5.02618
5.05789
5.10071
5.15366
5.21367
5.27455
5.32644
5.35719
4.99529
5.00547
5.0262
5.05792
5.10074
5.15368
5.21369
5.27458
5.32646
5.35721
4.99531
5.00549
5.02622
5.05795
5.10076
5.15371
5.21372
5.27461
5.32649
5.35725
4.26939
4.27711
4.29265
4.31597
4.34665
4.38338
4.4235
4.46256
4.4945
4.51276
4.26937
4.27709
4.29262
4.31595
4.34662
4.38336
4.42347
4.46253
4.49447
4.51275
4.26935
4.27707
4.29261
4.31593
4.34661
4.38334
4.42345
4.46252
4.49446
4.51273
4.26934
4.27706
4.29259
4.31592
4.34659
4.38333
4.42344
4.46251
4.49445
4.51273
4.26933
4.27705
4.29259
4.31591
4.34659
4.38332
4.42344
4.46251
4.49445
4.51272
4.26933
4.27705
4.29259
4.31592
4.34659
4.38333
4.42344
4.46251
4.49445
4.51273
4.26934
4.27706
4.2926
4.31592
4.3466
4.38333
4.42345
4.46252
4.49446
4.51274
4.26935
4.27707
4.29261
4.31594
4.34661
4.38335
4.42347
4.46253
4.49447
4.51275
4.26937
4.27709
4.29263
4.31596
4.34664
4.38337
4.42349
4.46255
4.4945
4.51277
4.26939
4.27711
4.29266
4.31598
4.34666
4.3834
4.42352
4.46258
4.49453
4.5128
3.70392
3.70971
3.72125
3.73827
3.76017
3.7857
3.81275
3.83827
3.85851
3.86983
3.7039
3.70969
3.72122
3.73825
3.76015
3.78568
3.81272
3.83824
3.85849
3.86981
3.70389
3.70968
3.72121
3.73823
3.76013
3.78566
3.81271
3.83823
3.85848
3.8698
3.70388
3.70967
3.7212
3.73822
3.76012
3.78565
3.8127
3.83822
3.85847
3.86979
3.70387
3.70966
3.72119
3.73822
3.76012
3.78565
3.8127
3.83822
3.85847
3.86979
3.70387
3.70966
3.72119
3.73822
3.76012
3.78565
3.8127
3.83822
3.85847
3.86979
3.70388
3.70967
3.7212
3.73823
3.76013
3.78566
3.81271
3.83823
3.85848
3.8698
3.70389
3.70968
3.72121
3.73824
3.76014
3.78567
3.81272
3.83824
3.85849
3.86982
3.7039
3.7097
3.72123
3.73826
3.76016
3.78569
3.81274
3.83826
3.85851
3.86984
3.70392
3.70972
3.72125
3.73828
3.76019
3.78572
3.81277
3.83829
3.85854
3.86986
3.28895
3.29334
3.30202
3.31464
3.33057
3.34874
3.36752
3.3848
3.39821
3.40559
3.28893
3.29332
3.302
3.31462
3.33055
3.34872
3.3675
3.38478
3.3982
3.40558
3.28892
3.29331
3.30198
3.31461
3.33054
3.3487
3.36748
3.38477
3.39818
3.40557
3.28891
3.2933
3.30197
3.3146
3.33053
3.34869
3.36747
3.38476
3.39818
3.40556
3.2889
3.29329
3.30197
3.31459
3.33053
3.34869
3.36747
3.38476
3.39817
3.40556
3.28891
3.2933
3.30197
3.31459
3.33053
3.34869
3.36747
3.38476
3.39818
3.40556
3.28891
3.2933
3.30198
3.3146
3.33054
3.3487
3.36748
3.38477
3.39819
3.40557
3.28892
3.29331
3.30199
3.31461
3.33055
3.34871
3.3675
3.38478
3.3982
3.40558
3.28894
3.29333
3.302
3.31463
3.33057
3.34873
3.36751
3.3848
3.39822
3.4056
3.28895
3.29335
3.30203
3.31465
3.33059
3.34876
3.36754
3.38483
3.39824
3.40563
3.01673
3.02023
3.02708
3.03694
3.04921
3.06295
3.0769
3.0895
3.09912
3.10435
3.01672
3.02021
3.02706
3.03693
3.04919
3.06294
3.07688
3.08948
3.0991
3.10433
3.0167
3.0202
3.02705
3.03691
3.04918
3.06292
3.07687
3.08947
3.09909
3.10433
3.01669
3.02019
3.02704
3.03691
3.04917
3.06292
3.07686
3.08946
3.09908
3.10432
3.01669
3.02018
3.02704
3.0369
3.04917
3.06291
3.07686
3.08946
3.09908
3.10432
3.01669
3.02018
3.02704
3.0369
3.04917
3.06292
3.07686
3.08946
3.09908
3.10432
3.0167
3.02019
3.02704
3.03691
3.04918
3.06292
3.07687
3.08947
3.09909
3.10433
3.01671
3.0202
3.02706
3.03692
3.04919
3.06294
3.07688
3.08948
3.0991
3.10434
3.01672
3.02022
3.02707
3.03694
3.04921
3.06295
3.0769
3.0895
3.09912
3.10436
3.01674
3.02024
3.02709
3.03696
3.04923
3.06298
3.07692
3.08952
3.09915
3.10439
2.88197
2.88503
2.89101
2.89955
2.91008
2.92175
2.93347
2.94394
2.95187
2.95615
2.88196
2.88502
2.89099
2.89953
2.91006
2.92174
2.93346
2.94393
2.95186
2.95614
2.88195
2.88501
2.89098
2.89952
2.91005
2.92173
2.93345
2.94392
2.95185
2.95614
2.88194
2.885
2.89097
2.89951
2.91004
2.92172
2.93344
2.94391
2.95184
2.95613
2.88194
2.885
2.89097
2.89951
2.91004
2.92172
2.93344
2.94391
2.95184
2.95613
2.88194
2.885
2.89097
2.89951
2.91004
2.92172
2.93344
2.94392
2.95184
2.95613
2.88194
2.885
2.89098
2.89952
2.91005
2.92173
2.93345
2.94392
2.95185
2.95614
2.88195
2.88501
2.89099
2.89953
2.91006
2.92174
2.93346
2.94394
2.95186
2.95615
2.88197
2.88503
2.891
2.89955
2.91008
2.92176
2.93348
2.94395
2.95188
2.95617
2.88198
2.88505
2.89102
2.89957
2.9101
2.92178
2.9335
2.94398
2.9519
2.95619
29.2206
29.4967
30.0153
30.6595
31.3338
31.9703
32.5223
32.9586
33.2593
33.4124
29.2205
29.4966
30.0152
30.6594
31.3337
31.9702
32.5222
32.9585
33.2592
33.4123
29.2204
29.4966
30.0151
30.6593
31.3336
31.9701
32.5221
32.9585
33.2591
33.4122
29.2204
29.4965
30.015
30.6592
31.3336
31.9701
32.5221
32.9584
33.2591
33.4122
29.2204
29.4965
30.015
30.6592
31.3336
31.9701
32.5221
32.9584
33.259
33.4122
29.2204
29.4965
30.015
30.6592
31.3336
31.9701
32.5221
32.9584
33.2591
33.4122
29.2204
29.4965
30.0151
30.6593
31.3336
31.9701
32.5221
32.9584
33.2591
33.4122
29.2204
29.4966
30.0151
30.6593
31.3337
31.9702
32.5222
32.9585
33.2592
33.4123
29.2205
29.4967
30.0152
30.6594
31.3338
31.9703
32.5223
32.9586
33.2593
33.4124
29.2206
29.4968
30.0153
30.6595
31.3339
31.9704
32.5224
32.9587
33.2594
33.4125
25.1096
25.2966
25.6423
26.0865
26.5674
27.0337
27.4464
27.7775
28.0079
28.126
25.1095
25.2965
25.6422
26.0864
26.5673
27.0336
27.4463
27.7774
28.0078
28.1259
25.1094
25.2964
25.6422
26.0863
26.5672
27.0335
27.4462
27.7773
28.0078
28.1258
25.1094
25.2963
25.6421
26.0863
26.5671
27.0335
27.4462
27.7773
28.0077
28.1258
25.1093
25.2963
25.6421
26.0863
26.5671
27.0334
27.4462
27.7773
28.0077
28.1258
25.1093
25.2963
25.6421
26.0863
26.5671
27.0334
27.4462
27.7773
28.0077
28.1258
25.1094
25.2964
25.6421
26.0863
26.5672
27.0335
27.4462
27.7773
28.0078
28.1258
25.1094
25.2964
25.6422
26.0864
26.5672
27.0335
27.4463
27.7774
28.0078
28.1259
25.1095
25.2965
25.6423
26.0864
26.5673
27.0336
27.4464
27.7775
28.0079
28.126
25.1096
25.2966
25.6424
26.0865
26.5674
27.0337
27.4465
27.7776
28.008
28.1261
21.4872
21.6147
21.8509
22.1606
22.5036
22.8431
23.1487
23.3969
23.5712
23.6609
21.4871
21.6147
21.8509
22.1605
22.5035
22.843
23.1486
23.3968
23.5711
23.6609
21.4871
21.6146
21.8508
22.1604
22.5034
22.8429
23.1485
23.3968
23.5711
23.6608
21.487
21.6145
21.8508
22.1604
22.5034
22.8429
23.1485
23.3967
23.571
23.6608
21.487
21.6145
21.8507
22.1603
22.5034
22.8429
23.1485
23.3967
23.571
23.6608
21.487
21.6145
21.8507
22.1603
22.5034
22.8429
23.1485
23.3967
23.571
23.6608
21.487
21.6146
21.8508
22.1604
22.5034
22.8429
23.1485
23.3968
23.5711
23.6608
21.4871
21.6146
21.8508
22.1604
22.5034
22.843
23.1486
23.3968
23.5711
23.6609
21.4871
21.6147
21.8509
22.1605
22.5035
22.8431
23.1486
23.3969
23.5712
23.661
21.4872
21.6148
21.851
22.1606
22.5036
22.8432
23.1487
23.397
23.5713
23.6611
18.365
18.4531
18.6172
18.8351
19.0805
19.3272
19.5522
19.7369
19.8676
19.9351
18.365
18.453
18.6171
18.835
19.0805
19.3272
19.5522
19.7368
19.8675
19.9351
18.3649
18.453
18.617
18.835
19.0804
19.3271
19.5521
19.7368
19.8674
19.935
18.3649
18.4529
18.617
18.8349
19.0804
19.3271
19.5521
19.7368
19.8674
19.935
18.3648
18.4529
18.617
18.8349
19.0803
19.3271
19.552
19.7367
19.8674
19.935
18.3648
18.4529
18.617
18.8349
19.0804
19.3271
19.5521
19.7368
19.8674
19.935
18.3649
18.4529
18.617
18.835
19.0804
19.3271
19.5521
19.7368
19.8674
19.935
18.3649
18.453
18.617
18.835
19.0804
19.3271
19.5521
19.7368
19.8675
19.9351
18.365
18.453
18.6171
18.8351
19.0805
19.3272
19.5522
19.7369
19.8676
19.9352
18.365
18.4531
18.6172
18.8352
19.0806
19.3273
19.5523
19.737
19.8677
19.9353
15.7369
15.7986
15.9142
16.0692
16.2459
16.4255
16.591
16.7281
16.8256
16.8762
15.7368
15.7985
15.9141
16.0692
16.2458
16.4254
16.591
16.728
16.8255
16.8762
15.7367
15.7985
15.914
16.0691
16.2457
16.4254
16.5909
16.7279
16.8255
16.8761
15.7367
15.7984
15.914
16.0691
16.2457
16.4254
16.5909
16.7279
16.8254
16.8761
15.7367
15.7984
15.914
16.069
16.2457
16.4253
16.5909
16.7279
16.8254
16.8761
15.7367
15.7984
15.914
16.0691
16.2457
16.4253
16.5909
16.7279
16.8254
16.8761
15.7367
15.7984
15.914
16.0691
16.2457
16.4254
16.5909
16.7279
16.8255
16.8761
15.7367
15.7985
15.9141
16.0691
16.2458
16.4254
16.591
16.728
16.8255
16.8762
15.7368
15.7985
15.9141
16.0692
16.2458
16.4255
16.591
16.7281
16.8256
16.8763
15.7369
15.7986
15.9142
16.0693
16.2459
16.4256
16.5911
16.7281
16.8257
16.8763
13.5874
13.6314
13.7142
13.8261
13.9546
14.0865
14.209
14.3111
14.3841
14.4221
13.5874
13.6314
13.7142
13.826
13.9546
14.0864
14.2089
14.311
14.384
14.4221
13.5873
13.6313
13.7141
13.826
13.9545
14.0864
14.2089
14.3109
14.384
14.422
13.5873
13.6313
13.7141
13.8259
13.9545
14.0863
14.2088
14.3109
14.3839
14.422
13.5873
13.6313
13.7141
13.8259
13.9545
14.0863
14.2088
14.3109
14.3839
14.422
13.5873
13.6313
13.7141
13.8259
13.9545
14.0863
14.2088
14.3109
14.3839
14.422
13.5873
13.6313
13.7141
13.826
13.9545
14.0864
14.2089
14.3109
14.384
14.422
13.5873
13.6313
13.7141
13.826
13.9545
14.0864
14.2089
14.311
14.384
14.4221
13.5874
13.6314
13.7142
13.8261
13.9546
14.0865
14.209
14.3111
14.3841
14.4221
13.5874
13.6315
13.7143
13.8261
13.9547
14.0865
14.209
14.3111
14.3842
14.4222
11.8979
11.9301
11.9909
12.0734
12.1688
12.2673
12.3594
12.4366
12.4921
12.521
11.8979
11.93
11.9908
12.0733
12.1687
12.2673
12.3594
12.4366
12.492
12.521
11.8978
11.93
11.9907
12.0733
12.1687
12.2672
12.3593
12.4365
12.492
12.5209
11.8978
11.93
11.9907
12.0732
12.1686
12.2672
12.3593
12.4365
12.4919
12.5209
11.8978
11.93
11.9907
12.0732
12.1686
12.2672
12.3593
12.4365
12.4919
12.5209
11.8978
11.93
11.9907
12.0732
12.1686
12.2672
12.3593
12.4365
12.4919
12.5209
11.8978
11.93
11.9907
12.0732
12.1687
12.2672
12.3593
12.4365
12.492
12.5209
11.8978
11.93
11.9908
12.0733
12.1687
12.2673
12.3594
12.4366
12.492
12.521
11.8979
11.9301
11.9908
12.0733
12.1688
12.2673
12.3594
12.4366
12.4921
12.5211
11.8979
11.9301
11.9909
12.0734
12.1688
12.2674
12.3595
12.4367
12.4921
12.5211
10.6498
10.6743
10.7206
10.7838
10.8573
10.9335
11.0051
11.0654
11.1088
11.1315
10.6497
10.6742
10.7206
10.7838
10.8572
10.9334
11.005
11.0653
11.1087
11.1314
10.6497
10.6742
10.7205
10.7837
10.8572
10.9334
11.005
11.0653
11.1087
11.1314
10.6497
10.6741
10.7205
10.7837
10.8571
10.9334
11.005
11.0652
11.1087
11.1314
10.6497
10.6741
10.7205
10.7837
10.8571
10.9334
11.005
11.0652
11.1086
11.1314
10.6497
10.6741
10.7205
10.7837
10.8571
10.9334
11.005
11.0652
11.1087
11.1314
10.6497
10.6742
10.7205
10.7837
10.8572
10.9334
11.005
11.0653
11.1087
11.1314
10.6497
10.6742
10.7205
10.7838
10.8572
10.9334
11.005
11.0653
11.1087
11.1315
10.6498
10.6742
10.7206
10.7838
10.8573
10.9335
11.0051
11.0654
11.1088
11.1315
10.6498
10.6743
10.7207
10.7839
10.8573
10.9336
11.0052
11.0654
11.1088
11.1316
9.82726
9.84712
9.88479
9.93631
9.99636
10.0589
10.1179
10.1676
10.2036
10.2224
9.8272
9.84706
9.88473
9.93625
9.99631
10.0589
10.1178
10.1676
10.2035
10.2224
9.82716
9.84702
9.88469
9.93621
9.99627
10.0588
10.1178
10.1676
10.2035
10.2224
9.82714
9.847
9.88467
9.93619
9.99624
10.0588
10.1178
10.1675
10.2035
10.2223
9.82713
9.84699
9.88466
9.93618
9.99624
10.0588
10.1178
10.1675
10.2035
10.2223
9.82713
9.84699
9.88467
9.93618
9.99624
10.0588
10.1178
10.1675
10.2035
10.2224
9.82715
9.84701
9.88468
9.9362
9.99626
10.0588
10.1178
10.1676
10.2035
10.2224
9.82718
9.84704
9.88472
9.93624
9.9963
10.0589
10.1178
10.1676
10.2036
10.2224
9.82722
9.84709
9.88477
9.93629
9.99635
10.0589
10.1179
10.1677
10.2036
10.2225
9.82727
9.84715
9.88483
9.93636
9.99642
10.059
10.118
10.1677
10.2037
10.2225
9.41896
9.43666
9.47025
9.51626
9.56999
9.62607
9.67901
9.72376
9.75613
9.77311
9.41891
9.43661
9.47021
9.51622
9.56995
9.62602
9.67897
9.72372
9.75609
9.77309
9.41888
9.43658
9.47018
9.51618
9.56991
9.62599
9.67894
9.72369
9.75606
9.77306
9.41886
9.43656
9.47015
9.51616
9.56989
9.62597
9.67892
9.72368
9.75605
9.77305
9.41885
9.43655
9.47014
9.51615
9.56988
9.62596
9.67891
9.72367
9.75604
9.77305
9.41885
9.43655
9.47015
9.51616
9.56989
9.62597
9.67892
9.72368
9.75605
9.77306
9.41887
9.43657
9.47017
9.51618
9.56991
9.62599
9.67894
9.7237
9.75608
9.77308
9.4189
9.4366
9.4702
9.51621
9.56995
9.62603
9.67898
9.72374
9.75612
9.77312
9.41894
9.43665
9.47025
9.51626
9.57
9.62608
9.67903
9.7238
9.75617
9.77317
9.41898
9.43671
9.47031
9.51633
9.57006
9.62615
9.6791
9.72386
9.75624
9.77324
)
;

boundaryField
{
    inlet1
    {
        type            fixedValue;
        value           uniform 10;
    }
    inlet2
    {
        type            fixedValue;
        value           uniform 20;
    }
    outlet1
    {
        type            zeroGradient;
    }
    outlet2
    {
        type            zeroGradient;
    }
    fixedWalls
    {
        type            zeroGradient;
    }
}


// ************************************************************************* //
