/*--------------------------------*- C++ -*----------------------------------*\
  =========                 |
  \\      /  F ield         | OpenFOAM: The Open Source CFD Toolbox
   \\    /   O peration     | Website:  https://openfoam.org
    \\  /    A nd           | Version:  6
     \\/     M anipulation  |
\*---------------------------------------------------------------------------*/
FoamFile
{
    version     2.0;
    format      ascii;
    class       volScalarField;
    location    "0.12";
    object      T;
}
// * * * * * * * * * * * * * * * * * * * * * * * * * * * * * * * * * * * * * //

dimensions      [0 0 0 1 0 0 0];

internalField   nonuniform List<scalar> 
7000
(
100.992
100.992
100.992
100.992
100.992
100.992
100.991
100.991
100.991
100.991
100.992
100.992
100.992
100.991
100.991
100.991
100.991
100.991
100.991
100.991
100.992
100.992
100.991
100.991
100.991
100.991
100.991
100.991
100.991
100.991
100.992
100.992
100.991
100.991
100.991
100.991
100.991
100.991
100.991
100.991
100.992
100.991
100.991
100.991
100.991
100.991
100.991
100.991
100.991
100.991
100.992
100.991
100.991
100.991
100.991
100.991
100.991
100.991
100.991
100.991
100.992
100.992
100.991
100.991
100.991
100.991
100.991
100.991
100.991
100.991
100.992
100.992
100.991
100.991
100.991
100.991
100.991
100.991
100.991
100.991
100.992
100.992
100.992
100.991
100.991
100.991
100.991
100.991
100.991
100.991
100.992
100.992
100.992
100.992
100.991
100.991
100.991
100.991
100.991
100.991
83.3551
83.3549
83.3547
83.3546
83.3545
83.3544
83.3543
83.3542
83.3542
83.3542
83.3549
83.3547
83.3546
83.3544
83.3543
83.3542
83.3541
83.354
83.354
83.354
83.3548
83.3546
83.3544
83.3543
83.3542
83.3541
83.354
83.3539
83.3539
83.3539
83.3547
83.3545
83.3543
83.3542
83.3541
83.354
83.3539
83.3538
83.3538
83.3539
83.3547
83.3545
83.3543
83.3542
83.3541
83.354
83.3539
83.3538
83.3538
83.3538
83.3546
83.3545
83.3543
83.3542
83.3541
83.354
83.3539
83.3538
83.3538
83.3538
83.3547
83.3545
83.3543
83.3542
83.3541
83.354
83.3539
83.3539
83.3538
83.3539
83.3547
83.3545
83.3544
83.3543
83.3542
83.3541
83.354
83.3539
83.3539
83.354
83.3548
83.3546
83.3545
83.3544
83.3543
83.3542
83.3541
83.354
83.354
83.3541
83.3549
83.3547
83.3546
83.3545
83.3544
83.3543
83.3542
83.3542
83.3542
83.3542
66.81
66.8097
66.8094
66.8092
66.809
66.8087
66.8084
66.8082
66.808
66.8079
66.8097
66.8094
66.8092
66.8089
66.8087
66.8085
66.8082
66.8079
66.8077
66.8077
66.8095
66.8092
66.809
66.8087
66.8085
66.8083
66.808
66.8078
66.8076
66.8076
66.8094
66.8091
66.8088
66.8086
66.8084
66.8082
66.8079
66.8076
66.8075
66.8075
66.8093
66.809
66.8088
66.8086
66.8083
66.8081
66.8079
66.8076
66.8074
66.8075
66.8093
66.809
66.8088
66.8086
66.8084
66.8081
66.8079
66.8076
66.8075
66.8075
66.8094
66.8091
66.8088
66.8086
66.8084
66.8082
66.8079
66.8077
66.8075
66.8075
66.8095
66.8092
66.809
66.8087
66.8085
66.8083
66.8081
66.8078
66.8077
66.8077
66.8096
66.8093
66.8091
66.8089
66.8087
66.8085
66.8082
66.808
66.8078
66.8078
66.8097
66.8095
66.8093
66.8091
66.8089
66.8087
66.8084
66.8082
66.808
66.8081
51.9339
51.9335
51.9332
51.9328
51.9324
51.9318
51.9312
51.9304
51.9298
51.9295
51.9335
51.9332
51.9328
51.9325
51.9321
51.9315
51.9309
51.9301
51.9295
51.9293
51.9333
51.933
51.9326
51.9323
51.9318
51.9313
51.9307
51.9299
51.9293
51.9291
51.9332
51.9328
51.9325
51.9321
51.9317
51.9312
51.9305
51.9298
51.9292
51.929
51.9331
51.9327
51.9324
51.9321
51.9316
51.9311
51.9305
51.9298
51.9292
51.929
51.9331
51.9328
51.9324
51.9321
51.9317
51.9311
51.9305
51.9298
51.9292
51.929
51.9332
51.9328
51.9325
51.9321
51.9317
51.9312
51.9306
51.9299
51.9293
51.9291
51.9333
51.9329
51.9326
51.9323
51.9319
51.9314
51.9307
51.93
51.9295
51.9292
51.9335
51.9331
51.9328
51.9325
51.9321
51.9316
51.931
51.9303
51.9297
51.9295
51.9337
51.9334
51.9331
51.9328
51.9324
51.9319
51.9312
51.9306
51.93
51.9298
39.1115
39.1111
39.1107
39.1101
39.1093
39.1082
39.1067
39.1049
39.1032
39.1022
39.1112
39.1108
39.1104
39.1098
39.109
39.1079
39.1064
39.1046
39.1029
39.1019
39.111
39.1106
39.1101
39.1096
39.1088
39.1077
39.1062
39.1044
39.1027
39.1018
39.1108
39.1104
39.11
39.1094
39.1086
39.1075
39.106
39.1043
39.1026
39.1017
39.1108
39.1104
39.1099
39.1094
39.1086
39.1075
39.106
39.1042
39.1025
39.1016
39.1108
39.1104
39.1099
39.1094
39.1086
39.1075
39.106
39.1042
39.1026
39.1017
39.1109
39.1104
39.11
39.1095
39.1087
39.1076
39.1061
39.1043
39.1027
39.1018
39.111
39.1106
39.1102
39.1096
39.1089
39.1078
39.1063
39.1045
39.1029
39.1019
39.1112
39.1108
39.1104
39.1099
39.1091
39.108
39.1065
39.1048
39.1031
39.1022
39.1114
39.1111
39.1107
39.1102
39.1094
39.1083
39.1069
39.1051
39.1034
39.1025
28.5134
28.5129
28.5123
28.5114
28.51
28.5077
28.5045
28.5004
28.4961
28.4932
28.5131
28.5126
28.512
28.5111
28.5097
28.5074
28.5042
28.5001
28.4958
28.493
28.5129
28.5124
28.5118
28.5109
28.5095
28.5072
28.504
28.4999
28.4956
28.4929
28.5127
28.5123
28.5117
28.5108
28.5093
28.5071
28.5039
28.4998
28.4955
28.4928
28.5127
28.5122
28.5116
28.5107
28.5093
28.5071
28.5038
28.4997
28.4955
28.4927
28.5127
28.5122
28.5116
28.5107
28.5093
28.5071
28.5039
28.4997
28.4955
28.4928
28.5128
28.5123
28.5117
28.5108
28.5094
28.5072
28.504
28.4999
28.4956
28.4929
28.5129
28.5125
28.5119
28.511
28.5096
28.5074
28.5041
28.5
28.4958
28.4931
28.5131
28.5127
28.5121
28.5112
28.5098
28.5076
28.5044
28.5003
28.4961
28.4933
28.5134
28.513
28.5124
28.5116
28.5102
28.5079
28.5047
28.5006
28.4964
28.4937
20.1103
20.1098
20.1089
20.1075
20.1049
20.1007
20.0941
20.0851
20.0749
20.0674
20.11
20.1095
20.1086
20.1072
20.1047
20.1004
20.0939
20.0848
20.0746
20.0672
20.1098
20.1093
20.1085
20.107
20.1045
20.1003
20.0937
20.0846
20.0745
20.0671
20.1097
20.1092
20.1083
20.1069
20.1044
20.1001
20.0936
20.0845
20.0744
20.067
20.1097
20.1091
20.1083
20.1068
20.1043
20.1001
20.0935
20.0845
20.0744
20.067
20.1097
20.1091
20.1083
20.1069
20.1043
20.1001
20.0936
20.0845
20.0744
20.067
20.1098
20.1092
20.1084
20.1069
20.1044
20.1002
20.0937
20.0846
20.0745
20.0671
20.1099
20.1094
20.1085
20.1071
20.1046
20.1004
20.0938
20.0848
20.0747
20.0673
20.1101
20.1096
20.1088
20.1073
20.1048
20.1006
20.0941
20.0851
20.0749
20.0675
20.1103
20.1099
20.1091
20.1077
20.1052
20.101
20.0944
20.0854
20.0752
20.0678
13.7161
13.7155
13.7143
13.712
13.7079
13.7004
13.6878
13.669
13.6454
13.6257
13.7159
13.7152
13.714
13.7118
13.7076
13.7001
13.6876
13.6688
13.6452
13.6255
13.7157
13.7151
13.7139
13.7116
13.7075
13.7
13.6875
13.6686
13.6451
13.6254
13.7156
13.715
13.7138
13.7115
13.7074
13.6999
13.6874
13.6685
13.645
13.6254
13.7156
13.7149
13.7137
13.7115
13.7073
13.6999
13.6873
13.6685
13.645
13.6253
13.7156
13.7149
13.7138
13.7115
13.7074
13.6999
13.6874
13.6685
13.645
13.6254
13.7156
13.715
13.7138
13.7116
13.7075
13.7
13.6875
13.6686
13.6451
13.6255
13.7158
13.7151
13.714
13.7118
13.7076
13.7001
13.6876
13.6688
13.6453
13.6256
13.7159
13.7153
13.7142
13.712
13.7078
13.7003
13.6878
13.669
13.6455
13.6258
13.7161
13.7156
13.7145
13.7122
13.7081
13.7006
13.6881
13.6693
13.6458
13.6261
9.04422
9.04347
9.0419
9.03869
9.03234
9.02018
8.99815
8.96135
8.90832
8.85452
9.04404
9.0433
9.04172
9.03851
9.03216
9.02001
8.99798
8.96119
8.90817
8.85442
9.04391
9.04317
9.04159
9.03839
9.03204
9.01989
8.99786
8.96108
8.90808
8.85433
9.04383
9.04309
9.04152
9.03831
9.03196
9.01982
8.9978
8.96102
8.90802
8.85428
9.0438
9.04306
9.04149
9.03829
9.03194
9.0198
8.99778
8.961
8.90801
8.85427
9.04382
9.04308
9.04151
9.03831
9.03196
9.01982
8.9978
8.96103
8.90804
8.8543
9.04388
9.04314
9.04157
9.03838
9.03204
9.0199
8.99788
8.96111
8.90812
8.85438
9.04398
9.04326
9.04169
9.0385
9.03216
9.02002
8.99801
8.96124
8.90824
8.85451
9.04413
9.04341
9.04186
9.03868
9.03234
9.0202
8.99819
8.96142
8.90842
8.85468
9.0443
9.04363
9.04209
9.03891
9.03257
9.02044
8.99842
8.96165
8.90865
8.85492
5.76488
5.76404
5.76209
5.75793
5.74929
5.73177
5.69731
5.63238
5.51937
5.36297
5.76475
5.76391
5.76196
5.7578
5.74916
5.73164
5.69719
5.63227
5.51927
5.3629
5.76465
5.76381
5.76187
5.75771
5.74907
5.73155
5.6971
5.63219
5.5192
5.36284
5.76459
5.76376
5.76181
5.75766
5.74901
5.7315
5.69705
5.63214
5.51916
5.36281
5.76457
5.76374
5.76179
5.75764
5.749
5.73148
5.69704
5.63213
5.51915
5.3628
5.76459
5.76375
5.76181
5.75766
5.74902
5.73151
5.69706
5.63216
5.51918
5.36283
5.76464
5.7638
5.76186
5.75771
5.74908
5.73157
5.69713
5.63222
5.51924
5.36288
5.76472
5.76389
5.76196
5.75781
5.74918
5.73167
5.69723
5.63232
5.51933
5.36298
5.76484
5.76402
5.76209
5.75795
5.74932
5.73181
5.69737
5.63246
5.51947
5.36311
5.76498
5.76419
5.76227
5.75813
5.7495
5.73199
5.69755
5.63264
5.51965
5.36329
3.55214
3.55126
3.5491
3.54434
3.53418
3.51275
3.46794
3.37345
3.16665
2.67226
3.55205
3.55117
3.549
3.54425
3.53408
3.51266
3.46786
3.37337
3.16658
2.67221
3.55198
3.5511
3.54894
3.54419
3.53402
3.5126
3.4678
3.37332
3.16653
2.67217
3.55194
3.55106
3.5489
3.54415
3.53398
3.51257
3.46777
3.37329
3.16651
2.67215
3.55193
3.55105
3.54889
3.54414
3.53397
3.51256
3.46776
3.37328
3.1665
2.67215
3.55194
3.55106
3.5489
3.54415
3.53399
3.51258
3.46778
3.3733
3.16652
2.67216
3.55198
3.5511
3.54894
3.5442
3.53403
3.51262
3.46782
3.37335
3.16657
2.6722
3.55204
3.55117
3.54901
3.54427
3.53411
3.5127
3.4679
3.37342
3.16664
2.67226
3.55213
3.55126
3.54911
3.54437
3.53421
3.5128
3.468
3.37352
3.16673
2.67234
3.55224
3.55139
3.54925
3.54451
3.53435
3.51294
3.46814
3.37366
3.16686
2.67245
2.11603
2.11518
2.11306
2.10835
2.0983
2.07724
2.03389
1.94603
1.77115
1.43647
2.11596
2.11512
2.11299
2.10829
2.09824
2.07718
2.03383
1.94598
1.77111
1.43643
2.11592
2.11507
2.11295
2.10825
2.09819
2.07714
2.03379
1.94595
1.77108
1.43641
2.11589
2.11505
2.11292
2.10822
2.09817
2.07711
2.03377
1.94593
1.77106
1.4364
2.11588
2.11504
2.11292
2.10822
2.09816
2.07711
2.03377
1.94592
1.77106
1.4364
2.11589
2.11505
2.11293
2.10823
2.09818
2.07712
2.03378
1.94594
1.77107
1.43641
2.11592
2.11508
2.11296
2.10826
2.09821
2.07715
2.03382
1.94597
1.7711
1.43643
2.11597
2.11513
2.11301
2.10831
2.09826
2.07721
2.03387
1.94602
1.77115
1.43647
2.11603
2.11519
2.11308
2.10839
2.09834
2.07728
2.03394
1.94609
1.77121
1.43653
2.11611
2.11529
2.11318
2.10848
2.09843
2.07738
2.03404
1.94618
1.7713
1.4366
1.21892
1.21818
1.21633
1.21227
1.20374
1.18641
1.15229
1.08772
0.972221
0.784257
1.21887
1.21814
1.21629
1.21223
1.2037
1.18637
1.15225
1.08769
0.972194
0.784235
1.21885
1.21811
1.21626
1.2122
1.20368
1.18635
1.15223
1.08767
0.972175
0.784221
1.21883
1.21809
1.21624
1.21218
1.20366
1.18633
1.15221
1.08766
0.972165
0.784214
1.21882
1.21809
1.21624
1.21218
1.20366
1.18633
1.15221
1.08766
0.972165
0.784214
1.21883
1.2181
1.21625
1.21219
1.20367
1.18634
1.15222
1.08767
0.972174
0.784222
1.21885
1.21812
1.21627
1.21221
1.20369
1.18636
1.15224
1.08769
0.972193
0.784238
1.21888
1.21815
1.2163
1.21225
1.20373
1.1864
1.15228
1.08772
0.972224
0.784264
1.21893
1.2182
1.21635
1.2123
1.20378
1.18645
1.15233
1.08777
0.972267
0.784299
1.21898
1.21826
1.21642
1.21236
1.20384
1.18651
1.15239
1.08783
0.972323
0.784346
0.679162
0.678585
0.677135
0.674014
0.667642
0.655157
0.631779
0.590404
0.522595
0.423576
0.679136
0.678559
0.67711
0.673989
0.667618
0.655133
0.631757
0.590385
0.522579
0.423563
0.679118
0.678541
0.677092
0.673972
0.667601
0.655117
0.631742
0.590371
0.522567
0.423554
0.679108
0.678531
0.677082
0.673962
0.667592
0.655109
0.631734
0.590365
0.522562
0.42355
0.679105
0.678529
0.67708
0.67396
0.66759
0.655108
0.631734
0.590364
0.522562
0.42355
0.67911
0.678534
0.677086
0.673967
0.667596
0.655114
0.63174
0.590371
0.522568
0.423555
0.679124
0.678548
0.6771
0.673981
0.667611
0.655129
0.631755
0.590384
0.52258
0.423566
0.679145
0.67857
0.677123
0.674005
0.667635
0.655153
0.631778
0.590406
0.5226
0.423582
0.679174
0.678601
0.677155
0.674038
0.667668
0.655186
0.63181
0.590436
0.522627
0.423605
0.679208
0.678641
0.677198
0.674081
0.667711
0.655228
0.631851
0.590475
0.522662
0.423635
0.366164
0.365749
0.364718
0.362544
0.358236
0.350113
0.335605
0.311369
0.274258
0.22388
0.366149
0.365734
0.364702
0.362529
0.358222
0.350099
0.335592
0.311357
0.274248
0.223873
0.366138
0.365723
0.364692
0.362518
0.358212
0.35009
0.335584
0.311349
0.274242
0.223867
0.366132
0.365718
0.364686
0.362513
0.358207
0.350085
0.335579
0.311345
0.274238
0.223865
0.366131
0.365716
0.364685
0.362512
0.358206
0.350084
0.335579
0.311345
0.274239
0.223865
0.366135
0.36572
0.364689
0.362516
0.35821
0.350089
0.335583
0.31135
0.274242
0.223869
0.366143
0.365729
0.364698
0.362525
0.35822
0.350098
0.335592
0.311358
0.27425
0.223875
0.366156
0.365743
0.364712
0.36254
0.358234
0.350113
0.335607
0.311371
0.274262
0.223885
0.366174
0.365762
0.364733
0.362561
0.358255
0.350133
0.335626
0.31139
0.274279
0.223899
0.366196
0.365787
0.364759
0.362588
0.358282
0.35016
0.335652
0.311414
0.2743
0.223917
0.191101
0.190825
0.190148
0.188754
0.186074
0.181196
0.172843
0.159544
0.140221
0.115286
0.191092
0.190816
0.190139
0.188746
0.186065
0.181188
0.172836
0.159538
0.140216
0.115282
0.191086
0.19081
0.190134
0.18874
0.18606
0.181182
0.172831
0.159534
0.140212
0.115279
0.191082
0.190807
0.19013
0.188737
0.186057
0.18118
0.172828
0.159531
0.14021
0.115278
0.191082
0.190806
0.19013
0.188737
0.186057
0.18118
0.172828
0.159532
0.140211
0.115278
0.191084
0.190809
0.190132
0.188739
0.186059
0.181182
0.172831
0.159534
0.140213
0.11528
0.191089
0.190814
0.190138
0.188745
0.186065
0.181188
0.172836
0.159539
0.140218
0.115284
0.191097
0.190822
0.190147
0.188754
0.186074
0.181197
0.172845
0.159547
0.140225
0.11529
0.191108
0.190834
0.190159
0.188766
0.186086
0.181209
0.172857
0.159558
0.140234
0.115298
0.191121
0.190849
0.190175
0.188782
0.186102
0.181225
0.172872
0.159572
0.140247
0.115309
0.0965897
0.0964191
0.0960058
0.0951733
0.0936164
0.090874
0.0863472
0.079422
0.069763
0.0577504
0.0965848
0.0964143
0.096001
0.0951686
0.0936118
0.0908697
0.0863432
0.0794184
0.06976
0.0577479
0.0965814
0.096411
0.0959978
0.0951655
0.0936088
0.0908669
0.0863406
0.0794161
0.069758
0.0577463
0.0965797
0.0964092
0.0959961
0.0951639
0.0936073
0.0908654
0.0863393
0.079415
0.0697571
0.0577456
0.0965794
0.096409
0.0959959
0.0951638
0.0936072
0.0908655
0.0863394
0.0794151
0.0697573
0.0577458
0.0965808
0.0964105
0.0959974
0.0951653
0.0936088
0.0908671
0.0863409
0.0794166
0.0697587
0.057747
0.0965839
0.0964136
0.0960006
0.0951686
0.0936121
0.0908703
0.0863441
0.0794196
0.0697613
0.0577493
0.0965886
0.0964185
0.0960056
0.0951737
0.0936172
0.0908754
0.086349
0.0794241
0.0697654
0.0577528
0.0965949
0.0964252
0.0960127
0.0951808
0.0936243
0.0908824
0.0863556
0.0794303
0.069771
0.0577575
0.0966024
0.096434
0.0960218
0.0951901
0.0936336
0.0908914
0.0863642
0.0794384
0.0697781
0.0577637
0.0473038
0.0472047
0.0469677
0.0465004
0.0456486
0.0441916
0.0418624
0.0384183
0.0337756
0.0281756
0.0473012
0.0472021
0.0469652
0.0464979
0.0456462
0.0441893
0.0418603
0.0384164
0.033774
0.0281743
0.0472994
0.0472004
0.0469635
0.0464963
0.0456447
0.0441879
0.0418589
0.0384152
0.033773
0.0281734
0.0472985
0.0471995
0.0469626
0.0464955
0.0456439
0.0441871
0.0418583
0.0384146
0.0337725
0.0281731
0.0472984
0.0471994
0.0469626
0.0464955
0.0456439
0.0441872
0.0418584
0.0384148
0.0337726
0.0281732
0.0472992
0.0472003
0.0469635
0.0464963
0.0456448
0.0441881
0.0418593
0.0384156
0.0337734
0.0281739
0.0473009
0.047202
0.0469653
0.0464982
0.0456466
0.0441899
0.041861
0.0384173
0.0337749
0.0281751
0.0473036
0.0472047
0.0469681
0.046501
0.0456495
0.0441927
0.0418637
0.0384198
0.0337771
0.0281771
0.0473071
0.0472085
0.046972
0.046505
0.0456534
0.0441966
0.0418674
0.0384232
0.0337802
0.0281797
0.0473113
0.0472134
0.0469771
0.0465101
0.0456585
0.0442015
0.0418721
0.0384276
0.0337841
0.0281831
0.0224586
0.0224042
0.0222759
0.0220276
0.0215858
0.0208501
0.0197083
0.018074
0.0159509
0.0135037
0.0224572
0.0224029
0.0222746
0.0220264
0.0215846
0.020849
0.0197072
0.018073
0.0159501
0.013503
0.0224563
0.022402
0.0222737
0.0220255
0.0215838
0.0208482
0.0197065
0.0180724
0.0159496
0.0135026
0.0224559
0.0224016
0.0222733
0.0220251
0.0215834
0.0208478
0.0197062
0.0180721
0.0159493
0.0135024
0.0224559
0.0224016
0.0222733
0.0220251
0.0215835
0.0208479
0.0197063
0.0180722
0.0159494
0.0135025
0.0224563
0.022402
0.0222738
0.0220256
0.021584
0.0208484
0.0197068
0.0180727
0.0159499
0.0135029
0.0224573
0.022403
0.0222747
0.0220266
0.0215849
0.0208494
0.0197077
0.0180736
0.0159507
0.0135036
0.0224587
0.0224045
0.0222762
0.0220282
0.0215865
0.0208509
0.0197091
0.0180749
0.0159518
0.0135046
0.0224606
0.0224065
0.0222783
0.0220303
0.0215886
0.0208529
0.0197111
0.0180767
0.0159535
0.013506
0.0224628
0.0224091
0.022281
0.022033
0.0215913
0.0208555
0.0197136
0.018079
0.0159556
0.0135078
0.0103424
0.0103141
0.0102481
0.0101227
0.00990455
0.00955054
0.00901761
0.00828471
0.00739466
0.00653711
0.0103418
0.0103135
0.0102475
0.0101221
0.00990396
0.00954997
0.00901709
0.00828424
0.00739424
0.00653675
0.0103413
0.010313
0.010247
0.0101217
0.00990357
0.00954961
0.00901675
0.00828394
0.00739398
0.00653653
0.0103411
0.0103128
0.0102468
0.0101215
0.00990338
0.00954944
0.00901661
0.00828381
0.00739388
0.00653644
0.0103411
0.0103128
0.0102468
0.0101215
0.00990341
0.00954948
0.00901665
0.00828386
0.00739393
0.00653649
0.0103414
0.0103131
0.0102471
0.0101218
0.00990368
0.00954974
0.00901691
0.00828411
0.00739416
0.0065367
0.0103418
0.0103136
0.0102476
0.0101223
0.00990419
0.00955025
0.0090174
0.00828456
0.00739458
0.00653708
0.0103426
0.0103143
0.0102484
0.0101231
0.00990498
0.00955102
0.00901813
0.00828525
0.0073952
0.00653765
0.0103436
0.0103154
0.0102495
0.0101242
0.00990606
0.00955207
0.00901913
0.00828618
0.00739605
0.00653842
0.0103447
0.0103167
0.0102509
0.0101256
0.00990744
0.00955342
0.00902041
0.00828737
0.00739713
0.00653938
1.29137
0.646075
0.341151
0.215271
0.207657
0.317592
0.60209
1.20327
2.42314
4.91222
1.29134
0.646057
0.341138
0.215259
0.207642
0.317568
0.602049
1.2032
2.42302
4.91201
1.29132
0.646045
0.34113
0.215252
0.207632
0.317552
0.602022
1.20315
2.42294
4.91188
1.29131
0.64604
0.341126
0.215248
0.207626
0.317543
0.602006
1.20312
2.4229
4.91181
1.29131
0.64604
0.341126
0.215247
0.207624
0.317539
0.601999
1.20311
2.42288
4.91178
1.29132
0.646046
0.34113
0.215249
0.207625
0.31754
0.602001
1.20312
2.42289
4.91179
1.29134
0.646059
0.341138
0.215254
0.20763
0.317546
0.60201
1.20313
2.42292
4.91185
1.29137
0.64608
0.34115
0.215263
0.207637
0.317555
0.602025
1.20316
2.42297
4.91194
1.29142
0.646107
0.341166
0.215273
0.207646
0.317566
0.602044
1.2032
2.42303
4.91206
1.29148
0.646139
0.341185
0.215286
0.207657
0.317579
0.602063
1.20323
2.42309
4.91218
0.877978
0.49443
0.279819
0.184831
0.181902
0.275664
0.509527
0.978911
1.84807
3.3351
0.877956
0.494416
0.279808
0.184821
0.181889
0.275644
0.509493
0.978854
1.84798
3.33496
0.877941
0.494406
0.279801
0.184814
0.18188
0.27563
0.509469
0.978815
1.84791
3.33486
0.877934
0.494401
0.279798
0.184811
0.181875
0.275621
0.509455
0.978791
1.84788
3.33481
0.877934
0.494401
0.279798
0.18481
0.181873
0.275618
0.509449
0.978782
1.84786
3.33479
0.877942
0.494407
0.279801
0.184812
0.181874
0.275619
0.509451
0.978785
1.84787
3.3348
0.877959
0.494418
0.279808
0.184817
0.181879
0.275624
0.509459
0.9788
1.84789
3.33484
0.877986
0.494435
0.279819
0.184824
0.181885
0.275633
0.509473
0.978824
1.84794
3.33491
0.878023
0.494459
0.279834
0.184835
0.181895
0.275644
0.509492
0.978857
1.84799
3.33501
0.878071
0.494489
0.279853
0.184848
0.181906
0.275659
0.509516
0.978898
1.84807
3.33513
0.532356
0.328648
0.200248
0.140289
0.141867
0.211961
0.378035
0.691507
1.22191
2.01817
0.532341
0.328638
0.200239
0.140281
0.141857
0.211945
0.378009
0.691466
1.22185
2.01807
0.532331
0.328631
0.200234
0.140276
0.14185
0.211934
0.377991
0.691437
1.2218
2.01801
0.532326
0.328627
0.200231
0.140273
0.141846
0.211928
0.37798
0.69142
1.22178
2.01797
0.532326
0.328628
0.200231
0.140272
0.141844
0.211925
0.377976
0.691413
1.22177
2.01796
0.532332
0.328632
0.200234
0.140274
0.141845
0.211926
0.377977
0.691416
1.22177
2.01797
0.532344
0.32864
0.20024
0.140278
0.141849
0.21193
0.377984
0.691427
1.22179
2.018
0.532363
0.328653
0.200248
0.140284
0.141855
0.211938
0.377996
0.691447
1.22182
2.01805
0.53239
0.328671
0.20026
0.140293
0.141863
0.211948
0.378012
0.691475
1.22187
2.01812
0.532424
0.328695
0.200276
0.140305
0.141874
0.211962
0.378033
0.69151
1.22193
2.01822
0.304105
0.200489
0.130277
0.0966548
0.100372
0.14759
0.253655
0.44285
0.740492
1.14996
0.304095
0.200482
0.130272
0.0966491
0.100365
0.147578
0.253637
0.442822
0.740451
1.14991
0.304088
0.200478
0.130268
0.0966453
0.10036
0.14757
0.253625
0.442803
0.740423
1.14987
0.304085
0.200475
0.130266
0.0966432
0.100357
0.147566
0.253617
0.442791
0.740406
1.14984
0.304086
0.200476
0.130266
0.0966428
0.100356
0.147564
0.253614
0.442787
0.740399
1.14984
0.30409
0.200479
0.130268
0.0966442
0.100357
0.147565
0.253615
0.442789
0.740403
1.14984
0.304098
0.200484
0.130272
0.0966472
0.10036
0.147568
0.253621
0.442797
0.740417
1.14986
0.304111
0.200493
0.130279
0.096652
0.100364
0.147574
0.25363
0.442812
0.74044
1.1499
0.304128
0.200506
0.130287
0.0966588
0.100371
0.147582
0.253642
0.442833
0.740473
1.14995
0.304151
0.200522
0.130299
0.0966676
0.100379
0.147593
0.253659
0.44286
0.740516
1.15001
0.166409
0.115101
0.0789121
0.0616046
0.0654618
0.0947381
0.157302
0.263658
0.421902
0.627412
0.166404
0.115096
0.0789084
0.0616008
0.0654568
0.0947306
0.15729
0.26364
0.421877
0.627378
0.1664
0.115093
0.0789059
0.0615982
0.0654533
0.0947254
0.157282
0.263628
0.42186
0.627355
0.166398
0.115092
0.0789047
0.0615968
0.0654513
0.0947223
0.157277
0.263621
0.421849
0.627341
0.166398
0.115092
0.0789047
0.0615966
0.0654507
0.0947211
0.157275
0.263618
0.421845
0.627336
0.166401
0.115094
0.0789061
0.0615975
0.0654514
0.0947218
0.157276
0.26362
0.421848
0.62734
0.166406
0.115098
0.0789089
0.0615997
0.0654535
0.0947243
0.15728
0.263625
0.421857
0.627353
0.166414
0.115104
0.0789133
0.0616031
0.0654568
0.0947286
0.157286
0.263636
0.421872
0.627376
0.166425
0.115112
0.0789193
0.0616079
0.0654615
0.0947346
0.157295
0.26365
0.421894
0.627408
0.166439
0.115123
0.0789271
0.0616141
0.0654676
0.0947425
0.157307
0.263669
0.421923
0.62745
0.0877847
0.0629757
0.045142
0.0368135
0.0398631
0.0568321
0.0915061
0.148148
0.228935
0.329868
0.0877812
0.062973
0.0451397
0.0368111
0.0398599
0.0568275
0.0914991
0.148138
0.22892
0.329849
0.087779
0.0629713
0.0451381
0.0368094
0.0398577
0.0568242
0.0914942
0.148131
0.22891
0.329835
0.087778
0.0629705
0.0451374
0.0368086
0.0398565
0.0568223
0.0914912
0.148126
0.228904
0.329827
0.0877782
0.0629706
0.0451375
0.0368084
0.0398561
0.0568216
0.0914901
0.148125
0.228902
0.329825
0.0877799
0.0629719
0.0451384
0.0368091
0.0398566
0.0568221
0.0914908
0.148126
0.228904
0.329827
0.087783
0.0629743
0.0451402
0.0368105
0.039858
0.0568238
0.0914933
0.14813
0.228909
0.329836
0.0877879
0.062978
0.045143
0.0368128
0.0398603
0.0568267
0.0914976
0.148136
0.228919
0.329849
0.0877945
0.0629831
0.0451468
0.036816
0.0398635
0.0568308
0.0915036
0.148145
0.228933
0.329869
0.0878031
0.0629896
0.0451518
0.0368201
0.0398676
0.0568361
0.0915115
0.148158
0.228951
0.329895
0.0448035
0.0331015
0.0246402
0.0208572
0.0229311
0.032241
0.0505204
0.0794055
0.119273
0.167733
0.0448015
0.0330999
0.0246388
0.0208557
0.0229292
0.0322382
0.0505164
0.0793996
0.119265
0.167723
0.0448003
0.0330989
0.0246379
0.0208548
0.0229279
0.0322363
0.0505135
0.0793955
0.11926
0.167715
0.0447997
0.0330985
0.0246375
0.0208542
0.0229271
0.0322351
0.0505118
0.079393
0.119256
0.167711
0.0447999
0.0330986
0.0246376
0.0208542
0.0229269
0.0322347
0.0505112
0.0793921
0.119255
0.16771
0.0448009
0.0330994
0.0246381
0.0208546
0.0229273
0.0322351
0.0505117
0.0793929
0.119256
0.167712
0.0448027
0.0331008
0.0246392
0.0208555
0.0229281
0.0322362
0.0505133
0.0793953
0.11926
0.167716
0.0448056
0.033103
0.0246409
0.0208569
0.0229296
0.032238
0.0505159
0.0793993
0.119266
0.167724
0.0448094
0.033106
0.0246433
0.0208589
0.0229316
0.0322407
0.0505197
0.0794049
0.119274
0.167736
0.0448144
0.0331099
0.0246463
0.0208615
0.0229343
0.032244
0.0505246
0.0794124
0.119285
0.167751
0.0222599
0.016898
0.0130182
0.0113905
0.0126818
0.0175974
0.0268995
0.0411686
0.0603028
0.082984
0.0222589
0.0168971
0.0130174
0.0113896
0.0126807
0.0175958
0.0268972
0.0411653
0.0602985
0.0829785
0.0222582
0.0168966
0.0130168
0.011389
0.0126799
0.0175947
0.0268956
0.041163
0.0602954
0.0829746
0.0222579
0.0168963
0.0130166
0.0113887
0.0126795
0.0175941
0.0268946
0.0411617
0.0602936
0.0829723
0.022258
0.0168964
0.0130166
0.0113887
0.0126794
0.0175939
0.0268943
0.0411612
0.0602931
0.0829717
0.0222586
0.0168969
0.013017
0.011389
0.0126796
0.0175941
0.0268946
0.0411617
0.0602938
0.0829727
0.0222596
0.0168977
0.0130176
0.0113895
0.0126801
0.0175948
0.0268956
0.0411632
0.0602958
0.0829755
0.0222612
0.016899
0.0130186
0.0113904
0.012681
0.0175959
0.0268972
0.0411655
0.0602992
0.0829801
0.0222634
0.0169007
0.01302
0.0113916
0.0126823
0.0175975
0.0268995
0.0411689
0.060304
0.0829866
0.0222662
0.0169029
0.0130218
0.0113931
0.0126839
0.0175996
0.0269025
0.0411732
0.0603102
0.0829951
0.011057
0.00870378
0.00696151
0.00629299
0.0070865
0.00970558
0.0144779
0.0215635
0.0307086
0.0410011
0.0110565
0.00870328
0.00696104
0.00629247
0.00708584
0.00970464
0.0144765
0.0215617
0.0307062
0.0409982
0.0110561
0.00870296
0.00696074
0.00629213
0.00708539
0.00970401
0.0144756
0.0215605
0.0307045
0.0409961
0.0110559
0.00870283
0.00696061
0.00629196
0.00708514
0.00970364
0.0144751
0.0215597
0.0307036
0.0409949
0.011056
0.00870289
0.00696064
0.00629196
0.00708509
0.00970354
0.0144749
0.0215595
0.0307033
0.0409946
0.0110563
0.00870316
0.00696085
0.00629212
0.00708524
0.0097037
0.0144752
0.0215598
0.0307038
0.0409953
0.0110569
0.00870365
0.00696124
0.00629247
0.00708559
0.00970413
0.0144758
0.0215607
0.030705
0.0409969
0.0110578
0.00870438
0.00696184
0.006293
0.00708615
0.00970483
0.0144767
0.0215621
0.0307069
0.0409994
0.011059
0.00870536
0.00696266
0.00629373
0.00708692
0.00970581
0.0144781
0.0215641
0.0307097
0.0410031
0.0110606
0.00870661
0.00696368
0.00629465
0.0070879
0.00970706
0.0144799
0.0215666
0.0307132
0.0410078
0.0062788
0.00528043
0.00440627
0.00410346
0.00466465
0.00631819
0.00922524
0.0133821
0.0184063
0.02313
0.00627848
0.00528015
0.004406
0.00410315
0.00466424
0.00631763
0.00922445
0.013381
0.0184049
0.0231284
0.00627827
0.00527996
0.00440581
0.00410293
0.00466395
0.00631722
0.00922386
0.0133802
0.0184039
0.0231272
0.00627819
0.00527988
0.00440572
0.00410281
0.00466379
0.00631697
0.00922352
0.0133797
0.0184033
0.0231265
0.00627824
0.00527992
0.00440575
0.00410281
0.00466376
0.00631691
0.00922343
0.0133796
0.0184032
0.0231264
0.00627845
0.0052801
0.0044059
0.00410293
0.00466387
0.00631704
0.00922359
0.0133798
0.0184035
0.0231268
0.00627883
0.00528043
0.00440617
0.00410318
0.00466412
0.00631735
0.00922402
0.0133804
0.0184043
0.0231278
0.00627939
0.00528092
0.00440659
0.00410356
0.00466453
0.00631785
0.00922471
0.0133814
0.0184056
0.0231294
0.00628014
0.00528157
0.00440714
0.00410407
0.00466507
0.00631854
0.00922566
0.0133827
0.0184074
0.0231317
0.00628106
0.00528237
0.00440783
0.0041047
0.00466575
0.0063194
0.00922685
0.0133844
0.0184097
0.0231346
10.1966
12.0882
12.8792
13.2406
13.4119
13.4939
13.5328
13.551
13.5593
13.5626
10.1962
12.0878
12.8788
13.2401
13.4115
13.4934
13.5324
13.5506
13.5589
13.5623
10.196
12.0875
12.8785
13.2399
13.4112
13.4932
13.5321
13.5503
13.5587
13.5621
10.1959
12.0874
12.8784
13.2397
13.4111
13.493
13.5319
13.5502
13.5586
13.562
10.1958
12.0873
12.8783
13.2397
13.411
13.493
13.5319
13.5502
13.5585
13.562
10.1958
12.0874
12.8784
13.2397
13.4111
13.493
13.532
13.5502
13.5586
13.5621
10.1959
12.0875
12.8785
13.2399
13.4112
13.4932
13.5321
13.5504
13.5588
13.5622
10.1961
12.0877
12.8788
13.2401
13.4115
13.4935
13.5324
13.5507
13.5591
13.5625
10.1964
12.088
12.8791
13.2405
13.4119
13.4938
13.5328
13.5511
13.5595
13.5629
10.1966
12.0883
12.8795
13.2409
13.4123
13.4943
13.5332
13.5515
13.5599
13.5634
5.47751
6.75946
7.4288
7.76489
7.93067
8.01122
8.0497
8.06773
8.07588
8.07913
5.47731
6.75923
7.42854
7.76463
7.9304
8.01095
8.04944
8.06747
8.07564
8.07895
5.47717
6.75907
7.42837
7.76444
7.93022
8.01077
8.04926
8.06729
8.07549
8.07881
5.47709
6.75897
7.42826
7.76434
7.93011
8.01066
8.04916
8.0672
8.0754
8.07873
5.47706
6.75894
7.42823
7.7643
7.93008
8.01063
8.04913
8.06718
8.07538
8.07872
5.47708
6.75896
7.42826
7.76434
7.93012
8.01068
8.04918
8.06723
8.07544
8.07878
5.47715
6.75905
7.42836
7.76445
7.93024
8.0108
8.0493
8.06736
8.07557
8.07891
5.47726
6.75919
7.42852
7.76462
7.93042
8.01099
8.0495
8.06756
8.07577
8.07911
5.47741
6.75939
7.42875
7.76487
7.93068
8.01125
8.04977
8.06783
8.07604
8.07938
5.47761
6.75965
7.42905
7.76519
7.93101
8.01159
8.05011
8.06818
8.07639
8.07973
2.98819
3.70939
4.15184
4.39895
4.52949
4.5958
4.62841
4.64398
4.65109
4.65392
2.98807
3.70925
4.15169
4.39879
4.52933
4.59563
4.62825
4.64382
4.65095
4.65381
2.98799
3.70915
4.15158
4.39867
4.52921
4.59552
4.62814
4.64371
4.65085
4.65373
2.98794
3.70909
4.15152
4.39861
4.52914
4.59545
4.62807
4.64365
4.65079
4.65368
2.98792
3.70907
4.1515
4.39859
4.52912
4.59543
4.62806
4.64364
4.65078
4.65367
2.98793
3.70908
4.15152
4.39861
4.52915
4.59546
4.62809
4.64367
4.65082
4.65371
2.98798
3.70914
4.15158
4.39869
4.52923
4.59555
4.62818
4.64376
4.65091
4.6538
2.98805
3.70923
4.15169
4.3988
4.52936
4.59568
4.62831
4.6439
4.65105
4.65394
2.98816
3.70937
4.15185
4.39897
4.52953
4.59586
4.6285
4.64408
4.65124
4.65413
2.9883
3.70955
4.15205
4.3992
4.52977
4.5961
4.62874
4.64433
4.65148
4.65438
1.61239
1.9932
2.25327
2.41173
2.5012
2.54897
2.57336
2.58532
2.59088
2.59312
1.61232
1.99312
2.25318
2.41164
2.5011
2.54887
2.57326
2.58522
2.5908
2.59305
1.61227
1.99306
2.25312
2.41157
2.50103
2.5488
2.57319
2.58515
2.59074
2.593
1.61224
1.99303
2.25308
2.41153
2.50099
2.54876
2.57315
2.58512
2.5907
2.59297
1.61223
1.99301
2.25306
2.41152
2.50098
2.54875
2.57314
2.58511
2.5907
2.59297
1.61224
1.99303
2.25308
2.41153
2.501
2.54877
2.57316
2.58514
2.59073
2.59299
1.61227
1.99306
2.25312
2.41158
2.50105
2.54882
2.57322
2.58519
2.59078
2.59305
1.61232
1.99312
2.25319
2.41166
2.50113
2.54891
2.57331
2.58528
2.59087
2.59314
1.61238
1.99321
2.25329
2.41177
2.50125
2.54903
2.57343
2.58541
2.591
2.59327
1.61248
1.99332
2.25343
2.41191
2.5014
2.54919
2.57359
2.58557
2.59116
2.59344
0.851271
1.04559
1.18814
1.28104
1.33659
1.36768
1.38416
1.3925
1.39646
1.39807
0.85123
1.04554
1.18808
1.28098
1.33653
1.36762
1.38411
1.39244
1.39641
1.39803
0.851201
1.04551
1.18805
1.28094
1.33649
1.36758
1.38407
1.3924
1.39638
1.398
0.851183
1.04549
1.18802
1.28092
1.33647
1.36755
1.38404
1.39238
1.39636
1.39798
0.851177
1.04548
1.18802
1.28091
1.33646
1.36755
1.38404
1.39238
1.39636
1.39798
0.851183
1.04549
1.18803
1.28092
1.33647
1.36756
1.38406
1.39239
1.39637
1.398
0.851201
1.04551
1.18805
1.28095
1.3365
1.3676
1.38409
1.39243
1.39641
1.39804
0.851231
1.04555
1.1881
1.281
1.33656
1.36765
1.38415
1.39249
1.39647
1.3981
0.851274
1.0456
1.18816
1.28107
1.33663
1.36773
1.38422
1.39256
1.39655
1.39818
0.851331
1.04567
1.18824
1.28116
1.33672
1.36783
1.38432
1.39267
1.39665
1.39828
0.43779
0.534317
0.608676
0.659702
0.691704
0.71038
0.720644
0.725987
0.72859
0.729657
0.437767
0.53429
0.608647
0.659671
0.691671
0.710347
0.720611
0.725955
0.72856
0.729636
0.437751
0.534271
0.608626
0.659648
0.691648
0.710324
0.720589
0.725934
0.728541
0.72962
0.437741
0.53426
0.608614
0.659636
0.691635
0.710311
0.720577
0.725922
0.728531
0.729611
0.437738
0.534257
0.60861
0.659633
0.691633
0.710309
0.720575
0.725921
0.728531
0.729611
0.437742
0.534262
0.608617
0.65964
0.691641
0.710318
0.720584
0.725931
0.728541
0.729622
0.437752
0.534275
0.608632
0.659657
0.69166
0.710338
0.720605
0.725953
0.728563
0.729644
0.437771
0.534298
0.608658
0.659686
0.691691
0.71037
0.720639
0.725987
0.728598
0.729679
0.437796
0.534329
0.608695
0.659727
0.691734
0.710416
0.720685
0.726034
0.728646
0.729727
0.437831
0.534372
0.608744
0.659781
0.691792
0.710475
0.720746
0.726096
0.728708
0.72979
0.218978
0.265679
0.30293
0.329535
0.346891
0.357395
0.363359
0.366551
0.36814
0.368802
0.218965
0.265664
0.302914
0.329518
0.346873
0.357377
0.363341
0.366533
0.368124
0.36879
0.218956
0.265654
0.302903
0.329506
0.346861
0.357365
0.363328
0.366521
0.368114
0.368781
0.218951
0.265648
0.302896
0.329499
0.346854
0.357358
0.363322
0.366515
0.368109
0.368777
0.218949
0.265646
0.302895
0.329497
0.346853
0.357357
0.363321
0.366515
0.368109
0.368777
0.218952
0.265649
0.302899
0.329502
0.346857
0.357362
0.363327
0.366521
0.368115
0.368784
0.218958
0.265657
0.302908
0.329512
0.346868
0.357374
0.363339
0.366534
0.368128
0.368797
0.218969
0.26567
0.302923
0.329529
0.346886
0.357393
0.363359
0.366554
0.368148
0.368817
0.218984
0.265688
0.302944
0.329552
0.346911
0.357419
0.363385
0.366581
0.368176
0.368845
0.219003
0.265712
0.302972
0.329583
0.346944
0.357453
0.363421
0.366617
0.368212
0.368881
0.106652
0.128539
0.146494
0.159745
0.168682
0.174267
0.17753
0.179323
0.180235
0.180619
0.106645
0.128532
0.146485
0.159736
0.168673
0.174257
0.177521
0.179314
0.180226
0.180613
0.106641
0.128526
0.146479
0.159729
0.168667
0.17425
0.177514
0.179308
0.180221
0.180609
0.106638
0.128523
0.146476
0.159726
0.168663
0.174247
0.177511
0.179305
0.180218
0.180606
0.106637
0.128523
0.146475
0.159725
0.168663
0.174247
0.177511
0.179305
0.180219
0.180607
0.106639
0.128524
0.146478
0.159728
0.168665
0.17425
0.177514
0.179308
0.180222
0.180611
0.106642
0.128529
0.146483
0.159733
0.168672
0.174256
0.177521
0.179315
0.180229
0.180618
0.106648
0.128536
0.146491
0.159743
0.168682
0.174267
0.177532
0.179326
0.180241
0.180629
0.106656
0.128546
0.146503
0.159756
0.168695
0.174281
0.177547
0.179341
0.180256
0.180645
0.106667
0.128559
0.146518
0.159773
0.168714
0.1743
0.177566
0.179361
0.180276
0.180665
0.051004
0.0606531
0.0688955
0.0751952
0.0795814
0.0824029
0.0840967
0.0850493
0.0855435
0.0857546
0.0510005
0.0606492
0.0688911
0.0751906
0.0795766
0.0823981
0.0840918
0.0850445
0.0855392
0.0857516
0.0509981
0.0606465
0.0688882
0.0751875
0.0795734
0.0823948
0.0840886
0.0850415
0.0855364
0.0857493
0.0509967
0.0606449
0.0688865
0.0751858
0.0795717
0.0823931
0.084087
0.08504
0.0855351
0.0857482
0.0509964
0.0606446
0.0688863
0.0751855
0.0795715
0.082393
0.084087
0.0850401
0.0855354
0.0857485
0.0509972
0.0606457
0.0688875
0.0751869
0.0795731
0.0823947
0.0840888
0.085042
0.0855374
0.0857506
0.0509992
0.060648
0.0688902
0.07519
0.0795764
0.0823983
0.0840925
0.0850459
0.0855413
0.0857546
0.0510024
0.0606519
0.0688947
0.075195
0.0795817
0.0824039
0.0840983
0.0850518
0.0855473
0.0857606
0.051007
0.0606573
0.0689009
0.0752019
0.0795891
0.0824116
0.0841063
0.0850599
0.0855556
0.0857689
0.0510129
0.0606644
0.068909
0.0752109
0.0795988
0.0824217
0.0841167
0.0850705
0.0855663
0.0857797
0.0246269
0.0280919
0.0315688
0.0344008
0.0364504
0.0378091
0.0386459
0.0391272
0.0393816
0.0394916
0.0246251
0.0280899
0.0315666
0.0343985
0.036448
0.0378066
0.0386435
0.0391249
0.0393795
0.0394902
0.0246239
0.0280886
0.0315652
0.034397
0.0364465
0.037805
0.0386419
0.0391234
0.0393782
0.0394891
0.0246232
0.0280878
0.0315644
0.0343961
0.0364456
0.0378042
0.0386411
0.0391227
0.0393775
0.0394886
0.0246231
0.0280877
0.0315643
0.0343961
0.0364456
0.0378043
0.0386412
0.0391228
0.0393777
0.0394888
0.0246236
0.0280883
0.031565
0.0343968
0.0364464
0.0378052
0.0386422
0.0391238
0.0393788
0.0394899
0.0246246
0.0280895
0.0315664
0.0343984
0.0364482
0.037807
0.0386441
0.0391258
0.0393808
0.039492
0.0246264
0.0280915
0.0315687
0.034401
0.0364509
0.0378099
0.0386471
0.0391289
0.0393839
0.0394951
0.0246289
0.0280944
0.0315719
0.0344045
0.0364547
0.0378139
0.0386512
0.0391331
0.0393882
0.0394994
0.0246321
0.0280981
0.0315761
0.0344091
0.0364597
0.0378191
0.0386566
0.0391385
0.0393937
0.039505
385.604
385.604
385.604
385.604
385.604
385.604
385.604
385.604
385.604
385.604
385.604
385.604
385.604
385.604
385.604
385.604
385.604
385.604
385.604
385.604
385.604
385.603
385.603
385.603
385.603
385.604
385.604
385.604
385.604
385.604
385.603
385.603
385.603
385.603
385.603
385.603
385.604
385.604
385.604
385.604
385.603
385.603
385.603
385.603
385.603
385.603
385.604
385.604
385.604
385.604
385.603
385.603
385.603
385.603
385.603
385.603
385.604
385.604
385.604
385.604
385.603
385.603
385.603
385.603
385.603
385.603
385.604
385.604
385.604
385.604
385.604
385.603
385.603
385.603
385.603
385.604
385.604
385.604
385.604
385.604
385.604
385.603
385.603
385.603
385.604
385.604
385.604
385.604
385.604
385.604
385.604
385.604
385.604
385.604
385.604
385.604
385.604
385.604
385.604
385.604
318.262
318.262
318.262
318.262
318.262
318.263
318.263
318.263
318.264
318.264
318.261
318.261
318.261
318.261
318.262
318.262
318.262
318.263
318.263
318.264
318.261
318.26
318.26
318.261
318.261
318.261
318.262
318.262
318.263
318.263
318.261
318.26
318.26
318.26
318.261
318.261
318.262
318.262
318.262
318.263
318.26
318.26
318.26
318.26
318.261
318.261
318.261
318.262
318.262
318.263
318.26
318.26
318.26
318.26
318.261
318.261
318.261
318.262
318.262
318.263
318.261
318.26
318.26
318.26
318.261
318.261
318.262
318.262
318.263
318.263
318.261
318.26
318.26
318.261
318.261
318.261
318.262
318.262
318.263
318.263
318.261
318.261
318.261
318.261
318.261
318.262
318.262
318.263
318.263
318.264
318.261
318.261
318.261
318.262
318.262
318.262
318.263
318.263
318.264
318.264
255.086
255.085
255.086
255.087
255.088
255.089
255.09
255.09
255.091
255.092
255.085
255.084
255.085
255.086
255.087
255.088
255.089
255.089
255.09
255.091
255.084
255.084
255.084
255.085
255.086
255.087
255.088
255.089
255.09
255.09
255.083
255.083
255.084
255.085
255.086
255.087
255.088
255.088
255.089
255.09
255.083
255.083
255.084
255.084
255.085
255.086
255.087
255.088
255.089
255.09
255.083
255.083
255.084
255.084
255.086
255.086
255.087
255.088
255.089
255.09
255.083
255.083
255.084
255.085
255.086
255.087
255.088
255.088
255.089
255.09
255.084
255.084
255.084
255.085
255.086
255.087
255.088
255.089
255.09
255.091
255.084
255.084
255.085
255.086
255.087
255.088
255.089
255.09
255.09
255.091
255.085
255.085
255.086
255.087
255.088
255.089
255.09
255.09
255.091
255.092
198.277
198.278
198.28
198.283
198.285
198.287
198.289
198.29
198.291
198.292
198.276
198.277
198.279
198.281
198.284
198.286
198.288
198.289
198.29
198.291
198.275
198.276
198.278
198.281
198.283
198.285
198.287
198.288
198.289
198.291
198.274
198.275
198.277
198.28
198.283
198.285
198.286
198.288
198.289
198.29
198.274
198.275
198.277
198.28
198.282
198.285
198.286
198.288
198.289
198.29
198.274
198.275
198.277
198.28
198.282
198.285
198.286
198.288
198.289
198.29
198.274
198.275
198.277
198.28
198.283
198.285
198.287
198.288
198.289
198.291
198.275
198.276
198.278
198.281
198.283
198.285
198.287
198.289
198.29
198.291
198.275
198.276
198.279
198.282
198.284
198.286
198.288
198.289
198.291
198.292
198.276
198.277
198.28
198.283
198.285
198.287
198.289
198.291
198.292
198.293
149.3
149.303
149.31
149.316
149.322
149.326
149.33
149.332
149.333
149.334
149.298
149.302
149.308
149.315
149.321
149.325
149.328
149.33
149.332
149.334
149.298
149.301
149.307
149.314
149.32
149.324
149.328
149.33
149.331
149.333
149.297
149.3
149.307
149.314
149.32
149.324
149.327
149.329
149.331
149.333
149.297
149.3
149.307
149.314
149.319
149.324
149.327
149.329
149.331
149.332
149.297
149.3
149.307
149.314
149.319
149.324
149.327
149.329
149.331
149.333
149.297
149.301
149.307
149.314
149.32
149.324
149.327
149.33
149.331
149.333
149.298
149.301
149.308
149.315
149.32
149.325
149.328
149.33
149.332
149.334
149.298
149.302
149.308
149.315
149.321
149.326
149.329
149.331
149.333
149.335
149.299
149.303
149.31
149.317
149.323
149.327
149.33
149.332
149.334
149.336
108.793
108.803
108.819
108.835
108.848
108.856
108.862
108.865
108.868
108.869
108.791
108.802
108.818
108.834
108.847
108.855
108.861
108.864
108.867
108.868
108.791
108.801
108.817
108.833
108.846
108.854
108.86
108.863
108.866
108.868
108.79
108.801
108.817
108.833
108.845
108.854
108.859
108.863
108.865
108.867
108.79
108.8
108.817
108.833
108.845
108.854
108.859
108.863
108.865
108.867
108.79
108.8
108.817
108.833
108.845
108.854
108.859
108.863
108.865
108.867
108.79
108.801
108.817
108.833
108.845
108.854
108.86
108.863
108.866
108.868
108.791
108.801
108.818
108.834
108.846
108.855
108.86
108.864
108.867
108.868
108.791
108.802
108.819
108.835
108.847
108.856
108.861
108.865
108.868
108.869
108.792
108.803
108.82
108.836
108.848
108.857
108.863
108.866
108.869
108.871
76.6207
76.6492
76.6881
76.7228
76.748
76.7643
76.774
76.7796
76.7829
76.7848
76.6197
76.6482
76.6871
76.7218
76.747
76.7633
76.773
76.7786
76.782
76.7841
76.619
76.6474
76.6863
76.721
76.7463
76.7625
76.7723
76.778
76.7814
76.7836
76.6185
76.647
76.6859
76.7206
76.7458
76.7621
76.7719
76.7776
76.781
76.7832
76.6183
76.6468
76.6857
76.7204
76.7457
76.762
76.7717
76.7775
76.7809
76.7831
76.6184
76.6468
76.6858
76.7205
76.7458
76.7621
76.7719
76.7776
76.781
76.7833
76.6186
76.6471
76.6861
76.7208
76.7461
76.7624
76.7722
76.778
76.7815
76.7837
76.6192
76.6477
76.6867
76.7214
76.7468
76.7631
76.7729
76.7787
76.7821
76.7844
76.6199
76.6485
76.6875
76.7223
76.7477
76.764
76.7738
76.7796
76.7831
76.7853
76.6208
76.6496
76.6887
76.7235
76.7489
76.7652
76.7751
76.7808
76.7843
76.7865
52.0247
52.1
52.1901
52.2623
52.3103
52.339
52.355
52.3637
52.3683
52.3706
52.0239
52.0991
52.1893
52.2614
52.3094
52.3381
52.3542
52.3629
52.3675
52.37
52.0233
52.0985
52.1887
52.2608
52.3088
52.3376
52.3536
52.3623
52.367
52.3696
52.0229
52.0982
52.1883
52.2604
52.3085
52.3372
52.3533
52.362
52.3667
52.3693
52.0227
52.098
52.1882
52.2603
52.3083
52.3371
52.3532
52.3619
52.3666
52.3693
52.0228
52.0981
52.1882
52.2604
52.3084
52.3372
52.3533
52.362
52.3668
52.3694
52.023
52.0984
52.1885
52.2607
52.3088
52.3375
52.3537
52.3624
52.3671
52.3698
52.0235
52.0988
52.1891
52.2612
52.3093
52.3381
52.3542
52.363
52.3677
52.3704
52.0242
52.0996
52.1898
52.262
52.3101
52.3389
52.3551
52.3638
52.3686
52.3712
52.0249
52.1005
52.1908
52.2631
52.3112
52.34
52.3562
52.3649
52.3697
52.3723
33.8069
34.0126
34.2154
34.3561
34.4404
34.4869
34.5113
34.5236
34.5297
34.5326
33.8062
34.0119
34.2147
34.3554
34.4397
34.4862
34.5106
34.523
34.5292
34.5321
33.8058
34.0115
34.2142
34.3549
34.4392
34.4858
34.5102
34.5226
34.5288
34.5318
33.8055
34.0112
34.2139
34.3547
34.439
34.4855
34.5099
34.5223
34.5285
34.5316
33.8054
34.0111
34.2138
34.3546
34.4389
34.4854
34.5099
34.5223
34.5285
34.5315
33.8054
34.0111
34.2139
34.3546
34.439
34.4855
34.51
34.5224
34.5286
34.5317
33.8057
34.0114
34.2142
34.3549
34.4392
34.4858
34.5103
34.5227
34.5289
34.532
33.806
34.0118
34.2146
34.3554
34.4397
34.4863
34.5107
34.5232
34.5294
34.5325
33.8066
34.0124
34.2152
34.356
34.4404
34.487
34.5114
34.5239
34.5301
34.5332
33.8072
34.0132
34.2161
34.3569
34.4413
34.4879
34.5124
34.5248
34.5311
34.5341
20.4739
21.0722
21.5044
21.7526
21.8844
21.9514
21.9846
22.0005
22.0081
22.0113
20.4735
21.0717
21.5039
21.7522
21.8839
21.951
21.9841
22.0001
22.0077
22.0111
20.4732
21.0714
21.5036
21.7518
21.8836
21.9506
21.9838
21.9998
22.0074
22.0108
20.473
21.0712
21.5034
21.7516
21.8834
21.9504
21.9836
21.9996
22.0072
22.0107
20.4729
21.0711
21.5033
21.7516
21.8833
21.9504
21.9835
21.9996
22.0072
22.0106
20.473
21.0712
21.5034
21.7516
21.8834
21.9505
21.9836
21.9997
22.0073
22.0107
20.4731
21.0714
21.5035
21.7518
21.8836
21.9507
21.9839
21.9999
22.0075
22.011
20.4734
21.0717
21.5039
21.7522
21.884
21.9511
21.9842
22.0003
22.0079
22.0114
20.4738
21.0721
21.5044
21.7527
21.8845
21.9516
21.9848
22.0009
22.0085
22.0119
20.4744
21.0728
21.5051
21.7534
21.8853
21.9524
21.9856
22.0016
22.0092
22.0127
0.00462225
0.00460821
0.00457583
0.00451541
0.00441252
0.00424979
0.00401251
0.00370034
0.0033486
0.00306304
0.00462194
0.0046079
0.00457552
0.00451512
0.00441223
0.00424952
0.00401226
0.00370011
0.00334841
0.0030629
0.00462173
0.0046077
0.00457533
0.00451492
0.00441205
0.00424935
0.0040121
0.00369997
0.00334828
0.00306279
0.00462163
0.0046076
0.00457523
0.00451483
0.00441196
0.00424927
0.00401203
0.00369991
0.00334824
0.00306275
0.00462164
0.00460761
0.00457525
0.00451485
0.00441198
0.0042493
0.00401206
0.00369995
0.00334827
0.00306278
0.00462176
0.00460774
0.00457538
0.00451498
0.00441212
0.00424943
0.00401219
0.00370007
0.00334839
0.0030629
0.00462201
0.00460799
0.00457563
0.00451524
0.00441238
0.00424969
0.00401244
0.0037003
0.0033486
0.0030631
0.00462238
0.00460837
0.00457602
0.00451564
0.00441277
0.00425007
0.0040128
0.00370064
0.00334891
0.00306339
0.00462287
0.00460889
0.00457655
0.00451618
0.0044133
0.00425059
0.0040133
0.0037011
0.00334934
0.00306379
0.00462345
0.00460956
0.00457725
0.00451687
0.00441399
0.00425125
0.00401393
0.0037017
0.00334988
0.00306428
0.00200593
0.00199928
0.00198409
0.00195622
0.00190974
0.00183807
0.00173683
0.00160928
0.00147462
0.00137659
0.00200579
0.00199913
0.00198395
0.00195608
0.0019096
0.00183794
0.00173672
0.00160917
0.00147453
0.00137652
0.0020057
0.00199904
0.00198385
0.00195599
0.00190952
0.00183786
0.00173664
0.00160911
0.00147448
0.00137648
0.00200565
0.001999
0.00198381
0.00195595
0.00190948
0.00183783
0.00173661
0.00160908
0.00147446
0.00137646
0.00200566
0.00199901
0.00198382
0.00195596
0.0019095
0.00183784
0.00173663
0.0016091
0.00147447
0.00137648
0.00200572
0.00199907
0.00198389
0.00195603
0.00190956
0.00183791
0.00173669
0.00160916
0.00147453
0.00137653
0.00200584
0.00199919
0.00198401
0.00195615
0.00190969
0.00183803
0.00173681
0.00160927
0.00147464
0.00137663
0.00200602
0.00199937
0.0019842
0.00195634
0.00190988
0.00183822
0.00173699
0.00160944
0.00147479
0.00137678
0.00200625
0.00199962
0.00198446
0.0019566
0.00191013
0.00183847
0.00173723
0.00160966
0.001475
0.00137698
0.00200654
0.00199995
0.00198479
0.00195694
0.00191046
0.00183879
0.00173753
0.00160995
0.00147526
0.00137722
0.000845773
0.000842745
0.000835911
0.000823573
0.000803406
0.000773063
0.000731483
0.000681111
0.000630678
0.000596487
0.000845708
0.000842682
0.000835849
0.000823512
0.000803347
0.000773008
0.000731432
0.000681065
0.000630638
0.00059646
0.000845666
0.00084264
0.000835808
0.000823473
0.00080331
0.000772973
0.0007314
0.000681037
0.000630614
0.000596441
0.000845647
0.000842622
0.00083579
0.000823456
0.000803295
0.000772959
0.000731387
0.000681026
0.000630605
0.000596434
0.000845652
0.000842627
0.000835796
0.000823462
0.000803302
0.000772967
0.000731396
0.000681035
0.000630614
0.000596443
0.000845681
0.000842657
0.000835827
0.000823494
0.000803333
0.000772998
0.000731426
0.000681064
0.000630643
0.00059647
0.000845737
0.000842714
0.000835885
0.000823552
0.000803392
0.000773055
0.000731482
0.000681117
0.000630692
0.000596518
0.000845821
0.0008428
0.000835973
0.000823641
0.000803479
0.000773141
0.000731563
0.000681194
0.000630765
0.000596588
0.000845931
0.000842916
0.000836092
0.000823761
0.000803599
0.000773257
0.000731674
0.000681298
0.000630863
0.000596681
0.000846063
0.000843066
0.000836248
0.000823917
0.000803752
0.000773405
0.000731815
0.000681431
0.000630986
0.000596798
0.000346661
0.000345339
0.000342383
0.000337127
0.000328702
0.000316315
0.000299811
0.000280494
0.000261952
0.000249975
0.000346633
0.000345311
0.000342356
0.000337101
0.000328676
0.000316291
0.000299788
0.000280474
0.000261935
0.000249963
0.000346615
0.000345293
0.000342338
0.000337084
0.00032866
0.000316276
0.000299775
0.000280461
0.000261924
0.000249955
0.000346607
0.000345286
0.000342331
0.000337077
0.000328654
0.00031627
0.00029977
0.000280457
0.000261921
0.000249952
0.00034661
0.000345288
0.000342334
0.000337081
0.000328658
0.000316274
0.000299774
0.000280462
0.000261926
0.000249957
0.000346624
0.000345302
0.000342348
0.000337095
0.000328672
0.000316289
0.000299788
0.000280475
0.000261939
0.00024997
0.000346649
0.000345328
0.000342375
0.000337122
0.000328699
0.000316315
0.000299813
0.000280499
0.000261962
0.000249992
0.000346687
0.000345367
0.000342414
0.000337162
0.000328738
0.000316353
0.00029985
0.000280534
0.000261995
0.000250024
0.000346737
0.000345419
0.000342468
0.000337216
0.000328792
0.000316405
0.0002999
0.000280581
0.000262039
0.000250067
0.000346797
0.000345487
0.000342538
0.000337286
0.000328861
0.000316472
0.000299963
0.000280641
0.000262095
0.00025012
0.000138202
0.000137645
0.000136414
0.000134255
0.000130857
0.000125969
0.000119619
0.000112404
0.000105708
0.000101526
0.00013819
0.000137634
0.000136402
0.000134244
0.000130847
0.000125959
0.00011961
0.000112396
0.000105701
0.000101522
0.000138183
0.000137626
0.000136395
0.000134237
0.00013084
0.000125953
0.000119604
0.000112391
0.000105696
0.000101518
0.000138179
0.000137623
0.000136392
0.000134234
0.000130837
0.00012595
0.000119602
0.000112389
0.000105695
0.000101517
0.000138181
0.000137625
0.000136394
0.000134236
0.000130839
0.000125952
0.000119604
0.000112391
0.000105697
0.00010152
0.000138187
0.000137631
0.0001364
0.000134243
0.000130846
0.000125959
0.00011961
0.000112397
0.000105703
0.000101525
0.000138198
0.000137642
0.000136412
0.000134254
0.000130857
0.00012597
0.000119621
0.000112408
0.000105713
0.000101535
0.000138215
0.000137659
0.000136429
0.000134272
0.000130875
0.000125987
0.000119637
0.000112423
0.000105728
0.000101549
0.000138237
0.000137682
0.000136452
0.000134295
0.000130898
0.00012601
0.000119659
0.000112444
0.000105748
0.000101568
0.000138263
0.000137712
0.000136483
0.000134326
0.000130928
0.000126039
0.000119687
0.00011247
0.000105772
0.000101592
5.3621e-05
5.3395e-05
5.28996e-05
5.20431e-05
5.07175e-05
4.88483e-05
4.64748e-05
4.38459e-05
4.14706e-05
4.00236e-05
5.36162e-05
5.33903e-05
5.28949e-05
5.20386e-05
5.07132e-05
4.88441e-05
4.6471e-05
4.38424e-05
4.14676e-05
4.00217e-05
5.36132e-05
5.33873e-05
5.2892e-05
5.20358e-05
5.07105e-05
4.88417e-05
4.64687e-05
4.38404e-05
4.14659e-05
4.00204e-05
5.36119e-05
5.33861e-05
5.28909e-05
5.20347e-05
5.07096e-05
4.88408e-05
4.64679e-05
4.38398e-05
4.14654e-05
4.00201e-05
5.36126e-05
5.33868e-05
5.28916e-05
5.20355e-05
5.07104e-05
4.88417e-05
4.64688e-05
4.38407e-05
4.14664e-05
4.00211e-05
5.36153e-05
5.33895e-05
5.28944e-05
5.20383e-05
5.07132e-05
4.88444e-05
4.64716e-05
4.38433e-05
4.1469e-05
4.00236e-05
5.36201e-05
5.33944e-05
5.28993e-05
5.20433e-05
5.07182e-05
4.88493e-05
4.64763e-05
4.38478e-05
4.14733e-05
4.00278e-05
5.36271e-05
5.34016e-05
5.29067e-05
5.20507e-05
5.07255e-05
4.88564e-05
4.64831e-05
4.38544e-05
4.14796e-05
4.00339e-05
5.36364e-05
5.34113e-05
5.29166e-05
5.20607e-05
5.07354e-05
4.8866e-05
4.64924e-05
4.38632e-05
4.14879e-05
4.0042e-05
5.36475e-05
5.34238e-05
5.29295e-05
5.20735e-05
5.0748e-05
4.88783e-05
4.65041e-05
4.38743e-05
4.14985e-05
4.00523e-05
2.02658e-05
2.01771e-05
1.99843e-05
1.96552e-05
1.9154e-05
1.84599e-05
1.75963e-05
1.66604e-05
1.58331e-05
1.53384e-05
2.02639e-05
2.01753e-05
1.99825e-05
1.96534e-05
1.91522e-05
1.84582e-05
1.75948e-05
1.6659e-05
1.58319e-05
1.53377e-05
2.02627e-05
2.01741e-05
1.99813e-05
1.96524e-05
1.91512e-05
1.84573e-05
1.75939e-05
1.66582e-05
1.58312e-05
1.53372e-05
2.02623e-05
2.01736e-05
1.99809e-05
1.9652e-05
1.91508e-05
1.84569e-05
1.75936e-05
1.6658e-05
1.58311e-05
1.53371e-05
2.02626e-05
2.0174e-05
1.99812e-05
1.96523e-05
1.91512e-05
1.84573e-05
1.7594e-05
1.66584e-05
1.58315e-05
1.53375e-05
2.02637e-05
2.01751e-05
1.99824e-05
1.96535e-05
1.91524e-05
1.84585e-05
1.75951e-05
1.66595e-05
1.58326e-05
1.53386e-05
2.02657e-05
2.01771e-05
1.99844e-05
1.96555e-05
1.91544e-05
1.84605e-05
1.75971e-05
1.66614e-05
1.58344e-05
1.53404e-05
2.02686e-05
2.01801e-05
1.99875e-05
1.96586e-05
1.91574e-05
1.84634e-05
1.75999e-05
1.66641e-05
1.5837e-05
1.53429e-05
2.02724e-05
2.01841e-05
1.99916e-05
1.96627e-05
1.91615e-05
1.84674e-05
1.76037e-05
1.66677e-05
1.58405e-05
1.53463e-05
2.0277e-05
2.01892e-05
1.99968e-05
1.9668e-05
1.91667e-05
1.84724e-05
1.76085e-05
1.66723e-05
1.58448e-05
1.53505e-05
7.4889e-06
7.45505e-06
7.38209e-06
7.25909e-06
7.07447e-06
6.82311e-06
6.51602e-06
6.18945e-06
5.90593e-06
5.73891e-06
7.48816e-06
7.45432e-06
7.38138e-06
7.25839e-06
7.07381e-06
6.82247e-06
6.51543e-06
6.18891e-06
5.90546e-06
5.73862e-06
7.4877e-06
7.45387e-06
7.38094e-06
7.25797e-06
7.07341e-06
6.8221e-06
6.51508e-06
6.1886e-06
5.90521e-06
5.73842e-06
7.48754e-06
7.45371e-06
7.38079e-06
7.25783e-06
7.07328e-06
6.82199e-06
6.51499e-06
6.18853e-06
5.90516e-06
5.7384e-06
7.48767e-06
7.45385e-06
7.38093e-06
7.25798e-06
7.07344e-06
6.82215e-06
6.51516e-06
6.18871e-06
5.90534e-06
5.73859e-06
7.48813e-06
7.45431e-06
7.3814e-06
7.25846e-06
7.07392e-06
6.82263e-06
6.51562e-06
6.18916e-06
5.90579e-06
5.73902e-06
7.48893e-06
7.45513e-06
7.38223e-06
7.25929e-06
7.07474e-06
6.82344e-06
6.51641e-06
6.18992e-06
5.90652e-06
5.73974e-06
7.49011e-06
7.45633e-06
7.38345e-06
7.26051e-06
7.07595e-06
6.82462e-06
6.51755e-06
6.19101e-06
5.90758e-06
5.74078e-06
7.49164e-06
7.45793e-06
7.38509e-06
7.26216e-06
7.07758e-06
6.8262e-06
6.51908e-06
6.19247e-06
5.90898e-06
5.74214e-06
7.49348e-06
7.45999e-06
7.38721e-06
7.26427e-06
7.07965e-06
6.82821e-06
6.52101e-06
6.19431e-06
5.91074e-06
5.74387e-06
2.78044e-06
2.76751e-06
2.73989e-06
2.69389e-06
2.62583e-06
2.53464e-06
2.42513e-06
2.31066e-06
2.21283e-06
2.1559e-06
2.78015e-06
2.76723e-06
2.73961e-06
2.69361e-06
2.62556e-06
2.53439e-06
2.4249e-06
2.31044e-06
2.21264e-06
2.15579e-06
2.77997e-06
2.76705e-06
2.73944e-06
2.69345e-06
2.62541e-06
2.53425e-06
2.42477e-06
2.31032e-06
2.21254e-06
2.15571e-06
2.77991e-06
2.76699e-06
2.73939e-06
2.6934e-06
2.62536e-06
2.53421e-06
2.42473e-06
2.3103e-06
2.21253e-06
2.15571e-06
2.77997e-06
2.76706e-06
2.73945e-06
2.69347e-06
2.62543e-06
2.53428e-06
2.42481e-06
2.31037e-06
2.21261e-06
2.15579e-06
2.78016e-06
2.76725e-06
2.73965e-06
2.69366e-06
2.62563e-06
2.53447e-06
2.425e-06
2.31056e-06
2.21279e-06
2.15597e-06
2.78049e-06
2.76758e-06
2.73998e-06
2.694e-06
2.62596e-06
2.5348e-06
2.42532e-06
2.31087e-06
2.21309e-06
2.15627e-06
2.78096e-06
2.76806e-06
2.74048e-06
2.69449e-06
2.62645e-06
2.53528e-06
2.42578e-06
2.31132e-06
2.21352e-06
2.15669e-06
2.78158e-06
2.76871e-06
2.74114e-06
2.69516e-06
2.62711e-06
2.53592e-06
2.42639e-06
2.3119e-06
2.21409e-06
2.15724e-06
2.78231e-06
2.76953e-06
2.74198e-06
2.696e-06
2.62793e-06
2.53672e-06
2.42716e-06
2.31264e-06
2.2148e-06
2.15793e-06
1.25485e-06
1.24889e-06
1.23623e-06
1.21539e-06
1.18497e-06
1.14485e-06
1.09742e-06
1.04863e-06
1.00751e-06
9.83828e-07
1.25473e-06
1.24877e-06
1.23611e-06
1.21527e-06
1.18486e-06
1.14474e-06
1.09732e-06
1.04853e-06
1.00743e-06
9.83785e-07
1.25465e-06
1.24869e-06
1.23604e-06
1.2152e-06
1.18479e-06
1.14467e-06
1.09726e-06
1.04848e-06
1.00739e-06
9.83754e-07
1.25462e-06
1.24867e-06
1.23602e-06
1.21518e-06
1.18477e-06
1.14466e-06
1.09725e-06
1.04847e-06
1.00738e-06
9.83754e-07
1.25466e-06
1.2487e-06
1.23605e-06
1.21521e-06
1.18481e-06
1.1447e-06
1.09729e-06
1.04851e-06
1.00742e-06
9.83796e-07
1.25475e-06
1.2488e-06
1.23615e-06
1.21531e-06
1.18491e-06
1.14479e-06
1.09739e-06
1.04861e-06
1.00751e-06
9.83887e-07
1.25491e-06
1.24896e-06
1.23631e-06
1.21547e-06
1.18507e-06
1.14496e-06
1.09754e-06
1.04876e-06
1.00766e-06
9.84033e-07
1.25515e-06
1.2492e-06
1.23655e-06
1.21572e-06
1.18531e-06
1.14519e-06
1.09777e-06
1.04898e-06
1.00787e-06
9.84241e-07
1.25544e-06
1.24951e-06
1.23687e-06
1.21604e-06
1.18563e-06
1.1455e-06
1.09807e-06
1.04926e-06
1.00815e-06
9.84512e-07
1.25579e-06
1.24989e-06
1.23727e-06
1.21643e-06
1.18601e-06
1.14587e-06
1.09843e-06
1.04961e-06
1.00848e-06
9.84839e-07
0.0115884
0.0127252
0.0140982
0.0153054
0.0162187
0.0168435
0.0172384
0.0174705
0.0175954
0.01765
0.0115875
0.0127243
0.0140972
0.0153043
0.0162175
0.0168424
0.0172373
0.0174694
0.0175944
0.0176494
0.0115869
0.0127236
0.0140965
0.0153036
0.0162168
0.0168416
0.0172365
0.0174687
0.0175937
0.0176488
0.0115865
0.0127233
0.0140961
0.0153032
0.0162164
0.0168413
0.0172362
0.0174684
0.0175935
0.0176486
0.0115865
0.0127232
0.0140961
0.0153032
0.0162164
0.0168413
0.0172362
0.0174685
0.0175936
0.0176487
0.0115868
0.0127235
0.0140965
0.0153036
0.0162168
0.0168418
0.0172367
0.017469
0.0175941
0.0176493
0.0115873
0.0127242
0.0140972
0.0153044
0.0162177
0.0168427
0.0172377
0.01747
0.0175951
0.0176503
0.0115883
0.0127252
0.0140983
0.0153057
0.0162191
0.0168441
0.0172392
0.0174715
0.0175967
0.0176519
0.0115895
0.0127266
0.0140999
0.0153074
0.016221
0.0168461
0.0172413
0.0174736
0.0175988
0.0176541
0.0115911
0.0127285
0.014102
0.0153097
0.0162234
0.0168487
0.0172439
0.0174763
0.0176016
0.0176568
0.00522095
0.00560725
0.00613153
0.0066246
0.00701434
0.00728967
0.00746813
0.00757524
0.00763385
0.00765982
0.00522053
0.00560681
0.00613106
0.00662411
0.00701383
0.00728914
0.0074676
0.00757473
0.00763339
0.00765951
0.00522025
0.00560651
0.00613074
0.00662377
0.00701348
0.0072888
0.00746726
0.00757441
0.00763311
0.00765928
0.0052201
0.00560636
0.00613058
0.00662361
0.00701332
0.00728863
0.0074671
0.00757427
0.00763299
0.00765918
0.00522009
0.00560635
0.00613058
0.00662361
0.00701333
0.00728866
0.00746714
0.00757432
0.00763305
0.00765926
0.00522022
0.0056065
0.00613075
0.0066238
0.00701354
0.00728889
0.00746739
0.00757458
0.00763332
0.00765953
0.00522052
0.00560682
0.00613111
0.0066242
0.00701397
0.00728934
0.00746786
0.00757507
0.00763382
0.00766004
0.00522098
0.00560733
0.00613166
0.00662481
0.00701463
0.00729004
0.00746858
0.0075758
0.00763457
0.00766079
0.00522161
0.00560802
0.00613244
0.00662566
0.00701554
0.00729099
0.00746957
0.00757681
0.00763559
0.00766182
0.00522236
0.00560892
0.00613344
0.00662676
0.00701671
0.00729222
0.00747084
0.00757811
0.00763691
0.00766315
0.00226585
0.00239961
0.00259543
0.00278997
0.00295003
0.00306661
0.00314407
0.00319151
0.0032179
0.00322973
0.00226566
0.00239941
0.00259522
0.00278975
0.00294979
0.00306638
0.00314383
0.00319128
0.0032177
0.00322959
0.00226553
0.00239928
0.00259507
0.0027896
0.00294964
0.00306622
0.00314368
0.00319114
0.00321757
0.00322949
0.00226547
0.00239921
0.002595
0.00278953
0.00294957
0.00306615
0.00314362
0.00319108
0.00321752
0.00322945
0.00226547
0.00239921
0.00259501
0.00278953
0.00294958
0.00306617
0.00314364
0.00319111
0.00321756
0.00322949
0.00226553
0.00239929
0.00259509
0.00278963
0.00294968
0.00306628
0.00314376
0.00319124
0.00321769
0.00322962
0.00226568
0.00239944
0.00259526
0.00278981
0.00294988
0.00306649
0.00314398
0.00319147
0.00321792
0.00322986
0.0022659
0.00239968
0.00259552
0.0027901
0.00295019
0.00306682
0.00314431
0.00319181
0.00321827
0.00323021
0.0022662
0.00240001
0.00259588
0.00279049
0.00295061
0.00306726
0.00314477
0.00319228
0.00321875
0.00323069
0.00226655
0.00240043
0.00259635
0.00279101
0.00295116
0.00306783
0.00314536
0.00319288
0.00321936
0.00323131
0.000950566
0.000997191
0.001069
0.00114353
0.00120704
0.00125463
0.001287
0.00130722
0.00131865
0.00132382
0.000950482
0.000997104
0.00106891
0.00114343
0.00120694
0.00125453
0.0012869
0.00130712
0.00131856
0.00132376
0.000950425
0.000997046
0.00106885
0.00114337
0.00120687
0.00125447
0.00128684
0.00130706
0.0013185
0.00132372
0.000950397
0.000997017
0.00106882
0.00114334
0.00120684
0.00125444
0.00128681
0.00130704
0.00131848
0.00132371
0.000950398
0.000997019
0.00106882
0.00114334
0.00120685
0.00125445
0.00128682
0.00130705
0.0013185
0.00132372
0.000950431
0.000997054
0.00106886
0.00114339
0.0012069
0.0012545
0.00128688
0.00130711
0.00131856
0.00132379
0.000950498
0.000997125
0.00106894
0.00114347
0.00120699
0.00125459
0.00128698
0.00130721
0.00131867
0.00132389
0.0009506
0.000997234
0.00106906
0.0011436
0.00120713
0.00125474
0.00128713
0.00130737
0.00131882
0.00132405
0.000950736
0.000997384
0.00106922
0.00114378
0.00120732
0.00125494
0.00128733
0.00130758
0.00131904
0.00132427
0.0009509
0.000997577
0.00106944
0.00114401
0.00120756
0.0012552
0.0012876
0.00130785
0.00131931
0.00132455
0.000386348
0.00040257
0.000428452
0.000456257
0.000480682
0.000499465
0.000512522
0.000520831
0.000525595
0.000527777
0.000386312
0.000402533
0.000428413
0.000456216
0.00048064
0.000499422
0.00051248
0.000520789
0.000525558
0.000527753
0.000386288
0.000402508
0.000428387
0.00045619
0.000480613
0.000499395
0.000512453
0.000520764
0.000525536
0.000527735
0.000386276
0.000402496
0.000428375
0.000456178
0.000480601
0.000499383
0.000512442
0.000520755
0.000525528
0.00052773
0.000386277
0.000402498
0.000428377
0.000456181
0.000480604
0.000499388
0.000512448
0.000520762
0.000525537
0.000527739
0.000386293
0.000402514
0.000428395
0.0004562
0.000480626
0.000499411
0.000512472
0.000520787
0.000525563
0.000527766
0.000386323
0.000402546
0.000428429
0.000456238
0.000480666
0.000499453
0.000512517
0.000520833
0.00052561
0.000527813
0.000386368
0.000402594
0.000428482
0.000456294
0.000480726
0.000499517
0.000512583
0.000520901
0.000525679
0.000527883
0.000386429
0.00040266
0.000428554
0.000456372
0.00048081
0.000499604
0.000512673
0.000520993
0.000525772
0.000527977
0.000386502
0.000402745
0.000428648
0.000456473
0.000480916
0.000499716
0.000512789
0.000521111
0.000525892
0.000528099
0.000152382
0.000157983
0.000167149
0.000177271
0.000186397
0.000193579
0.000198674
0.000201973
0.000203891
0.000204779
0.000152367
0.000157967
0.000167133
0.000177255
0.00018638
0.000193562
0.000198657
0.000201956
0.000203876
0.000204769
0.000152357
0.000157957
0.000167122
0.000177244
0.000186369
0.000193551
0.000198646
0.000201946
0.000203867
0.000204762
0.000152353
0.000157953
0.000167118
0.000177239
0.000186364
0.000193547
0.000198642
0.000201942
0.000203864
0.00020476
0.000152353
0.000157954
0.000167119
0.000177241
0.000186366
0.000193549
0.000198645
0.000201946
0.000203868
0.000204764
0.00015236
0.000157961
0.000167127
0.000177249
0.000186376
0.000193559
0.000198655
0.000201957
0.00020388
0.000204776
0.000152373
0.000157975
0.000167141
0.000177265
0.000186393
0.000193577
0.000198674
0.000201976
0.0002039
0.000204796
0.000152393
0.000157995
0.000167164
0.00017729
0.000186418
0.000193604
0.000198702
0.000202005
0.000203929
0.000204826
0.000152419
0.000158024
0.000167195
0.000177323
0.000186454
0.000193641
0.00019874
0.000202044
0.000203969
0.000204866
0.00015245
0.00015806
0.000167234
0.000177365
0.000186499
0.000193688
0.000198789
0.000202094
0.000204019
0.000204917
5.84186e-05
6.03304e-05
6.35192e-05
6.71202e-05
7.04394e-05
7.31062e-05
7.50333e-05
7.63013e-05
7.70487e-05
7.73981e-05
5.84127e-05
6.03243e-05
6.35129e-05
6.71136e-05
7.04326e-05
7.30993e-05
7.50264e-05
7.62946e-05
7.70427e-05
7.73942e-05
5.84088e-05
6.03204e-05
6.35088e-05
6.71094e-05
7.04283e-05
7.3095e-05
7.50222e-05
7.62907e-05
7.70393e-05
7.73915e-05
5.8407e-05
6.03186e-05
6.3507e-05
6.71076e-05
7.04265e-05
7.30933e-05
7.50207e-05
7.62894e-05
7.70383e-05
7.73908e-05
5.84075e-05
6.03191e-05
6.35076e-05
6.71084e-05
7.04275e-05
7.30944e-05
7.5022e-05
7.62909e-05
7.704e-05
7.73927e-05
5.84104e-05
6.03221e-05
6.35109e-05
6.71119e-05
7.04313e-05
7.30985e-05
7.50263e-05
7.62955e-05
7.70447e-05
7.73975e-05
5.84159e-05
6.03279e-05
6.35171e-05
6.71186e-05
7.04384e-05
7.3106e-05
7.50342e-05
7.63035e-05
7.7053e-05
7.74059e-05
5.84241e-05
6.03365e-05
6.35264e-05
6.71286e-05
7.04491e-05
7.31172e-05
7.50457e-05
7.63154e-05
7.70651e-05
7.74181e-05
5.84349e-05
6.03483e-05
6.35391e-05
6.71423e-05
7.04636e-05
7.31323e-05
7.50614e-05
7.63315e-05
7.70814e-05
7.74345e-05
5.8448e-05
6.03635e-05
6.35556e-05
6.71598e-05
7.04821e-05
7.31518e-05
7.50815e-05
7.6352e-05
7.71022e-05
7.74555e-05
2.18628e-05
2.25078e-05
2.35997e-05
2.48555e-05
2.60355e-05
2.70013e-05
2.77112e-05
2.81855e-05
2.84686e-05
2.86022e-05
2.18605e-05
2.25054e-05
2.35972e-05
2.48529e-05
2.60329e-05
2.69986e-05
2.77085e-05
2.81829e-05
2.84662e-05
2.86007e-05
2.1859e-05
2.25039e-05
2.35956e-05
2.48513e-05
2.60312e-05
2.69969e-05
2.77069e-05
2.81814e-05
2.84649e-05
2.85997e-05
2.18583e-05
2.25032e-05
2.35949e-05
2.48507e-05
2.60306e-05
2.69963e-05
2.77064e-05
2.81809e-05
2.84646e-05
2.85994e-05
2.18586e-05
2.25035e-05
2.35952e-05
2.4851e-05
2.6031e-05
2.69968e-05
2.77069e-05
2.81816e-05
2.84653e-05
2.86002e-05
2.18598e-05
2.25048e-05
2.35966e-05
2.48525e-05
2.60326e-05
2.69985e-05
2.77087e-05
2.81834e-05
2.84673e-05
2.86022e-05
2.1862e-05
2.25071e-05
2.35991e-05
2.48552e-05
2.60354e-05
2.70015e-05
2.77119e-05
2.81867e-05
2.84706e-05
2.86056e-05
2.18653e-05
2.25106e-05
2.36029e-05
2.48592e-05
2.60397e-05
2.7006e-05
2.77165e-05
2.81915e-05
2.84754e-05
2.86105e-05
2.18698e-05
2.25154e-05
2.3608e-05
2.48647e-05
2.60455e-05
2.70121e-05
2.77228e-05
2.81979e-05
2.8482e-05
2.86171e-05
2.18751e-05
2.25215e-05
2.36147e-05
2.48718e-05
2.6053e-05
2.70199e-05
2.77308e-05
2.82061e-05
2.84903e-05
2.86255e-05
8.21453e-06
8.43425e-06
8.81078e-06
9.25083e-06
9.67155e-06
1.00219e-05
1.02837e-05
1.04612e-05
1.05685e-05
1.06196e-05
8.21361e-06
8.43331e-06
8.8098e-06
9.24982e-06
9.67051e-06
1.00209e-05
1.02827e-05
1.04602e-05
1.05676e-05
1.0619e-05
8.21303e-06
8.43271e-06
8.80919e-06
9.24919e-06
9.66987e-06
1.00202e-05
1.0282e-05
1.04596e-05
1.05671e-05
1.06187e-05
8.21278e-06
8.43247e-06
8.80895e-06
9.24895e-06
9.66963e-06
1.002e-05
1.02819e-05
1.04595e-05
1.0567e-05
1.06186e-05
8.21289e-06
8.43259e-06
8.80909e-06
9.24911e-06
9.66982e-06
1.00202e-05
1.02821e-05
1.04598e-05
1.05673e-05
1.06189e-05
8.2134e-06
8.43312e-06
8.80965e-06
9.24972e-06
9.67048e-06
1.00209e-05
1.02828e-05
1.04605e-05
1.05681e-05
1.06197e-05
8.21432e-06
8.43408e-06
8.81068e-06
9.25082e-06
9.67165e-06
1.00221e-05
1.02841e-05
1.04618e-05
1.05695e-05
1.06211e-05
8.21569e-06
8.43552e-06
8.81222e-06
9.25246e-06
9.67338e-06
1.0024e-05
1.0286e-05
1.04638e-05
1.05714e-05
1.06231e-05
8.21749e-06
8.43746e-06
8.81429e-06
9.25467e-06
9.67572e-06
1.00264e-05
1.02885e-05
1.04664e-05
1.05741e-05
1.06257e-05
8.21964e-06
8.43992e-06
8.81695e-06
9.25749e-06
9.67869e-06
1.00295e-05
1.02917e-05
1.04696e-05
1.05774e-05
1.06291e-05
3.74909e-06
3.84047e-06
3.99868e-06
4.18621e-06
4.36838e-06
4.52258e-06
4.63963e-06
4.72013e-06
4.76936e-06
4.79298e-06
3.74869e-06
3.84006e-06
3.99826e-06
4.18577e-06
4.36794e-06
4.52213e-06
4.63918e-06
4.71969e-06
4.76898e-06
4.79276e-06
3.74842e-06
3.83979e-06
3.99798e-06
4.18549e-06
4.36765e-06
4.52184e-06
4.6389e-06
4.71944e-06
4.76876e-06
4.79259e-06
3.74832e-06
3.83968e-06
3.99787e-06
4.18538e-06
4.36755e-06
4.52175e-06
4.63882e-06
4.71937e-06
4.76872e-06
4.79257e-06
3.74838e-06
3.83975e-06
3.99795e-06
4.18547e-06
4.36765e-06
4.52186e-06
4.63895e-06
4.71952e-06
4.76888e-06
4.79275e-06
3.74864e-06
3.84002e-06
3.99823e-06
4.18578e-06
4.36798e-06
4.52221e-06
4.63932e-06
4.71991e-06
4.76928e-06
4.79316e-06
3.7491e-06
3.8405e-06
3.99874e-06
4.18632e-06
4.36856e-06
4.52282e-06
4.63995e-06
4.72056e-06
4.76995e-06
4.79383e-06
3.74978e-06
3.84121e-06
3.9995e-06
4.18713e-06
4.36941e-06
4.52371e-06
4.64087e-06
4.7215e-06
4.77091e-06
4.7948e-06
3.75066e-06
3.84216e-06
4.00051e-06
4.1882e-06
4.37054e-06
4.52489e-06
4.64209e-06
4.72275e-06
4.77218e-06
4.79608e-06
3.75166e-06
3.84332e-06
4.00176e-06
4.18952e-06
4.37193e-06
4.52634e-06
4.64358e-06
4.72427e-06
4.77373e-06
4.79764e-06
)
;

boundaryField
{
    inlet1
    {
        type            fixedValue;
        value           uniform 10;
    }
    inlet2
    {
        type            fixedValue;
        value           uniform 20;
    }
    outlet1
    {
        type            zeroGradient;
    }
    outlet2
    {
        type            zeroGradient;
    }
    fixedWalls
    {
        type            zeroGradient;
    }
}


// ************************************************************************* //
