/*--------------------------------*- C++ -*----------------------------------*\
  =========                 |
  \\      /  F ield         | OpenFOAM: The Open Source CFD Toolbox
   \\    /   O peration     | Website:  https://openfoam.org
    \\  /    A nd           | Version:  6
     \\/     M anipulation  |
\*---------------------------------------------------------------------------*/
FoamFile
{
    version     2.0;
    format      ascii;
    class       volScalarField;
    location    "0.07";
    object      T;
}
// * * * * * * * * * * * * * * * * * * * * * * * * * * * * * * * * * * * * * //

dimensions      [0 0 0 1 0 0 0];

internalField   nonuniform List<scalar> 
7000
(
98.156
98.1559
98.1558
98.1557
98.1557
98.1557
98.1557
98.1557
98.1558
98.1559
98.1559
98.1557
98.1556
98.1555
98.1555
98.1555
98.1555
98.1556
98.1557
98.1557
98.1558
98.1556
98.1555
98.1554
98.1554
98.1554
98.1554
98.1555
98.1556
98.1557
98.1557
98.1555
98.1554
98.1554
98.1554
98.1554
98.1554
98.1554
98.1555
98.1556
98.1557
98.1555
98.1554
98.1554
98.1553
98.1553
98.1554
98.1554
98.1555
98.1556
98.1557
98.1555
98.1554
98.1554
98.1553
98.1554
98.1554
98.1554
98.1555
98.1556
98.1557
98.1555
98.1555
98.1554
98.1554
98.1554
98.1554
98.1555
98.1555
98.1556
98.1557
98.1556
98.1555
98.1554
98.1554
98.1554
98.1555
98.1555
98.1556
98.1557
98.1558
98.1557
98.1556
98.1555
98.1555
98.1555
98.1555
98.1556
98.1557
98.1558
98.1559
98.1557
98.1557
98.1556
98.1556
98.1556
98.1556
98.1557
98.1558
98.1559
75.3322
75.3318
75.3316
75.3314
75.3314
75.3314
75.3314
75.3315
75.3317
75.3319
75.3318
75.3314
75.3312
75.331
75.331
75.331
75.331
75.3312
75.3314
75.3316
75.3316
75.3312
75.3309
75.3308
75.3307
75.3307
75.3308
75.3309
75.3311
75.3314
75.3314
75.331
75.3308
75.3306
75.3306
75.3306
75.3307
75.3308
75.331
75.3313
75.3314
75.331
75.3307
75.3306
75.3305
75.3305
75.3306
75.3308
75.331
75.3312
75.3314
75.331
75.3307
75.3306
75.3305
75.3305
75.3306
75.3308
75.331
75.3313
75.3314
75.331
75.3308
75.3307
75.3306
75.3306
75.3307
75.3309
75.3311
75.3314
75.3315
75.3312
75.3309
75.3308
75.3308
75.3308
75.3309
75.331
75.3312
75.3315
75.3317
75.3314
75.3311
75.331
75.331
75.331
75.3311
75.3312
75.3315
75.3317
75.3319
75.3316
75.3314
75.3313
75.3313
75.3313
75.3314
75.3315
75.3317
75.332
54.9113
54.9108
54.9104
54.9102
54.9101
54.9101
54.9102
54.9104
54.9106
54.9109
54.9108
54.9103
54.9099
54.9097
54.9096
54.9096
54.9097
54.9099
54.9102
54.9106
54.9104
54.9099
54.9096
54.9094
54.9093
54.9093
54.9094
54.9096
54.9099
54.9103
54.9102
54.9097
54.9094
54.9092
54.9091
54.9091
54.9092
54.9094
54.9097
54.9102
54.9101
54.9096
54.9093
54.9091
54.909
54.909
54.9091
54.9093
54.9097
54.9101
54.9101
54.9096
54.9093
54.9091
54.909
54.909
54.9092
54.9094
54.9097
54.9101
54.9102
54.9097
54.9094
54.9092
54.9091
54.9092
54.9093
54.9095
54.9098
54.9103
54.9104
54.9099
54.9096
54.9094
54.9094
54.9094
54.9095
54.9097
54.9101
54.9105
54.9107
54.9102
54.9099
54.9098
54.9097
54.9097
54.9098
54.9101
54.9104
54.9109
54.9109
54.9106
54.9103
54.9102
54.9101
54.9102
54.9103
54.9105
54.9109
54.9113
37.9327
37.9322
37.9318
37.9316
37.9315
37.9315
37.9316
37.9318
37.9321
37.9325
37.9322
37.9317
37.9313
37.9311
37.931
37.931
37.9311
37.9313
37.9317
37.9321
37.9318
37.9313
37.9309
37.9307
37.9306
37.9306
37.9308
37.931
37.9314
37.9319
37.9316
37.9311
37.9307
37.9305
37.9304
37.9304
37.9306
37.9308
37.9312
37.9317
37.9315
37.931
37.9306
37.9304
37.9303
37.9304
37.9305
37.9307
37.9311
37.9316
37.9315
37.931
37.9307
37.9304
37.9304
37.9304
37.9305
37.9308
37.9312
37.9317
37.9316
37.9311
37.9308
37.9306
37.9305
37.9305
37.9307
37.9309
37.9313
37.9318
37.9319
37.9314
37.931
37.9308
37.9308
37.9308
37.9309
37.9312
37.9316
37.9321
37.9322
37.9317
37.9314
37.9312
37.9312
37.9312
37.9313
37.9316
37.932
37.9325
37.9325
37.9322
37.9319
37.9318
37.9317
37.9317
37.9319
37.9322
37.9325
37.9331
24.7999
24.7994
24.7991
24.7989
24.7988
24.7988
24.7989
24.7991
24.7993
24.7997
24.7994
24.7989
24.7986
24.7984
24.7983
24.7983
24.7984
24.7986
24.7989
24.7994
24.7991
24.7986
24.7983
24.7981
24.798
24.798
24.7981
24.7983
24.7986
24.7991
24.7989
24.7984
24.7981
24.7979
24.7978
24.7978
24.7979
24.7981
24.7985
24.799
24.7988
24.7983
24.798
24.7978
24.7977
24.7977
24.7979
24.7981
24.7984
24.7989
24.7988
24.7983
24.798
24.7978
24.7978
24.7978
24.7979
24.7981
24.7985
24.799
24.7989
24.7985
24.7982
24.798
24.7979
24.7979
24.798
24.7983
24.7986
24.7991
24.7992
24.7987
24.7984
24.7982
24.7982
24.7982
24.7983
24.7985
24.7989
24.7994
24.7995
24.7991
24.7988
24.7986
24.7986
24.7986
24.7987
24.799
24.7993
24.7998
24.7999
24.7996
24.7993
24.7992
24.7991
24.7992
24.7993
24.7995
24.7999
24.8004
15.3352
15.3348
15.3345
15.3344
15.3343
15.3343
15.3343
15.3343
15.3344
15.3347
15.3348
15.3344
15.3342
15.334
15.3339
15.3339
15.3339
15.334
15.3341
15.3344
15.3345
15.3342
15.3339
15.3337
15.3336
15.3336
15.3337
15.3337
15.3339
15.3342
15.3344
15.334
15.3337
15.3336
15.3335
15.3335
15.3335
15.3336
15.3338
15.3341
15.3343
15.3339
15.3337
15.3335
15.3334
15.3334
15.3335
15.3336
15.3337
15.3341
15.3343
15.334
15.3337
15.3335
15.3335
15.3335
15.3335
15.3336
15.3338
15.3341
15.3344
15.3341
15.3338
15.3337
15.3336
15.3336
15.3336
15.3337
15.3339
15.3343
15.3346
15.3343
15.334
15.3339
15.3338
15.3338
15.3339
15.334
15.3342
15.3345
15.3349
15.3346
15.3344
15.3342
15.3342
15.3342
15.3342
15.3344
15.3345
15.3349
15.3353
15.335
15.3349
15.3347
15.3347
15.3347
15.3347
15.3348
15.335
15.3354
8.9683
8.96801
8.96781
8.96767
8.96758
8.96749
8.96736
8.96711
8.96677
8.96654
8.96801
8.96773
8.96753
8.96739
8.9673
8.96722
8.96708
8.96685
8.96652
8.96636
8.96782
8.96754
8.96733
8.9672
8.96711
8.96703
8.9669
8.96667
8.96637
8.96623
8.9677
8.96742
8.96722
8.96709
8.967
8.96692
8.96679
8.96657
8.96627
8.96615
8.96765
8.96737
8.96717
8.96704
8.96696
8.96688
8.96676
8.96654
8.96625
8.96612
8.96768
8.9674
8.9672
8.96707
8.96699
8.96691
8.9668
8.96658
8.96629
8.96617
8.96777
8.96749
8.9673
8.96718
8.9671
8.96702
8.96691
8.9667
8.96641
8.96628
8.96793
8.96766
8.96748
8.96736
8.96729
8.96722
8.96711
8.96689
8.96661
8.96648
8.96817
8.96792
8.96776
8.96765
8.96758
8.96751
8.9674
8.96719
8.9669
8.96678
8.96846
8.96828
8.96814
8.96804
8.96797
8.96791
8.9678
8.96759
8.9673
8.96718
4.96244
4.96224
4.9621
4.96198
4.96186
4.96163
4.96114
4.96016
4.95858
4.957
4.96225
4.96205
4.96191
4.96179
4.96167
4.96144
4.96096
4.95999
4.95842
4.95688
4.96212
4.96192
4.96178
4.96167
4.96154
4.96132
4.96084
4.95987
4.95832
4.95679
4.96204
4.96184
4.9617
4.96159
4.96146
4.96124
4.96077
4.95981
4.95826
4.95674
4.96201
4.96182
4.96167
4.96156
4.96144
4.96122
4.96075
4.95979
4.95824
4.95672
4.96203
4.96184
4.9617
4.96159
4.96147
4.96125
4.96077
4.95982
4.95828
4.95676
4.96209
4.96191
4.96177
4.96166
4.96155
4.96133
4.96086
4.9599
4.95836
4.95684
4.96222
4.96203
4.96191
4.9618
4.96169
4.96147
4.961
4.96005
4.95851
4.95699
4.96239
4.96223
4.96211
4.96201
4.9619
4.96169
4.96122
4.96026
4.95872
4.95721
4.96261
4.96249
4.96239
4.9623
4.96219
4.96198
4.96151
4.96056
4.95902
4.9575
2.60007
2.59995
2.59984
2.59973
2.59953
2.59905
2.59789
2.59528
2.59037
2.58414
2.59995
2.59983
2.59973
2.59961
2.59941
2.59894
2.59778
2.59517
2.59027
2.58407
2.59987
2.59975
2.59964
2.59953
2.59933
2.59886
2.5977
2.5951
2.59021
2.58401
2.59982
2.5997
2.5996
2.59949
2.59929
2.59882
2.59766
2.59506
2.59017
2.58398
2.59981
2.59968
2.59958
2.59947
2.59927
2.5988
2.59765
2.59505
2.59016
2.58398
2.59982
2.5997
2.5996
2.59949
2.59929
2.59882
2.59767
2.59507
2.59019
2.584
2.59987
2.59975
2.59965
2.59954
2.59935
2.59888
2.59772
2.59513
2.59025
2.58406
2.59995
2.59983
2.59974
2.59964
2.59944
2.59898
2.59782
2.59523
2.59034
2.58415
2.60007
2.59996
2.59988
2.59978
2.59958
2.59912
2.59797
2.59537
2.59049
2.5843
2.60022
2.60014
2.60007
2.59997
2.59978
2.59931
2.59816
2.59557
2.59068
2.5845
1.29133
1.29125
1.29118
1.29105
1.29075
1.28994
1.28772
1.28203
1.26893
1.24583
1.29126
1.29119
1.29111
1.29098
1.29069
1.28987
1.28766
1.28197
1.26888
1.24579
1.29122
1.29114
1.29106
1.29094
1.29064
1.28983
1.28761
1.28193
1.26884
1.24576
1.29119
1.29111
1.29103
1.29091
1.29062
1.2898
1.28759
1.28191
1.26882
1.24574
1.29118
1.2911
1.29103
1.2909
1.29061
1.2898
1.28758
1.2819
1.26882
1.24574
1.29119
1.29111
1.29104
1.29092
1.29062
1.28981
1.2876
1.28192
1.26883
1.24575
1.29122
1.29114
1.29107
1.29095
1.29066
1.28984
1.28763
1.28195
1.26887
1.24579
1.29127
1.2912
1.29113
1.29101
1.29072
1.2899
1.28769
1.28201
1.26893
1.24585
1.29135
1.29128
1.29121
1.2911
1.2908
1.28999
1.28778
1.2821
1.26902
1.24593
1.29144
1.29139
1.29133
1.29122
1.29093
1.29012
1.2879
1.28222
1.26914
1.24605
0.608685
0.608637
0.608576
0.608444
0.608079
0.607
0.603811
0.594432
0.566424
0.478522
0.608647
0.608601
0.608539
0.608408
0.608043
0.606964
0.603776
0.594399
0.566396
0.478504
0.608622
0.608575
0.608514
0.608383
0.608019
0.60694
0.603753
0.594378
0.566378
0.478491
0.608608
0.608561
0.6085
0.608369
0.608005
0.606927
0.60374
0.594367
0.566368
0.478483
0.608604
0.608557
0.608496
0.608366
0.608002
0.606924
0.603738
0.594365
0.566367
0.478483
0.60861
0.608564
0.608503
0.608373
0.60801
0.606932
0.603746
0.594373
0.566375
0.47849
0.608628
0.608582
0.608522
0.608393
0.60803
0.606952
0.603767
0.594394
0.566395
0.478507
0.608658
0.608614
0.608555
0.608427
0.608064
0.606987
0.603802
0.594428
0.566427
0.478534
0.608702
0.608661
0.608605
0.608477
0.608115
0.607039
0.603853
0.594479
0.566476
0.478576
0.608758
0.608726
0.608673
0.608547
0.608186
0.607109
0.603924
0.594549
0.566543
0.478634
0.272674
0.272645
0.272598
0.272481
0.272144
0.271159
0.268356
0.260666
0.240578
0.192176
0.272655
0.272627
0.27258
0.272463
0.272126
0.271142
0.268339
0.26065
0.240565
0.192167
0.272642
0.272614
0.272567
0.27245
0.272114
0.27113
0.268327
0.26064
0.240556
0.192161
0.272635
0.272607
0.27256
0.272443
0.272107
0.271123
0.268321
0.260634
0.240551
0.192158
0.272633
0.272605
0.272558
0.272442
0.272106
0.271122
0.26832
0.260634
0.240551
0.192158
0.272637
0.272609
0.272562
0.272446
0.27211
0.271126
0.268325
0.260638
0.240556
0.192161
0.272647
0.272619
0.272573
0.272457
0.272121
0.271138
0.268336
0.260649
0.240566
0.192169
0.272663
0.272636
0.272591
0.272475
0.27214
0.271156
0.268355
0.260667
0.240583
0.192183
0.272687
0.272662
0.272618
0.272503
0.272167
0.271184
0.268382
0.260694
0.240607
0.192203
0.272718
0.272698
0.272655
0.272541
0.272206
0.271222
0.26842
0.260731
0.240642
0.192232
0.116257
0.11624
0.116208
0.116121
0.115875
0.115186
0.113346
0.108737
0.0981699
0.0770739
0.116248
0.116231
0.116199
0.116112
0.115867
0.115178
0.113338
0.10873
0.0981639
0.0770697
0.116242
0.116225
0.116193
0.116107
0.115861
0.115172
0.113333
0.108725
0.0981599
0.0770668
0.116239
0.116222
0.11619
0.116103
0.115858
0.115169
0.11333
0.108723
0.0981579
0.0770654
0.116238
0.116221
0.116189
0.116103
0.115857
0.115169
0.11333
0.108722
0.0981579
0.0770655
0.11624
0.116224
0.116191
0.116105
0.11586
0.115171
0.113332
0.108725
0.0981601
0.0770673
0.116245
0.116229
0.116196
0.116111
0.115865
0.115177
0.113338
0.10873
0.0981651
0.0770713
0.116253
0.116238
0.116206
0.11612
0.115875
0.115187
0.113347
0.108739
0.0981733
0.0770779
0.116266
0.116251
0.116219
0.116134
0.115889
0.115201
0.113361
0.108753
0.0981855
0.0770877
0.116281
0.116269
0.116238
0.116153
0.115908
0.11522
0.11338
0.108771
0.0982023
0.0771015
0.0472457
0.0472365
0.0472163
0.047162
0.0470121
0.0466122
0.0456108
0.0433022
0.0385385
0.0301843
0.0472417
0.0472326
0.0472123
0.0471581
0.0470082
0.0466084
0.0456072
0.043299
0.0385359
0.0301824
0.047239
0.0472299
0.0472097
0.0471555
0.0470056
0.0466059
0.0456049
0.0432969
0.0385341
0.0301812
0.0472375
0.0472284
0.0472082
0.0471541
0.0470042
0.0466046
0.0456036
0.0432958
0.0385333
0.0301806
0.0472372
0.0472282
0.047208
0.0471539
0.0470041
0.0466045
0.0456036
0.0432958
0.0385333
0.0301807
0.0472383
0.0472292
0.0472091
0.047155
0.0470052
0.0466057
0.0456048
0.043297
0.0385344
0.0301816
0.0472407
0.0472317
0.0472117
0.0471577
0.047008
0.0466084
0.0456075
0.0432995
0.0385367
0.0301834
0.0472448
0.047236
0.0472161
0.0471622
0.0470125
0.0466129
0.0456119
0.0433038
0.0385405
0.0301865
0.0472507
0.0472423
0.0472226
0.0471688
0.0470192
0.0466196
0.0456185
0.0433101
0.0385462
0.030191
0.0472583
0.0472509
0.0472317
0.047178
0.0470284
0.0466288
0.0456275
0.0433187
0.038554
0.0301974
0.0183283
0.0183236
0.0183124
0.0182826
0.018203
0.0180007
0.0175233
0.0164977
0.0145495
0.0114293
0.0183266
0.0183219
0.0183107
0.0182809
0.0182013
0.0179991
0.0175218
0.0164963
0.0145484
0.0114285
0.0183255
0.0183208
0.0183096
0.0182798
0.0182002
0.0179981
0.0175208
0.0164954
0.0145477
0.011428
0.0183248
0.0183201
0.018309
0.0182792
0.0181997
0.0179975
0.0175203
0.016495
0.0145473
0.0114277
0.0183248
0.0183201
0.0183089
0.0182792
0.0181996
0.0179975
0.0175203
0.016495
0.0145474
0.0114278
0.0183252
0.0183206
0.0183094
0.0182797
0.0182002
0.0179981
0.0175208
0.0164956
0.0145479
0.0114282
0.0183264
0.0183217
0.0183106
0.0182809
0.0182014
0.0179993
0.0175221
0.0164967
0.0145489
0.011429
0.0183282
0.0183236
0.0183126
0.0182829
0.0182035
0.0180013
0.0175241
0.0164986
0.0145506
0.0114304
0.0183309
0.0183265
0.0183156
0.018286
0.0182065
0.0180044
0.017527
0.0165014
0.0145531
0.0114324
0.0183343
0.0183304
0.0183196
0.0182901
0.0182106
0.0180085
0.017531
0.0165052
0.0145565
0.0114352
0.00679738
0.00679511
0.00678953
0.00677487
0.00673707
0.00664521
0.00643936
0.00602256
0.00528072
0.0041674
0.00679669
0.00679443
0.00678885
0.0067742
0.00673642
0.00664458
0.00643876
0.00602203
0.00528029
0.00416708
0.00679624
0.00679398
0.0067884
0.00677376
0.00673598
0.00664416
0.00643837
0.00602169
0.00528001
0.00416687
0.00679599
0.00679374
0.00678817
0.00677352
0.00673576
0.00664395
0.00643818
0.00602152
0.00527988
0.00416678
0.00679597
0.00679372
0.00678815
0.00677352
0.00673575
0.00664395
0.00643819
0.00602154
0.0052799
0.00416681
0.00679619
0.00679394
0.00678838
0.00677375
0.00673599
0.0066442
0.00643843
0.00602177
0.00528011
0.00416698
0.00679667
0.00679444
0.00678889
0.00677427
0.00673652
0.00664472
0.00643895
0.00602226
0.00528055
0.00416733
0.00679747
0.00679526
0.00678974
0.00677514
0.0067374
0.0066456
0.0064398
0.00602306
0.00528125
0.0041679
0.00679862
0.00679648
0.006791
0.00677643
0.00673869
0.00664688
0.00644105
0.00602423
0.0052823
0.00416875
0.0068001
0.00679816
0.00679275
0.00677819
0.00674046
0.00664863
0.00644275
0.00602584
0.00528373
0.00416992
0.00241353
0.00241251
0.00240996
0.0024034
0.00238704
0.00234884
0.00226699
0.00210928
0.00184269
0.0014613
0.00241326
0.00241225
0.00240971
0.00240315
0.00238679
0.00234859
0.00226677
0.00210908
0.00184253
0.00146118
0.00241309
0.00241208
0.00240953
0.00240298
0.00238662
0.00234843
0.00226662
0.00210895
0.00184242
0.0014611
0.002413
0.00241199
0.00240945
0.00240289
0.00238654
0.00234836
0.00226655
0.00210889
0.00184237
0.00146107
0.00241299
0.00241199
0.00240944
0.00240289
0.00238654
0.00234836
0.00226656
0.0021089
0.00184239
0.00146108
0.00241308
0.00241208
0.00240954
0.00240299
0.00238665
0.00234846
0.00226666
0.00210899
0.00184247
0.00146115
0.00241328
0.00241228
0.00240975
0.00240321
0.00238686
0.00234868
0.00226687
0.00210919
0.00184265
0.00146129
0.00241361
0.00241262
0.0024101
0.00240356
0.00238722
0.00234903
0.00226721
0.00210951
0.00184293
0.00146152
0.00241408
0.00241311
0.00241061
0.00240408
0.00238774
0.00234955
0.00226771
0.00210998
0.00184335
0.00146186
0.00241468
0.0024138
0.00241132
0.00240479
0.00238845
0.00235025
0.0022684
0.00211062
0.00184392
0.00146233
0.000821615
0.000821192
0.000820119
0.000817412
0.000810864
0.000796114
0.00076573
0.00070956
0.00061849
0.000492877
0.000821519
0.000821097
0.000820024
0.000817318
0.000810773
0.000796026
0.000765648
0.000709487
0.00061843
0.000492833
0.000821455
0.000821034
0.000819962
0.000817256
0.000810713
0.000795968
0.000765595
0.000709441
0.000618393
0.000492804
0.000821423
0.000821002
0.000819931
0.000817226
0.000810683
0.000795941
0.00076557
0.000709419
0.000618376
0.000492792
0.000821423
0.000821003
0.000819932
0.000817228
0.000810686
0.000795945
0.000765575
0.000709425
0.000618382
0.000492798
0.000821459
0.000821039
0.00081997
0.000817267
0.000810726
0.000795985
0.000765614
0.000709462
0.000618415
0.000492826
0.000821537
0.000821119
0.000820051
0.00081735
0.00081081
0.000796068
0.000765695
0.000709538
0.000618482
0.000492881
0.000821664
0.000821249
0.000820186
0.000817487
0.000810947
0.000796203
0.000765826
0.00070966
0.00061859
0.000492969
0.000821845
0.000821441
0.000820383
0.000817687
0.000811148
0.000796402
0.000766018
0.00070984
0.000618749
0.000493099
0.00082208
0.000821704
0.000820656
0.000817963
0.000811423
0.000796673
0.00076628
0.000710085
0.000618966
0.000493277
0.000268526
0.000268361
0.00026794
0.0002669
0.000264454
0.000259118
0.000248499
0.000229561
0.000199953
0.000160502
0.000268492
0.000268327
0.000267907
0.000266867
0.000264422
0.000259088
0.00024847
0.000229536
0.000199932
0.000160486
0.00026847
0.000268305
0.000267885
0.000266845
0.000264402
0.000259068
0.000248452
0.00022952
0.000199919
0.000160476
0.000268459
0.000268295
0.000267874
0.000266835
0.000264392
0.000259059
0.000248444
0.000229513
0.000199914
0.000160472
0.00026846
0.000268295
0.000267875
0.000266836
0.000264393
0.000259061
0.000248446
0.000229515
0.000199916
0.000160475
0.000268474
0.000268309
0.00026789
0.000266851
0.000264408
0.000259076
0.000248461
0.000229529
0.000199929
0.000160485
0.000268502
0.000268339
0.00026792
0.000266882
0.000264439
0.000259106
0.00024849
0.000229557
0.000199953
0.000160505
0.000268549
0.000268387
0.000267969
0.000266932
0.00026449
0.000259156
0.000248538
0.000229602
0.000199993
0.000160538
0.000268616
0.000268458
0.000268042
0.000267006
0.000264563
0.000259229
0.000248609
0.000229667
0.00020005
0.000160586
0.000268703
0.000268555
0.000268143
0.000267107
0.000264664
0.000259328
0.000248704
0.000229756
0.000200129
0.00016065
8.43683e-05
8.43075e-05
8.41528e-05
8.37779e-05
8.29194e-05
8.10998e-05
7.75923e-05
7.1559e-05
6.2567e-05
5.17175e-05
8.43571e-05
8.42964e-05
8.41417e-05
8.3767e-05
8.29087e-05
8.10897e-05
7.75829e-05
7.15507e-05
6.25601e-05
5.1712e-05
8.43497e-05
8.42891e-05
8.41345e-05
8.37599e-05
8.29018e-05
8.10831e-05
7.75769e-05
7.15454e-05
6.25558e-05
5.17087e-05
8.43461e-05
8.42855e-05
8.41311e-05
8.37565e-05
8.28986e-05
8.10801e-05
7.75742e-05
7.15432e-05
6.2554e-05
5.17074e-05
8.43466e-05
8.4286e-05
8.41316e-05
8.37572e-05
8.28994e-05
8.1081e-05
7.75751e-05
7.15442e-05
6.25551e-05
5.17084e-05
8.43515e-05
8.42911e-05
8.41368e-05
8.37625e-05
8.29047e-05
8.10863e-05
7.75803e-05
7.15491e-05
6.25595e-05
5.17122e-05
8.43618e-05
8.43015e-05
8.41475e-05
8.37733e-05
8.29156e-05
8.10971e-05
7.75907e-05
7.15588e-05
6.25681e-05
5.17195e-05
8.43784e-05
8.43185e-05
8.41649e-05
8.3791e-05
8.29334e-05
8.11146e-05
7.76076e-05
7.15744e-05
6.2582e-05
5.17313e-05
8.4402e-05
8.43434e-05
8.41905e-05
8.3817e-05
8.29593e-05
8.11401e-05
7.76321e-05
7.15973e-05
6.26022e-05
5.17485e-05
8.44327e-05
8.43775e-05
8.42258e-05
8.38525e-05
8.29947e-05
8.11748e-05
7.76655e-05
7.16283e-05
6.26298e-05
5.17716e-05
0.175881
0.0648051
0.0238444
0.00950974
0.0065333
0.0119186
0.0320942
0.089717
0.247017
0.671371
0.175873
0.0648018
0.023843
0.00950885
0.00653215
0.011916
0.0320881
0.0897025
0.246984
0.671296
0.175868
0.0647996
0.023842
0.00950831
0.00653144
0.0119145
0.0320844
0.0896939
0.246965
0.671254
0.175865
0.0647986
0.0238416
0.00950805
0.00653108
0.0119137
0.0320825
0.0896894
0.246955
0.671232
0.175865
0.0647987
0.0238417
0.00950806
0.00653099
0.0119134
0.0320818
0.089688
0.246952
0.671226
0.175869
0.0648003
0.0238424
0.00950837
0.00653115
0.0119136
0.0320823
0.0896891
0.246955
0.671233
0.175876
0.0648035
0.0238438
0.00950901
0.00653156
0.0119142
0.0320836
0.0896927
0.246963
0.671254
0.175888
0.0648089
0.0238461
0.00951003
0.00653221
0.0119151
0.0320858
0.0896983
0.246978
0.671289
0.175906
0.0648166
0.0238494
0.00951147
0.00653307
0.0119163
0.0320885
0.0897052
0.246996
0.671336
0.17593
0.0648265
0.0238535
0.00951326
0.00653404
0.0119174
0.032091
0.0897118
0.247013
0.671382
0.0966488
0.0419043
0.0169843
0.00725168
0.00520653
0.00936988
0.0242123
0.0637296
0.159619
0.368829
0.0966441
0.0419021
0.0169832
0.00725099
0.00520561
0.00936792
0.0242077
0.0637194
0.159598
0.368789
0.0966409
0.0419006
0.0169826
0.00725057
0.00520504
0.0093667
0.0242049
0.0637131
0.159585
0.368763
0.0966393
0.0418999
0.0169822
0.00725036
0.00520475
0.00936604
0.0242034
0.0637098
0.159578
0.36875
0.0966395
0.0419001
0.0169823
0.00725037
0.00520468
0.00936583
0.0242029
0.0637087
0.159576
0.368746
0.0966416
0.0419012
0.0169828
0.00725062
0.00520481
0.00936599
0.0242032
0.0637096
0.159578
0.368751
0.0966463
0.0419035
0.0169839
0.00725114
0.00520516
0.00936648
0.0242043
0.0637123
0.159584
0.368764
0.096654
0.0419074
0.0169857
0.00725198
0.00520571
0.00936727
0.0242061
0.0637167
0.159594
0.368786
0.0966655
0.041913
0.0169883
0.00725319
0.00520647
0.00936832
0.0242085
0.0637225
0.159608
0.368816
0.0966815
0.0419208
0.0169919
0.00725483
0.00520746
0.00936959
0.0242113
0.0637295
0.159625
0.368854
0.0448437
0.0219741
0.00979329
0.0045352
0.00344674
0.00608323
0.0148992
0.036591
0.0836213
0.171084
0.0448412
0.0219729
0.00979264
0.00453475
0.00344613
0.00608196
0.0148964
0.036585
0.0836099
0.171064
0.0448396
0.021972
0.00979222
0.00453447
0.00344575
0.00608115
0.0148946
0.0365813
0.0836026
0.171051
0.0448388
0.0219716
0.00979203
0.00453433
0.00344554
0.00608071
0.0148936
0.0365792
0.0835986
0.171044
0.0448389
0.0219717
0.00979209
0.00453434
0.0034455
0.00608057
0.0148933
0.0365786
0.0835974
0.171042
0.0448401
0.0219724
0.00979244
0.00453451
0.0034456
0.00608068
0.0148935
0.0365792
0.0835987
0.171045
0.0448427
0.0219738
0.00979314
0.00453487
0.00344584
0.00608103
0.0148943
0.0365809
0.0836024
0.171052
0.0448469
0.0219761
0.00979429
0.00453545
0.00344624
0.0060816
0.0148955
0.0365837
0.0836085
0.171064
0.0448531
0.0219795
0.00979598
0.00453629
0.00344681
0.0060824
0.0148973
0.0365877
0.0836172
0.171081
0.0448618
0.0219843
0.00979834
0.00453745
0.00344757
0.00608342
0.0148995
0.0365928
0.0836285
0.171104
0.0190112
0.0101601
0.00490296
0.00245266
0.00197029
0.0034055
0.00790785
0.0182221
0.0386154
0.0725051
0.0190101
0.0101594
0.00490261
0.0024524
0.00196993
0.00340477
0.00790632
0.0182191
0.0386099
0.0724964
0.0190093
0.010159
0.00490238
0.00245224
0.0019697
0.00340431
0.00790534
0.0182171
0.0386063
0.0724905
0.019009
0.0101588
0.00490228
0.00245216
0.00196958
0.00340405
0.0079048
0.0182161
0.0386044
0.0724873
0.0190091
0.0101589
0.00490232
0.00245217
0.00196955
0.00340397
0.00790462
0.0182157
0.0386038
0.0724863
0.0190097
0.0101592
0.00490252
0.00245227
0.00196962
0.00340405
0.00790477
0.018216
0.0386045
0.0724876
0.0190109
0.01016
0.00490292
0.00245248
0.00196977
0.00340426
0.00790522
0.018217
0.0386064
0.0724911
0.019013
0.0101612
0.00490356
0.00245283
0.00197002
0.00340463
0.00790597
0.0182187
0.0386097
0.0724971
0.0190161
0.010163
0.00490452
0.00245334
0.00197039
0.00340514
0.00790704
0.018221
0.0386145
0.0725057
0.0190204
0.0101655
0.00490586
0.00245404
0.00197088
0.00340581
0.00790845
0.0182241
0.0386209
0.0725177
0.00755561
0.00429855
0.00221329
0.00118598
0.00100085
0.00169517
0.0037491
0.00817605
0.0163129
0.0288034
0.0075551
0.00429826
0.00221312
0.00118584
0.00100066
0.0016948
0.00374836
0.00817464
0.0163105
0.0287998
0.00755477
0.00429807
0.00221302
0.00118576
0.00100054
0.00169456
0.00374787
0.00817371
0.0163089
0.0287973
0.00755462
0.00429799
0.00221297
0.00118572
0.00100048
0.00169443
0.0037476
0.00817319
0.016308
0.0287958
0.00755467
0.00429802
0.00221299
0.00118572
0.00100047
0.00169439
0.00374752
0.00817303
0.0163077
0.0287955
0.00755496
0.0042982
0.00221309
0.00118578
0.0010005
0.00169443
0.0037476
0.00817321
0.0163081
0.0287961
0.00755554
0.00429856
0.00221329
0.00118589
0.00100059
0.00169456
0.00374784
0.0081737
0.016309
0.0287977
0.00755649
0.00429915
0.00221362
0.00118608
0.00100073
0.00169476
0.00374825
0.00817455
0.0163106
0.0288005
0.0075579
0.00430002
0.00221411
0.00118635
0.00100094
0.00169505
0.00374883
0.00817577
0.016313
0.0288045
0.00755987
0.00430123
0.00221479
0.00118673
0.00100122
0.00169544
0.00374962
0.00817741
0.0163162
0.0288102
0.00284556
0.00169595
0.000920736
0.000523842
0.000461123
0.000766427
0.00162351
0.00337882
0.00642489
0.0108424
0.00284535
0.00169583
0.00092066
0.000523779
0.000461033
0.000766257
0.00162318
0.00337821
0.00642389
0.0108409
0.00284521
0.00169575
0.000920611
0.000523739
0.000460976
0.000766146
0.00162296
0.00337781
0.00642321
0.0108399
0.00284515
0.00169571
0.000920591
0.00052372
0.000460945
0.000766084
0.00162283
0.00337758
0.00642283
0.0108393
0.00284518
0.00169573
0.000920601
0.000523723
0.000460939
0.000766065
0.0016228
0.00337752
0.00642273
0.0108392
0.00284531
0.00169581
0.00092065
0.00052375
0.000460957
0.000766087
0.00162284
0.0033776
0.00642289
0.0108394
0.00284556
0.00169598
0.000920745
0.000523806
0.000461001
0.000766149
0.00162296
0.00337784
0.00642332
0.0108401
0.00284597
0.00169624
0.000920899
0.000523898
0.000461075
0.000766253
0.00162316
0.00337823
0.00642405
0.0108413
0.00284658
0.00169663
0.000921127
0.000524032
0.000461182
0.000766404
0.00162345
0.00337882
0.00642513
0.0108431
0.00284742
0.00169717
0.000921441
0.000524217
0.000461327
0.000766607
0.00162384
0.00337961
0.00642662
0.0108456
0.00102128
0.000630829
0.000357822
0.000214435
0.000195602
0.000319563
0.000651854
0.00130395
0.00238514
0.0038891
0.0010212
0.000630779
0.00035779
0.000214407
0.000195563
0.00031949
0.000651716
0.00130371
0.00238475
0.00388854
0.00102115
0.000630747
0.00035777
0.00021439
0.000195537
0.000319441
0.000651624
0.00130355
0.00238449
0.00388815
0.00102113
0.000630734
0.000357761
0.000214382
0.000195523
0.000319414
0.000651572
0.00130345
0.00238434
0.00388793
0.00102114
0.000630743
0.000357767
0.000214383
0.000195521
0.000319407
0.000651557
0.00130343
0.0023843
0.00388788
0.00102119
0.000630778
0.000357788
0.000214396
0.00019553
0.000319417
0.000651576
0.00130346
0.00238437
0.00388799
0.00102129
0.000630846
0.000357829
0.000214421
0.000195551
0.000319446
0.00065163
0.00130357
0.00238455
0.00388828
0.00102146
0.000630957
0.000357897
0.000214463
0.000195585
0.000319495
0.000651721
0.00130374
0.00238486
0.00388879
0.00102171
0.00063112
0.000357995
0.000214524
0.000195636
0.000319566
0.000651856
0.001304
0.00238532
0.00388953
0.00102205
0.000631345
0.000358132
0.000214607
0.000195705
0.000319663
0.000652038
0.00130436
0.00238596
0.00389057
0.000350847
0.000223063
0.000131329
8.23652e-05
7.74318e-05
0.000124532
0.000245724
0.000475107
0.000841577
0.00133516
0.000350816
0.000223044
0.000131316
8.23539e-05
7.74156e-05
0.000124503
0.00024567
0.000475013
0.00084143
0.00133495
0.000350797
0.000223032
0.000131308
8.23466e-05
7.7405e-05
0.000124483
0.000245633
0.00047495
0.000841331
0.00133481
0.00035079
0.000223027
0.000131305
8.23433e-05
7.73993e-05
0.000124472
0.000245613
0.000474915
0.000841275
0.00133473
0.000350795
0.000223031
0.000131307
8.2344e-05
7.73985e-05
0.000124469
0.000245607
0.000474906
0.000841262
0.00133471
0.000350816
0.000223045
0.000131316
8.23494e-05
7.74024e-05
0.000124474
0.000245616
0.000474922
0.00084129
0.00133476
0.000350856
0.000223072
0.000131333
8.23603e-05
7.74116e-05
0.000124487
0.000245639
0.000474964
0.000841364
0.00133487
0.000350922
0.000223116
0.000131361
8.2378e-05
7.74268e-05
0.000124508
0.000245678
0.000475037
0.00084149
0.00133507
0.000351018
0.000223181
0.000131401
8.24038e-05
7.74491e-05
0.00012454
0.000245735
0.000475144
0.000841676
0.00133537
0.00035115
0.00022327
0.000131456
8.24392e-05
7.74792e-05
0.000124582
0.000245813
0.000475291
0.000841933
0.00133577
0.000117112
7.6686e-05
4.67763e-05
3.06102e-05
2.95617e-05
4.68355e-05
8.96033e-05
0.000167889
0.000288604
0.000445318
0.000117101
7.66788e-05
4.67713e-05
3.06056e-05
2.95552e-05
4.68239e-05
8.95825e-05
0.000167854
0.000288551
0.000445245
0.000117094
7.66743e-05
4.67683e-05
3.06027e-05
2.9551e-05
4.68162e-05
8.95686e-05
0.00016783
0.000288515
0.000445194
0.000117092
7.66727e-05
4.67671e-05
3.06014e-05
2.95488e-05
4.6812e-05
8.95609e-05
0.000167817
0.000288495
0.000445167
0.000117094
7.66743e-05
4.67681e-05
3.06018e-05
2.95485e-05
4.6811e-05
8.95589e-05
0.000167814
0.00028849
0.000445161
0.000117102
7.66798e-05
4.67716e-05
3.0604e-05
2.95502e-05
4.6813e-05
8.95624e-05
0.000167821
0.000288502
0.000445179
0.000117117
7.66904e-05
4.67784e-05
3.06085e-05
2.95541e-05
4.68184e-05
8.95719e-05
0.000167838
0.000288531
0.000445223
0.000117142
7.67074e-05
4.67894e-05
3.06158e-05
2.95605e-05
4.68274e-05
8.95881e-05
0.000167867
0.00028858
0.000445298
0.000117178
7.67323e-05
4.68053e-05
3.06264e-05
2.95699e-05
4.68407e-05
8.96117e-05
0.00016791
0.000288653
0.00044541
0.000117227
7.67662e-05
4.68271e-05
3.06408e-05
2.95826e-05
4.68585e-05
8.96437e-05
0.000167968
0.000288752
0.000445563
4.41637e-05
3.0733e-05
1.95746e-05
1.33747e-05
1.32449e-05
2.06811e-05
3.83941e-05
6.96393e-05
0.000115311
0.000167749
4.41596e-05
3.07302e-05
1.95726e-05
1.33727e-05
1.32421e-05
2.0676e-05
3.83853e-05
6.9625e-05
0.00011529
0.000167722
4.41569e-05
3.07284e-05
1.95713e-05
1.33714e-05
1.32401e-05
2.06726e-05
3.83791e-05
6.96149e-05
0.000115275
0.000167702
4.4156e-05
3.07277e-05
1.95708e-05
1.33708e-05
1.32391e-05
2.06707e-05
3.83757e-05
6.96093e-05
0.000115266
0.000167691
4.4157e-05
3.07285e-05
1.95713e-05
1.3371e-05
1.3239e-05
2.06702e-05
3.83749e-05
6.9608e-05
0.000115265
0.000167689
4.41604e-05
3.0731e-05
1.95729e-05
1.33721e-05
1.32398e-05
2.06713e-05
3.83767e-05
6.96112e-05
0.00011527
0.000167697
4.41669e-05
3.07358e-05
1.95761e-05
1.33743e-05
1.32418e-05
2.06739e-05
3.83813e-05
6.96193e-05
0.000115283
0.000167716
4.41774e-05
3.07434e-05
1.95812e-05
1.33778e-05
1.3245e-05
2.06784e-05
3.83891e-05
6.9633e-05
0.000115305
0.000167748
4.41925e-05
3.07545e-05
1.95886e-05
1.33829e-05
1.32496e-05
2.06849e-05
3.84003e-05
6.96529e-05
0.000115338
0.000167795
4.42126e-05
3.0769e-05
1.95983e-05
1.33896e-05
1.32556e-05
2.06933e-05
3.84151e-05
6.96791e-05
0.000115381
0.000167859
1.8269
2.16255
2.26953
2.30538
2.3176
2.32177
2.32321
2.32376
2.32405
2.32425
1.82674
2.16236
2.26933
2.30518
2.3174
2.32157
2.32302
2.32358
2.32388
2.32411
1.82665
2.16226
2.26922
2.30507
2.31729
2.32146
2.32291
2.32347
2.32378
2.32403
1.82661
2.1622
2.26917
2.30502
2.31724
2.32141
2.32285
2.32342
2.32374
2.32399
1.82659
2.16218
2.26915
2.305
2.31722
2.32139
2.32284
2.32341
2.32373
2.32398
1.82661
2.16221
2.26917
2.30503
2.31725
2.32142
2.32287
2.32345
2.32377
2.32402
1.82666
2.16227
2.26924
2.3051
2.31732
2.3215
2.32295
2.32353
2.32385
2.3241
1.82674
2.16237
2.26936
2.30522
2.31745
2.32163
2.32308
2.32365
2.32398
2.32423
1.82686
2.16252
2.26952
2.30539
2.31763
2.32181
2.32326
2.32384
2.32416
2.32441
1.82699
2.1627
2.26972
2.3056
2.31784
2.32202
2.32347
2.32405
2.32437
2.32463
0.733544
0.918358
0.995076
1.02446
1.03519
1.03897
1.04029
1.04076
1.04098
1.04111
0.733478
0.91828
0.994993
1.02437
1.0351
1.03889
1.0402
1.04068
1.0409
1.04106
0.733436
0.918228
0.994938
1.02432
1.03505
1.03883
1.04015
1.04063
1.04085
1.04102
0.733413
0.9182
0.994908
1.02429
1.03502
1.0388
1.04012
1.0406
1.04083
1.04099
0.733406
0.918193
0.9949
1.02428
1.03501
1.0388
1.04011
1.0406
1.04083
1.04099
0.733415
0.918204
0.994913
1.02429
1.03502
1.03881
1.04013
1.04062
1.04085
1.04101
0.733439
0.918235
0.994948
1.02433
1.03506
1.03885
1.04017
1.04066
1.04089
1.04105
0.73348
0.918289
0.995009
1.0244
1.03513
1.03892
1.04024
1.04073
1.04096
1.04112
0.733538
0.918366
0.995096
1.02449
1.03522
1.03902
1.04034
1.04083
1.04105
1.04122
0.733615
0.918469
0.995213
1.02461
1.03535
1.03914
1.04047
1.04095
1.04118
1.04135
0.294163
0.374719
0.415077
0.432688
0.439726
0.44237
0.443323
0.44367
0.443814
0.443897
0.294135
0.374685
0.415041
0.43265
0.439688
0.442331
0.443285
0.443633
0.443781
0.443873
0.294115
0.374662
0.415016
0.432624
0.439662
0.442305
0.44326
0.443609
0.443758
0.443854
0.294105
0.374649
0.415001
0.432609
0.439647
0.442291
0.443246
0.443596
0.443747
0.443844
0.294102
0.374646
0.414998
0.432606
0.439644
0.442288
0.443244
0.443594
0.443746
0.443843
0.294106
0.374651
0.415005
0.432613
0.439652
0.442296
0.443252
0.443603
0.443755
0.443853
0.294118
0.374667
0.415022
0.432632
0.439672
0.442317
0.443273
0.443624
0.443776
0.443875
0.294138
0.374693
0.415052
0.432664
0.439705
0.442351
0.443308
0.443659
0.443811
0.44391
0.294166
0.374731
0.415096
0.432712
0.439754
0.4424
0.443358
0.443709
0.443862
0.44396
0.294206
0.374784
0.415157
0.432777
0.439821
0.442469
0.443426
0.443778
0.443931
0.44403
0.115187
0.147092
0.165286
0.174107
0.177937
0.17947
0.18005
0.180266
0.180354
0.1804
0.115175
0.147077
0.16527
0.174091
0.17792
0.179454
0.180034
0.18025
0.180339
0.18039
0.115167
0.147067
0.165259
0.174079
0.177909
0.179442
0.180023
0.18024
0.18033
0.180382
0.115162
0.147062
0.165253
0.174073
0.177902
0.179436
0.180017
0.180234
0.180325
0.180378
0.115161
0.14706
0.165252
0.174071
0.177901
0.179435
0.180016
0.180233
0.180324
0.180377
0.115163
0.147063
0.165255
0.174075
0.177905
0.179439
0.18002
0.180238
0.180329
0.180382
0.115168
0.14707
0.165263
0.174084
0.177914
0.179448
0.18003
0.180248
0.180339
0.180392
0.115178
0.147082
0.165277
0.174099
0.17793
0.179465
0.180046
0.180264
0.180356
0.180409
0.115191
0.1471
0.165298
0.174122
0.177954
0.179489
0.18007
0.180288
0.18038
0.180434
0.11521
0.147125
0.165328
0.174153
0.177986
0.179522
0.180104
0.180322
0.180414
0.180468
0.0436084
0.0555266
0.0629681
0.066887
0.068713
0.0694884
0.0697959
0.0699139
0.0699617
0.0699858
0.0436035
0.0555207
0.0629617
0.0668803
0.0687062
0.0694816
0.0697892
0.0699074
0.0699559
0.0699818
0.0436001
0.0555166
0.0629571
0.0668756
0.0687014
0.0694769
0.0697845
0.069903
0.0699519
0.0699784
0.0435981
0.0555143
0.0629546
0.0668729
0.0686987
0.0694742
0.069782
0.0699006
0.0699498
0.0699766
0.0435976
0.0555137
0.062954
0.0668724
0.0686982
0.0694738
0.0697816
0.0699004
0.0699497
0.0699766
0.0435986
0.0555149
0.0629554
0.066874
0.0687
0.0694756
0.0697835
0.0699024
0.0699518
0.0699787
0.043601
0.0555181
0.0629591
0.0668781
0.0687042
0.06948
0.069788
0.0699069
0.0699564
0.0699833
0.0436051
0.0555235
0.0629654
0.0668849
0.0687114
0.0694874
0.0697955
0.0699144
0.0699639
0.0699909
0.0436113
0.0555315
0.0629748
0.0668951
0.0687221
0.0694983
0.0698065
0.0699255
0.0699751
0.0700021
0.04362
0.0555429
0.062988
0.0669095
0.068737
0.0695135
0.0698219
0.069941
0.0699905
0.0700177
0.0158976
0.0201512
0.0229852
0.024578
0.0253653
0.0257175
0.0258633
0.0259212
0.0259449
0.0259564
0.0158957
0.0201489
0.0229826
0.0245753
0.0253626
0.0257147
0.0258607
0.0259186
0.0259426
0.0259548
0.0158943
0.0201473
0.0229809
0.0245734
0.0253607
0.0257129
0.0258588
0.0259169
0.025941
0.0259535
0.0158936
0.0201463
0.0229798
0.0245724
0.0253597
0.0257118
0.0258578
0.025916
0.0259402
0.0259528
0.0158934
0.0201461
0.0229796
0.0245722
0.0253595
0.0257117
0.0258577
0.0259159
0.0259402
0.0259528
0.0158938
0.0201467
0.0229803
0.0245729
0.0253602
0.0257125
0.0258586
0.0259168
0.0259411
0.0259538
0.0158948
0.020148
0.0229818
0.0245746
0.0253621
0.0257144
0.0258605
0.0259187
0.0259431
0.0259558
0.0158966
0.0201503
0.0229845
0.0245776
0.0253651
0.0257175
0.0258637
0.025922
0.0259463
0.025959
0.0158992
0.0201537
0.0229885
0.0245819
0.0253697
0.0257222
0.0258684
0.0259267
0.0259511
0.0259638
0.0159029
0.0201585
0.0229941
0.024588
0.0253761
0.0257287
0.025875
0.0259334
0.0259578
0.0259705
0.00557325
0.00703083
0.00804941
0.0086522
0.00896527
0.00911175
0.0091749
0.00920076
0.00921152
0.00921663
0.00557252
0.00702996
0.00804846
0.0086512
0.00896425
0.00911072
0.00917388
0.00919978
0.00921064
0.00921604
0.00557201
0.00702936
0.00804779
0.0086505
0.00896353
0.00911001
0.00917318
0.00919912
0.00921005
0.00921555
0.00557172
0.00702902
0.00804742
0.00865011
0.00896314
0.00910962
0.00917281
0.00919878
0.00920975
0.00921529
0.00557166
0.00702895
0.00804735
0.00865005
0.00896308
0.00910958
0.00917278
0.00919877
0.00920976
0.00921532
0.00557183
0.00702917
0.00804761
0.00865034
0.0089634
0.00910991
0.00917313
0.00919914
0.00921014
0.0092157
0.00557225
0.00702971
0.00804825
0.00865104
0.00896414
0.00911068
0.00917392
0.00919993
0.00921094
0.00921651
0.00557297
0.00703063
0.00804933
0.00865222
0.00896539
0.00911196
0.00917522
0.00920125
0.00921227
0.00921784
0.00557404
0.00703201
0.00805094
0.00865399
0.00896725
0.00911387
0.00917716
0.0092032
0.00921423
0.00921981
0.00557554
0.00703394
0.0080532
0.00865646
0.00896984
0.00911653
0.00917984
0.0092059
0.00921694
0.00922254
0.0018793
0.00235953
0.00270757
0.00292228
0.00303853
0.00309509
0.00312036
0.00313103
0.00313555
0.00313767
0.00187903
0.00235922
0.00270722
0.00292192
0.00303816
0.00309472
0.00311999
0.00313068
0.00313523
0.00313746
0.00187885
0.002359
0.00270698
0.00292167
0.0030379
0.00309446
0.00311974
0.00313044
0.00313502
0.00313729
0.00187874
0.00235888
0.00270685
0.00292153
0.00303776
0.00309433
0.00311961
0.00313032
0.00313491
0.0031372
0.00187872
0.00235886
0.00270683
0.00292151
0.00303775
0.00309432
0.00311961
0.00313032
0.00313493
0.00313721
0.00187879
0.00235895
0.00270693
0.00292163
0.00303787
0.00309445
0.00311975
0.00313047
0.00313507
0.00313737
0.00187895
0.00235916
0.00270718
0.0029219
0.00303816
0.00309474
0.00312005
0.00313077
0.00313539
0.00313768
0.00187923
0.00235951
0.00270759
0.00292235
0.00303864
0.00309524
0.00312055
0.00313128
0.0031359
0.00313819
0.00187965
0.00236004
0.00270821
0.00292304
0.00303936
0.00309598
0.0031213
0.00313204
0.00313666
0.00313896
0.00188023
0.00236078
0.00270907
0.00292398
0.00304036
0.00309701
0.00312234
0.00313308
0.00313771
0.00314001
0.000611791
0.000762698
0.000875878
0.000948284
0.000988922
0.00100939
0.00101883
0.00102293
0.0010247
0.00102553
0.000611699
0.00076259
0.000875759
0.000948158
0.000988793
0.00100926
0.0010187
0.00102281
0.00102459
0.00102545
0.000611635
0.000762516
0.000875677
0.000948071
0.000988704
0.00100917
0.00101861
0.00102272
0.00102452
0.00102539
0.0006116
0.000762475
0.000875632
0.000948024
0.000988657
0.00100912
0.00101857
0.00102268
0.00102448
0.00102536
0.000611594
0.000762469
0.000875626
0.00094802
0.000988654
0.00100912
0.00101857
0.00102269
0.00102449
0.00102537
0.000611619
0.000762501
0.000875665
0.000948064
0.000988701
0.00100917
0.00101862
0.00102274
0.00102454
0.00102543
0.00061168
0.000762578
0.000875755
0.000948163
0.000988807
0.00100928
0.00101873
0.00102285
0.00102466
0.00102555
0.000611783
0.000762708
0.000875907
0.000948331
0.000988985
0.00100947
0.00101892
0.00102304
0.00102485
0.00102574
0.000611937
0.000762902
0.000876134
0.000948581
0.000989249
0.00100974
0.0010192
0.00102332
0.00102513
0.00102602
0.00061215
0.000763172
0.00087645
0.000948928
0.000989615
0.00101011
0.00101958
0.00102371
0.00102551
0.00102641
0.000197055
0.000238611
0.000272998
0.000296072
0.000309498
0.000316479
0.000319795
0.000321273
0.000321923
0.000322228
0.000197023
0.000238575
0.000272959
0.00029603
0.000309455
0.000316436
0.000319752
0.000321232
0.000321887
0.000322204
0.000197002
0.000238551
0.000272932
0.000296001
0.000309425
0.000316406
0.000319724
0.000321205
0.000321863
0.000322185
0.00019699
0.000238537
0.000272917
0.000295986
0.00030941
0.000316391
0.000319709
0.000321192
0.000321851
0.000322175
0.000196988
0.000238536
0.000272916
0.000295985
0.00030941
0.000316392
0.00031971
0.000321194
0.000321854
0.000322179
0.000196997
0.000238547
0.00027293
0.000296001
0.000309427
0.000316409
0.000319729
0.000321213
0.000321874
0.000322199
0.00019702
0.000238575
0.000272962
0.000296036
0.000309464
0.000316448
0.000319769
0.000321254
0.000321915
0.00032224
0.000197057
0.000238621
0.000273015
0.000296095
0.000309526
0.000316513
0.000319834
0.00032132
0.000321982
0.000322307
0.000197113
0.000238689
0.000273095
0.000296183
0.000309619
0.000316609
0.000319932
0.000321418
0.000322081
0.000322407
0.00019719
0.000238784
0.000273205
0.000296304
0.000309748
0.000316741
0.000320066
0.000321554
0.000322217
0.000322544
374.778
374.777
374.777
374.776
374.776
374.776
374.776
374.776
374.777
374.777
374.777
374.776
374.776
374.776
374.776
374.776
374.776
374.776
374.776
374.776
374.777
374.776
374.776
374.775
374.775
374.775
374.775
374.776
374.776
374.776
374.776
374.776
374.775
374.775
374.775
374.775
374.775
374.775
374.776
374.776
374.776
374.776
374.775
374.775
374.775
374.775
374.775
374.775
374.776
374.776
374.776
374.776
374.775
374.775
374.775
374.775
374.775
374.775
374.776
374.776
374.776
374.776
374.775
374.775
374.775
374.775
374.775
374.775
374.776
374.776
374.776
374.776
374.776
374.775
374.775
374.775
374.775
374.776
374.776
374.776
374.777
374.776
374.776
374.776
374.776
374.776
374.776
374.776
374.776
374.777
374.777
374.776
374.776
374.776
374.776
374.776
374.776
374.776
374.777
374.777
287.632
287.631
287.63
287.629
287.629
287.629
287.629
287.63
287.63
287.631
287.631
287.629
287.628
287.628
287.627
287.627
287.628
287.628
287.629
287.63
287.63
287.628
287.627
287.627
287.626
287.626
287.627
287.627
287.628
287.629
287.629
287.628
287.627
287.626
287.626
287.626
287.626
287.627
287.628
287.629
287.629
287.627
287.626
287.626
287.626
287.626
287.626
287.627
287.627
287.628
287.629
287.627
287.626
287.626
287.626
287.626
287.626
287.627
287.627
287.629
287.629
287.628
287.627
287.626
287.626
287.626
287.626
287.627
287.628
287.629
287.63
287.628
287.627
287.627
287.627
287.627
287.627
287.628
287.628
287.629
287.63
287.629
287.628
287.628
287.627
287.627
287.628
287.628
287.629
287.63
287.631
287.63
287.629
287.629
287.628
287.629
287.629
287.629
287.63
287.631
209.661
209.659
209.658
209.657
209.657
209.657
209.657
209.658
209.659
209.66
209.659
209.657
209.656
209.655
209.655
209.655
209.655
209.656
209.657
209.659
209.658
209.656
209.655
209.654
209.654
209.654
209.654
209.655
209.656
209.658
209.657
209.655
209.654
209.653
209.653
209.653
209.653
209.654
209.655
209.657
209.657
209.655
209.654
209.653
209.652
209.653
209.653
209.654
209.655
209.657
209.657
209.655
209.654
209.653
209.653
209.653
209.653
209.654
209.655
209.657
209.657
209.655
209.654
209.653
209.653
209.653
209.654
209.655
209.656
209.658
209.658
209.656
209.655
209.654
209.654
209.654
209.655
209.655
209.657
209.658
209.659
209.657
209.656
209.655
209.655
209.655
209.656
209.657
209.658
209.66
209.66
209.659
209.658
209.657
209.657
209.657
209.658
209.658
209.66
209.661
144.834
144.832
144.83
144.83
144.829
144.829
144.83
144.831
144.832
144.833
144.832
144.83
144.828
144.828
144.827
144.827
144.828
144.829
144.83
144.832
144.83
144.828
144.827
144.826
144.826
144.826
144.827
144.828
144.829
144.831
144.83
144.828
144.826
144.826
144.825
144.825
144.826
144.827
144.828
144.83
144.829
144.827
144.826
144.825
144.825
144.825
144.826
144.827
144.828
144.83
144.829
144.827
144.826
144.825
144.825
144.825
144.826
144.827
144.828
144.83
144.83
144.828
144.826
144.826
144.826
144.826
144.826
144.827
144.829
144.831
144.83
144.829
144.827
144.827
144.827
144.827
144.827
144.828
144.83
144.832
144.832
144.83
144.829
144.828
144.828
144.828
144.829
144.83
144.831
144.834
144.833
144.832
144.831
144.83
144.83
144.83
144.831
144.832
144.834
144.836
94.6897
94.688
94.687
94.6864
94.6862
94.6863
94.6868
94.6877
94.6889
94.6904
94.6879
94.6862
94.6852
94.6846
94.6844
94.6845
94.6851
94.686
94.6873
94.6892
94.6866
94.685
94.6839
94.6834
94.6832
94.6833
94.6839
94.6848
94.6863
94.6883
94.6858
94.6842
94.6832
94.6826
94.6824
94.6826
94.6832
94.6842
94.6857
94.6878
94.6855
94.6839
94.6829
94.6823
94.6821
94.6823
94.6829
94.6839
94.6855
94.6876
94.6856
94.684
94.683
94.6824
94.6823
94.6825
94.6831
94.6841
94.6857
94.6878
94.686
94.6844
94.6835
94.683
94.6828
94.683
94.6837
94.6847
94.6863
94.6884
94.6869
94.6853
94.6844
94.684
94.6838
94.6841
94.6847
94.6858
94.6873
94.6895
94.6881
94.6867
94.6859
94.6855
94.6854
94.6856
94.6863
94.6873
94.6889
94.691
94.6896
94.6886
94.6879
94.6875
94.6875
94.6877
94.6884
94.6894
94.691
94.6932
58.5501
58.5492
58.5489
58.5488
58.5489
58.5491
58.5496
58.5504
58.5516
58.5529
58.5486
58.5477
58.5474
58.5474
58.5474
58.5477
58.5482
58.5491
58.5503
58.552
58.5476
58.5467
58.5464
58.5464
58.5464
58.5467
58.5473
58.5481
58.5495
58.5513
58.547
58.5461
58.5458
58.5458
58.5458
58.5461
58.5467
58.5476
58.549
58.5508
58.5467
58.5459
58.5456
58.5455
58.5456
58.5459
58.5465
58.5474
58.5488
58.5507
58.5468
58.5459
58.5457
58.5456
58.5458
58.5461
58.5467
58.5476
58.549
58.5509
58.5472
58.5464
58.5461
58.5461
58.5463
58.5466
58.5472
58.5482
58.5496
58.5515
58.548
58.5472
58.547
58.547
58.5472
58.5475
58.5481
58.5491
58.5505
58.5524
58.5491
58.5484
58.5483
58.5484
58.5485
58.5489
58.5495
58.5505
58.5519
58.5538
58.5505
58.5501
58.5501
58.5502
58.5504
58.5508
58.5514
58.5524
58.5538
58.5557
34.2352
34.2362
34.2376
34.2387
34.2394
34.2399
34.2405
34.2412
34.2421
34.2432
34.2342
34.2351
34.2366
34.2377
34.2384
34.2389
34.2394
34.2401
34.2412
34.2425
34.2334
34.2343
34.2358
34.2369
34.2376
34.2382
34.2387
34.2395
34.2405
34.242
34.233
34.2339
34.2354
34.2365
34.2372
34.2377
34.2383
34.2391
34.2402
34.2417
34.2328
34.2337
34.2352
34.2363
34.2371
34.2376
34.2382
34.239
34.2401
34.2416
34.2329
34.2338
34.2353
34.2364
34.2372
34.2377
34.2383
34.2391
34.2403
34.2418
34.2332
34.2342
34.2357
34.2368
34.2376
34.2381
34.2387
34.2396
34.2407
34.2422
34.2338
34.2348
34.2364
34.2376
34.2383
34.2389
34.2395
34.2403
34.2415
34.243
34.2347
34.2358
34.2374
34.2386
34.2394
34.24
34.2406
34.2414
34.2426
34.2441
34.2359
34.2372
34.2389
34.2401
34.2409
34.2415
34.2421
34.243
34.2441
34.2457
18.926
18.9322
18.9384
18.9423
18.9443
18.9453
18.946
18.9466
18.9473
18.9481
18.9253
18.9315
18.9377
18.9416
18.9436
18.9446
18.9453
18.9459
18.9467
18.9477
18.9248
18.931
18.9372
18.9411
18.9431
18.9441
18.9448
18.9454
18.9463
18.9474
18.9245
18.9307
18.9369
18.9408
18.9428
18.9439
18.9445
18.9452
18.946
18.9471
18.9244
18.9306
18.9368
18.9407
18.9427
18.9438
18.9444
18.9451
18.946
18.9471
18.9245
18.9307
18.9369
18.9408
18.9428
18.9439
18.9446
18.9452
18.9461
18.9472
18.9247
18.9309
18.9372
18.9411
18.9431
18.9442
18.9449
18.9456
18.9464
18.9476
18.9252
18.9314
18.9377
18.9416
18.9437
18.9447
18.9454
18.9461
18.947
18.9481
18.9259
18.9322
18.9384
18.9424
18.9445
18.9455
18.9462
18.9469
18.9478
18.9489
18.9267
18.9332
18.9395
18.9435
18.9456
18.9467
18.9474
18.9481
18.9489
18.9501
9.86611
9.89004
9.90892
9.91901
9.92357
9.92549
9.92637
9.92694
9.92747
9.92808
9.86566
9.8896
9.90847
9.91857
9.92313
9.92506
9.92594
9.92652
9.9271
9.92781
9.86536
9.88929
9.90817
9.91826
9.92283
9.92476
9.92565
9.92624
9.92685
9.9276
9.86518
9.88911
9.90799
9.91809
9.92265
9.92459
9.92549
9.92609
9.92671
9.92748
9.86511
9.88904
9.90793
9.91803
9.9226
9.92454
9.92545
9.92606
9.92668
9.92746
9.86517
9.8891
9.90799
9.9181
9.92267
9.92461
9.92553
9.92614
9.92677
9.92755
9.86534
9.88929
9.90818
9.9183
9.92288
9.92483
9.92574
9.92636
9.92699
9.92777
9.86565
9.88961
9.90853
9.91865
9.92324
9.92519
9.92611
9.92673
9.92737
9.92815
9.86611
9.89011
9.90905
9.91919
9.92378
9.92574
9.92666
9.92729
9.92792
9.9287
9.86668
9.89079
9.90977
9.91993
9.92453
9.9265
9.92742
9.92804
9.92868
9.92947
4.7563
4.84464
4.89474
4.91655
4.9251
4.92829
4.9295
4.93006
4.93047
4.93088
4.75607
4.8444
4.8945
4.91631
4.92486
4.92805
4.92927
4.92984
4.93026
4.93074
4.7559
4.84423
4.89433
4.91613
4.92468
4.92788
4.9291
4.92968
4.93012
4.93062
4.7558
4.84413
4.89422
4.91603
4.92458
4.92778
4.929
4.92959
4.93004
4.93055
4.75576
4.84409
4.89419
4.916
4.92456
4.92775
4.92898
4.92957
4.93003
4.93054
4.7558
4.84413
4.89423
4.91605
4.9246
4.9278
4.92903
4.92963
4.93009
4.9306
4.75591
4.84425
4.89435
4.91617
4.92473
4.92793
4.92917
4.92977
4.93023
4.93074
4.75609
4.84445
4.89456
4.91639
4.92496
4.92816
4.9294
4.93
4.93046
4.93098
4.75637
4.84475
4.89488
4.91672
4.92529
4.9285
4.92974
4.93034
4.9308
4.93132
4.75673
4.84518
4.89535
4.9172
4.92577
4.92898
4.93022
4.93083
4.93129
4.93181
2.55152e-05
2.54941e-05
2.54405e-05
2.5313e-05
2.50282e-05
2.4441e-05
2.33442e-05
2.15323e-05
1.90066e-05
1.64627e-05
2.55116e-05
2.54905e-05
2.54369e-05
2.53095e-05
2.50248e-05
2.44378e-05
2.33412e-05
2.15296e-05
1.90044e-05
1.64611e-05
2.55093e-05
2.54882e-05
2.54346e-05
2.53073e-05
2.50226e-05
2.44357e-05
2.33393e-05
2.1528e-05
1.9003e-05
1.64601e-05
2.55082e-05
2.54871e-05
2.54335e-05
2.53062e-05
2.50216e-05
2.44348e-05
2.33385e-05
2.15273e-05
1.90024e-05
1.64596e-05
2.55084e-05
2.54873e-05
2.54338e-05
2.53065e-05
2.50219e-05
2.44351e-05
2.33389e-05
2.15277e-05
1.90028e-05
1.646e-05
2.55101e-05
2.5489e-05
2.54356e-05
2.53083e-05
2.50238e-05
2.44369e-05
2.33407e-05
2.15293e-05
1.90044e-05
1.64614e-05
2.55136e-05
2.54926e-05
2.54392e-05
2.5312e-05
2.50275e-05
2.44406e-05
2.33442e-05
2.15326e-05
1.90073e-05
1.6464e-05
2.55192e-05
2.54983e-05
2.54451e-05
2.5318e-05
2.50334e-05
2.44464e-05
2.33498e-05
2.15379e-05
1.9012e-05
1.64681e-05
2.55272e-05
2.55067e-05
2.54537e-05
2.53267e-05
2.50421e-05
2.4455e-05
2.3358e-05
2.15455e-05
1.90188e-05
1.64742e-05
2.55375e-05
2.55182e-05
2.54655e-05
2.53386e-05
2.5054e-05
2.44666e-05
2.33692e-05
2.15559e-05
1.90281e-05
1.64823e-05
7.4366e-06
7.42962e-06
7.41203e-06
7.37099e-06
7.28135e-06
7.10137e-06
6.77559e-06
6.25921e-06
5.58458e-06
4.98483e-06
7.43549e-06
7.42852e-06
7.41094e-06
7.36991e-06
7.2803e-06
7.10037e-06
6.77467e-06
6.25839e-06
5.5839e-06
4.9844e-06
7.43477e-06
7.42781e-06
7.41024e-06
7.36922e-06
7.27964e-06
7.09974e-06
6.77409e-06
6.25788e-06
5.58348e-06
4.98407e-06
7.43444e-06
7.42749e-06
7.40992e-06
7.36892e-06
7.27934e-06
7.09947e-06
6.77385e-06
6.25768e-06
5.58332e-06
4.98394e-06
7.43453e-06
7.42758e-06
7.41002e-06
7.36903e-06
7.27946e-06
7.09959e-06
6.77399e-06
6.25782e-06
5.58346e-06
4.98408e-06
7.43509e-06
7.42815e-06
7.41061e-06
7.36962e-06
7.28006e-06
7.10019e-06
6.77457e-06
6.25837e-06
5.58396e-06
4.98454e-06
7.43622e-06
7.4293e-06
7.41178e-06
7.37081e-06
7.28125e-06
7.10136e-06
6.7757e-06
6.25942e-06
5.58492e-06
4.98542e-06
7.43804e-06
7.43116e-06
7.41368e-06
7.37273e-06
7.28317e-06
7.10325e-06
6.77751e-06
6.26112e-06
5.58645e-06
4.98681e-06
7.44063e-06
7.43387e-06
7.41646e-06
7.37555e-06
7.28598e-06
7.106e-06
6.78015e-06
6.26357e-06
5.58867e-06
4.98882e-06
7.44399e-06
7.43758e-06
7.42028e-06
7.37939e-06
7.2898e-06
7.10974e-06
6.78374e-06
6.26691e-06
5.59168e-06
4.99152e-06
2.09127e-06
2.08908e-06
2.0836e-06
2.07102e-06
2.04416e-06
1.99159e-06
1.8993e-06
1.75872e-06
1.58525e-06
1.44414e-06
2.09094e-06
2.08876e-06
2.08327e-06
2.0707e-06
2.04385e-06
1.9913e-06
1.89903e-06
1.75847e-06
1.58505e-06
1.44401e-06
2.09073e-06
2.08855e-06
2.08307e-06
2.0705e-06
2.04366e-06
1.99111e-06
1.89886e-06
1.75833e-06
1.58493e-06
1.44392e-06
2.09064e-06
2.08845e-06
2.08298e-06
2.07041e-06
2.04357e-06
1.99103e-06
1.89879e-06
1.75827e-06
1.58488e-06
1.44388e-06
2.09067e-06
2.08849e-06
2.08301e-06
2.07045e-06
2.04362e-06
1.99108e-06
1.89884e-06
1.75832e-06
1.58493e-06
1.44393e-06
2.09085e-06
2.08867e-06
2.0832e-06
2.07064e-06
2.0438e-06
1.99126e-06
1.89902e-06
1.75849e-06
1.58509e-06
1.44408e-06
2.0912e-06
2.08903e-06
2.08356e-06
2.07101e-06
2.04417e-06
1.99163e-06
1.89937e-06
1.75882e-06
1.58539e-06
1.44436e-06
2.09176e-06
2.0896e-06
2.08415e-06
2.07161e-06
2.04477e-06
1.99221e-06
1.89993e-06
1.75934e-06
1.58587e-06
1.4448e-06
2.09257e-06
2.09044e-06
2.08501e-06
2.07248e-06
2.04564e-06
1.99306e-06
1.90075e-06
1.7601e-06
1.58656e-06
1.44544e-06
2.09361e-06
2.09159e-06
2.0862e-06
2.07367e-06
2.04682e-06
1.99422e-06
1.90185e-06
1.76113e-06
1.5875e-06
1.4463e-06
5.68055e-07
5.67398e-07
5.65768e-07
5.62092e-07
5.54405e-07
5.39724e-07
5.14692e-07
4.77939e-07
4.34749e-07
4.0182e-07
5.67961e-07
5.67305e-07
5.65676e-07
5.62002e-07
5.54318e-07
5.3964e-07
5.14615e-07
4.7787e-07
4.34691e-07
4.01786e-07
5.67901e-07
5.67246e-07
5.65617e-07
5.61945e-07
5.54262e-07
5.39588e-07
5.14567e-07
4.77828e-07
4.34657e-07
4.01759e-07
5.67875e-07
5.67221e-07
5.65592e-07
5.61921e-07
5.5424e-07
5.39567e-07
5.14549e-07
4.77813e-07
4.34645e-07
4.0175e-07
5.67886e-07
5.67232e-07
5.65604e-07
5.61934e-07
5.54253e-07
5.39581e-07
5.14564e-07
4.77828e-07
4.3466e-07
4.01765e-07
5.6794e-07
5.67287e-07
5.6566e-07
5.6199e-07
5.5431e-07
5.39638e-07
5.14618e-07
4.7788e-07
4.34709e-07
4.01811e-07
5.68046e-07
5.67394e-07
5.6577e-07
5.62101e-07
5.54421e-07
5.39746e-07
5.14723e-07
4.77979e-07
4.348e-07
4.01896e-07
5.68215e-07
5.67567e-07
5.65946e-07
5.62279e-07
5.54598e-07
5.3992e-07
5.1489e-07
4.78135e-07
4.34944e-07
4.02031e-07
5.68455e-07
5.67817e-07
5.66203e-07
5.62538e-07
5.54856e-07
5.40173e-07
5.15132e-07
4.78362e-07
4.35152e-07
4.02226e-07
5.68768e-07
5.6816e-07
5.66555e-07
5.62892e-07
5.55207e-07
5.40516e-07
5.15461e-07
4.78669e-07
4.35433e-07
4.02487e-07
1.49202e-07
1.49014e-07
1.4855e-07
1.47522e-07
1.45415e-07
1.41484e-07
1.34962e-07
1.257e-07
1.15255e-07
1.0767e-07
1.49176e-07
1.48988e-07
1.48525e-07
1.47498e-07
1.45391e-07
1.41461e-07
1.34941e-07
1.25681e-07
1.1524e-07
1.07661e-07
1.4916e-07
1.48972e-07
1.48509e-07
1.47482e-07
1.45376e-07
1.41447e-07
1.34928e-07
1.2567e-07
1.1523e-07
1.07654e-07
1.49153e-07
1.48965e-07
1.48502e-07
1.47476e-07
1.4537e-07
1.41441e-07
1.34923e-07
1.25666e-07
1.15227e-07
1.07652e-07
1.49156e-07
1.48969e-07
1.48506e-07
1.4748e-07
1.45375e-07
1.41446e-07
1.34928e-07
1.25671e-07
1.15232e-07
1.07656e-07
1.49172e-07
1.48985e-07
1.48523e-07
1.47496e-07
1.45391e-07
1.41462e-07
1.34943e-07
1.25686e-07
1.15246e-07
1.0767e-07
1.49203e-07
1.49016e-07
1.48554e-07
1.47528e-07
1.45423e-07
1.41493e-07
1.34974e-07
1.25714e-07
1.15272e-07
1.07695e-07
1.49251e-07
1.49066e-07
1.48605e-07
1.47579e-07
1.45474e-07
1.41543e-07
1.35021e-07
1.25759e-07
1.15314e-07
1.07734e-07
1.49321e-07
1.49138e-07
1.48678e-07
1.47653e-07
1.45548e-07
1.41616e-07
1.35091e-07
1.25824e-07
1.15374e-07
1.07791e-07
1.49411e-07
1.49236e-07
1.48779e-07
1.47755e-07
1.45648e-07
1.41714e-07
1.35185e-07
1.25912e-07
1.15456e-07
1.07867e-07
3.79318e-08
3.78801e-08
3.77538e-08
3.74781e-08
3.69236e-08
3.59114e-08
3.42745e-08
3.20183e-08
2.95609e-08
2.7842e-08
3.7925e-08
3.78733e-08
3.77471e-08
3.74715e-08
3.69172e-08
3.59053e-08
3.42688e-08
3.20133e-08
2.95567e-08
2.78395e-08
3.79206e-08
3.78691e-08
3.77429e-08
3.74674e-08
3.69132e-08
3.59015e-08
3.42654e-08
3.20103e-08
2.95542e-08
2.78376e-08
3.79189e-08
3.78674e-08
3.77412e-08
3.74658e-08
3.69117e-08
3.59002e-08
3.42642e-08
3.20093e-08
2.95535e-08
2.78371e-08
3.792e-08
3.78685e-08
3.77424e-08
3.7467e-08
3.6913e-08
3.59015e-08
3.42656e-08
3.20107e-08
2.95549e-08
2.78385e-08
3.79244e-08
3.7873e-08
3.77469e-08
3.74716e-08
3.69176e-08
3.59061e-08
3.427e-08
3.20149e-08
2.95589e-08
2.78423e-08
3.79329e-08
3.78816e-08
3.77557e-08
3.74805e-08
3.69264e-08
3.59147e-08
3.42784e-08
3.20228e-08
2.95663e-08
2.78494e-08
3.79464e-08
3.78954e-08
3.77697e-08
3.74946e-08
3.69405e-08
3.59285e-08
3.42916e-08
3.20353e-08
2.95779e-08
2.78605e-08
3.79656e-08
3.79153e-08
3.77901e-08
3.75151e-08
3.69609e-08
3.59485e-08
3.43108e-08
3.20533e-08
2.95947e-08
2.78764e-08
3.79906e-08
3.79425e-08
3.7818e-08
3.75432e-08
3.69887e-08
3.59756e-08
3.43367e-08
3.20777e-08
2.96173e-08
2.78978e-08
9.34343e-09
9.32978e-09
9.2967e-09
9.22559e-09
9.08515e-09
8.83403e-09
8.43733e-09
7.90494e-09
7.34191e-09
6.95953e-09
9.34167e-09
9.32804e-09
9.29498e-09
9.2239e-09
9.08351e-09
8.83247e-09
8.43588e-09
7.90364e-09
7.34082e-09
6.9589e-09
9.34057e-09
9.32695e-09
9.29391e-09
9.22285e-09
9.0825e-09
8.83151e-09
8.43501e-09
7.90288e-09
7.34019e-09
6.95843e-09
9.34014e-09
9.32653e-09
9.2935e-09
9.22246e-09
9.08214e-09
8.83118e-09
8.43472e-09
7.90265e-09
7.34003e-09
6.95832e-09
9.34045e-09
9.32685e-09
9.29383e-09
9.22281e-09
9.0825e-09
8.83156e-09
8.4351e-09
7.90303e-09
7.34041e-09
6.95871e-09
9.34165e-09
9.32807e-09
9.29507e-09
9.22406e-09
9.08375e-09
8.83279e-09
8.43631e-09
7.90418e-09
7.34151e-09
6.95977e-09
9.34394e-09
9.33039e-09
9.29742e-09
9.22643e-09
9.08612e-09
8.83511e-09
8.43854e-09
7.9063e-09
7.3435e-09
6.96168e-09
9.34756e-09
9.33407e-09
9.30117e-09
9.23021e-09
9.08988e-09
8.8388e-09
8.44209e-09
7.90965e-09
7.34664e-09
6.96468e-09
9.3527e-09
9.33941e-09
9.30663e-09
9.2357e-09
9.09533e-09
8.84413e-09
8.44721e-09
7.91448e-09
7.35116e-09
6.96899e-09
9.3594e-09
9.34669e-09
9.31408e-09
9.24318e-09
9.10273e-09
8.85135e-09
8.45413e-09
7.92099e-09
7.35724e-09
6.97479e-09
2.23291e-09
2.22944e-09
2.2211e-09
2.20342e-09
2.16911e-09
2.10892e-09
2.01588e-09
1.89394e-09
1.76819e-09
1.6848e-09
2.23247e-09
2.22901e-09
2.22067e-09
2.203e-09
2.1687e-09
2.10853e-09
2.01552e-09
1.89361e-09
1.76792e-09
1.68465e-09
2.2322e-09
2.22874e-09
2.22041e-09
2.20274e-09
2.16845e-09
2.1083e-09
2.0153e-09
1.89342e-09
1.76776e-09
1.68453e-09
2.2321e-09
2.22864e-09
2.22031e-09
2.20265e-09
2.16837e-09
2.10822e-09
2.01523e-09
1.89337e-09
1.76772e-09
1.68451e-09
2.23219e-09
2.22873e-09
2.2204e-09
2.20275e-09
2.16847e-09
2.10832e-09
2.01534e-09
1.89348e-09
1.76783e-09
1.68462e-09
2.2325e-09
2.22905e-09
2.22073e-09
2.20307e-09
2.16879e-09
2.10865e-09
2.01565e-09
1.89378e-09
1.76812e-09
1.6849e-09
2.2331e-09
2.22965e-09
2.22134e-09
2.20369e-09
2.16941e-09
2.10925e-09
2.01623e-09
1.89433e-09
1.76864e-09
1.6854e-09
2.23404e-09
2.2306e-09
2.22231e-09
2.20467e-09
2.17038e-09
2.1102e-09
2.01715e-09
1.8952e-09
1.76946e-09
1.68618e-09
2.23537e-09
2.23198e-09
2.22372e-09
2.20609e-09
2.17178e-09
2.11158e-09
2.01847e-09
1.89645e-09
1.77063e-09
1.68731e-09
2.2371e-09
2.23387e-09
2.22564e-09
2.20802e-09
2.17369e-09
2.11344e-09
2.02026e-09
1.89813e-09
1.77221e-09
1.68882e-09
5.22875e-10
5.22013e-10
5.19963e-10
5.15679e-10
5.07501e-10
4.93418e-10
4.7208e-10
4.44715e-10
4.1711e-10
3.99169e-10
5.22768e-10
5.21907e-10
5.19858e-10
5.15576e-10
5.07401e-10
4.93323e-10
4.71991e-10
4.44635e-10
4.17043e-10
3.99131e-10
5.22702e-10
5.21842e-10
5.19794e-10
5.15514e-10
5.07341e-10
4.93266e-10
4.7194e-10
4.4459e-10
4.17006e-10
3.99104e-10
5.22679e-10
5.21819e-10
5.19772e-10
5.15493e-10
5.07321e-10
4.93248e-10
4.71925e-10
4.44578e-10
4.16998e-10
3.99099e-10
5.22702e-10
5.21844e-10
5.19797e-10
5.15519e-10
5.07348e-10
4.93275e-10
4.71952e-10
4.44606e-10
4.17026e-10
3.99128e-10
5.22783e-10
5.21925e-10
5.1988e-10
5.15602e-10
5.07431e-10
4.93358e-10
4.72032e-10
4.44683e-10
4.171e-10
3.99199e-10
5.22934e-10
5.22078e-10
5.20035e-10
5.15758e-10
5.07587e-10
4.9351e-10
4.7218e-10
4.44823e-10
4.17233e-10
3.99328e-10
5.23172e-10
5.2232e-10
5.20281e-10
5.16006e-10
5.07833e-10
4.93751e-10
4.72412e-10
4.45043e-10
4.17441e-10
3.99528e-10
5.23509e-10
5.22669e-10
5.20637e-10
5.16364e-10
5.08188e-10
4.94099e-10
4.72746e-10
4.4536e-10
4.1774e-10
3.99816e-10
5.23948e-10
5.23144e-10
5.21122e-10
5.1685e-10
5.08669e-10
4.94568e-10
4.73196e-10
4.45786e-10
4.18141e-10
4.00202e-10
1.42072e-10
1.41826e-10
1.41242e-10
1.4004e-10
1.37784e-10
1.33973e-10
1.28317e-10
1.21216e-10
1.14202e-10
1.09725e-10
1.42043e-10
1.41797e-10
1.41214e-10
1.40012e-10
1.37757e-10
1.33948e-10
1.28293e-10
1.21194e-10
1.14184e-10
1.09716e-10
1.42025e-10
1.41779e-10
1.41196e-10
1.39995e-10
1.37741e-10
1.33932e-10
1.28278e-10
1.21182e-10
1.14174e-10
1.09709e-10
1.42019e-10
1.41773e-10
1.4119e-10
1.39989e-10
1.37736e-10
1.33928e-10
1.28275e-10
1.21179e-10
1.14172e-10
1.09708e-10
1.42026e-10
1.41781e-10
1.41198e-10
1.39997e-10
1.37744e-10
1.33936e-10
1.28283e-10
1.21187e-10
1.14181e-10
1.09717e-10
1.42051e-10
1.41805e-10
1.41223e-10
1.40022e-10
1.37769e-10
1.33961e-10
1.28307e-10
1.21211e-10
1.14203e-10
1.09738e-10
1.42095e-10
1.41851e-10
1.41269e-10
1.40069e-10
1.37815e-10
1.34006e-10
1.28351e-10
1.21252e-10
1.14243e-10
1.09777e-10
1.42166e-10
1.41922e-10
1.41341e-10
1.40141e-10
1.37887e-10
1.34077e-10
1.28419e-10
1.21317e-10
1.14305e-10
1.09836e-10
1.42264e-10
1.42024e-10
1.41445e-10
1.40246e-10
1.37991e-10
1.34178e-10
1.28517e-10
1.2141e-10
1.14393e-10
1.09921e-10
1.4239e-10
1.4216e-10
1.41584e-10
1.40385e-10
1.38128e-10
1.34312e-10
1.28645e-10
1.21532e-10
1.14508e-10
1.10033e-10
6.27414e-05
7.24769e-05
8.21366e-05
8.90676e-05
9.32669e-05
9.55208e-05
9.66216e-05
9.71245e-05
9.73499e-05
9.74559e-05
6.2731e-05
7.24654e-05
8.2124e-05
8.90543e-05
9.32532e-05
9.5507e-05
9.66079e-05
9.71113e-05
9.73382e-05
9.74486e-05
6.27238e-05
7.24574e-05
8.21154e-05
8.90452e-05
9.32439e-05
9.54977e-05
9.65989e-05
9.71028e-05
9.73307e-05
9.74425e-05
6.27199e-05
7.24532e-05
8.21108e-05
8.90404e-05
9.32391e-05
9.5493e-05
9.65944e-05
9.70987e-05
9.73272e-05
9.74395e-05
6.27195e-05
7.24529e-05
8.21106e-05
8.90404e-05
9.32393e-05
9.54934e-05
9.65949e-05
9.70996e-05
9.73284e-05
9.74409e-05
6.2723e-05
7.2457e-05
8.21155e-05
8.90458e-05
9.32451e-05
9.54995e-05
9.66013e-05
9.71062e-05
9.73352e-05
9.74479e-05
6.2731e-05
7.24663e-05
8.21262e-05
8.90577e-05
9.32578e-05
9.55127e-05
9.66148e-05
9.71199e-05
9.7349e-05
9.74618e-05
6.27444e-05
7.2482e-05
8.21442e-05
8.90775e-05
9.32788e-05
9.55344e-05
9.6637e-05
9.71423e-05
9.73717e-05
9.74845e-05
6.27642e-05
7.25052e-05
8.2171e-05
8.91069e-05
9.331e-05
9.55667e-05
9.66698e-05
9.71755e-05
9.7405e-05
9.7518e-05
6.27904e-05
7.25373e-05
8.2208e-05
8.91476e-05
9.3353e-05
9.56111e-05
9.6715e-05
9.7221e-05
9.74508e-05
9.75642e-05
1.89976e-05
2.12931e-05
2.38735e-05
2.58492e-05
2.70969e-05
2.77881e-05
2.81347e-05
2.82969e-05
2.8371e-05
2.84061e-05
1.89943e-05
2.12895e-05
2.38697e-05
2.58451e-05
2.70927e-05
2.77838e-05
2.81306e-05
2.82929e-05
2.83674e-05
2.84038e-05
1.89921e-05
2.1287e-05
2.3867e-05
2.58423e-05
2.70899e-05
2.7781e-05
2.81278e-05
2.82903e-05
2.83651e-05
2.8402e-05
1.89909e-05
2.12858e-05
2.38656e-05
2.58409e-05
2.70884e-05
2.77796e-05
2.81265e-05
2.82891e-05
2.83641e-05
2.84011e-05
1.89908e-05
2.12857e-05
2.38656e-05
2.5841e-05
2.70886e-05
2.77798e-05
2.81267e-05
2.82894e-05
2.83645e-05
2.84017e-05
1.8992e-05
2.12871e-05
2.38672e-05
2.58428e-05
2.70905e-05
2.77818e-05
2.81288e-05
2.82916e-05
2.83668e-05
2.84039e-05
1.89947e-05
2.12902e-05
2.38707e-05
2.58466e-05
2.70946e-05
2.77861e-05
2.81332e-05
2.8296e-05
2.83713e-05
2.84085e-05
1.89993e-05
2.12953e-05
2.38766e-05
2.5853e-05
2.71014e-05
2.77931e-05
2.81404e-05
2.83033e-05
2.83786e-05
2.84158e-05
1.90059e-05
2.13029e-05
2.38852e-05
2.58625e-05
2.71114e-05
2.78035e-05
2.8151e-05
2.8314e-05
2.83894e-05
2.84266e-05
1.90145e-05
2.13133e-05
2.38971e-05
2.58756e-05
2.71253e-05
2.78178e-05
2.81655e-05
2.83287e-05
2.84041e-05
2.84415e-05
5.50326e-06
6.04356e-06
6.7072e-06
7.24521e-06
7.5988e-06
7.80078e-06
7.90476e-06
7.9545e-06
7.97765e-06
7.98871e-06
5.50226e-06
6.0425e-06
6.70606e-06
7.24401e-06
7.59756e-06
7.79953e-06
7.90352e-06
7.95331e-06
7.97659e-06
7.98805e-06
5.50158e-06
6.04177e-06
6.70528e-06
7.24319e-06
7.59673e-06
7.7987e-06
7.90271e-06
7.95255e-06
7.97593e-06
7.98752e-06
5.50122e-06
6.0414e-06
6.70489e-06
7.24278e-06
7.59631e-06
7.7983e-06
7.90233e-06
7.95221e-06
7.97564e-06
7.98728e-06
5.50122e-06
6.0414e-06
6.70491e-06
7.24282e-06
7.59637e-06
7.79838e-06
7.90243e-06
7.95234e-06
7.97579e-06
7.98746e-06
5.50162e-06
6.04185e-06
6.70541e-06
7.24339e-06
7.59698e-06
7.79902e-06
7.90309e-06
7.95302e-06
7.9765e-06
7.98818e-06
5.50249e-06
6.04282e-06
6.70651e-06
7.24458e-06
7.59825e-06
7.80034e-06
7.90445e-06
7.95441e-06
7.9779e-06
7.98959e-06
5.50394e-06
6.04443e-06
6.70832e-06
7.24657e-06
7.60036e-06
7.80252e-06
7.90668e-06
7.95666e-06
7.98017e-06
7.99188e-06
5.50605e-06
6.0468e-06
6.711e-06
7.2495e-06
7.60347e-06
7.80574e-06
7.90996e-06
7.95998e-06
7.98351e-06
7.99523e-06
5.50878e-06
6.05006e-06
6.71469e-06
7.25354e-06
7.60775e-06
7.81017e-06
7.91447e-06
7.96453e-06
7.98809e-06
7.99985e-06
1.53103e-06
1.6572e-06
1.82249e-06
1.96318e-06
2.05912e-06
2.11556e-06
2.14535e-06
2.15991e-06
2.16681e-06
2.17014e-06
1.53074e-06
1.65689e-06
1.82216e-06
1.96284e-06
2.05877e-06
2.11521e-06
2.14499e-06
2.15957e-06
2.16651e-06
2.16996e-06
1.53055e-06
1.65669e-06
1.82194e-06
1.96261e-06
2.05853e-06
2.11497e-06
2.14476e-06
2.15936e-06
2.16632e-06
2.16981e-06
1.53044e-06
1.65658e-06
1.82183e-06
1.9625e-06
2.05842e-06
2.11486e-06
2.14466e-06
2.15926e-06
2.16624e-06
2.16974e-06
1.53045e-06
1.65659e-06
1.82184e-06
1.96251e-06
2.05844e-06
2.11489e-06
2.14469e-06
2.15931e-06
2.1663e-06
2.1698e-06
1.53057e-06
1.65673e-06
1.822e-06
1.96268e-06
2.05863e-06
2.11508e-06
2.1449e-06
2.15951e-06
2.16651e-06
2.17002e-06
1.53084e-06
1.65702e-06
1.82233e-06
1.96304e-06
2.05901e-06
2.11548e-06
2.1453e-06
2.15993e-06
2.16693e-06
2.17044e-06
1.53129e-06
1.65751e-06
1.82287e-06
1.96363e-06
2.05964e-06
2.11613e-06
2.14597e-06
2.1606e-06
2.16761e-06
2.17113e-06
1.53193e-06
1.65822e-06
1.82367e-06
1.96451e-06
2.06056e-06
2.11709e-06
2.14695e-06
2.16159e-06
2.1686e-06
2.17213e-06
1.53276e-06
1.6592e-06
1.82477e-06
1.96571e-06
2.06183e-06
2.11841e-06
2.14829e-06
2.16295e-06
2.16997e-06
2.1735e-06
4.10179e-07
4.3927e-07
4.7926e-07
5.14728e-07
5.39735e-07
5.54859e-07
5.63031e-07
5.67112e-07
5.6908e-07
5.70041e-07
4.10099e-07
4.39186e-07
4.7917e-07
5.14634e-07
5.39639e-07
5.54761e-07
5.62934e-07
5.67018e-07
5.68998e-07
5.69991e-07
4.10044e-07
4.39129e-07
4.7911e-07
5.14571e-07
5.39574e-07
5.54697e-07
5.62872e-07
5.6696e-07
5.68947e-07
5.69951e-07
4.10017e-07
4.39101e-07
4.7908e-07
5.1454e-07
5.39544e-07
5.54668e-07
5.62844e-07
5.66936e-07
5.68927e-07
5.69935e-07
4.1002e-07
4.39104e-07
4.79085e-07
5.14547e-07
5.39552e-07
5.54678e-07
5.62856e-07
5.6695e-07
5.68943e-07
5.69953e-07
4.10057e-07
4.39145e-07
4.79131e-07
5.14597e-07
5.39606e-07
5.54734e-07
5.62915e-07
5.6701e-07
5.69005e-07
5.70016e-07
4.10137e-07
4.39231e-07
4.79226e-07
5.14701e-07
5.39716e-07
5.54849e-07
5.63032e-07
5.6713e-07
5.69126e-07
5.70138e-07
4.10267e-07
4.39372e-07
4.79382e-07
5.14871e-07
5.39896e-07
5.55036e-07
5.63223e-07
5.67323e-07
5.69321e-07
5.70334e-07
4.10454e-07
4.3958e-07
4.79613e-07
5.15121e-07
5.40162e-07
5.55311e-07
5.63504e-07
5.67608e-07
5.69608e-07
5.70622e-07
4.10699e-07
4.39864e-07
4.7993e-07
5.15466e-07
5.40527e-07
5.55688e-07
5.63889e-07
5.67996e-07
5.69999e-07
5.71017e-07
1.06045e-07
1.12646e-07
1.2206e-07
1.30703e-07
1.36983e-07
1.4088e-07
1.43033e-07
1.4413e-07
1.44668e-07
1.44934e-07
1.06024e-07
1.12624e-07
1.22036e-07
1.30678e-07
1.36958e-07
1.40854e-07
1.43007e-07
1.44105e-07
1.44646e-07
1.44921e-07
1.06009e-07
1.12609e-07
1.2202e-07
1.30662e-07
1.36941e-07
1.40837e-07
1.42991e-07
1.4409e-07
1.44633e-07
1.44911e-07
1.06002e-07
1.12601e-07
1.22012e-07
1.30654e-07
1.36933e-07
1.40829e-07
1.42984e-07
1.44084e-07
1.44628e-07
1.44907e-07
1.06003e-07
1.12603e-07
1.22014e-07
1.30656e-07
1.36936e-07
1.40832e-07
1.42987e-07
1.44088e-07
1.44633e-07
1.44912e-07
1.06014e-07
1.12614e-07
1.22027e-07
1.3067e-07
1.36951e-07
1.40848e-07
1.43004e-07
1.44105e-07
1.4465e-07
1.4493e-07
1.06036e-07
1.12638e-07
1.22054e-07
1.30699e-07
1.36981e-07
1.4088e-07
1.43036e-07
1.44138e-07
1.44684e-07
1.44964e-07
1.06073e-07
1.12678e-07
1.22097e-07
1.30746e-07
1.37031e-07
1.40932e-07
1.43089e-07
1.44192e-07
1.44738e-07
1.45018e-07
1.06126e-07
1.12736e-07
1.22161e-07
1.30816e-07
1.37105e-07
1.41008e-07
1.43167e-07
1.4427e-07
1.44817e-07
1.45098e-07
1.06195e-07
1.12815e-07
1.22249e-07
1.30911e-07
1.37205e-07
1.41112e-07
1.43274e-07
1.44378e-07
1.44926e-07
1.45207e-07
2.65018e-08
2.79724e-08
3.01306e-08
3.21713e-08
3.36941e-08
3.46615e-08
3.52076e-08
3.54911e-08
3.56327e-08
3.57036e-08
2.64962e-08
2.79666e-08
3.01245e-08
3.21649e-08
3.36875e-08
3.46549e-08
3.5201e-08
3.54848e-08
3.56271e-08
3.57003e-08
2.64925e-08
2.79627e-08
3.01204e-08
3.21607e-08
3.36832e-08
3.46506e-08
3.51968e-08
3.54809e-08
3.56238e-08
3.56976e-08
2.64907e-08
2.79609e-08
3.01185e-08
3.21588e-08
3.36813e-08
3.46487e-08
3.51951e-08
3.54794e-08
3.56226e-08
3.56967e-08
2.64911e-08
2.79613e-08
3.01191e-08
3.21595e-08
3.36821e-08
3.46497e-08
3.51961e-08
3.54806e-08
3.5624e-08
3.56982e-08
2.64941e-08
2.79645e-08
3.01226e-08
3.21633e-08
3.36862e-08
3.4654e-08
3.52006e-08
3.54852e-08
3.56287e-08
3.57031e-08
2.65002e-08
2.79711e-08
3.01298e-08
3.21711e-08
3.36944e-08
3.46625e-08
3.52094e-08
3.54942e-08
3.56377e-08
3.57122e-08
2.65102e-08
2.79818e-08
3.01415e-08
3.21837e-08
3.37078e-08
3.46764e-08
3.52236e-08
3.55085e-08
3.56522e-08
3.57267e-08
2.65245e-08
2.79974e-08
3.01587e-08
3.22023e-08
3.37274e-08
3.46967e-08
3.52443e-08
3.55296e-08
3.56734e-08
3.5748e-08
2.65433e-08
2.80189e-08
3.01823e-08
3.22277e-08
3.37543e-08
3.47245e-08
3.52727e-08
3.55583e-08
3.57023e-08
3.57772e-08
6.41418e-09
6.73543e-09
7.21784e-09
7.68552e-09
8.04291e-09
8.27497e-09
8.40857e-09
8.47923e-09
8.51511e-09
8.5333e-09
6.41278e-09
6.73399e-09
7.21631e-09
7.68393e-09
8.04127e-09
8.27331e-09
8.40693e-09
8.47766e-09
8.51373e-09
8.53249e-09
6.41185e-09
6.73302e-09
7.21531e-09
7.68288e-09
8.04021e-09
8.27226e-09
8.4059e-09
8.4767e-09
8.5129e-09
8.53185e-09
6.41141e-09
6.73257e-09
7.21485e-09
7.68242e-09
8.03975e-09
8.27181e-09
8.40549e-09
8.47635e-09
8.51262e-09
8.53164e-09
6.41154e-09
6.73272e-09
7.21502e-09
7.68262e-09
8.03998e-09
8.27208e-09
8.4058e-09
8.47669e-09
8.51301e-09
8.53206e-09
6.41233e-09
6.73357e-09
7.21595e-09
7.68363e-09
8.04106e-09
8.27321e-09
8.40697e-09
8.4779e-09
8.51425e-09
8.53332e-09
6.41395e-09
6.73528e-09
7.21781e-09
7.68564e-09
8.04319e-09
8.27543e-09
8.40925e-09
8.48022e-09
8.51659e-09
8.53568e-09
6.41657e-09
6.73808e-09
7.22085e-09
7.68891e-09
8.04665e-09
8.27902e-09
8.41291e-09
8.48394e-09
8.52034e-09
8.53945e-09
6.42033e-09
6.74216e-09
7.22531e-09
7.69372e-09
8.05172e-09
8.28427e-09
8.41828e-09
8.48937e-09
8.52582e-09
8.54496e-09
6.42526e-09
6.74775e-09
7.23143e-09
7.7003e-09
8.05866e-09
8.29145e-09
8.42561e-09
8.49679e-09
8.5333e-09
8.5525e-09
1.51928e-09
1.58854e-09
1.69453e-09
1.79956e-09
1.88158e-09
1.93593e-09
1.96782e-09
1.98499e-09
1.99386e-09
1.99841e-09
1.51893e-09
1.58818e-09
1.69416e-09
1.79917e-09
1.88117e-09
1.93552e-09
1.96742e-09
1.98461e-09
1.99352e-09
1.99821e-09
1.5187e-09
1.58795e-09
1.69392e-09
1.79892e-09
1.88092e-09
1.93527e-09
1.96717e-09
1.98438e-09
1.99332e-09
1.99806e-09
1.5186e-09
1.58784e-09
1.69381e-09
1.79881e-09
1.88081e-09
1.93516e-09
1.96708e-09
1.9843e-09
1.99326e-09
1.99801e-09
1.51864e-09
1.58788e-09
1.69386e-09
1.79887e-09
1.88088e-09
1.93524e-09
1.96716e-09
1.98439e-09
1.99336e-09
1.99812e-09
1.51885e-09
1.5881e-09
1.6941e-09
1.79913e-09
1.88115e-09
1.93553e-09
1.96746e-09
1.9847e-09
1.99368e-09
1.99845e-09
1.51926e-09
1.58854e-09
1.69457e-09
1.79964e-09
1.88169e-09
1.93609e-09
1.96804e-09
1.98529e-09
1.99427e-09
1.99905e-09
1.51994e-09
1.58926e-09
1.69534e-09
1.80047e-09
1.88257e-09
1.937e-09
1.96897e-09
1.98623e-09
1.99522e-09
2e-09
1.5209e-09
1.5903e-09
1.69648e-09
1.80168e-09
1.88385e-09
1.93833e-09
1.97032e-09
1.9876e-09
1.99661e-09
2.00139e-09
1.52216e-09
1.59172e-09
1.69802e-09
1.80334e-09
1.8856e-09
1.94014e-09
1.97217e-09
1.98947e-09
1.99849e-09
2.00329e-09
4.17509e-10
4.34828e-10
4.61789e-10
4.89065e-10
5.10826e-10
5.2555e-10
5.34362e-10
5.39197e-10
5.41735e-10
5.43041e-10
4.17415e-10
4.34731e-10
4.61687e-10
4.88959e-10
5.10718e-10
5.25441e-10
5.34254e-10
5.39094e-10
5.41645e-10
5.42992e-10
4.17351e-10
4.34665e-10
4.61619e-10
4.88889e-10
5.10647e-10
5.2537e-10
5.34186e-10
5.3903e-10
5.4159e-10
5.4295e-10
4.17323e-10
4.34636e-10
4.6159e-10
4.8886e-10
5.10618e-10
5.25343e-10
5.34161e-10
5.39009e-10
5.41574e-10
5.4294e-10
4.17336e-10
4.34651e-10
4.61606e-10
4.88878e-10
5.10639e-10
5.25367e-10
5.34187e-10
5.39038e-10
5.41606e-10
5.42974e-10
4.17399e-10
4.34717e-10
4.61678e-10
4.88956e-10
5.10722e-10
5.25453e-10
5.34277e-10
5.39131e-10
5.41701e-10
5.43071e-10
4.17525e-10
4.34849e-10
4.6182e-10
4.89108e-10
5.10883e-10
5.2562e-10
5.34448e-10
5.39305e-10
5.41878e-10
5.43248e-10
4.17725e-10
4.35062e-10
4.62049e-10
4.89353e-10
5.11141e-10
5.25888e-10
5.34722e-10
5.39583e-10
5.42158e-10
5.4353e-10
4.18011e-10
4.35369e-10
4.62382e-10
4.8971e-10
5.11516e-10
5.26277e-10
5.35119e-10
5.39986e-10
5.42564e-10
5.43939e-10
4.18373e-10
4.35777e-10
4.62825e-10
4.90184e-10
5.12015e-10
5.26792e-10
5.35646e-10
5.40518e-10
5.43101e-10
5.44481e-10
)
;

boundaryField
{
    inlet1
    {
        type            fixedValue;
        value           uniform 10;
    }
    inlet2
    {
        type            fixedValue;
        value           uniform 20;
    }
    outlet1
    {
        type            zeroGradient;
    }
    outlet2
    {
        type            zeroGradient;
    }
    fixedWalls
    {
        type            zeroGradient;
    }
}


// ************************************************************************* //
