/*--------------------------------*- C++ -*----------------------------------*\
  =========                 |
  \\      /  F ield         | OpenFOAM: The Open Source CFD Toolbox
   \\    /   O peration     | Website:  https://openfoam.org
    \\  /    A nd           | Version:  6
     \\/     M anipulation  |
\*---------------------------------------------------------------------------*/
FoamFile
{
    version     2.0;
    format      ascii;
    class       volScalarField;
    location    "0.755";
    object      T;
}
// * * * * * * * * * * * * * * * * * * * * * * * * * * * * * * * * * * * * * //

dimensions      [0 0 0 1 0 0 0];

internalField   nonuniform List<scalar> 
7000
(
106.322
106.321
106.317
106.312
106.306
106.299
106.292
106.286
106.282
106.28
106.322
106.321
106.317
106.312
106.306
106.299
106.292
106.286
106.282
106.28
106.322
106.321
106.317
106.312
106.306
106.299
106.292
106.286
106.282
106.28
106.322
106.321
106.317
106.312
106.306
106.299
106.292
106.286
106.282
106.28
106.322
106.321
106.317
106.312
106.306
106.299
106.292
106.286
106.282
106.28
106.322
106.321
106.317
106.312
106.306
106.299
106.292
106.286
106.282
106.28
106.322
106.321
106.317
106.312
106.306
106.299
106.292
106.286
106.282
106.28
106.322
106.321
106.317
106.312
106.306
106.299
106.292
106.286
106.282
106.28
106.322
106.321
106.317
106.312
106.306
106.299
106.292
106.286
106.282
106.28
106.322
106.321
106.317
106.312
106.306
106.299
106.292
106.286
106.282
106.28
98.992
98.9863
98.9753
98.9598
98.9409
98.9201
98.8995
98.8812
98.8674
98.86
98.992
98.9863
98.9753
98.9598
98.9409
98.9201
98.8995
98.8812
98.8674
98.86
98.992
98.9863
98.9753
98.9598
98.9408
98.9201
98.8995
98.8811
98.8674
98.86
98.992
98.9863
98.9753
98.9598
98.9408
98.9201
98.8994
98.8811
98.8674
98.86
98.992
98.9863
98.9753
98.9598
98.9408
98.9201
98.8994
98.8811
98.8674
98.8599
98.992
98.9863
98.9753
98.9598
98.9408
98.9201
98.8994
98.8811
98.8674
98.8599
98.992
98.9863
98.9753
98.9598
98.9408
98.9201
98.8994
98.8811
98.8674
98.8599
98.992
98.9863
98.9753
98.9598
98.9408
98.9201
98.8994
98.8811
98.8674
98.86
98.992
98.9863
98.9753
98.9598
98.9408
98.9201
98.8995
98.8811
98.8674
98.86
98.992
98.9863
98.9753
98.9598
98.9409
98.9201
98.8995
98.8812
98.8674
98.86
91.7353
91.7256
91.7067
91.6799
91.647
91.6107
91.5744
91.5419
91.5172
91.5039
91.7353
91.7255
91.7067
91.6798
91.647
91.6107
91.5744
91.5418
91.5172
91.5038
91.7353
91.7255
91.7066
91.6798
91.647
91.6107
91.5743
91.5418
91.5172
91.5038
91.7352
91.7255
91.7066
91.6798
91.647
91.6107
91.5743
91.5418
91.5172
91.5038
91.7352
91.7255
91.7066
91.6798
91.6469
91.6107
91.5743
91.5418
91.5172
91.5038
91.7352
91.7255
91.7066
91.6798
91.6469
91.6107
91.5743
91.5418
91.5171
91.5038
91.7352
91.7255
91.7066
91.6798
91.6469
91.6107
91.5743
91.5418
91.5172
91.5038
91.7352
91.7255
91.7066
91.6798
91.647
91.6107
91.5743
91.5418
91.5172
91.5038
91.7353
91.7255
91.7066
91.6798
91.647
91.6107
91.5743
91.5418
91.5172
91.5038
91.7353
91.7255
91.7066
91.6798
91.647
91.6107
91.5744
91.5418
91.5172
91.5038
84.6004
84.5862
84.5587
84.5193
84.4706
84.4162
84.3611
84.311
84.2726
84.2516
84.6004
84.5862
84.5586
84.5193
84.4706
84.4162
84.3611
84.311
84.2726
84.2516
84.6004
84.5862
84.5586
84.5192
84.4705
84.4162
84.361
84.311
84.2726
84.2515
84.6004
84.5862
84.5586
84.5192
84.4705
84.4162
84.361
84.311
84.2725
84.2515
84.6004
84.5862
84.5586
84.5192
84.4705
84.4162
84.361
84.311
84.2725
84.2515
84.6004
84.5862
84.5586
84.5192
84.4705
84.4162
84.361
84.311
84.2725
84.2515
84.6004
84.5862
84.5586
84.5192
84.4705
84.4162
84.361
84.311
84.2725
84.2515
84.6004
84.5862
84.5586
84.5192
84.4705
84.4162
84.361
84.311
84.2725
84.2515
84.6004
84.5862
84.5586
84.5192
84.4705
84.4162
84.361
84.311
84.2726
84.2515
84.6004
84.5862
84.5586
84.5193
84.4706
84.4162
84.3611
84.311
84.2726
84.2516
77.6339
77.6149
77.5777
77.5241
77.457
77.381
77.3024
77.2295
77.1723
77.1405
77.6339
77.6149
77.5777
77.524
77.457
77.381
77.3024
77.2295
77.1723
77.1405
77.6339
77.6148
77.5776
77.524
77.457
77.381
77.3023
77.2295
77.1723
77.1405
77.6339
77.6148
77.5776
77.524
77.457
77.3809
77.3023
77.2295
77.1723
77.1404
77.6338
77.6148
77.5776
77.524
77.4569
77.3809
77.3023
77.2295
77.1723
77.1404
77.6338
77.6148
77.5776
77.524
77.4569
77.3809
77.3023
77.2294
77.1722
77.1404
77.6338
77.6148
77.5776
77.524
77.4569
77.3809
77.3023
77.2295
77.1723
77.1404
77.6338
77.6148
77.5776
77.524
77.457
77.3809
77.3023
77.2295
77.1723
77.1405
77.6339
77.6148
77.5776
77.524
77.457
77.381
77.3023
77.2295
77.1723
77.1405
77.6339
77.6149
77.5777
77.5241
77.457
77.381
77.3024
77.2295
77.1723
77.1405
70.8801
70.8559
70.8082
70.7387
70.6504
70.5482
70.4397
70.3359
70.2516
70.2033
70.8801
70.8558
70.8081
70.7386
70.6504
70.5482
70.4397
70.3359
70.2516
70.2033
70.8801
70.8558
70.8081
70.7386
70.6503
70.5482
70.4396
70.3358
70.2515
70.2032
70.88
70.8558
70.8081
70.7386
70.6503
70.5481
70.4396
70.3358
70.2515
70.2032
70.88
70.8558
70.8081
70.7386
70.6503
70.5481
70.4396
70.3358
70.2515
70.2032
70.88
70.8558
70.8081
70.7386
70.6503
70.5481
70.4396
70.3358
70.2515
70.2032
70.88
70.8558
70.8081
70.7386
70.6503
70.5481
70.4396
70.3358
70.2515
70.2032
70.88
70.8558
70.8081
70.7386
70.6503
70.5481
70.4396
70.3358
70.2515
70.2032
70.8801
70.8558
70.8081
70.7386
70.6504
70.5482
70.4396
70.3358
70.2516
70.2033
70.8801
70.8558
70.8081
70.7387
70.6504
70.5482
70.4397
70.3359
70.2516
70.2033
64.3804
64.3508
64.2922
64.2056
64.0936
63.9603
63.8136
63.6668
63.5411
63.4652
64.3804
64.3508
64.2921
64.2056
64.0935
63.9603
63.8136
63.6667
63.541
63.4651
64.3803
64.3507
64.2921
64.2056
64.0935
63.9602
63.8135
63.6667
63.541
63.4651
64.3803
64.3507
64.2921
64.2055
64.0935
63.9602
63.8135
63.6667
63.541
63.4651
64.3803
64.3507
64.292
64.2055
64.0935
63.9602
63.8135
63.6667
63.541
63.4651
64.3803
64.3507
64.292
64.2055
64.0935
63.9602
63.8135
63.6667
63.541
63.4651
64.3803
64.3507
64.2921
64.2055
64.0935
63.9602
63.8135
63.6667
63.541
63.4651
64.3803
64.3507
64.2921
64.2055
64.0935
63.9602
63.8135
63.6667
63.541
63.4651
64.3803
64.3507
64.2921
64.2056
64.0935
63.9603
63.8135
63.6667
63.541
63.4651
64.3804
64.3508
64.2921
64.2056
64.0936
63.9603
63.8136
63.6668
63.5411
63.4652
58.1725
58.1379
58.0688
57.9653
57.8283
57.6599
57.4657
57.2587
57.0663
56.9386
58.1725
58.1379
58.0687
57.9653
57.8283
57.6599
57.4657
57.2586
57.0663
56.9386
58.1725
58.1378
58.0687
57.9652
57.8282
57.6599
57.4657
57.2586
57.0662
56.9385
58.1724
58.1378
58.0687
57.9652
57.8282
57.6598
57.4656
57.2586
57.0662
56.9385
58.1724
58.1378
58.0687
57.9652
57.8282
57.6598
57.4656
57.2586
57.0662
56.9385
58.1724
58.1378
58.0687
57.9652
57.8282
57.6598
57.4656
57.2586
57.0662
56.9385
58.1724
58.1378
58.0687
57.9652
57.8282
57.6598
57.4656
57.2586
57.0662
56.9385
58.1724
58.1378
58.0687
57.9652
57.8282
57.6598
57.4656
57.2586
57.0662
56.9385
58.1725
58.1378
58.0687
57.9653
57.8282
57.6599
57.4657
57.2586
57.0663
56.9386
58.1725
58.1379
58.0687
57.9653
57.8283
57.6599
57.4657
57.2587
57.0663
56.9386
52.2896
52.251
52.1733
52.0553
51.8954
51.6915
51.4426
51.1538
50.8502
50.6111
52.2896
52.251
52.1732
52.0553
51.8954
51.6914
51.4426
51.1538
50.8502
50.611
52.2895
52.2509
52.1732
52.0552
51.8953
51.6914
51.4425
51.1537
50.8501
50.611
52.2895
52.2509
52.1732
52.0552
51.8953
51.6914
51.4425
51.1537
50.8501
50.611
52.2895
52.2509
52.1732
52.0552
51.8953
51.6913
51.4425
51.1537
50.8501
50.6109
52.2895
52.2509
52.1732
52.0552
51.8953
51.6913
51.4425
51.1537
50.8501
50.6109
52.2895
52.2509
52.1732
52.0552
51.8953
51.6914
51.4425
51.1537
50.8501
50.6109
52.2895
52.2509
52.1732
52.0552
51.8953
51.6914
51.4425
51.1537
50.8501
50.611
52.2895
52.2509
52.1732
52.0553
51.8953
51.6914
51.4425
51.1538
50.8502
50.611
52.2896
52.251
52.1733
52.0553
51.8954
51.6915
51.4426
51.1538
50.8502
50.6111
46.7591
46.7184
46.6359
46.5093
46.3339
46.1022
45.8017
45.415
44.9297
44.4107
46.759
46.7183
46.6359
46.5092
46.3339
46.1021
45.8016
45.4149
44.9296
44.4107
46.759
46.7183
46.6358
46.5092
46.3338
46.1021
45.8016
45.4149
44.9295
44.4106
46.759
46.7183
46.6358
46.5091
46.3338
46.102
45.8016
45.4149
44.9295
44.4106
46.759
46.7182
46.6358
46.5091
46.3338
46.102
45.8015
45.4148
44.9295
44.4106
46.759
46.7182
46.6358
46.5091
46.3338
46.102
45.8015
45.4148
44.9295
44.4106
46.759
46.7183
46.6358
46.5091
46.3338
46.102
45.8015
45.4149
44.9295
44.4106
46.759
46.7183
46.6358
46.5092
46.3338
46.1021
45.8016
45.4149
44.9295
44.4106
46.759
46.7183
46.6358
46.5092
46.3338
46.1021
45.8016
45.4149
44.9296
44.4107
46.759
46.7183
46.6359
46.5092
46.3339
46.1021
45.8017
45.415
44.9296
44.4107
41.6017
41.5616
41.4801
41.3542
41.1779
40.9395
40.6157
40.1564
39.4388
38.1011
41.6017
41.5615
41.48
41.3542
41.1779
40.9395
40.6156
40.1564
39.4387
38.1011
41.6016
41.5615
41.48
41.3541
41.1778
40.9394
40.6156
40.1563
39.4387
38.101
41.6016
41.5615
41.48
41.3541
41.1778
40.9394
40.6155
40.1563
39.4387
38.101
41.6016
41.5614
41.48
41.3541
41.1778
40.9394
40.6155
40.1563
39.4386
38.101
41.6016
41.5614
41.48
41.3541
41.1778
40.9394
40.6155
40.1563
39.4386
38.101
41.6016
41.5614
41.48
41.3541
41.1778
40.9394
40.6155
40.1563
39.4387
38.101
41.6016
41.5615
41.48
41.3541
41.1778
40.9394
40.6156
40.1563
39.4387
38.101
41.6016
41.5615
41.48
41.3542
41.1779
40.9394
40.6156
40.1564
39.4387
38.101
41.6017
41.5615
41.4801
41.3542
41.1779
40.9395
40.6157
40.1564
39.4388
38.1011
36.8305
36.7941
36.7205
36.6073
36.45
36.2388
35.9554
35.5639
34.9987
34.1598
36.8304
36.794
36.7204
36.6073
36.4499
36.2388
35.9553
35.5639
34.9986
34.1597
36.8304
36.794
36.7204
36.6072
36.4499
36.2387
35.9553
35.5638
34.9985
34.1596
36.8303
36.7939
36.7203
36.6072
36.4498
36.2387
35.9552
35.5638
34.9985
34.1596
36.8303
36.7939
36.7203
36.6072
36.4498
36.2387
35.9552
35.5638
34.9985
34.1596
36.8303
36.7939
36.7203
36.6072
36.4498
36.2387
35.9552
35.5638
34.9985
34.1596
36.8303
36.7939
36.7203
36.6072
36.4498
36.2387
35.9552
35.5638
34.9985
34.1596
36.8303
36.794
36.7203
36.6072
36.4499
36.2387
35.9553
35.5638
34.9985
34.1596
36.8304
36.794
36.7204
36.6073
36.4499
36.2388
35.9553
35.5639
34.9986
34.1597
36.8304
36.794
36.7204
36.6073
36.4499
36.2388
35.9554
35.5639
34.9986
34.1597
32.4502
32.4206
32.3614
32.2725
32.1529
32
31.8086
31.5712
31.2845
30.9787
32.4501
32.4205
32.3614
32.2725
32.1529
31.9999
31.8085
31.5711
31.2844
30.9786
32.4501
32.4205
32.3613
32.2724
32.1528
31.9999
31.8085
31.5711
31.2844
30.9785
32.45
32.4204
32.3613
32.2724
32.1528
31.9998
31.8084
31.5711
31.2843
30.9785
32.45
32.4204
32.3613
32.2724
32.1528
31.9998
31.8084
31.571
31.2843
30.9785
32.45
32.4204
32.3613
32.2724
32.1528
31.9998
31.8084
31.571
31.2843
30.9785
32.45
32.4204
32.3613
32.2724
32.1528
31.9998
31.8084
31.5711
31.2843
30.9785
32.4501
32.4205
32.3613
32.2724
32.1528
31.9999
31.8085
31.5711
31.2844
30.9785
32.4501
32.4205
32.3614
32.2725
32.1529
31.9999
31.8085
31.5711
31.2844
30.9786
32.4501
32.4205
32.3614
32.2725
32.1529
32
31.8086
31.5712
31.2845
30.9787
28.4577
28.4372
28.3976
28.3413
28.2723
28.1962
28.1218
28.0639
28.0531
28.1557
28.4577
28.4372
28.3975
28.3412
28.2722
28.1961
28.1217
28.0638
28.053
28.1557
28.4576
28.4371
28.3975
28.3412
28.2722
28.1961
28.1217
28.0638
28.0529
28.1556
28.4576
28.4371
28.3975
28.3411
28.2721
28.1961
28.1216
28.0638
28.0529
28.1556
28.4576
28.4371
28.3974
28.3411
28.2721
28.1961
28.1216
28.0637
28.0529
28.1555
28.4576
28.4371
28.3974
28.3411
28.2721
28.1961
28.1216
28.0637
28.0529
28.1555
28.4576
28.4371
28.3974
28.3411
28.2721
28.1961
28.1216
28.0638
28.0529
28.1556
28.4576
28.4371
28.3975
28.3412
28.2721
28.1961
28.1216
28.0638
28.0529
28.1556
28.4577
28.4372
28.3975
28.3412
28.2722
28.1961
28.1217
28.0638
28.053
28.1556
28.4577
28.4372
28.3976
28.3413
28.2722
28.1962
28.1217
28.0639
28.053
28.1557
24.8431
24.8329
24.8152
24.7954
24.7822
24.7888
24.8347
24.9487
25.1751
25.5815
24.843
24.8328
24.8152
24.7954
24.7822
24.7888
24.8346
24.9486
25.175
25.5814
24.843
24.8328
24.8151
24.7953
24.7821
24.7887
24.8346
24.9486
25.175
25.5814
24.8429
24.8328
24.8151
24.7953
24.7821
24.7887
24.8345
24.9486
25.1749
25.5813
24.8429
24.8328
24.8151
24.7953
24.7821
24.7887
24.8345
24.9486
25.1749
25.5813
24.8429
24.8328
24.8151
24.7953
24.7821
24.7887
24.8345
24.9485
25.1749
25.5813
24.8429
24.8328
24.8151
24.7953
24.7821
24.7887
24.8345
24.9486
25.1749
25.5813
24.8429
24.8328
24.8151
24.7953
24.7821
24.7887
24.8345
24.9486
25.175
25.5814
24.843
24.8328
24.8152
24.7953
24.7822
24.7888
24.8346
24.9486
25.175
25.5814
24.843
24.8329
24.8152
24.7954
24.7822
24.7888
24.8347
24.9487
25.1751
25.5815
21.5904
21.5906
21.5948
21.6108
21.6516
21.7362
21.8922
22.1572
22.5812
23.2246
21.5904
21.5906
21.5947
21.6108
21.6515
21.7361
21.8921
22.1572
22.5811
23.2246
21.5903
21.5905
21.5947
21.6107
21.6515
21.7361
21.892
22.1571
22.5811
23.2245
21.5903
21.5905
21.5947
21.6107
21.6514
21.7361
21.892
22.1571
22.581
23.2245
21.5903
21.5905
21.5947
21.6107
21.6514
21.736
21.892
22.1571
22.581
23.2245
21.5903
21.5905
21.5947
21.6107
21.6514
21.736
21.892
22.1571
22.581
23.2245
21.5903
21.5905
21.5947
21.6107
21.6514
21.7361
21.892
22.1571
22.581
23.2245
21.5903
21.5905
21.5947
21.6107
21.6515
21.7361
21.892
22.1571
22.5811
23.2245
21.5904
21.5906
21.5947
21.6108
21.6515
21.7361
21.8921
22.1572
22.5811
23.2246
21.5904
21.5906
21.5948
21.6108
21.6515
21.7362
21.8921
22.1572
22.5812
23.2246
18.6803
18.6897
18.7132
18.7604
18.8472
18.9974
19.2447
19.6345
20.2235
21.0711
18.6803
18.6897
18.7131
18.7603
18.8471
18.9973
19.2446
19.6345
20.2235
21.071
18.6802
18.6896
18.7131
18.7603
18.8471
18.9973
19.2446
19.6344
20.2234
21.071
18.6802
18.6896
18.7131
18.7603
18.8471
18.9973
19.2445
19.6344
20.2234
21.0709
18.6802
18.6896
18.713
18.7602
18.8471
18.9972
19.2445
19.6344
20.2234
21.0709
18.6802
18.6896
18.713
18.7602
18.8471
18.9972
19.2445
19.6344
20.2234
21.0709
18.6802
18.6896
18.7131
18.7603
18.8471
18.9973
19.2445
19.6344
20.2234
21.0709
18.6802
18.6896
18.7131
18.7603
18.8471
18.9973
19.2446
19.6344
20.2234
21.071
18.6803
18.6897
18.7131
18.7603
18.8471
18.9973
19.2446
19.6345
20.2235
21.071
18.6803
18.6897
18.7132
18.7604
18.8472
18.9974
19.2447
19.6345
20.2235
21.0711
16.0909
16.1075
16.1457
16.2163
16.3367
16.5335
16.8454
17.3268
18.0501
19.0952
16.0909
16.1075
16.1457
16.2162
16.3366
16.5334
16.8453
17.3268
18.0501
19.0952
16.0909
16.1074
16.1457
16.2162
16.3366
16.5334
16.8453
17.3267
18.05
19.0951
16.0908
16.1074
16.1456
16.2162
16.3365
16.5334
16.8452
17.3267
18.05
19.0951
16.0908
16.1074
16.1456
16.2162
16.3365
16.5333
16.8452
17.3267
18.05
19.0951
16.0908
16.1074
16.1456
16.2162
16.3365
16.5333
16.8452
17.3267
18.05
19.0951
16.0908
16.1074
16.1456
16.2162
16.3365
16.5334
16.8452
17.3267
18.05
19.0951
16.0909
16.1074
16.1457
16.2162
16.3366
16.5334
16.8453
17.3268
18.05
19.0951
16.0909
16.1075
16.1457
16.2162
16.3366
16.5334
16.8453
17.3268
18.0501
19.0952
16.0909
16.1075
16.1457
16.2163
16.3367
16.5335
16.8454
17.3269
18.0502
19.0952
13.7998
13.8209
13.8683
13.9523
14.0904
14.3094
14.6496
15.1734
15.9798
17.2206
13.7997
13.8209
13.8682
13.9522
14.0904
14.3093
14.6495
15.1734
15.9797
17.2205
13.7997
13.8209
13.8682
13.9522
14.0903
14.3093
14.6495
15.1734
15.9797
17.2205
13.7997
13.8208
13.8682
13.9522
14.0903
14.3092
14.6495
15.1733
15.9796
17.2205
13.7997
13.8208
13.8682
13.9522
14.0903
14.3092
14.6494
15.1733
15.9796
17.2204
13.7997
13.8208
13.8682
13.9522
14.0903
14.3092
14.6495
15.1733
15.9796
17.2204
13.7997
13.8208
13.8682
13.9522
14.0903
14.3093
14.6495
15.1733
15.9796
17.2205
13.7997
13.8209
13.8682
13.9522
14.0903
14.3093
14.6495
15.1734
15.9797
17.2205
13.7997
13.8209
13.8682
13.9523
14.0904
14.3093
14.6495
15.1734
15.9797
17.2205
13.7998
13.8209
13.8683
13.9523
14.0904
14.3094
14.6496
15.1735
15.9798
17.2206
11.7848
11.8078
11.8584
11.9456
12.0847
12.2984
12.6215
13.1107
13.8759
15.1962
11.7847
11.8078
11.8583
11.9456
12.0847
12.2984
12.6215
13.1106
13.8758
15.1961
11.7847
11.8077
11.8583
11.9456
12.0846
12.2984
12.6214
13.1106
13.8758
15.1961
11.7847
11.8077
11.8583
11.9455
12.0846
12.2983
12.6214
13.1106
13.8758
15.1961
11.7847
11.8077
11.8583
11.9455
12.0846
12.2983
12.6214
13.1105
13.8758
15.1961
11.7847
11.8077
11.8583
11.9455
12.0846
12.2983
12.6214
13.1105
13.8758
15.1961
11.7847
11.8077
11.8583
11.9455
12.0846
12.2983
12.6214
13.1106
13.8758
15.1961
11.7847
11.8077
11.8583
11.9456
12.0846
12.2984
12.6214
13.1106
13.8758
15.1961
11.7847
11.8078
11.8583
11.9456
12.0847
12.2984
12.6215
13.1106
13.8758
15.1962
11.7847
11.8078
11.8584
11.9456
12.0847
12.2985
12.6215
13.1107
13.8759
15.1962
34.8593
33.9549
34.6909
36.8437
40.4004
45.4858
52.3646
61.5066
73.7631
90.8382
34.8592
33.9548
34.6908
36.8436
40.4003
45.4857
52.3644
61.5064
73.7629
90.838
34.8591
33.9548
34.6907
36.8435
40.4002
45.4856
52.3643
61.5063
73.7628
90.8379
34.8591
33.9547
34.6907
36.8434
40.4002
45.4855
52.3643
61.5063
73.7627
90.8379
34.8591
33.9547
34.6906
36.8434
40.4002
45.4855
52.3642
61.5062
73.7627
90.8378
34.859
33.9547
34.6906
36.8434
40.4001
45.4855
52.3642
61.5062
73.7627
90.8378
34.8591
33.9547
34.6906
36.8434
40.4002
45.4855
52.3643
61.5063
73.7627
90.8378
34.8591
33.9547
34.6907
36.8434
40.4002
45.4855
52.3643
61.5063
73.7628
90.8379
34.8591
33.9548
34.6907
36.8435
40.4003
45.4856
52.3644
61.5064
73.7628
90.838
34.8592
33.9548
34.6908
36.8436
40.4003
45.4857
52.3644
61.5065
73.7629
90.8381
33.0479
32.8939
33.9026
36.1158
39.5946
44.4607
50.9139
59.2469
69.8384
82.999
33.0478
32.8938
33.9025
36.1157
39.5945
44.4606
50.9138
59.2468
69.8383
82.9989
33.0478
32.8937
33.9024
36.1156
39.5944
44.4605
50.9137
59.2467
69.8382
82.9988
33.0477
32.8936
33.9024
36.1156
39.5944
44.4605
50.9136
59.2466
69.8381
82.9987
33.0477
32.8936
33.9023
36.1156
39.5943
44.4604
50.9136
59.2466
69.8381
82.9987
33.0477
32.8936
33.9023
36.1156
39.5943
44.4604
50.9136
59.2466
69.8381
82.9987
33.0477
32.8936
33.9023
36.1156
39.5944
44.4604
50.9136
59.2466
69.8381
82.9987
33.0477
32.8937
33.9024
36.1156
39.5944
44.4605
50.9137
59.2467
69.8382
82.9988
33.0478
32.8937
33.9024
36.1157
39.5945
44.4605
50.9137
59.2467
69.8382
82.9988
33.0479
32.8938
33.9025
36.1158
39.5946
44.4606
50.9138
59.2468
69.8384
82.999
30.8124
31.2511
32.5379
34.7971
38.1221
42.6142
48.3928
55.58
64.235
74.1699
30.8123
31.251
32.5378
34.797
38.122
42.6141
48.3927
55.5799
64.2348
74.1698
30.8122
31.2509
32.5377
34.7969
38.1219
42.614
48.3926
55.5798
64.2347
74.1697
30.8122
31.2509
32.5377
34.7969
38.1218
42.6139
48.3926
55.5797
64.2347
74.1696
30.8121
31.2509
32.5376
34.7968
38.1218
42.6139
48.3925
55.5797
64.2346
74.1696
30.8121
31.2509
32.5376
34.7968
38.1218
42.6139
48.3925
55.5797
64.2346
74.1696
30.8122
31.2509
32.5376
34.7968
38.1218
42.6139
48.3925
55.5797
64.2347
74.1696
30.8122
31.2509
32.5377
34.7969
38.1219
42.614
48.3926
55.5797
64.2347
74.1697
30.8122
31.251
32.5377
34.797
38.1219
42.6141
48.3927
55.5798
64.2348
74.1698
30.8123
31.251
32.5378
34.797
38.122
42.6142
48.3928
55.5799
64.2349
74.1699
28.5098
29.3417
30.8269
33.0837
36.1984
40.2412
45.2662
51.289
58.2337
65.833
28.5097
29.3416
30.8268
33.0836
36.1983
40.2411
45.266
51.2889
58.2336
65.8329
28.5096
29.3415
30.8267
33.0835
36.1982
40.241
45.266
51.2888
58.2335
65.8328
28.5096
29.3415
30.8267
33.0835
36.1981
40.241
45.2659
51.2888
58.2334
65.8327
28.5096
29.3415
30.8266
33.0834
36.1981
40.2409
45.2659
51.2887
58.2334
65.8327
28.5096
29.3415
30.8266
33.0834
36.1981
40.2409
45.2659
51.2887
58.2334
65.8327
28.5096
29.3415
30.8266
33.0834
36.1981
40.241
45.2659
51.2888
58.2334
65.8327
28.5096
29.3415
30.8267
33.0835
36.1982
40.241
45.2659
51.2888
58.2335
65.8328
28.5097
29.3416
30.8268
33.0836
36.1983
40.2411
45.266
51.2889
58.2336
65.8329
28.5098
29.3417
30.8268
33.0837
36.1984
40.2412
45.2661
51.289
58.2337
65.833
26.2673
27.3581
28.9662
31.178
34.0557
37.6382
41.9351
46.9095
52.4481
58.324
26.2672
27.358
28.9661
31.1779
34.0556
37.6381
41.935
46.9094
52.448
58.3239
26.2672
27.3579
28.966
31.1778
34.0555
37.638
41.9349
46.9093
52.4479
58.3238
26.2671
27.3579
28.966
31.1777
34.0555
37.638
41.9349
46.9092
52.4478
58.3237
26.2671
27.3579
28.9659
31.1777
34.0554
37.638
41.9349
46.9092
52.4478
58.3237
26.2671
27.3579
28.9659
31.1777
34.0554
37.638
41.9348
46.9092
52.4478
58.3237
26.2671
27.3579
28.9659
31.1777
34.0554
37.638
41.9349
46.9092
52.4478
58.3237
26.2672
27.3579
28.966
31.1778
34.0555
37.638
41.9349
46.9093
52.4479
58.3238
26.2672
27.358
28.9661
31.1779
34.0556
37.6381
41.935
46.9094
52.448
58.3239
26.2673
27.3581
28.9661
31.1779
34.0557
37.6382
41.9351
46.9095
52.4481
58.324
24.1536
25.431
27.1173
29.2645
31.9088
35.0631
38.7088
42.7856
47.1802
51.7222
24.1536
25.4309
27.1172
29.2644
31.9087
35.063
38.7087
42.7855
47.1801
51.7221
24.1535
25.4309
27.1171
29.2644
31.9086
35.0629
38.7086
42.7854
47.18
51.722
24.1535
25.4308
27.1171
29.2643
31.9086
35.0628
38.7086
42.7853
47.1799
51.7219
24.1534
25.4308
27.1171
29.2643
31.9085
35.0628
38.7086
42.7853
47.1799
51.7219
24.1534
25.4308
27.1171
29.2643
31.9085
35.0628
38.7086
42.7853
47.1799
51.7219
24.1535
25.4308
27.1171
29.2643
31.9086
35.0628
38.7086
42.7853
47.1799
51.722
24.1535
25.4309
27.1171
29.2643
31.9086
35.0629
38.7086
42.7854
47.18
51.722
24.1535
25.4309
27.1172
29.2644
31.9087
35.063
38.7087
42.7855
47.1801
51.7221
24.1536
25.431
27.1173
29.2645
31.9088
35.0631
38.7088
42.7856
47.1802
51.7222
22.2175
23.661
25.415
27.5035
29.9429
32.7277
35.821
39.1489
42.6023
46.0525
22.2174
23.6609
25.4149
27.5034
29.9428
32.7276
35.8209
39.1488
42.6021
46.0523
22.2173
23.6608
25.4149
27.5034
29.9427
32.7275
35.8208
39.1487
42.602
46.0523
22.2173
23.6608
25.4148
27.5033
29.9427
32.7275
35.8208
39.1487
42.602
46.0522
22.2173
23.6607
25.4148
27.5033
29.9427
32.7275
35.8207
39.1486
42.602
46.0522
22.2173
23.6608
25.4148
27.5033
29.9427
32.7275
35.8207
39.1486
42.602
46.0522
22.2173
23.6608
25.4148
27.5033
29.9427
32.7275
35.8208
39.1487
42.602
46.0522
22.2173
23.6608
25.4149
27.5034
29.9427
32.7275
35.8208
39.1487
42.6021
46.0523
22.2174
23.6609
25.4149
27.5034
29.9428
32.7276
35.8209
39.1488
42.6021
46.0524
22.2175
23.661
25.415
27.5035
29.9429
32.7277
35.821
39.1489
42.6023
46.0525
20.4992
22.1365
23.9766
26.032
28.3129
30.8041
33.4552
36.1764
38.8463
41.3429
20.4991
22.1364
23.9765
26.032
28.3128
30.804
33.4551
36.1763
38.8462
41.3427
20.4991
22.1364
23.9765
26.0319
28.3127
30.804
33.455
36.1762
38.8461
41.3427
20.499
22.1363
23.9764
26.0318
28.3126
30.8039
33.455
36.1762
38.8461
41.3426
20.499
22.1363
23.9764
26.0318
28.3126
30.8039
33.455
36.1762
38.8461
41.3426
20.499
22.1363
23.9764
26.0318
28.3126
30.8039
33.455
36.1762
38.8461
41.3426
20.499
22.1363
23.9764
26.0319
28.3126
30.8039
33.455
36.1762
38.8461
41.3426
20.4991
22.1364
23.9765
26.0319
28.3127
30.804
33.4551
36.1763
38.8461
41.3427
20.4991
22.1364
23.9765
26.032
28.3128
30.804
33.4551
36.1764
38.8462
41.3428
20.4992
22.1365
23.9766
26.0321
28.3129
30.8041
33.4553
36.1765
38.8464
41.3429
19.0493
20.9547
22.9122
24.967
27.1447
29.4311
31.7643
34.0307
36.0646
37.6728
19.0492
20.9546
22.9121
24.9669
27.1447
29.431
31.7642
34.0306
36.0645
37.6727
19.0492
20.9545
22.912
24.9668
27.1446
29.431
31.7642
34.0305
36.0644
37.6726
19.0491
20.9545
22.912
24.9668
27.1445
29.4309
31.7641
34.0305
36.0644
37.6725
19.0491
20.9545
22.912
24.9667
27.1445
29.4309
31.7641
34.0304
36.0644
37.6725
19.0491
20.9545
22.912
24.9667
27.1445
29.4309
31.7641
34.0304
36.0644
37.6725
19.0491
20.9545
22.912
24.9668
27.1446
29.4309
31.7641
34.0305
36.0644
37.6725
19.0492
20.9546
22.912
24.9668
27.1446
29.431
31.7642
34.0305
36.0645
37.6726
19.0492
20.9546
22.9121
24.9669
27.1447
29.4311
31.7643
34.0306
36.0646
37.6727
19.0493
20.9547
22.9122
24.967
27.1448
29.4312
31.7644
34.0307
36.0647
37.6728
18.0095
20.256
22.3318
24.4038
26.5336
28.7141
30.8763
32.8813
34.4942
35.3123
18.0094
20.2559
22.3317
24.4037
26.5336
28.714
30.8762
32.8812
34.4941
35.3122
18.0094
20.2559
22.3317
24.4037
26.5335
28.714
30.8761
32.8812
34.494
35.3121
18.0093
20.2558
22.3316
24.4036
26.5335
28.7139
30.8761
32.8811
34.494
35.3121
18.0093
20.2558
22.3316
24.4036
26.5334
28.7139
30.8761
32.8811
34.494
35.312
18.0093
20.2558
22.3316
24.4036
26.5334
28.7139
30.8761
32.8811
34.494
35.3121
18.0093
20.2558
22.3316
24.4036
26.5335
28.714
30.8761
32.8811
34.494
35.3121
18.0094
20.2559
22.3317
24.4037
26.5335
28.714
30.8762
32.8812
34.4941
35.3121
18.0094
20.2559
22.3317
24.4038
26.5336
28.7141
30.8762
32.8813
34.4941
35.3122
18.0095
20.256
22.3318
24.4038
26.5337
28.7142
30.8764
32.8814
34.4943
35.3124
116.681
128.973
136.508
141.783
145.686
148.617
150.789
152.33
153.32
153.804
116.681
128.973
136.507
141.783
145.686
148.617
150.789
152.33
153.32
153.804
116.681
128.972
136.507
141.783
145.686
148.617
150.789
152.33
153.32
153.804
116.681
128.972
136.507
141.782
145.686
148.617
150.789
152.33
153.32
153.803
116.681
128.972
136.507
141.782
145.686
148.617
150.789
152.33
153.319
153.803
116.681
128.972
136.507
141.782
145.686
148.617
150.789
152.33
153.319
153.803
116.681
128.972
136.507
141.782
145.686
148.617
150.789
152.33
153.32
153.804
116.681
128.972
136.507
141.783
145.686
148.617
150.789
152.33
153.32
153.804
116.681
128.973
136.507
141.783
145.686
148.617
150.789
152.33
153.32
153.804
116.681
128.973
136.508
141.783
145.686
148.617
150.789
152.33
153.32
153.804
98.0751
109.046
116.804
122.434
126.613
129.736
132.038
133.664
134.704
135.212
98.0749
109.046
116.803
122.434
126.613
129.736
132.038
133.664
134.704
135.212
98.0748
109.046
116.803
122.434
126.613
129.736
132.038
133.663
134.704
135.212
98.0748
109.046
116.803
122.434
126.613
129.736
132.038
133.663
134.704
135.212
98.0747
109.046
116.803
122.434
126.613
129.736
132.037
133.663
134.704
135.212
98.0747
109.046
116.803
122.434
126.613
129.736
132.038
133.663
134.704
135.212
98.0747
109.046
116.803
122.434
126.613
129.736
132.038
133.663
134.704
135.212
98.0748
109.046
116.803
122.434
126.613
129.736
132.038
133.663
134.704
135.212
98.0749
109.046
116.803
122.434
126.613
129.736
132.038
133.664
134.704
135.212
98.075
109.046
116.804
122.434
126.613
129.736
132.038
133.664
134.704
135.212
84.5299
93.3142
100.23
105.558
109.636
112.73
115.027
116.656
117.7
118.21
84.5297
93.3141
100.23
105.558
109.636
112.73
115.027
116.655
117.7
118.21
84.5296
93.314
100.23
105.558
109.636
112.729
115.027
116.655
117.699
118.21
84.5295
93.3139
100.229
105.558
109.636
112.729
115.027
116.655
117.699
118.21
84.5295
93.3138
100.229
105.558
109.636
112.729
115.026
116.655
117.699
118.21
84.5295
93.3138
100.229
105.558
109.636
112.729
115.026
116.655
117.699
118.21
84.5295
93.3139
100.229
105.558
109.636
112.729
115.027
116.655
117.699
118.21
84.5296
93.3139
100.23
105.558
109.636
112.729
115.027
116.655
117.699
118.21
84.5297
93.314
100.23
105.558
109.636
112.73
115.027
116.655
117.7
118.21
84.5298
93.3142
100.23
105.558
109.636
112.73
115.027
116.656
117.7
118.21
73.5086
80.4265
86.2423
90.9522
94.6807
97.5716
99.7483
101.305
102.309
102.8
73.5084
80.4264
86.2422
90.952
94.6805
97.5714
99.7482
101.305
102.309
102.8
73.5083
80.4262
86.2421
90.9519
94.6804
97.5713
99.7481
101.305
102.308
102.8
73.5083
80.4262
86.242
90.9519
94.6803
97.5712
99.748
101.305
102.308
102.8
73.5082
80.4261
86.242
90.9518
94.6803
97.5712
99.748
101.305
102.308
102.8
73.5082
80.4261
86.242
90.9518
94.6803
97.5712
99.748
101.305
102.308
102.8
73.5083
80.4262
86.242
90.9519
94.6803
97.5712
99.748
101.305
102.308
102.8
73.5083
80.4262
86.2421
90.9519
94.6804
97.5713
99.7481
101.305
102.308
102.8
73.5084
80.4263
86.2422
90.9521
94.6805
97.5714
99.7482
101.305
102.309
102.8
73.5086
80.4265
86.2423
90.9522
94.6807
97.5716
99.7484
101.305
102.309
102.8
64.1796
69.6026
74.3463
78.3338
81.5868
84.1666
86.1409
87.5689
88.496
88.9521
64.1794
69.6024
74.3462
78.3337
81.5866
84.1664
86.1407
87.5688
88.4959
88.952
64.1793
69.6023
74.3461
78.3335
81.5865
84.1663
86.1406
87.5687
88.4958
88.9519
64.1793
69.6022
74.346
78.3335
81.5865
84.1663
86.1406
87.5686
88.4957
88.9519
64.1792
69.6022
74.346
78.3334
81.5864
84.1662
86.1405
87.5686
88.4957
88.9519
64.1792
69.6022
74.346
78.3334
81.5864
84.1662
86.1405
87.5686
88.4957
88.9519
64.1793
69.6022
74.346
78.3335
81.5865
84.1663
86.1406
87.5686
88.4957
88.9519
64.1793
69.6023
74.3461
78.3336
81.5865
84.1663
86.1407
87.5687
88.4958
88.952
64.1794
69.6024
74.3462
78.3337
81.5867
84.1665
86.1408
87.5688
88.4959
88.9521
64.1796
69.6026
74.3463
78.3338
81.5868
84.1666
86.1409
87.569
88.4961
88.9523
56.1988
60.3991
64.1705
67.4338
70.1672
72.3827
74.1072
75.37
76.1967
76.6054
56.1987
60.399
64.1704
67.4336
70.167
72.3826
74.1071
75.3699
76.1966
76.6053
56.1986
60.3989
64.1703
67.4335
70.1669
72.3825
74.1069
75.3698
76.1965
76.6052
56.1985
60.3988
64.1702
67.4335
70.1669
72.3824
74.1069
75.3697
76.1964
76.6052
56.1985
60.3988
64.1702
67.4334
70.1668
72.3824
74.1069
75.3697
76.1964
76.6052
56.1985
60.3988
64.1702
67.4334
70.1668
72.3824
74.1069
75.3697
76.1964
76.6052
56.1985
60.3988
64.1702
67.4335
70.1669
72.3824
74.1069
75.3698
76.1965
76.6052
56.1986
60.3989
64.1703
67.4335
70.167
72.3825
74.107
75.3698
76.1965
76.6053
56.1987
60.399
64.1704
67.4337
70.1671
72.3826
74.1071
75.3699
76.1967
76.6054
56.1988
60.3991
64.1705
67.4338
70.1672
72.3828
74.1073
75.3701
76.1968
76.6056
49.3866
52.5399
55.4386
58.0176
60.2353
62.0734
63.5296
64.6102
65.324
65.6788
49.3865
52.5398
55.4385
58.0175
60.2352
62.0733
63.5295
64.61
65.3239
65.6787
49.3864
52.5397
55.4384
58.0174
60.2351
62.0732
63.5294
64.6099
65.3238
65.6786
49.3863
52.5396
55.4383
58.0173
60.235
62.0731
63.5293
64.6099
65.3237
65.6785
49.3863
52.5396
55.4383
58.0173
60.235
62.0731
63.5293
64.6099
65.3237
65.6785
49.3863
52.5396
55.4383
58.0173
60.235
62.0731
63.5293
64.6099
65.3237
65.6785
49.3863
52.5396
55.4383
58.0173
60.235
62.0731
63.5293
64.6099
65.3238
65.6786
49.3864
52.5397
55.4384
58.0174
60.2351
62.0732
63.5294
64.61
65.3238
65.6787
49.3865
52.5398
55.4385
58.0175
60.2352
62.0733
63.5295
64.6101
65.3239
65.6788
49.3866
52.5399
55.4386
58.0176
60.2354
62.0735
63.5297
64.6103
65.3241
65.6789
43.6209
45.8203
47.9287
49.8807
51.6151
53.09
54.2817
55.1787
55.7772
56.0763
43.6208
45.8202
47.9285
49.8805
51.615
53.0899
54.2816
55.1786
55.7771
56.0762
43.6207
45.8201
47.9285
49.8805
51.6149
53.0898
54.2815
55.1785
55.777
56.0762
43.6207
45.8201
47.9284
49.8804
51.6148
53.0898
54.2814
55.1785
55.7769
56.0761
43.6206
45.82
47.9284
49.8804
51.6148
53.0897
54.2814
55.1785
55.7769
56.0761
43.6206
45.82
47.9284
49.8804
51.6148
53.0898
54.2814
55.1785
55.7769
56.0761
43.6207
45.8201
47.9284
49.8804
51.6148
53.0898
54.2814
55.1785
55.777
56.0762
43.6207
45.8201
47.9285
49.8805
51.6149
53.0899
54.2815
55.1786
55.777
56.0762
43.6208
45.8202
47.9286
49.8806
51.615
53.09
54.2816
55.1787
55.7772
56.0764
43.621
45.8204
47.9287
49.8807
51.6151
53.0901
54.2818
55.1788
55.7773
56.0765
38.7708
40.0427
41.4395
42.8384
44.1431
45.2891
46.2362
46.9605
47.4489
47.6945
38.7707
40.0426
41.4394
42.8383
44.143
45.289
46.2361
46.9604
47.4488
47.6944
38.7706
40.0425
41.4393
42.8382
44.1429
45.2889
46.236
46.9603
47.4487
47.6943
38.7705
40.0425
41.4392
42.8381
44.1428
45.2889
46.2359
46.9603
47.4486
47.6943
38.7705
40.0425
41.4392
42.8381
44.1428
45.2888
46.2359
46.9602
47.4486
47.6943
38.7705
40.0425
41.4392
42.8381
44.1428
45.2888
46.2359
46.9603
47.4486
47.6943
38.7705
40.0425
41.4392
42.8382
44.1429
45.2889
46.236
46.9603
47.4487
47.6943
38.7706
40.0426
41.4393
42.8382
44.1429
45.289
46.236
46.9604
47.4487
47.6944
38.7707
40.0427
41.4394
42.8383
44.143
45.2891
46.2361
46.9605
47.4488
47.6945
38.7708
40.0428
41.4395
42.8384
44.1432
45.2892
46.2363
46.9606
47.449
47.6946
34.5527
34.9542
35.7709
36.7227
37.6714
38.5373
39.271
39.8416
40.2306
40.4275
34.5526
34.9541
35.7708
36.7226
37.6713
38.5372
39.2708
39.8415
40.2305
40.4274
34.5525
34.954
35.7708
36.7225
37.6712
38.5371
39.2708
39.8414
40.2304
40.4273
34.5525
34.954
35.7707
36.7224
37.6712
38.5371
39.2707
39.8413
40.2304
40.4273
34.5525
34.9539
35.7707
36.7224
37.6712
38.5371
39.2707
39.8413
40.2303
40.4273
34.5525
34.9539
35.7707
36.7224
37.6712
38.5371
39.2707
39.8413
40.2303
40.4273
34.5525
34.954
35.7707
36.7224
37.6712
38.5371
39.2707
39.8414
40.2304
40.4273
34.5526
34.954
35.7708
36.7225
37.6713
38.5372
39.2708
39.8414
40.2305
40.4274
34.5527
34.9541
35.7709
36.7226
37.6714
38.5373
39.2709
39.8415
40.2306
40.4275
34.5528
34.9542
35.771
36.7227
37.6715
38.5374
39.271
39.8417
40.2307
40.4276
405.423
405.442
405.476
405.521
405.573
405.624
405.671
405.71
405.737
405.751
405.423
405.442
405.476
405.521
405.573
405.624
405.671
405.71
405.737
405.751
405.423
405.441
405.476
405.521
405.573
405.624
405.671
405.71
405.737
405.751
405.423
405.441
405.476
405.521
405.573
405.624
405.671
405.71
405.737
405.751
405.423
405.441
405.476
405.521
405.573
405.624
405.671
405.71
405.737
405.751
405.423
405.441
405.476
405.521
405.573
405.624
405.671
405.71
405.737
405.751
405.423
405.441
405.476
405.521
405.573
405.624
405.671
405.71
405.737
405.751
405.423
405.441
405.476
405.521
405.573
405.624
405.671
405.71
405.737
405.751
405.423
405.441
405.476
405.521
405.573
405.624
405.671
405.71
405.737
405.751
405.423
405.441
405.476
405.521
405.573
405.624
405.671
405.71
405.737
405.751
376.324
376.382
376.489
376.632
376.792
376.952
377.097
377.216
377.3
377.344
376.324
376.382
376.489
376.632
376.791
376.952
377.097
377.216
377.3
377.344
376.324
376.382
376.489
376.632
376.791
376.952
377.097
377.216
377.3
377.344
376.324
376.382
376.489
376.632
376.791
376.952
377.097
377.216
377.3
377.344
376.324
376.382
376.489
376.632
376.791
376.952
377.097
377.216
377.3
377.344
376.324
376.382
376.489
376.632
376.791
376.952
377.097
377.216
377.3
377.344
376.324
376.382
376.489
376.632
376.791
376.952
377.097
377.216
377.3
377.344
376.324
376.382
376.489
376.632
376.791
376.952
377.097
377.216
377.3
377.344
376.324
376.382
376.489
376.632
376.791
376.952
377.097
377.216
377.3
377.344
376.324
376.382
376.489
376.632
376.791
376.952
377.097
377.216
377.3
377.344
347.386
347.492
347.687
347.945
348.231
348.516
348.773
348.982
349.129
349.204
347.386
347.492
347.687
347.944
348.231
348.516
348.773
348.982
349.128
349.204
347.386
347.492
347.687
347.944
348.231
348.516
348.773
348.982
349.128
349.204
347.386
347.492
347.687
347.944
348.231
348.516
348.773
348.982
349.128
349.204
347.385
347.492
347.687
347.944
348.231
348.516
348.773
348.982
349.128
349.204
347.385
347.492
347.687
347.944
348.231
348.516
348.773
348.982
349.128
349.204
347.385
347.492
347.687
347.944
348.231
348.516
348.773
348.982
349.128
349.204
347.386
347.492
347.687
347.944
348.231
348.516
348.773
348.982
349.128
349.204
347.386
347.492
347.687
347.944
348.231
348.516
348.773
348.982
349.128
349.204
347.386
347.492
347.687
347.944
348.231
348.516
348.773
348.982
349.128
349.204
318.699
318.87
319.183
319.589
320.035
320.472
320.862
321.177
321.396
321.508
318.698
318.87
319.183
319.589
320.035
320.472
320.862
321.177
321.396
321.508
318.698
318.87
319.183
319.589
320.035
320.472
320.862
321.177
321.396
321.508
318.698
318.87
319.183
319.589
320.035
320.472
320.862
321.177
321.396
321.508
318.698
318.87
319.183
319.589
320.035
320.472
320.862
321.177
321.396
321.508
318.698
318.87
319.183
319.589
320.035
320.472
320.862
321.177
321.396
321.508
318.698
318.87
319.183
319.589
320.035
320.472
320.862
321.177
321.396
321.508
318.698
318.87
319.183
319.589
320.035
320.472
320.862
321.177
321.396
321.508
318.698
318.87
319.183
319.589
320.035
320.472
320.862
321.177
321.396
321.508
318.698
318.87
319.183
319.589
320.035
320.472
320.862
321.177
321.396
321.508
290.329
290.596
291.077
291.687
292.343
292.974
293.529
293.97
294.275
294.431
290.329
290.596
291.077
291.687
292.343
292.974
293.529
293.97
294.275
294.43
290.328
290.596
291.077
291.687
292.343
292.974
293.529
293.97
294.275
294.43
290.328
290.596
291.076
291.687
292.343
292.974
293.529
293.97
294.275
294.43
290.328
290.596
291.076
291.687
292.343
292.974
293.529
293.97
294.275
294.43
290.328
290.596
291.076
291.687
292.343
292.974
293.529
293.97
294.275
294.43
290.328
290.596
291.076
291.687
292.343
292.974
293.529
293.97
294.275
294.43
290.328
290.596
291.077
291.687
292.343
292.974
293.529
293.97
294.275
294.43
290.328
290.596
291.077
291.687
292.343
292.974
293.529
293.97
294.275
294.43
290.329
290.596
291.077
291.687
292.343
292.974
293.529
293.97
294.275
294.431
262.299
262.719
263.453
264.354
265.294
266.176
266.934
267.527
267.933
268.139
262.299
262.719
263.452
264.354
265.294
266.176
266.933
267.527
267.933
268.139
262.299
262.719
263.452
264.354
265.294
266.176
266.933
267.527
267.933
268.139
262.299
262.719
263.452
264.354
265.294
266.175
266.933
267.527
267.933
268.139
262.299
262.719
263.452
264.354
265.294
266.175
266.933
267.527
267.933
268.139
262.299
262.719
263.452
264.354
265.294
266.175
266.933
267.527
267.933
268.139
262.299
262.719
263.452
264.354
265.294
266.175
266.933
267.527
267.933
268.139
262.299
262.719
263.452
264.354
265.294
266.176
266.933
267.527
267.933
268.139
262.299
262.719
263.452
264.354
265.294
266.176
266.933
267.527
267.933
268.139
262.299
262.719
263.452
264.354
265.294
266.176
266.934
267.527
267.933
268.139
234.563
235.245
236.379
237.706
239.032
240.233
241.239
242.012
242.534
242.796
234.563
235.245
236.378
237.705
239.031
240.233
241.239
242.012
242.534
242.796
234.563
235.245
236.378
237.705
239.031
240.233
241.239
242.012
242.534
242.796
234.563
235.245
236.378
237.705
239.031
240.233
241.239
242.012
242.534
242.796
234.563
235.245
236.378
237.705
239.031
240.233
241.239
242.012
242.534
242.796
234.563
235.245
236.378
237.705
239.031
240.233
241.239
242.012
242.534
242.796
234.563
235.245
236.378
237.705
239.031
240.233
241.239
242.012
242.534
242.796
234.563
235.245
236.378
237.705
239.031
240.233
241.239
242.012
242.534
242.796
234.563
235.245
236.378
237.705
239.031
240.233
241.239
242.012
242.534
242.796
234.563
235.245
236.378
237.705
239.031
240.233
241.239
242.012
242.534
242.796
206.947
208.124
209.92
211.873
213.714
215.312
216.609
217.585
218.234
218.557
206.947
208.124
209.92
211.873
213.714
215.312
216.609
217.585
218.234
218.557
206.947
208.124
209.92
211.873
213.714
215.312
216.609
217.584
218.234
218.557
206.947
208.124
209.92
211.873
213.714
215.312
216.609
217.584
218.233
218.557
206.947
208.124
209.92
211.873
213.714
215.312
216.609
217.584
218.233
218.557
206.947
208.124
209.92
211.873
213.714
215.312
216.609
217.584
218.233
218.557
206.947
208.124
209.92
211.873
213.714
215.312
216.609
217.584
218.233
218.557
206.947
208.124
209.92
211.873
213.714
215.312
216.609
217.585
218.234
218.557
206.947
208.124
209.92
211.873
213.714
215.312
216.609
217.585
218.234
218.557
206.947
208.124
209.92
211.873
213.714
215.312
216.609
217.585
218.234
218.558
179.027
181.261
184.188
187.042
189.539
191.599
193.214
194.401
195.18
195.565
179.027
181.261
184.188
187.042
189.539
191.598
193.214
194.401
195.18
195.565
179.027
181.261
184.188
187.042
189.539
191.598
193.214
194.401
195.18
195.565
179.027
181.261
184.188
187.042
189.539
191.598
193.214
194.401
195.18
195.565
179.027
181.26
184.188
187.042
189.539
191.598
193.214
194.401
195.18
195.565
179.027
181.26
184.188
187.042
189.539
191.598
193.214
194.401
195.18
195.565
179.027
181.26
184.188
187.042
189.539
191.598
193.214
194.401
195.18
195.565
179.027
181.261
184.188
187.042
189.539
191.598
193.214
194.401
195.18
195.565
179.027
181.261
184.188
187.042
189.539
191.598
193.214
194.401
195.18
195.565
179.027
181.261
184.188
187.042
189.539
191.599
193.214
194.401
195.18
195.565
149.796
154.634
159.467
163.516
166.759
169.296
171.221
172.607
173.505
173.946
149.796
154.633
159.467
163.516
166.759
169.296
171.221
172.607
173.505
173.946
149.796
154.633
159.467
163.515
166.759
169.296
171.221
172.607
173.505
173.946
149.796
154.633
159.467
163.515
166.759
169.296
171.221
172.607
173.505
173.946
149.796
154.633
159.467
163.515
166.759
169.296
171.221
172.607
173.505
173.946
149.796
154.633
159.467
163.515
166.759
169.296
171.221
172.607
173.505
173.946
149.796
154.633
159.467
163.515
166.759
169.296
171.221
172.607
173.505
173.946
149.796
154.633
159.467
163.515
166.759
169.296
171.221
172.607
173.505
173.946
149.796
154.633
159.467
163.516
166.759
169.296
171.221
172.607
173.505
173.946
149.796
154.634
159.467
163.516
166.759
169.296
171.221
172.607
173.505
173.946
10.0251
10.0477
10.0964
10.1782
10.3042
10.4896
10.7535
11.1167
11.5865
12.0844
10.0251
10.0476
10.0963
10.1782
10.3042
10.4895
10.7535
11.1167
11.5864
12.0844
10.025
10.0476
10.0963
10.1781
10.3041
10.4895
10.7535
11.1166
11.5864
12.0843
10.025
10.0476
10.0963
10.1781
10.3041
10.4895
10.7534
11.1166
11.5864
12.0843
10.025
10.0476
10.0963
10.1781
10.3041
10.4895
10.7534
11.1166
11.5864
12.0843
10.025
10.0476
10.0963
10.1781
10.3041
10.4895
10.7534
11.1166
11.5864
12.0843
10.025
10.0476
10.0963
10.1781
10.3041
10.4895
10.7535
11.1166
11.5864
12.0843
10.025
10.0476
10.0963
10.1781
10.3042
10.4895
10.7535
11.1166
11.5864
12.0843
10.0251
10.0476
10.0963
10.1782
10.3042
10.4896
10.7535
11.1167
11.5864
12.0844
10.0251
10.0477
10.0964
10.1782
10.3042
10.4896
10.7536
11.1167
11.5865
12.0844
8.5016
8.52202
8.56533
8.63624
8.74149
8.88887
9.08488
9.32868
9.59722
9.81352
8.50156
8.52198
8.56529
8.63621
8.74146
8.88883
9.08484
9.32864
9.59719
9.81349
8.50154
8.52196
8.56526
8.63618
8.74143
8.88881
9.08482
9.32861
9.59716
9.81347
8.50152
8.52194
8.56525
8.63617
8.74141
8.88879
9.0848
9.32859
9.59714
9.81345
8.50151
8.52193
8.56524
8.63616
8.74141
8.88878
9.08479
9.32859
9.59713
9.81344
8.50151
8.52193
8.56524
8.63616
8.74141
8.88878
9.08479
9.32859
9.59714
9.81345
8.50152
8.52194
8.56525
8.63617
8.74142
8.8888
9.08481
9.3286
9.59715
9.81346
8.50154
8.52196
8.56527
8.63619
8.74144
8.88882
9.08483
9.32862
9.59717
9.81349
8.50156
8.52198
8.56529
8.63622
8.74147
8.88885
9.08486
9.32866
9.59721
9.81352
8.50158
8.52202
8.56533
8.63625
8.74151
8.88889
9.0849
9.3287
9.59725
9.81357
7.19664
7.214
7.25023
7.30805
7.39082
7.50129
7.63913
7.79643
7.9504
8.05615
7.19661
7.21396
7.2502
7.30802
7.39079
7.50126
7.6391
7.79639
7.95037
8.05612
7.19658
7.21394
7.25017
7.308
7.39077
7.50124
7.63908
7.79637
7.95035
8.0561
7.19657
7.21393
7.25016
7.30798
7.39075
7.50122
7.63906
7.79635
7.95033
8.05609
7.19656
7.21392
7.25015
7.30797
7.39075
7.50121
7.63905
7.79635
7.95033
8.05608
7.19656
7.21392
7.25015
7.30797
7.39075
7.50122
7.63906
7.79635
7.95033
8.05609
7.19657
7.21393
7.25016
7.30798
7.39076
7.50123
7.63907
7.79636
7.95034
8.0561
7.19658
7.21394
7.25018
7.308
7.39078
7.50125
7.63909
7.79638
7.95036
8.05612
7.1966
7.21397
7.2502
7.30803
7.3908
7.50127
7.63912
7.79641
7.9504
8.05615
7.19663
7.214
7.25023
7.30806
7.39084
7.50131
7.63916
7.79645
7.95044
8.05619
6.09413
6.10818
6.13707
6.1821
6.24445
6.32413
6.41825
6.51854
6.60888
6.66538
6.0941
6.10815
6.13704
6.18207
6.24442
6.3241
6.41822
6.51851
6.60885
6.66536
6.09408
6.10813
6.13702
6.18205
6.2444
6.32408
6.4182
6.51849
6.60883
6.66534
6.09407
6.10811
6.13701
6.18204
6.24438
6.32406
6.41818
6.51848
6.60882
6.66533
6.09406
6.10811
6.137
6.18203
6.24438
6.32406
6.41818
6.51847
6.60881
6.66532
6.09406
6.10811
6.137
6.18203
6.24438
6.32406
6.41818
6.51848
6.60881
6.66533
6.09407
6.10811
6.13701
6.18204
6.24439
6.32407
6.41819
6.51849
6.60883
6.66534
6.09408
6.10813
6.13703
6.18206
6.2444
6.32409
6.41821
6.51851
6.60885
6.66536
6.0941
6.10815
6.13705
6.18208
6.24443
6.32411
6.41823
6.51853
6.60887
6.66539
6.09412
6.10818
6.13708
6.18211
6.24446
6.32415
6.41827
6.51857
6.60891
6.66542
5.17938
5.19033
5.21256
5.24647
5.29206
5.34818
5.41155
5.47559
5.53001
5.56219
5.17935
5.1903
5.21253
5.24644
5.29203
5.34816
5.41152
5.47556
5.52998
5.56217
5.17933
5.19028
5.21251
5.24642
5.29201
5.34814
5.4115
5.47554
5.52996
5.56215
5.17932
5.19027
5.2125
5.24641
5.292
5.34813
5.41149
5.47553
5.52995
5.56214
5.17931
5.19026
5.2125
5.24641
5.29199
5.34812
5.41148
5.47553
5.52995
5.56214
5.17931
5.19026
5.2125
5.24641
5.292
5.34812
5.41149
5.47553
5.52995
5.56214
5.17932
5.19027
5.2125
5.24641
5.292
5.34813
5.4115
5.47554
5.52996
5.56215
5.17933
5.19028
5.21252
5.24643
5.29202
5.34815
5.41151
5.47556
5.52998
5.56217
5.17935
5.1903
5.21254
5.24645
5.29204
5.34817
5.41154
5.47558
5.53001
5.5622
5.17937
5.19033
5.21257
5.24648
5.29207
5.3482
5.41157
5.47561
5.53004
5.56223
4.43915
4.44747
4.46417
4.48917
4.52193
4.56101
4.60354
4.64481
4.67847
4.69769
4.43912
4.44744
4.46414
4.48914
4.52191
4.56099
4.60351
4.64479
4.67845
4.69768
4.43911
4.44742
4.46413
4.48913
4.52189
4.56097
4.6035
4.64477
4.67844
4.69766
4.43909
4.44741
4.46412
4.48912
4.52188
4.56096
4.60349
4.64476
4.67843
4.69765
4.43909
4.44741
4.46411
4.48911
4.52187
4.56095
4.60348
4.64476
4.67842
4.69765
4.43909
4.44741
4.46411
4.48911
4.52187
4.56096
4.60348
4.64476
4.67843
4.69765
4.4391
4.44741
4.46412
4.48912
4.52188
4.56097
4.60349
4.64477
4.67844
4.69766
4.43911
4.44743
4.46413
4.48913
4.5219
4.56098
4.60351
4.64479
4.67845
4.69768
4.43912
4.44745
4.46415
4.48915
4.52192
4.561
4.60353
4.64481
4.67847
4.6977
4.43914
4.44747
4.46418
4.48918
4.52195
4.56103
4.60356
4.64484
4.6785
4.69773
3.86185
3.86811
3.88054
3.89886
3.92234
3.94962
3.97843
4.00553
4.02699
4.03896
3.86183
3.86808
3.88052
3.89883
3.92232
3.94959
3.97841
4.00551
4.02696
4.03894
3.86181
3.86807
3.8805
3.89882
3.9223
3.94958
3.97839
4.00549
4.02695
4.03893
3.8618
3.86806
3.88049
3.89881
3.92229
3.94957
3.97838
4.00548
4.02694
4.03892
3.8618
3.86805
3.88049
3.8988
3.92229
3.94956
3.97838
4.00548
4.02694
4.03892
3.8618
3.86805
3.88049
3.89881
3.92229
3.94957
3.97838
4.00548
4.02694
4.03892
3.8618
3.86806
3.8805
3.89881
3.92229
3.94957
3.97839
4.00549
4.02695
4.03893
3.86182
3.86807
3.88051
3.89883
3.92231
3.94959
3.9784
4.00551
4.02697
4.03895
3.86183
3.86809
3.88053
3.89884
3.92233
3.94961
3.97842
4.00553
4.02699
4.03897
3.86185
3.86811
3.88055
3.89887
3.92235
3.94963
3.97845
4.00556
4.02702
4.039
3.43779
3.44255
3.45194
3.46558
3.48274
3.50225
3.52237
3.54083
3.55513
3.56299
3.43777
3.44253
3.45192
3.46556
3.48272
3.50223
3.52235
3.54081
3.55511
3.56297
3.43775
3.44251
3.4519
3.46554
3.48271
3.50222
3.52233
3.5408
3.5551
3.56296
3.43774
3.4425
3.4519
3.46553
3.4827
3.50221
3.52232
3.54079
3.55509
3.56296
3.43774
3.4425
3.45189
3.46553
3.4827
3.50221
3.52232
3.54079
3.55509
3.56295
3.43774
3.4425
3.45189
3.46553
3.4827
3.50221
3.52232
3.54079
3.5551
3.56296
3.43775
3.44251
3.4519
3.46554
3.4827
3.50222
3.52233
3.5408
3.5551
3.56297
3.43776
3.44252
3.45191
3.46555
3.48272
3.50223
3.52234
3.54081
3.55512
3.56298
3.43777
3.44253
3.45193
3.46557
3.48274
3.50225
3.52236
3.54083
3.55514
3.563
3.43779
3.44256
3.45195
3.46559
3.48276
3.50227
3.52239
3.54086
3.55516
3.56302
3.15941
3.16321
3.17066
3.18137
3.19465
3.20948
3.2245
3.23804
3.24836
3.25397
3.15939
3.16319
3.17064
3.18135
3.19463
3.20946
3.22448
3.23802
3.24834
3.25395
3.15938
3.16318
3.17063
3.18133
3.19461
3.20945
3.22447
3.23801
3.24833
3.25394
3.15937
3.16317
3.17062
3.18133
3.19461
3.20944
3.22446
3.238
3.24833
3.25394
3.15936
3.16317
3.17062
3.18132
3.1946
3.20944
3.22446
3.238
3.24832
3.25394
3.15936
3.16317
3.17062
3.18132
3.19461
3.20944
3.22446
3.23801
3.24833
3.25394
3.15937
3.16317
3.17063
3.18133
3.19461
3.20945
3.22447
3.23801
3.24834
3.25395
3.15938
3.16318
3.17064
3.18134
3.19462
3.20946
3.22448
3.23803
3.24835
3.25396
3.15939
3.1632
3.17065
3.18136
3.19464
3.20948
3.2245
3.23804
3.24837
3.25398
3.15941
3.16322
3.17068
3.18138
3.19466
3.2095
3.22453
3.23807
3.24839
3.25401
3.02154
3.02488
3.03139
3.04069
3.05212
3.06477
3.07744
3.08875
3.09728
3.1019
3.02152
3.02486
3.03137
3.04067
3.05211
3.06476
3.07743
3.08873
3.09727
3.10189
3.02151
3.02485
3.03136
3.04066
3.0521
3.06475
3.07742
3.08872
3.09726
3.10188
3.0215
3.02484
3.03136
3.04065
3.05209
3.06474
3.07741
3.08872
3.09726
3.10187
3.0215
3.02484
3.03135
3.04065
3.05209
3.06474
3.07741
3.08872
3.09726
3.10187
3.0215
3.02484
3.03135
3.04065
3.05209
3.06474
3.07741
3.08872
3.09726
3.10188
3.02151
3.02485
3.03136
3.04066
3.0521
3.06475
3.07742
3.08873
3.09727
3.10188
3.02152
3.02486
3.03137
3.04067
3.05211
3.06476
3.07743
3.08874
3.09728
3.1019
3.02153
3.02487
3.03139
3.04069
3.05212
3.06478
3.07745
3.08876
3.0973
3.10192
3.02154
3.02489
3.03141
3.04071
3.05215
3.0648
3.07747
3.08878
3.09732
3.10194
29.9457
30.2233
30.7454
31.3946
32.0745
32.7165
33.2735
33.7138
34.0173
34.1719
29.9456
30.2232
30.7453
31.3945
32.0744
32.7164
33.2734
33.7137
34.0172
34.1718
29.9456
30.2231
30.7453
31.3944
32.0744
32.7163
33.2733
33.7137
34.0172
34.1717
29.9455
30.2231
30.7452
31.3944
32.0743
32.7163
33.2733
33.7136
34.0171
34.1717
29.9455
30.2231
30.7452
31.3944
32.0743
32.7163
33.2732
33.7136
34.0171
34.1717
29.9455
30.2231
30.7452
31.3944
32.0743
32.7163
33.2732
33.7136
34.0171
34.1717
29.9455
30.2231
30.7452
31.3944
32.0743
32.7163
33.2733
33.7137
34.0171
34.1717
29.9456
30.2232
30.7453
31.3945
32.0744
32.7164
33.2733
33.7137
34.0172
34.1718
29.9456
30.2232
30.7454
31.3946
32.0745
32.7165
33.2734
33.7138
34.0173
34.1719
29.9457
30.2233
30.7455
31.3947
32.0746
32.7166
33.2736
33.7139
34.0174
34.172
25.7865
25.9748
26.3233
26.7712
27.2563
27.727
28.1436
28.478
28.7108
28.83
25.7864
25.9747
26.3232
26.7711
27.2562
27.7269
28.1436
28.4779
28.7107
28.8299
25.7863
25.9746
26.3231
26.771
27.2562
27.7268
28.1435
28.4779
28.7106
28.8299
25.7863
25.9746
26.3231
26.771
27.2561
27.7267
28.1434
28.4778
28.7106
28.8298
25.7862
25.9746
26.323
26.771
27.2561
27.7267
28.1434
28.4778
28.7106
28.8298
25.7862
25.9746
26.323
26.771
27.2561
27.7267
28.1434
28.4778
28.7106
28.8298
25.7863
25.9746
26.3231
26.771
27.2561
27.7268
28.1435
28.4779
28.7106
28.8299
25.7863
25.9746
26.3231
26.771
27.2562
27.7268
28.1435
28.4779
28.7107
28.8299
25.7864
25.9747
26.3232
26.7711
27.2563
27.7269
28.1436
28.478
28.7108
28.83
25.7865
25.9748
26.3233
26.7712
27.2564
27.727
28.1437
28.4781
28.7109
28.8301
22.1168
22.2454
22.4836
22.7961
23.1425
23.4854
23.7941
24.045
24.2211
24.3119
22.1167
22.2453
22.4836
22.796
23.1424
23.4853
23.794
24.0449
24.2211
24.3118
22.1166
22.2452
22.4835
22.796
23.1423
23.4852
23.794
24.0448
24.221
24.3117
22.1166
22.2452
22.4835
22.7959
23.1423
23.4852
23.7939
24.0448
24.221
24.3117
22.1165
22.2451
22.4834
22.7959
23.1422
23.4852
23.7939
24.0448
24.221
24.3117
22.1165
22.2451
22.4834
22.7959
23.1422
23.4852
23.7939
24.0448
24.221
24.3117
22.1166
22.2452
22.4835
22.7959
23.1423
23.4852
23.7939
24.0448
24.221
24.3118
22.1166
22.2452
22.4835
22.796
23.1423
23.4853
23.794
24.0449
24.2211
24.3118
22.1167
22.2453
22.4836
22.7961
23.1424
23.4853
23.7941
24.045
24.2211
24.3119
22.1168
22.2454
22.4837
22.7962
23.1425
23.4854
23.7942
24.0451
24.2212
24.312
18.9496
19.0385
19.2042
19.4244
19.6724
19.9218
20.1493
20.3361
20.4682
20.5366
18.9495
19.0385
19.2041
19.4243
19.6723
19.9217
20.1492
20.336
20.4682
20.5366
18.9495
19.0384
19.2041
19.4243
19.6723
19.9217
20.1492
20.336
20.4681
20.5365
18.9494
19.0384
19.204
19.4242
19.6722
19.9216
20.1491
20.3359
20.4681
20.5365
18.9494
19.0383
19.204
19.4242
19.6722
19.9216
20.1491
20.3359
20.4681
20.5365
18.9494
19.0383
19.204
19.4242
19.6722
19.9216
20.1491
20.3359
20.4681
20.5365
18.9494
19.0384
19.204
19.4242
19.6723
19.9217
20.1492
20.336
20.4681
20.5365
18.9495
19.0384
19.2041
19.4243
19.6723
19.9217
20.1492
20.336
20.4682
20.5366
18.9495
19.0385
19.2041
19.4244
19.6724
19.9218
20.1493
20.3361
20.4682
20.5366
18.9496
19.0386
19.2042
19.4244
19.6725
19.9219
20.1494
20.3362
20.4683
20.5367
16.2803
16.3427
16.4596
16.6164
16.7951
16.9769
17.1444
17.2831
17.3818
17.4331
16.2802
16.3426
16.4595
16.6163
16.795
16.9768
17.1443
17.283
17.3818
17.4331
16.2802
16.3426
16.4594
16.6163
16.795
16.9767
17.1443
17.283
17.3817
17.433
16.2801
16.3425
16.4594
16.6162
16.7949
16.9767
17.1442
17.2829
17.3817
17.433
16.2801
16.3425
16.4594
16.6162
16.7949
16.9767
17.1442
17.2829
17.3817
17.433
16.2801
16.3425
16.4594
16.6162
16.7949
16.9767
17.1442
17.2829
17.3817
17.433
16.2802
16.3425
16.4594
16.6162
16.7949
16.9767
17.1443
17.283
17.3817
17.433
16.2802
16.3426
16.4595
16.6163
16.795
16.9768
17.1443
17.283
17.3818
17.4331
16.2802
16.3426
16.4595
16.6163
16.795
16.9768
17.1444
17.2831
17.3818
17.4331
16.2803
16.3427
16.4596
16.6164
16.7951
16.9769
17.1445
17.2832
17.3819
17.4332
14.0948
14.1393
14.2232
14.3364
14.4666
14.6002
14.7243
14.8277
14.9017
14.9403
14.0947
14.1393
14.2231
14.3364
14.4665
14.6001
14.7242
14.8277
14.9017
14.9403
14.0947
14.1392
14.223
14.3363
14.4665
14.6001
14.7242
14.8276
14.9016
14.9402
14.0946
14.1392
14.223
14.3363
14.4665
14.6
14.7241
14.8276
14.9016
14.9402
14.0946
14.1392
14.223
14.3363
14.4664
14.6
14.7241
14.8276
14.9016
14.9402
14.0946
14.1392
14.223
14.3363
14.4664
14.6
14.7241
14.8276
14.9016
14.9402
14.0946
14.1392
14.223
14.3363
14.4665
14.6001
14.7242
14.8276
14.9016
14.9402
14.0947
14.1392
14.2231
14.3363
14.4665
14.6001
14.7242
14.8277
14.9017
14.9403
14.0947
14.1393
14.2231
14.3364
14.4666
14.6002
14.7243
14.8277
14.9018
14.9403
14.0948
14.1394
14.2232
14.3365
14.4667
14.6002
14.7244
14.8278
14.9018
14.9404
12.3752
12.4079
12.4694
12.5531
12.6499
12.7498
12.8433
12.9216
12.9778
13.0072
12.3752
12.4078
12.4694
12.553
12.6498
12.7498
12.8432
12.9215
12.9778
13.0072
12.3751
12.4077
12.4693
12.553
12.6498
12.7497
12.8432
12.9215
12.9777
13.0071
12.3751
12.4077
12.4693
12.553
12.6497
12.7497
12.8431
12.9215
12.9777
13.0071
12.3751
12.4077
12.4693
12.5529
12.6497
12.7497
12.8431
12.9214
12.9777
13.0071
12.3751
12.4077
12.4693
12.553
12.6497
12.7497
12.8431
12.9215
12.9777
13.0071
12.3751
12.4077
12.4693
12.553
12.6497
12.7497
12.8432
12.9215
12.9777
13.0072
12.3751
12.4078
12.4693
12.553
12.6498
12.7497
12.8432
12.9215
12.9778
13.0072
12.3752
12.4078
12.4694
12.5531
12.6498
12.7498
12.8433
12.9216
12.9779
13.0073
12.3752
12.4079
12.4695
12.5531
12.6499
12.7499
12.8433
12.9217
12.9779
13.0073
11.1039
11.1287
11.1758
11.24
11.3146
11.392
11.4647
11.5259
11.57
11.5931
11.1038
11.1287
11.1757
11.2399
11.3145
11.3919
11.4647
11.5259
11.57
11.5931
11.1038
11.1286
11.1757
11.2399
11.3145
11.3919
11.4646
11.5258
11.5699
11.593
11.1038
11.1286
11.1757
11.2398
11.3144
11.3919
11.4646
11.5258
11.5699
11.593
11.1037
11.1286
11.1757
11.2398
11.3144
11.3918
11.4646
11.5258
11.5699
11.593
11.1038
11.1286
11.1757
11.2398
11.3144
11.3919
11.4646
11.5258
11.5699
11.593
11.1038
11.1286
11.1757
11.2399
11.3144
11.3919
11.4646
11.5258
11.5699
11.5931
11.1038
11.1287
11.1757
11.2399
11.3145
11.3919
11.4647
11.5259
11.57
11.5931
11.1038
11.1287
11.1758
11.24
11.3145
11.392
11.4647
11.5259
11.57
11.5932
11.1039
11.1288
11.1758
11.24
11.3146
11.392
11.4648
11.526
11.5701
11.5932
10.2656
10.2857
10.324
10.3764
10.4375
10.5011
10.5611
10.6117
10.6482
10.6674
10.2655
10.2857
10.324
10.3764
10.4374
10.501
10.561
10.6116
10.6482
10.6674
10.2655
10.2856
10.3239
10.3763
10.4374
10.501
10.561
10.6116
10.6482
10.6673
10.2654
10.2856
10.3239
10.3763
10.4374
10.501
10.561
10.6116
10.6481
10.6673
10.2654
10.2856
10.3239
10.3763
10.4374
10.501
10.5609
10.6116
10.6481
10.6673
10.2654
10.2856
10.3239
10.3763
10.4374
10.501
10.561
10.6116
10.6481
10.6673
10.2654
10.2856
10.3239
10.3763
10.4374
10.501
10.561
10.6116
10.6482
10.6674
10.2655
10.2857
10.324
10.3763
10.4374
10.501
10.561
10.6116
10.6482
10.6674
10.2655
10.2857
10.324
10.3764
10.4375
10.5011
10.5611
10.6117
10.6483
10.6674
10.2656
10.2858
10.3241
10.3765
10.4375
10.5012
10.5611
10.6118
10.6483
10.6675
9.84926
9.86727
9.90145
9.94826
10.0029
10.06
10.1139
10.1594
10.1924
10.2097
9.84921
9.86722
9.9014
9.94821
10.0029
10.06
10.1138
10.1594
10.1923
10.2096
9.84918
9.86719
9.90137
9.94818
10.0029
10.0599
10.1138
10.1594
10.1923
10.2096
9.84915
9.86716
9.90134
9.94816
10.0028
10.0599
10.1138
10.1593
10.1923
10.2096
9.84914
9.86715
9.90133
9.94815
10.0028
10.0599
10.1138
10.1593
10.1923
10.2096
9.84915
9.86716
9.90134
9.94815
10.0028
10.0599
10.1138
10.1594
10.1923
10.2096
9.84917
9.86718
9.90136
9.94817
10.0029
10.0599
10.1138
10.1594
10.1923
10.2096
9.8492
9.86721
9.90139
9.94821
10.0029
10.06
10.1139
10.1594
10.1924
10.2097
9.84924
9.86725
9.90144
9.94826
10.0029
10.06
10.1139
10.1595
10.1924
10.2097
9.84928
9.86731
9.90151
9.94833
10.003
10.0601
10.114
10.1595
10.1925
10.2098
)
;

boundaryField
{
    inlet1
    {
        type            fixedValue;
        value           uniform 10;
    }
    inlet2
    {
        type            fixedValue;
        value           uniform 20;
    }
    outlet1
    {
        type            zeroGradient;
    }
    outlet2
    {
        type            zeroGradient;
    }
    fixedWalls
    {
        type            zeroGradient;
    }
}


// ************************************************************************* //
