/*--------------------------------*- C++ -*----------------------------------*\
  =========                 |
  \\      /  F ield         | OpenFOAM: The Open Source CFD Toolbox
   \\    /   O peration     | Website:  https://openfoam.org
    \\  /    A nd           | Version:  6
     \\/     M anipulation  |
\*---------------------------------------------------------------------------*/
FoamFile
{
    version     2.0;
    format      ascii;
    class       volScalarField;
    location    "0.1";
    object      T;
}
// * * * * * * * * * * * * * * * * * * * * * * * * * * * * * * * * * * * * * //

dimensions      [0 0 0 1 0 0 0];

internalField   nonuniform List<scalar> 
7000
(
100.121
100.12
100.12
100.12
100.12
100.12
100.12
100.12
100.12
100.12
100.12
100.12
100.12
100.12
100.12
100.12
100.12
100.12
100.12
100.12
100.12
100.12
100.12
100.12
100.12
100.12
100.12
100.12
100.12
100.12
100.12
100.12
100.12
100.12
100.12
100.12
100.12
100.12
100.12
100.12
100.12
100.12
100.12
100.12
100.12
100.12
100.12
100.12
100.12
100.12
100.12
100.12
100.12
100.12
100.12
100.12
100.12
100.12
100.12
100.12
100.12
100.12
100.12
100.12
100.12
100.12
100.12
100.12
100.12
100.12
100.12
100.12
100.12
100.12
100.12
100.12
100.12
100.12
100.12
100.12
100.12
100.12
100.12
100.12
100.12
100.12
100.12
100.12
100.12
100.12
100.12
100.12
100.12
100.12
100.12
100.12
100.12
100.12
100.12
100.12
80.8628
80.8626
80.8624
80.8623
80.8622
80.8622
80.8622
80.8623
80.8623
80.8624
80.8626
80.8623
80.8622
80.8621
80.862
80.862
80.862
80.862
80.8621
80.8622
80.8624
80.8622
80.862
80.8619
80.8618
80.8618
80.8618
80.8619
80.862
80.8621
80.8623
80.8621
80.8619
80.8618
80.8617
80.8617
80.8617
80.8618
80.8619
80.862
80.8623
80.862
80.8619
80.8617
80.8617
80.8617
80.8617
80.8617
80.8618
80.862
80.8623
80.862
80.8619
80.8617
80.8617
80.8617
80.8617
80.8618
80.8619
80.862
80.8623
80.8621
80.8619
80.8618
80.8617
80.8617
80.8618
80.8618
80.8619
80.8621
80.8624
80.8621
80.862
80.8619
80.8618
80.8618
80.8618
80.8619
80.862
80.8622
80.8625
80.8623
80.8621
80.862
80.862
80.862
80.862
80.8621
80.8622
80.8623
80.8626
80.8624
80.8623
80.8622
80.8621
80.8621
80.8622
80.8622
80.8623
80.8625
63.0323
63.032
63.0317
63.0316
63.0314
63.0314
63.0314
63.0314
63.0315
63.0316
63.032
63.0316
63.0314
63.0312
63.0311
63.0311
63.031
63.0311
63.0312
63.0313
63.0317
63.0314
63.0312
63.031
63.0309
63.0308
63.0308
63.0309
63.031
63.0312
63.0316
63.0313
63.031
63.0308
63.0307
63.0307
63.0307
63.0307
63.0308
63.0311
63.0315
63.0312
63.0309
63.0308
63.0307
63.0306
63.0306
63.0307
63.0308
63.031
63.0315
63.0312
63.031
63.0308
63.0307
63.0306
63.0306
63.0307
63.0308
63.031
63.0316
63.0313
63.031
63.0309
63.0308
63.0307
63.0307
63.0308
63.0309
63.0311
63.0317
63.0314
63.0312
63.031
63.0309
63.0309
63.0309
63.0309
63.0311
63.0313
63.0319
63.0316
63.0314
63.0312
63.0311
63.0311
63.0311
63.0312
63.0313
63.0315
63.0321
63.0318
63.0316
63.0315
63.0314
63.0314
63.0314
63.0314
63.0316
63.0318
47.3454
47.345
47.3447
47.3445
47.3443
47.3442
47.3441
47.3439
47.3439
47.344
47.345
47.3446
47.3443
47.3441
47.3439
47.3438
47.3437
47.3436
47.3436
47.3437
47.3447
47.3443
47.3441
47.3438
47.3437
47.3435
47.3434
47.3433
47.3433
47.3435
47.3446
47.3442
47.3439
47.3437
47.3435
47.3434
47.3433
47.3432
47.3432
47.3434
47.3445
47.3441
47.3438
47.3436
47.3434
47.3433
47.3432
47.3431
47.3432
47.3433
47.3445
47.3441
47.3438
47.3436
47.3435
47.3433
47.3432
47.3432
47.3432
47.3434
47.3446
47.3442
47.3439
47.3437
47.3436
47.3434
47.3434
47.3433
47.3433
47.3435
47.3447
47.3444
47.3441
47.3439
47.3438
47.3436
47.3435
47.3435
47.3435
47.3437
47.3449
47.3446
47.3443
47.3442
47.344
47.3439
47.3438
47.3438
47.3438
47.344
47.3452
47.3449
47.3447
47.3445
47.3444
47.3443
47.3442
47.3441
47.3441
47.3443
34.2266
34.2262
34.2259
34.2257
34.2254
34.2251
34.2247
34.2242
34.2237
34.2235
34.2263
34.2259
34.2256
34.2253
34.225
34.2247
34.2243
34.2238
34.2234
34.2233
34.226
34.2256
34.2253
34.225
34.2248
34.2244
34.224
34.2236
34.2232
34.2231
34.2258
34.2254
34.2251
34.2249
34.2246
34.2243
34.2239
34.2234
34.223
34.223
34.2257
34.2254
34.225
34.2248
34.2245
34.2242
34.2238
34.2234
34.223
34.2229
34.2258
34.2254
34.2251
34.2248
34.2245
34.2242
34.2239
34.2234
34.223
34.223
34.2259
34.2255
34.2252
34.2249
34.2247
34.2244
34.224
34.2235
34.2232
34.2231
34.226
34.2256
34.2254
34.2251
34.2249
34.2246
34.2242
34.2238
34.2234
34.2233
34.2263
34.2259
34.2256
34.2254
34.2252
34.2249
34.2245
34.2241
34.2237
34.2236
34.2265
34.2263
34.226
34.2258
34.2256
34.2253
34.2249
34.2245
34.2241
34.224
23.7927
23.7923
23.792
23.7916
23.7911
23.7904
23.7894
23.788
23.7864
23.7854
23.7923
23.792
23.7916
23.7913
23.7908
23.7901
23.7891
23.7876
23.7861
23.7852
23.7921
23.7917
23.7914
23.791
23.7906
23.7899
23.7888
23.7874
23.7859
23.785
23.7919
23.7916
23.7912
23.7909
23.7904
23.7897
23.7887
23.7873
23.7858
23.7849
23.7919
23.7915
23.7912
23.7908
23.7904
23.7897
23.7886
23.7872
23.7858
23.7849
23.7919
23.7915
23.7912
23.7908
23.7904
23.7897
23.7887
23.7873
23.7858
23.7849
23.792
23.7916
23.7913
23.7909
23.7905
23.7898
23.7888
23.7874
23.7859
23.785
23.7921
23.7918
23.7915
23.7911
23.7907
23.79
23.789
23.7876
23.7861
23.7853
23.7924
23.792
23.7918
23.7914
23.791
23.7903
23.7893
23.7879
23.7864
23.7856
23.7927
23.7924
23.7921
23.7918
23.7914
23.7907
23.7897
23.7883
23.7868
23.786
15.8952
15.8949
15.8945
15.894
15.8932
15.8917
15.8893
15.8857
15.8814
15.8781
15.8949
15.8946
15.8942
15.8937
15.8929
15.8914
15.889
15.8854
15.8812
15.878
15.8947
15.8944
15.894
15.8935
15.8927
15.8912
15.8888
15.8853
15.881
15.8778
15.8946
15.8943
15.8939
15.8934
15.8926
15.8911
15.8887
15.8852
15.8809
15.8777
15.8946
15.8942
15.8938
15.8933
15.8925
15.8911
15.8887
15.8851
15.8809
15.8777
15.8946
15.8942
15.8939
15.8934
15.8925
15.8911
15.8887
15.8852
15.8809
15.8777
15.8947
15.8943
15.894
15.8935
15.8926
15.8912
15.8888
15.8853
15.881
15.8779
15.8948
15.8945
15.8941
15.8936
15.8928
15.8914
15.889
15.8855
15.8812
15.878
15.895
15.8947
15.8944
15.8939
15.8931
15.8917
15.8893
15.8857
15.8815
15.8783
15.8953
15.895
15.8947
15.8942
15.8934
15.892
15.8896
15.8861
15.8819
15.8787
10.2024
10.2021
10.2016
10.2009
10.1994
10.1967
10.1916
10.1834
10.1724
10.1626
10.2022
10.2018
10.2014
10.2006
10.1992
10.1965
10.1914
10.1832
10.1722
10.1625
10.202
10.2017
10.2012
10.2005
10.1991
10.1963
10.1913
10.1831
10.1721
10.1624
10.2019
10.2016
10.2011
10.2004
10.199
10.1962
10.1912
10.183
10.172
10.1623
10.2019
10.2015
10.2011
10.2003
10.1989
10.1962
10.1912
10.183
10.172
10.1623
10.2019
10.2016
10.2011
10.2004
10.199
10.1962
10.1912
10.183
10.172
10.1623
10.202
10.2016
10.2012
10.2005
10.199
10.1963
10.1913
10.1831
10.1721
10.1624
10.2021
10.2018
10.2013
10.2006
10.1992
10.1965
10.1915
10.1833
10.1723
10.1626
10.2023
10.202
10.2016
10.2008
10.1994
10.1967
10.1917
10.1835
10.1725
10.1628
10.2025
10.2022
10.2018
10.2011
10.1997
10.197
10.192
10.1838
10.1728
10.1631
6.29091
6.2906
6.29006
6.28898
6.28671
6.28194
6.27247
6.2552
6.22829
6.19913
6.29075
6.29043
6.28989
6.28882
6.28655
6.28178
6.27231
6.25504
6.22815
6.19903
6.29063
6.29031
6.28978
6.2887
6.28643
6.28167
6.2722
6.25494
6.22806
6.19896
6.29056
6.29024
6.28971
6.28863
6.28636
6.28161
6.27214
6.25488
6.22801
6.19891
6.29053
6.29022
6.28968
6.28861
6.28634
6.28159
6.27212
6.25487
6.228
6.1989
6.29055
6.29023
6.2897
6.28863
6.28637
6.28161
6.27215
6.2549
6.22803
6.19893
6.29061
6.2903
6.28977
6.2887
6.28644
6.28169
6.27222
6.25498
6.22811
6.19901
6.29071
6.29041
6.28988
6.28882
6.28656
6.28181
6.27235
6.2551
6.22823
6.19913
6.29086
6.29057
6.29005
6.289
6.28674
6.28199
6.27253
6.25528
6.22841
6.19931
6.29103
6.29078
6.29028
6.28923
6.28697
6.28222
6.27276
6.25551
6.22864
6.19954
3.72693
3.72662
3.72598
3.72457
3.72136
3.71418
3.69858
3.66632
3.60527
3.51447
3.72681
3.7265
3.72587
3.72446
3.72125
3.71407
3.69847
3.66622
3.60518
3.5144
3.72673
3.72642
3.72579
3.72438
3.72117
3.71399
3.6984
3.66615
3.60512
3.51435
3.72668
3.72637
3.72574
3.72433
3.72113
3.71395
3.69835
3.66611
3.60509
3.51432
3.72667
3.72636
3.72572
3.72432
3.72111
3.71393
3.69834
3.6661
3.60508
3.51432
3.72668
3.72637
3.72574
3.72433
3.72113
3.71396
3.69837
3.66613
3.60511
3.51434
3.72673
3.72642
3.72579
3.72439
3.72119
3.71401
3.69842
3.66618
3.60516
3.5144
3.7268
3.7265
3.72588
3.72448
3.72128
3.7141
3.69851
3.66628
3.60525
3.51448
3.72691
3.72662
3.726
3.7246
3.72141
3.71423
3.69864
3.66641
3.60538
3.51461
3.72704
3.72678
3.72617
3.72477
3.72158
3.71441
3.69882
3.66658
3.60555
3.51477
2.12193
2.12163
2.12094
2.11932
2.1155
2.10654
2.08573
2.03721
1.92057
1.61789
2.12185
2.12156
2.12087
2.11925
2.11543
2.10647
2.08566
2.03714
1.92051
1.61785
2.1218
2.1215
2.12082
2.1192
2.11538
2.10642
2.08561
2.0371
1.92047
1.61782
2.12177
2.12147
2.12078
2.11917
2.11535
2.10639
2.08559
2.03708
1.92045
1.61781
2.12176
2.12146
2.12078
2.11916
2.11534
2.10638
2.08558
2.03707
1.92045
1.6178
2.12177
2.12147
2.12079
2.11917
2.11535
2.1064
2.0856
2.03709
1.92047
1.61782
2.1218
2.12151
2.12082
2.11921
2.11539
2.10644
2.08563
2.03713
1.9205
1.61785
2.12186
2.12157
2.12088
2.11927
2.11545
2.1065
2.0857
2.03719
1.92056
1.6179
2.12193
2.12165
2.12097
2.11936
2.11554
2.10659
2.08579
2.03728
1.92064
1.61797
2.12202
2.12176
2.12109
2.11948
2.11566
2.10671
2.08591
2.03739
1.92076
1.61807
1.16151
1.16125
1.1606
1.15902
1.15531
1.14668
1.12707
1.0835
0.989379
0.796494
1.16147
1.1612
1.16055
1.15898
1.15526
1.14663
1.12702
1.08346
0.989347
0.79647
1.16143
1.16117
1.16052
1.15895
1.15523
1.1466
1.127
1.08343
0.989325
0.796454
1.16141
1.16115
1.1605
1.15893
1.15521
1.14659
1.12698
1.08342
0.989313
0.796445
1.16141
1.16115
1.16049
1.15892
1.15521
1.14658
1.12698
1.08342
0.989312
0.796445
1.16142
1.16115
1.1605
1.15893
1.15522
1.14659
1.12699
1.08343
0.989323
0.796454
1.16144
1.16118
1.16053
1.15896
1.15524
1.14662
1.12701
1.08345
0.989346
0.796473
1.16148
1.16122
1.16057
1.159
1.15529
1.14666
1.12705
1.08349
0.989382
0.796503
1.16153
1.16127
1.16062
1.15906
1.15535
1.14672
1.12711
1.08355
0.989435
0.796546
1.16159
1.16134
1.1607
1.15914
1.15542
1.1468
1.12719
1.08363
0.989504
0.796604
0.611576
0.611364
0.610818
0.609514
0.606493
0.599711
0.585059
0.554887
0.496756
0.396306
0.611548
0.611336
0.61079
0.609487
0.606466
0.599685
0.585035
0.554865
0.496737
0.396292
0.611529
0.611317
0.610771
0.609468
0.606448
0.599667
0.585018
0.55485
0.496725
0.396283
0.611518
0.611306
0.61076
0.609457
0.606438
0.599658
0.585009
0.554842
0.496718
0.396278
0.611515
0.611303
0.610758
0.609455
0.606436
0.599656
0.585008
0.554841
0.496718
0.396278
0.611521
0.611309
0.610764
0.609462
0.606442
0.599663
0.585015
0.554848
0.496725
0.396284
0.611535
0.611324
0.610779
0.609478
0.606458
0.599679
0.585031
0.554864
0.496739
0.396295
0.611558
0.611348
0.610804
0.609503
0.606485
0.599705
0.585057
0.554888
0.496761
0.396313
0.61159
0.611382
0.61084
0.60954
0.606522
0.599742
0.585093
0.554923
0.496792
0.396339
0.611629
0.611427
0.610888
0.609589
0.60657
0.599791
0.585141
0.554968
0.496834
0.396374
0.309931
0.309775
0.309372
0.308424
0.306295
0.301708
0.292329
0.274357
0.242822
0.194248
0.309915
0.30976
0.309356
0.308409
0.30628
0.301694
0.292315
0.274345
0.242812
0.19424
0.309905
0.309749
0.309345
0.308399
0.306269
0.301684
0.292306
0.274337
0.242805
0.194235
0.309898
0.309743
0.309339
0.308393
0.306264
0.301679
0.292301
0.274333
0.242802
0.194233
0.309897
0.309742
0.309338
0.308392
0.306263
0.301678
0.292301
0.274333
0.242802
0.194233
0.309901
0.309745
0.309342
0.308396
0.306267
0.301682
0.292305
0.274337
0.242806
0.194236
0.309909
0.309754
0.309351
0.308405
0.306277
0.301692
0.292315
0.274346
0.242814
0.194243
0.309923
0.309769
0.309366
0.308421
0.306292
0.301708
0.29233
0.274361
0.242827
0.194254
0.309942
0.309789
0.309388
0.308443
0.306314
0.301729
0.292351
0.274381
0.242845
0.194268
0.309965
0.309816
0.309416
0.308471
0.306343
0.301758
0.292379
0.274407
0.242869
0.194288
0.151269
0.151165
0.150897
0.150281
0.14894
0.146171
0.140792
0.131105
0.115298
0.0927837
0.151261
0.151157
0.150888
0.150272
0.148932
0.146164
0.140785
0.131098
0.115293
0.0927795
0.151255
0.151151
0.150883
0.150267
0.148927
0.146158
0.14078
0.131094
0.115289
0.0927768
0.151252
0.151148
0.15088
0.150264
0.148924
0.146156
0.140778
0.131092
0.115288
0.0927755
0.151251
0.151148
0.150879
0.150263
0.148923
0.146156
0.140778
0.131092
0.115288
0.0927758
0.151253
0.15115
0.150881
0.150266
0.148926
0.146158
0.14078
0.131094
0.11529
0.0927777
0.151258
0.151155
0.150887
0.150271
0.148931
0.146164
0.140785
0.131099
0.115295
0.0927815
0.151266
0.151163
0.150895
0.15028
0.14894
0.146172
0.140794
0.131107
0.115302
0.0927874
0.151277
0.151175
0.150907
0.150292
0.148953
0.146185
0.140806
0.131119
0.115312
0.0927957
0.151291
0.15119
0.150924
0.150309
0.148969
0.146201
0.140821
0.131133
0.115325
0.0928067
0.0711562
0.0710925
0.0709292
0.0705639
0.0697945
0.068266
0.0654282
0.0605755
0.053091
0.0429969
0.0711518
0.0710882
0.0709249
0.0705597
0.0697904
0.0682621
0.0654246
0.0605723
0.0530883
0.0429948
0.0711488
0.0710852
0.070922
0.0705569
0.0697877
0.0682595
0.0654222
0.0605701
0.0530865
0.0429934
0.0711472
0.0710836
0.0709205
0.0705554
0.0697862
0.0682581
0.065421
0.0605691
0.0530857
0.0429928
0.071147
0.0710834
0.0709203
0.0705552
0.0697862
0.0682581
0.065421
0.0605692
0.0530858
0.042993
0.0711482
0.0710847
0.0709217
0.0705566
0.0697876
0.0682596
0.0654224
0.0605706
0.053087
0.042994
0.071151
0.0710875
0.0709246
0.0705596
0.0697906
0.0682625
0.0654253
0.0605733
0.0530895
0.0429961
0.0711553
0.071092
0.0709292
0.0705643
0.0697954
0.0682673
0.0654299
0.0605776
0.0530933
0.0429992
0.0711612
0.0710983
0.0709358
0.070571
0.0698021
0.0682739
0.0654363
0.0605835
0.0530986
0.0430037
0.0711684
0.0711067
0.0709445
0.0705798
0.0698109
0.0682825
0.0654446
0.0605913
0.0531056
0.0430095
0.0322826
0.0322465
0.0321549
0.0319548
0.031546
0.0307618
0.0293624
0.0270698
0.0236862
0.0192998
0.0322805
0.0322444
0.0321528
0.0319527
0.0315439
0.0307599
0.0293606
0.0270682
0.0236848
0.0192988
0.032279
0.0322429
0.0321514
0.0319513
0.0315426
0.0307586
0.0293594
0.0270672
0.023684
0.0192981
0.0322783
0.0322422
0.0321506
0.0319506
0.0315419
0.030758
0.0293589
0.0270667
0.0236836
0.0192978
0.0322782
0.0322421
0.0321506
0.0319506
0.0315419
0.030758
0.0293589
0.0270668
0.0236837
0.0192979
0.0322789
0.0322428
0.0321513
0.0319513
0.0315427
0.0307588
0.0293597
0.0270675
0.0236843
0.0192985
0.0322803
0.0322443
0.0321528
0.0319529
0.0315443
0.0307603
0.0293612
0.0270689
0.0236856
0.0192996
0.0322826
0.0322466
0.0321553
0.0319554
0.0315467
0.0307628
0.0293635
0.0270711
0.0236876
0.0193012
0.0322857
0.0322499
0.0321587
0.0319588
0.0315502
0.0307662
0.0293668
0.0270741
0.0236903
0.0193035
0.0322894
0.0322542
0.0321632
0.0319634
0.0315547
0.0307706
0.0293711
0.0270781
0.0236938
0.0193065
0.0141368
0.0141176
0.0140697
0.0139674
0.013764
0.0133862
0.0127345
0.0117049
0.0102386
0.00839611
0.0141357
0.0141166
0.0140687
0.0139664
0.0137631
0.0133853
0.0127337
0.0117041
0.010238
0.00839561
0.0141351
0.0141159
0.014068
0.0139657
0.0137625
0.0133847
0.0127332
0.0117037
0.0102376
0.0083953
0.0141347
0.0141156
0.0140677
0.0139654
0.0137622
0.0133844
0.0127329
0.0117034
0.0102374
0.00839516
0.0141347
0.0141156
0.0140677
0.0139654
0.0137622
0.0133844
0.012733
0.0117035
0.0102375
0.00839523
0.014135
0.0141159
0.0140681
0.0139658
0.0137626
0.0133848
0.0127333
0.0117039
0.0102378
0.00839551
0.0141358
0.0141167
0.0140688
0.0139666
0.0137633
0.0133856
0.0127341
0.0117045
0.0102384
0.00839604
0.0141369
0.0141178
0.01407
0.0139678
0.0137646
0.0133868
0.0127352
0.0117056
0.0102394
0.00839685
0.0141384
0.0141195
0.0140717
0.0139695
0.0137663
0.0133885
0.0127369
0.0117071
0.0102407
0.00839797
0.0141403
0.0141216
0.014074
0.0139718
0.0137685
0.0133907
0.012739
0.0117091
0.0102425
0.00839944
0.00597984
0.00597031
0.00594676
0.00589752
0.00580217
0.00562993
0.00534191
0.00490151
0.00429599
0.0035639
0.00597937
0.00596986
0.00594631
0.00589708
0.00580174
0.00562952
0.00534153
0.00490118
0.0042957
0.00356367
0.00597907
0.00596955
0.00594601
0.00589678
0.00580146
0.00562926
0.00534129
0.00490096
0.00429552
0.00356353
0.00597891
0.0059694
0.00594586
0.00589664
0.00580132
0.00562913
0.00534118
0.00490087
0.00429545
0.00356347
0.00597891
0.0059694
0.00594587
0.00589665
0.00580134
0.00562916
0.00534121
0.0049009
0.00429548
0.0035635
0.00597909
0.00596958
0.00594605
0.00589684
0.00580153
0.00562935
0.00534139
0.00490108
0.00429564
0.00356364
0.00597944
0.00596994
0.00594642
0.00589722
0.00580191
0.00562972
0.00534175
0.00490141
0.00429594
0.0035639
0.00597998
0.0059705
0.00594699
0.0058978
0.00580249
0.00563029
0.0053423
0.00490192
0.0042964
0.00356429
0.00598072
0.00597128
0.0059478
0.00589862
0.0058033
0.00563109
0.00534306
0.00490263
0.00429703
0.00356483
0.00598162
0.0059723
0.00594886
0.00589969
0.00580437
0.00563213
0.00534406
0.00490355
0.00429785
0.00356552
0.00244526
0.00244078
0.00242984
0.00240742
0.00236503
0.00229049
0.00216957
0.00199147
0.00176049
0.00151865
0.00244505
0.00244058
0.00242964
0.00240723
0.00236485
0.00229031
0.0021694
0.00199133
0.00176036
0.00151854
0.00244492
0.00244045
0.00242951
0.0024071
0.00236472
0.0022902
0.0021693
0.00199123
0.00176028
0.00151848
0.00244485
0.00244038
0.00242945
0.00240704
0.00236467
0.00229014
0.00216925
0.0019912
0.00176025
0.00151845
0.00244486
0.00244039
0.00242946
0.00240705
0.00236468
0.00229016
0.00216927
0.00199121
0.00176027
0.00151847
0.00244494
0.00244047
0.00242954
0.00240714
0.00236477
0.00229025
0.00216935
0.0019913
0.00176035
0.00151854
0.0024451
0.00244064
0.00242971
0.00240731
0.00236494
0.00229042
0.00216952
0.00199145
0.00176048
0.00151866
0.00244536
0.0024409
0.00242998
0.00240758
0.00236521
0.00229068
0.00216977
0.00199168
0.00176069
0.00151885
0.00244569
0.00244125
0.00243035
0.00240795
0.00236558
0.00229104
0.00217012
0.001992
0.00176098
0.0015191
0.00244611
0.00244172
0.00243083
0.00240844
0.00236607
0.00229152
0.00217057
0.00199242
0.00176136
0.00151943
0.718619
0.32652
0.153202
0.0835639
0.0738191
0.1194
0.251746
0.557795
1.23603
2.73972
0.718599
0.326509
0.153196
0.0835583
0.0738118
0.119388
0.251721
0.557749
1.23595
2.73956
0.718585
0.326501
0.153191
0.0835548
0.0738071
0.119379
0.251706
0.557719
1.23589
2.73946
0.718577
0.326498
0.153189
0.0835529
0.0738044
0.119375
0.251696
0.557702
1.23586
2.7394
0.718577
0.326498
0.153189
0.0835527
0.0738036
0.119373
0.251693
0.557696
1.23585
2.73938
0.718585
0.326503
0.153192
0.0835541
0.0738044
0.119374
0.251694
0.557699
1.23586
2.7394
0.718602
0.326512
0.153197
0.0835571
0.0738068
0.119377
0.2517
0.55771
1.23588
2.73944
0.718629
0.326526
0.153205
0.0835617
0.0738105
0.119381
0.251709
0.557728
1.23592
2.73951
0.718666
0.326546
0.153215
0.0835678
0.0738153
0.119388
0.25172
0.55775
1.23596
2.73961
0.718713
0.32657
0.153228
0.083575
0.0738205
0.119394
0.251731
0.557772
1.23601
2.73971
0.458696
0.237846
0.120622
0.0694022
0.0629823
0.100802
0.206243
0.436566
0.898577
1.74758
0.458681
0.237837
0.120616
0.0693976
0.0629762
0.100792
0.206224
0.436529
0.898514
1.74748
0.458671
0.237832
0.120613
0.0693945
0.0629721
0.100785
0.20621
0.436506
0.898472
1.74741
0.458666
0.237829
0.120611
0.0693929
0.0629698
0.10078
0.206203
0.436492
0.898448
1.74737
0.458667
0.237829
0.120611
0.0693928
0.0629691
0.100779
0.2062
0.436487
0.89844
1.74736
0.458673
0.237833
0.120613
0.069394
0.0629699
0.10078
0.206201
0.436489
0.898445
1.74737
0.458685
0.23784
0.120618
0.0693966
0.062972
0.100782
0.206206
0.436499
0.898463
1.7474
0.458705
0.237852
0.120624
0.0694007
0.0629754
0.100787
0.206214
0.436514
0.898493
1.74745
0.458732
0.237868
0.120634
0.0694064
0.06298
0.100793
0.206225
0.436535
0.898532
1.74753
0.458769
0.237889
0.120646
0.0694137
0.0629858
0.1008
0.206238
0.43656
0.898581
1.74762
0.256586
0.147222
0.0809342
0.0498135
0.046868
0.0738205
0.144916
0.29017
0.554477
0.976609
0.256577
0.147216
0.0809303
0.0498101
0.0468634
0.0738127
0.144901
0.290146
0.554437
0.976549
0.256571
0.147212
0.0809277
0.0498078
0.0468603
0.0738074
0.144892
0.290129
0.554409
0.976507
0.256568
0.14721
0.0809265
0.0498066
0.0468585
0.0738043
0.144886
0.290119
0.554394
0.976482
0.256568
0.14721
0.0809266
0.0498065
0.046858
0.0738032
0.144884
0.290116
0.554388
0.976474
0.256572
0.147213
0.0809283
0.0498074
0.0468586
0.0738038
0.144885
0.290118
0.554392
0.976481
0.25658
0.147218
0.0809315
0.0498095
0.0468604
0.073806
0.144889
0.290125
0.554404
0.976502
0.256593
0.147226
0.0809365
0.0498127
0.0468631
0.0738096
0.144896
0.290136
0.554426
0.976538
0.256611
0.147238
0.0809435
0.0498173
0.046867
0.0738147
0.144904
0.290153
0.554455
0.976587
0.256635
0.147253
0.0809528
0.0498232
0.046872
0.0738213
0.144916
0.290174
0.554493
0.976653
0.133884
0.0825438
0.0486389
0.0319592
0.0311535
0.0482063
0.0907046
0.17237
0.309654
0.508941
0.133879
0.0825402
0.0486363
0.0319569
0.0311504
0.0482011
0.0906956
0.172355
0.309631
0.508907
0.133875
0.0825379
0.0486347
0.0319553
0.0311482
0.0481975
0.0906895
0.172345
0.309614
0.508884
0.133874
0.0825368
0.0486339
0.0319545
0.031147
0.0481954
0.0906858
0.172338
0.309605
0.50887
0.133874
0.0825371
0.048634
0.0319544
0.0311467
0.0481947
0.0906845
0.172336
0.309601
0.508865
0.133877
0.0825388
0.0486351
0.0319551
0.0311472
0.0481952
0.0906852
0.172338
0.309604
0.508869
0.133882
0.0825422
0.0486373
0.0319566
0.0311484
0.0481968
0.0906879
0.172342
0.309612
0.508882
0.133889
0.0825474
0.0486407
0.0319589
0.0311505
0.0481995
0.0906925
0.172351
0.309626
0.508904
0.1339
0.0825548
0.0486454
0.0319621
0.0311533
0.0482033
0.0906989
0.172362
0.309645
0.508935
0.133915
0.0825647
0.0486517
0.0319664
0.0311571
0.0482082
0.0907072
0.172377
0.309671
0.508977
0.0664439
0.0431503
0.0269297
0.0187579
0.0188616
0.0286792
0.0518855
0.0942101
0.161123
0.252188
0.066441
0.0431483
0.0269282
0.0187564
0.0188596
0.028676
0.0518802
0.0942015
0.16111
0.25217
0.066439
0.0431469
0.0269272
0.0187555
0.0188583
0.0286739
0.0518765
0.0941955
0.161101
0.252157
0.0664381
0.0431463
0.0269267
0.0187549
0.0188575
0.0286726
0.0518743
0.094192
0.161096
0.25215
0.0664384
0.0431465
0.0269268
0.0187549
0.0188573
0.0286721
0.0518735
0.0941908
0.161094
0.252147
0.0664398
0.0431476
0.0269275
0.0187554
0.0188577
0.0286725
0.051874
0.0941917
0.161096
0.25215
0.0664427
0.0431496
0.0269289
0.0187563
0.0188585
0.0286736
0.0518758
0.0941947
0.161101
0.252158
0.0664472
0.0431527
0.026931
0.0187578
0.0188599
0.0286754
0.0518788
0.0941998
0.161109
0.25217
0.0664535
0.0431571
0.0269339
0.0187599
0.0188618
0.028678
0.051883
0.094207
0.161121
0.252189
0.0664619
0.043163
0.0269378
0.0187627
0.0188644
0.0286813
0.0518886
0.0942166
0.161137
0.252213
0.0316025
0.0213401
0.0139658
0.0102309
0.0105577
0.0157915
0.0275902
0.0481956
0.0792721
0.119733
0.0316009
0.021339
0.0139649
0.0102301
0.0105565
0.0157897
0.0275872
0.0481909
0.0792653
0.119724
0.0315999
0.0213383
0.0139644
0.0102295
0.0105558
0.0157884
0.0275852
0.0481877
0.0792605
0.119717
0.0315995
0.021338
0.0139641
0.0102292
0.0105553
0.0157877
0.0275839
0.0481858
0.0792577
0.119714
0.0315996
0.0213381
0.0139642
0.0102292
0.0105552
0.0157875
0.0275835
0.0481852
0.0792568
0.119712
0.0316005
0.0213387
0.0139646
0.0102295
0.0105554
0.0157877
0.0275839
0.0481858
0.0792578
0.119714
0.031602
0.0213398
0.0139654
0.0102301
0.010556
0.0157884
0.0275849
0.0481875
0.0792606
0.119718
0.0316045
0.0213416
0.0139666
0.010231
0.0105568
0.0157895
0.0275867
0.0481905
0.0792654
0.119725
0.0316079
0.0213441
0.0139683
0.0102322
0.010558
0.0157911
0.0275893
0.0481948
0.0792722
0.119735
0.0316125
0.0213473
0.0139706
0.0102339
0.0105596
0.0157932
0.0275927
0.0482004
0.0792812
0.119749
0.0144632
0.0100709
0.00685887
0.00524672
0.00553073
0.00814852
0.0138074
0.0233405
0.037201
0.0546868
0.0144625
0.0100704
0.00685841
0.00524625
0.0055301
0.00814755
0.0138059
0.0233382
0.0371976
0.0546822
0.014462
0.01007
0.00685811
0.00524594
0.00552968
0.00814688
0.0138048
0.0233365
0.0371952
0.054679
0.0144617
0.0100699
0.00685798
0.00524579
0.00552944
0.00814649
0.0138041
0.0233355
0.0371938
0.0546772
0.0144618
0.0100699
0.00685802
0.00524578
0.00552939
0.00814637
0.0138039
0.0233352
0.0371934
0.0546767
0.0144623
0.0100703
0.00685824
0.00524594
0.00552951
0.0081465
0.0138041
0.0233356
0.0371939
0.0546775
0.0144631
0.0100709
0.00685868
0.00524627
0.00552982
0.0081469
0.0138048
0.0233366
0.0371955
0.0546797
0.0144644
0.0100718
0.00685936
0.0052468
0.00553033
0.00814756
0.0138058
0.0233382
0.037198
0.0546835
0.0144662
0.0100731
0.0068603
0.00524752
0.00553104
0.00814849
0.0138073
0.0233406
0.0372017
0.0546888
0.0144685
0.0100748
0.00686154
0.00524847
0.00553197
0.00814972
0.0138092
0.0233437
0.0372066
0.0546959
0.00640138
0.00457784
0.00322962
0.00256642
0.00275378
0.0040006
0.00659543
0.0108325
0.0168068
0.0241487
0.006401
0.00457755
0.00322939
0.00256617
0.00275346
0.0040001
0.00659465
0.0108314
0.0168051
0.0241465
0.00640077
0.00457737
0.00322924
0.00256601
0.00275324
0.00399975
0.00659411
0.0108306
0.016804
0.024145
0.00640067
0.0045773
0.00322917
0.00256593
0.00275311
0.00399955
0.0065938
0.0108301
0.0168033
0.0241441
0.00640072
0.00457734
0.00322919
0.00256593
0.00275309
0.0039995
0.0065937
0.0108299
0.0168031
0.0241439
0.00640095
0.00457751
0.00322932
0.00256602
0.00275316
0.00399958
0.00659382
0.0108301
0.0168034
0.0241444
0.00640137
0.00457783
0.00322955
0.0025662
0.00275333
0.0039998
0.00659415
0.0108307
0.0168042
0.0241455
0.00640201
0.00457831
0.0032299
0.00256648
0.00275361
0.00400016
0.00659471
0.0108315
0.0168056
0.0241474
0.00640291
0.00457898
0.0032304
0.00256688
0.00275401
0.00400068
0.0065955
0.0108328
0.0168075
0.0241501
0.00640407
0.00457986
0.00323104
0.00256739
0.00275452
0.00400135
0.00659654
0.0108344
0.01681
0.0241537
0.00280301
0.00207188
0.00151669
0.00125055
0.00136346
0.00195359
0.00313635
0.005007
0.00755195
0.0105438
0.00280282
0.00207173
0.00151657
0.00125042
0.00136329
0.00195333
0.00313595
0.00500642
0.00755115
0.0105428
0.00280271
0.00207165
0.00151649
0.00125034
0.00136318
0.00195315
0.00313568
0.00500603
0.00755061
0.0105421
0.00280267
0.00207161
0.00151646
0.0012503
0.00136311
0.00195305
0.00313553
0.0050058
0.00755029
0.0105417
0.0028027
0.00207164
0.00151647
0.0012503
0.0013631
0.00195303
0.00313548
0.00500574
0.00755021
0.0105416
0.00280281
0.00207172
0.00151654
0.00125035
0.00136314
0.00195307
0.00313555
0.00500584
0.00755038
0.0105418
0.00280302
0.00207189
0.00151666
0.00125045
0.00136324
0.0019532
0.00313573
0.00500612
0.00755079
0.0105424
0.00280334
0.00207213
0.00151685
0.0012506
0.00136339
0.0019534
0.00313603
0.00500658
0.00755147
0.0105433
0.00280378
0.00207247
0.00151711
0.00125081
0.00136361
0.00195368
0.00313646
0.00500724
0.00755244
0.0105447
0.00280435
0.00207291
0.00151744
0.00125108
0.00136389
0.00195404
0.00313701
0.00500809
0.00755371
0.0105464
0.00140392
0.00110793
0.000847456
0.000723874
0.000800246
0.00113248
0.00177439
0.00275289
0.00400556
0.00526105
0.00140383
0.00110786
0.000847392
0.000723803
0.000800151
0.00113234
0.00177417
0.00275258
0.00400515
0.00526056
0.00140378
0.00110781
0.000847349
0.000723754
0.000800083
0.00113224
0.00177402
0.00275236
0.00400486
0.0052602
0.00140375
0.00110779
0.00084733
0.00072373
0.000800045
0.00113218
0.00177393
0.00275223
0.00400468
0.00525999
0.00140377
0.00110781
0.00084734
0.000723733
0.00080004
0.00113216
0.00177391
0.0027522
0.00400465
0.00525995
0.00140384
0.00110786
0.000847381
0.000723764
0.000800068
0.0011322
0.00177395
0.00275227
0.00400475
0.00526009
0.00140396
0.00110796
0.000847457
0.000723827
0.000800131
0.00113227
0.00177407
0.00275244
0.004005
0.00526042
0.00140413
0.0011081
0.000847572
0.000723924
0.00080023
0.0011324
0.00177426
0.00275273
0.0040054
0.00526095
0.00140438
0.0011083
0.000847729
0.000724057
0.000800367
0.00113258
0.00177452
0.00275313
0.00400598
0.00526169
0.00140468
0.00110855
0.000847924
0.000724222
0.000800538
0.0011328
0.00177485
0.00275363
0.0040067
0.00526266
6.17591
7.33238
7.77803
7.96342
8.04297
8.07726
8.09194
8.0982
8.10088
8.10198
6.17561
7.33204
7.77767
7.96305
8.0426
8.07689
8.09158
8.09784
8.10055
8.10171
6.17544
7.33183
7.77745
7.96283
8.04238
8.07667
8.09136
8.09763
8.10036
8.10155
6.17534
7.33172
7.77733
7.96271
8.04225
8.07655
8.09125
8.09753
8.10026
8.10146
6.1753
7.33168
7.77729
7.96267
8.04222
8.07652
8.09122
8.0975
8.10024
8.10145
6.17533
7.33171
7.77733
7.96271
8.04227
8.07657
8.09128
8.09757
8.10031
8.10151
6.17542
7.33182
7.77745
7.96285
8.04241
8.07671
8.09142
8.09772
8.10046
8.10167
6.17557
7.33201
7.77766
7.96307
8.04263
8.07695
8.09166
8.09795
8.1007
8.10191
6.17577
7.33226
7.77795
7.96337
8.04295
8.07727
8.09198
8.09828
8.10102
8.10224
6.17599
7.33256
7.77828
7.96372
8.04331
8.07763
8.09235
8.09865
8.1014
8.10261
3.03952
3.77678
4.13644
4.30292
4.37787
4.41088
4.42513
4.43118
4.43372
4.43475
3.03936
3.7766
4.13625
4.30272
4.37767
4.41068
4.42493
4.43098
4.43354
4.43461
3.03926
3.77648
4.13612
4.30258
4.37753
4.41054
4.42479
4.43085
4.43343
4.43451
3.0392
3.77641
4.13604
4.3025
4.37745
4.41046
4.42472
4.43079
4.43336
4.43445
3.03918
3.77639
4.13602
4.30248
4.37743
4.41044
4.4247
4.43077
4.43335
4.43445
3.0392
3.77641
4.13605
4.30251
4.37746
4.41048
4.42474
4.43081
4.4334
4.43449
3.03925
3.77648
4.13613
4.3026
4.37755
4.41057
4.42484
4.43091
4.4335
4.43459
3.03934
3.77659
4.13626
4.30274
4.3777
4.41072
4.42499
4.43107
4.43365
4.43475
3.03946
3.77675
4.13644
4.30293
4.3779
4.41093
4.4252
4.43128
4.43387
4.43496
3.03962
3.77696
4.13668
4.30319
4.37817
4.4112
4.42547
4.43155
4.43414
4.43524
1.51185
1.89606
2.11827
2.23358
2.28958
2.31552
2.32709
2.33211
2.33423
2.33507
1.51177
1.89596
2.11817
2.23347
2.28947
2.3154
2.32698
2.332
2.33413
2.335
1.51171
1.8959
2.11809
2.23339
2.28939
2.31533
2.3269
2.33192
2.33406
2.33494
1.51168
1.89586
2.11805
2.23335
2.28934
2.31528
2.32686
2.33188
2.33403
2.33491
1.51167
1.89584
2.11803
2.23334
2.28933
2.31527
2.32685
2.33188
2.33402
2.3349
1.51168
1.89586
2.11805
2.23336
2.28935
2.31529
2.32687
2.3319
2.33405
2.33493
1.51171
1.8959
2.1181
2.23341
2.28941
2.31535
2.32693
2.33196
2.33411
2.33499
1.51177
1.89597
2.11818
2.23349
2.2895
2.31544
2.32703
2.33206
2.33421
2.33509
1.51184
1.89606
2.11829
2.23362
2.28963
2.31558
2.32716
2.3322
2.33434
2.33523
1.51194
1.8962
2.11844
2.23378
2.2898
2.31575
2.32734
2.33237
2.33452
2.33541
0.74072
0.926687
1.04729
1.11599
1.15184
1.16938
1.17754
1.18118
1.18275
1.18337
0.740675
0.926635
1.04723
1.11593
1.15178
1.16932
1.17748
1.18112
1.18269
1.18333
0.740644
0.926598
1.04719
1.11589
1.15174
1.16928
1.17743
1.18108
1.18266
1.1833
0.740626
0.926576
1.04717
1.11586
1.15171
1.16925
1.17741
1.18106
1.18264
1.18328
0.74062
0.92657
1.04716
1.11585
1.15171
1.16925
1.17741
1.18106
1.18264
1.18328
0.740626
0.926578
1.04717
1.11587
1.15172
1.16926
1.17742
1.18107
1.18265
1.1833
0.740645
0.926602
1.0472
1.1159
1.15175
1.1693
1.17746
1.18111
1.18269
1.18333
0.740677
0.926642
1.04725
1.11595
1.15181
1.16935
1.17751
1.18117
1.18275
1.18339
0.740722
0.926699
1.04731
1.11602
1.15188
1.16943
1.1776
1.18125
1.18283
1.18347
0.740782
0.926777
1.0474
1.11612
1.15199
1.16954
1.1777
1.18136
1.18294
1.18358
0.353626
0.439933
0.50042
0.537464
0.55803
0.56862
0.573754
0.576123
0.577166
0.577579
0.353603
0.439906
0.50039
0.537432
0.557998
0.568588
0.573722
0.576091
0.577137
0.577559
0.353586
0.439887
0.500369
0.53741
0.557975
0.568565
0.573699
0.57607
0.577118
0.577542
0.353577
0.439876
0.500357
0.537397
0.557962
0.568552
0.573687
0.576059
0.577108
0.577533
0.353574
0.439873
0.500353
0.537394
0.557959
0.56855
0.573685
0.576058
0.577107
0.577533
0.353578
0.439878
0.50036
0.537401
0.557967
0.568558
0.573694
0.576067
0.577117
0.577543
0.353588
0.439891
0.500375
0.537419
0.557986
0.568578
0.573714
0.576088
0.577138
0.577565
0.353606
0.439914
0.500402
0.537448
0.558017
0.568609
0.573747
0.576121
0.577171
0.577598
0.353632
0.439946
0.500439
0.537489
0.55806
0.568655
0.573793
0.576167
0.577218
0.577645
0.353666
0.439989
0.50049
0.537544
0.558119
0.568715
0.573854
0.576229
0.577281
0.577708
0.163773
0.202529
0.231192
0.249756
0.260609
0.266456
0.269403
0.270807
0.271441
0.271694
0.163761
0.202515
0.231177
0.24974
0.260592
0.266439
0.269386
0.270791
0.271426
0.271684
0.163753
0.202506
0.231166
0.249729
0.260581
0.266428
0.269375
0.270781
0.271417
0.271676
0.163748
0.2025
0.23116
0.249723
0.260574
0.266422
0.269369
0.270775
0.271412
0.271671
0.163747
0.202499
0.231159
0.249722
0.260573
0.266421
0.269368
0.270775
0.271412
0.271672
0.163749
0.202502
0.231162
0.249725
0.260578
0.266425
0.269373
0.27078
0.271417
0.271677
0.163755
0.202509
0.231171
0.249735
0.260588
0.266436
0.269384
0.270791
0.271429
0.271689
0.163764
0.202521
0.231185
0.249751
0.260604
0.266453
0.269402
0.270809
0.271447
0.271707
0.163778
0.202538
0.231205
0.249773
0.260628
0.266478
0.269427
0.270835
0.271472
0.271733
0.163797
0.202562
0.231232
0.249803
0.26066
0.26651
0.269461
0.270868
0.271506
0.271767
0.0734594
0.0903328
0.103303
0.112078
0.117431
0.120431
0.121998
0.122767
0.123123
0.123267
0.0734537
0.0903262
0.103296
0.11207
0.117423
0.120423
0.12199
0.122759
0.123116
0.123262
0.0734498
0.0903216
0.103291
0.112065
0.117418
0.120418
0.121984
0.122754
0.123111
0.123258
0.0734474
0.0903189
0.103288
0.112062
0.117415
0.120415
0.121981
0.122752
0.123109
0.123256
0.0734469
0.0903183
0.103287
0.112061
0.117414
0.120414
0.121981
0.122752
0.123109
0.123256
0.073448
0.0903198
0.103289
0.112063
0.117416
0.120417
0.121984
0.122754
0.123112
0.123259
0.073451
0.0903236
0.103293
0.112068
0.117422
0.120423
0.12199
0.12276
0.123118
0.123265
0.0734561
0.0903298
0.103301
0.112076
0.11743
0.120432
0.121999
0.12277
0.123127
0.123275
0.0734633
0.0903388
0.103311
0.112088
0.117443
0.120444
0.122012
0.122783
0.123141
0.123288
0.0734728
0.0903507
0.103325
0.112103
0.117459
0.120461
0.122029
0.1228
0.123158
0.123306
0.0319307
0.0390351
0.0446619
0.0486054
0.0510991
0.0525453
0.0533244
0.053718
0.0539041
0.0539803
0.0319281
0.039032
0.0446585
0.0486017
0.0510953
0.0525415
0.0533206
0.0537144
0.0539008
0.0539781
0.0319262
0.0390298
0.0446561
0.0485992
0.0510927
0.0525389
0.0533181
0.0537119
0.0538986
0.0539763
0.0319251
0.0390286
0.0446548
0.0485978
0.0510913
0.0525375
0.0533168
0.0537107
0.0538976
0.0539753
0.0319249
0.0390284
0.0446546
0.0485976
0.0510912
0.0525374
0.0533168
0.0537108
0.0538977
0.0539756
0.0319255
0.0390291
0.0446555
0.0485987
0.0510924
0.0525387
0.0533181
0.0537122
0.0538992
0.0539771
0.031927
0.039031
0.0446577
0.0486012
0.051095
0.0525415
0.053321
0.0537152
0.0539022
0.0539801
0.0319295
0.0390341
0.0446613
0.0486052
0.0510993
0.052546
0.0533256
0.0537199
0.053907
0.0539849
0.0319331
0.0390385
0.0446665
0.0486109
0.0511054
0.0525523
0.0533321
0.0537265
0.0539136
0.0539916
0.0319379
0.0390444
0.0446733
0.0486184
0.0511134
0.0525607
0.0533407
0.0537351
0.0539223
0.0540004
0.0135394
0.0163723
0.0186996
0.0203876
0.0214903
0.0221498
0.0225153
0.0227047
0.0227962
0.0228342
0.0135382
0.0163709
0.0186981
0.020386
0.0214886
0.022148
0.0225136
0.0227031
0.0227947
0.0228332
0.0135373
0.0163699
0.018697
0.0203848
0.0214875
0.0221469
0.0225124
0.022702
0.0227938
0.0228324
0.0135368
0.0163694
0.0186965
0.0203842
0.0214868
0.0221463
0.0225118
0.0227015
0.0227933
0.022832
0.0135368
0.0163693
0.0186964
0.0203842
0.0214868
0.0221462
0.0225119
0.0227015
0.0227934
0.0228321
0.0135371
0.0163697
0.0186968
0.0203847
0.0214874
0.0221469
0.0225125
0.0227022
0.0227941
0.0228329
0.0135378
0.0163706
0.0186979
0.0203859
0.0214887
0.0221482
0.0225139
0.0227037
0.0227956
0.0228344
0.013539
0.0163721
0.0186996
0.0203878
0.0214907
0.0221504
0.0225161
0.0227059
0.0227979
0.0228366
0.0135407
0.0163742
0.0187021
0.0203905
0.0214936
0.0221534
0.0225192
0.022709
0.022801
0.0228398
0.013543
0.016377
0.0187053
0.0203941
0.0214974
0.0221573
0.0225233
0.0227132
0.0228052
0.022844
0.00576149
0.00670627
0.00759629
0.00827956
0.00874277
0.00902829
0.00919085
0.00927714
0.00931967
0.00933756
0.00576094
0.00670566
0.00759561
0.00827884
0.00874203
0.00902754
0.0091901
0.00927642
0.00931902
0.00933712
0.00576056
0.00670524
0.00759515
0.00827835
0.00874153
0.00902703
0.0091896
0.00927595
0.0093186
0.00933678
0.00576035
0.00670501
0.0075949
0.0082781
0.00874127
0.00902678
0.00918936
0.00927573
0.00931841
0.00933662
0.00576032
0.00670498
0.00759488
0.00827808
0.00874127
0.00902679
0.00918939
0.00927577
0.00931847
0.0093367
0.00576047
0.00670517
0.00759511
0.00827834
0.00874155
0.00902709
0.00918971
0.00927611
0.00931882
0.00933705
0.00576083
0.00670559
0.0075956
0.00827888
0.00874214
0.00902771
0.00919035
0.00927677
0.00931949
0.00933773
0.00576142
0.00670628
0.00759638
0.00827975
0.00874307
0.00902869
0.00919136
0.0092778
0.00932053
0.00933878
0.00576225
0.00670725
0.0075975
0.00828099
0.00874439
0.00903007
0.00919277
0.00927923
0.00932199
0.00934024
0.00576334
0.00670854
0.00759897
0.00828262
0.00874613
0.00903188
0.00919463
0.00928112
0.00932389
0.00934216
382.278
382.278
382.278
382.278
382.278
382.278
382.278
382.278
382.278
382.278
382.278
382.278
382.277
382.277
382.277
382.277
382.277
382.277
382.278
382.278
382.278
382.277
382.277
382.277
382.277
382.277
382.277
382.277
382.277
382.278
382.278
382.277
382.277
382.277
382.277
382.277
382.277
382.277
382.277
382.277
382.277
382.277
382.277
382.277
382.277
382.277
382.277
382.277
382.277
382.277
382.277
382.277
382.277
382.277
382.277
382.277
382.277
382.277
382.277
382.277
382.277
382.277
382.277
382.277
382.277
382.277
382.277
382.277
382.277
382.277
382.278
382.277
382.277
382.277
382.277
382.277
382.277
382.277
382.277
382.278
382.278
382.277
382.277
382.277
382.277
382.277
382.277
382.277
382.278
382.278
382.278
382.278
382.277
382.277
382.277
382.277
382.277
382.278
382.278
382.278
308.748
308.747
308.747
308.747
308.747
308.747
308.747
308.747
308.748
308.748
308.747
308.747
308.746
308.746
308.746
308.746
308.746
308.746
308.747
308.747
308.747
308.746
308.745
308.745
308.745
308.745
308.745
308.746
308.746
308.747
308.746
308.745
308.745
308.745
308.745
308.745
308.745
308.745
308.746
308.747
308.746
308.745
308.745
308.745
308.745
308.745
308.745
308.745
308.746
308.746
308.746
308.745
308.745
308.745
308.745
308.745
308.745
308.745
308.746
308.747
308.746
308.745
308.745
308.745
308.745
308.745
308.745
308.746
308.746
308.747
308.747
308.746
308.745
308.745
308.745
308.745
308.746
308.746
308.746
308.747
308.747
308.746
308.746
308.746
308.746
308.746
308.746
308.746
308.747
308.748
308.747
308.747
308.746
308.746
308.746
308.746
308.747
308.747
308.748
308.748
240.667
240.666
240.665
240.665
240.665
240.666
240.666
240.666
240.667
240.668
240.666
240.665
240.664
240.664
240.664
240.664
240.665
240.665
240.666
240.667
240.665
240.664
240.663
240.663
240.663
240.663
240.664
240.664
240.665
240.666
240.664
240.663
240.663
240.663
240.663
240.663
240.663
240.664
240.665
240.666
240.664
240.663
240.662
240.662
240.662
240.663
240.663
240.664
240.665
240.666
240.664
240.663
240.662
240.662
240.662
240.663
240.663
240.664
240.665
240.666
240.664
240.663
240.663
240.663
240.663
240.663
240.663
240.664
240.665
240.666
240.665
240.664
240.663
240.663
240.663
240.664
240.664
240.665
240.666
240.667
240.665
240.664
240.664
240.664
240.664
240.664
240.665
240.666
240.666
240.668
240.666
240.665
240.665
240.665
240.665
240.665
240.666
240.667
240.668
240.669
180.769
180.768
180.768
180.768
180.769
180.769
180.77
180.771
180.772
180.773
180.767
180.766
180.766
180.767
180.767
180.768
180.768
180.769
180.77
180.772
180.766
180.765
180.765
180.766
180.766
180.767
180.767
180.768
180.769
180.771
180.766
180.765
180.765
180.765
180.766
180.766
180.767
180.768
180.769
180.77
180.765
180.764
180.764
180.765
180.765
180.766
180.767
180.768
180.769
180.77
180.765
180.764
180.764
180.765
180.765
180.766
180.767
180.768
180.769
180.77
180.766
180.765
180.765
180.765
180.766
180.766
180.767
180.768
180.769
180.771
180.766
180.765
180.765
180.766
180.767
180.767
180.768
180.769
180.77
180.771
180.767
180.766
180.766
180.767
180.768
180.768
180.769
180.77
180.771
180.772
180.768
180.768
180.768
180.768
180.769
180.77
180.77
180.771
180.772
180.774
130.672
130.672
130.674
130.676
130.677
130.679
130.68
130.681
130.682
130.683
130.671
130.671
130.673
130.674
130.676
130.677
130.678
130.68
130.681
130.682
130.67
130.67
130.672
130.673
130.675
130.676
130.677
130.679
130.68
130.681
130.669
130.669
130.671
130.673
130.674
130.676
130.677
130.678
130.679
130.681
130.669
130.669
130.671
130.673
130.674
130.676
130.677
130.678
130.679
130.681
130.669
130.669
130.671
130.673
130.674
130.676
130.677
130.678
130.679
130.681
130.669
130.669
130.671
130.673
130.675
130.676
130.677
130.678
130.68
130.681
130.67
130.67
130.672
130.674
130.675
130.677
130.678
130.679
130.681
130.682
130.671
130.671
130.673
130.675
130.677
130.678
130.679
130.68
130.682
130.683
130.672
130.672
130.674
130.676
130.678
130.68
130.681
130.682
130.683
130.685
90.8171
90.8207
90.8265
90.832
90.8361
90.8389
90.8408
90.8422
90.8435
90.8447
90.8158
90.8194
90.8252
90.8307
90.8349
90.8376
90.8395
90.841
90.8424
90.8438
90.8148
90.8184
90.8243
90.8298
90.8339
90.8367
90.8387
90.8402
90.8416
90.8432
90.8143
90.8179
90.8237
90.8292
90.8334
90.8362
90.8381
90.8397
90.8411
90.8427
90.814
90.8176
90.8235
90.829
90.8332
90.836
90.8379
90.8395
90.841
90.8426
90.8141
90.8177
90.8235
90.8291
90.8333
90.8361
90.8381
90.8396
90.8411
90.8428
90.8144
90.818
90.8239
90.8295
90.8337
90.8366
90.8385
90.8401
90.8416
90.8433
90.8151
90.8187
90.8247
90.8303
90.8345
90.8373
90.8393
90.8409
90.8424
90.8441
90.816
90.8197
90.8257
90.8314
90.8356
90.8385
90.8405
90.8421
90.8436
90.8452
90.817
90.8211
90.8272
90.8328
90.8371
90.84
90.842
90.8436
90.8451
90.8468
60.6254
60.6378
60.6542
60.668
60.6774
60.683
60.6863
60.6883
60.6898
60.6911
60.6243
60.6367
60.6531
60.6669
60.6763
60.6819
60.6852
60.6873
60.6889
60.6903
60.6235
60.6359
60.6524
60.6662
60.6755
60.6812
60.6845
60.6866
60.6882
60.6898
60.623
60.6354
60.6519
60.6657
60.6751
60.6807
60.6841
60.6862
60.6879
60.6894
60.6228
60.6352
60.6517
60.6655
60.6749
60.6806
60.6839
60.6861
60.6877
60.6893
60.6228
60.6353
60.6518
60.6656
60.675
60.6807
60.6841
60.6862
60.6879
60.6895
60.6232
60.6356
60.6521
60.666
60.6754
60.6811
60.6845
60.6867
60.6884
60.69
60.6238
60.6363
60.6528
60.6667
60.6761
60.6818
60.6852
60.6874
60.6891
60.6907
60.6246
60.6372
60.6538
60.6677
60.6771
60.6829
60.6862
60.6884
60.6901
60.6918
60.6256
60.6384
60.6551
60.669
60.6785
60.6842
60.6876
60.6898
60.6915
60.6931
38.8022
38.8395
38.8818
38.9133
38.9326
38.9433
38.9489
38.9519
38.9536
38.9549
38.8013
38.8387
38.8809
38.9124
38.9318
38.9424
38.948
38.9511
38.9529
38.9543
38.8007
38.8381
38.8803
38.9118
38.9312
38.9419
38.9475
38.9505
38.9524
38.9539
38.8004
38.8377
38.88
38.9115
38.9308
38.9415
38.9471
38.9502
38.9521
38.9536
38.8002
38.8375
38.8798
38.9113
38.9307
38.9414
38.947
38.9501
38.952
38.9536
38.8003
38.8376
38.8799
38.9114
38.9308
38.9415
38.9472
38.9502
38.9522
38.9537
38.8006
38.8379
38.8802
38.9118
38.9311
38.9419
38.9475
38.9506
38.9526
38.9541
38.8011
38.8384
38.8808
38.9123
38.9317
38.9425
38.9481
38.9512
38.9532
38.9547
38.8017
38.8392
38.8816
38.9132
38.9326
38.9433
38.949
38.9521
38.9541
38.9556
38.8026
38.8402
38.8827
38.9143
38.9337
38.9445
38.9502
38.9533
38.9552
38.9568
23.6687
23.7802
23.883
23.9491
23.9854
24.0037
24.0125
24.0168
24.0189
24.0202
23.6681
23.7795
23.8824
23.9485
23.9848
24.0031
24.0119
24.0162
24.0184
24.0198
23.6677
23.7791
23.882
23.948
23.9844
24.0027
24.0115
24.0158
24.018
24.0195
23.6674
23.7788
23.8817
23.9478
23.9841
24.0024
24.0113
24.0156
24.0178
24.0193
23.6673
23.7787
23.8816
23.9477
23.984
24.0024
24.0112
24.0155
24.0178
24.0193
23.6674
23.7788
23.8817
23.9478
23.9841
24.0025
24.0113
24.0156
24.0179
24.0194
23.6676
23.779
23.8819
23.948
23.9844
24.0027
24.0116
24.0159
24.0182
24.0197
23.668
23.7795
23.8824
23.9485
23.9848
24.0032
24.0121
24.0164
24.0187
24.0202
23.6685
23.7801
23.883
23.9491
23.9855
24.0039
24.0128
24.0171
24.0194
24.0209
23.6692
23.7809
23.8839
23.95
23.9864
24.0048
24.0137
24.018
24.0203
24.0218
13.4179
13.7648
13.9981
14.1214
14.1811
14.2086
14.221
14.2265
14.229
14.2303
13.4175
13.7645
13.9977
14.121
14.1807
14.2082
14.2206
14.2261
14.2287
14.23
13.4172
13.7642
13.9974
14.1207
14.1804
14.2079
14.2203
14.2258
14.2284
14.2298
13.417
13.764
13.9973
14.1205
14.1802
14.2078
14.2201
14.2257
14.2283
14.2297
13.417
13.7639
13.9972
14.1205
14.1802
14.2077
14.2201
14.2256
14.2282
14.2297
13.417
13.764
13.9973
14.1205
14.1802
14.2078
14.2202
14.2257
14.2283
14.2298
13.4172
13.7642
13.9974
14.1207
14.1804
14.208
14.2204
14.2259
14.2286
14.23
13.4174
13.7644
13.9978
14.1211
14.1808
14.2083
14.2207
14.2263
14.2289
14.2304
13.4178
13.7649
13.9982
14.1215
14.1813
14.2089
14.2212
14.2268
14.2294
14.2309
13.4183
13.7655
13.9989
14.1222
14.182
14.2095
14.2219
14.2275
14.2301
14.2316
0.000967366
0.000965368
0.000960545
0.000950846
0.000932917
0.0009022
0.000853913
0.000785766
0.000703585
0.000631785
0.00096728
0.000965283
0.000960462
0.000950765
0.000932838
0.000902126
0.000853844
0.000785704
0.000703533
0.000631747
0.000967224
0.000965228
0.000960407
0.000950712
0.000932788
0.000902078
0.000853801
0.000785666
0.0007035
0.000631719
0.000967198
0.000965202
0.000960382
0.000950688
0.000932765
0.000902057
0.000853783
0.00078565
0.000703488
0.000631709
0.000967202
0.000965206
0.000960387
0.000950694
0.000932772
0.000902065
0.000853791
0.00078566
0.000703497
0.000631719
0.000967239
0.000965244
0.000960426
0.000950733
0.000932812
0.000902105
0.00085383
0.000785696
0.000703531
0.00063175
0.000967311
0.000965318
0.000960502
0.00095081
0.000932889
0.00090218
0.000853902
0.000785764
0.000703593
0.000631808
0.000967422
0.000965432
0.000960618
0.000950928
0.000933007
0.000902296
0.000854012
0.000785867
0.000703687
0.000631894
0.000967572
0.00096559
0.000960781
0.000951093
0.00093317
0.000902455
0.000854165
0.000786008
0.000703816
0.000632011
0.000967755
0.000965797
0.000960996
0.000951308
0.000933383
0.000902662
0.000854362
0.000786192
0.000703982
0.000632161
0.000370528
0.000369679
0.000367653
0.000363651
0.000356413
0.000344327
0.000325916
0.000301022
0.000272924
0.000251111
0.000370493
0.000369645
0.000367619
0.000363618
0.000356382
0.000344296
0.000325888
0.000300997
0.000272903
0.000251097
0.000370471
0.000369622
0.000367597
0.000363597
0.000356361
0.000344277
0.000325871
0.000300981
0.00027289
0.000251086
0.00037046
0.000369612
0.000367588
0.000363588
0.000356352
0.000344269
0.000325864
0.000300976
0.000272885
0.000251082
0.000370462
0.000369615
0.00036759
0.000363591
0.000356356
0.000344273
0.000325868
0.00030098
0.00027289
0.000251087
0.000370479
0.000369631
0.000367607
0.000363608
0.000356373
0.00034429
0.000325885
0.000300996
0.000272905
0.000251101
0.00037051
0.000369663
0.00036764
0.000363641
0.000356406
0.000344323
0.000325916
0.000301025
0.000272931
0.000251126
0.000370557
0.000369711
0.000367689
0.000363691
0.000356456
0.000344371
0.000325962
0.000301069
0.000272972
0.000251164
0.000370621
0.000369778
0.000367759
0.000363761
0.000356525
0.000344439
0.000326027
0.000301129
0.000273027
0.000251215
0.000370699
0.000369866
0.000367849
0.000363852
0.000356615
0.000344526
0.00032611
0.000301206
0.000273098
0.000251281
0.000137513
0.000137168
0.000136355
0.000134776
0.000131979
0.000127422
0.000120691
0.000111944
0.000102605
9.59071e-05
0.000137499
0.000137155
0.000136342
0.000134763
0.000131966
0.00012741
0.00012068
0.000111934
0.000102596
9.59017e-05
0.00013749
0.000137146
0.000136333
0.000134755
0.000131958
0.000127403
0.000120673
0.000111928
0.000102591
9.58977e-05
0.000137486
0.000137142
0.000136329
0.000134751
0.000131955
0.0001274
0.00012067
0.000111926
0.00010259
9.58963e-05
0.000137488
0.000137143
0.000136331
0.000134753
0.000131957
0.000127402
0.000120672
0.000111928
0.000102592
9.58984e-05
0.000137494
0.00013715
0.000136338
0.00013476
0.000131964
0.000127409
0.000120679
0.000111935
0.000102598
9.59044e-05
0.000137507
0.000137163
0.000136351
0.000134773
0.000131977
0.000127422
0.000120692
0.000111947
0.000102609
9.5915e-05
0.000137527
0.000137183
0.000136372
0.000134794
0.000131998
0.000127442
0.000120711
0.000111965
0.000102626
9.59309e-05
0.000137553
0.000137211
0.0001364
0.000134822
0.000132026
0.00012747
0.000120737
0.000111989
0.000102649
9.59525e-05
0.000137585
0.000137247
0.000136437
0.00013486
0.000132063
0.000127505
0.000120771
0.000112021
0.000102678
9.59801e-05
4.94856e-05
4.93516e-05
4.90388e-05
4.84412e-05
4.74035e-05
4.5753e-05
4.33834e-05
4.04125e-05
3.73805e-05
3.53225e-05
4.94805e-05
4.93465e-05
4.90338e-05
4.84363e-05
4.73988e-05
4.57485e-05
4.33792e-05
4.04087e-05
3.73773e-05
3.53205e-05
4.94772e-05
4.93433e-05
4.90306e-05
4.84332e-05
4.73958e-05
4.57457e-05
4.33767e-05
4.04065e-05
3.73755e-05
3.5319e-05
4.94757e-05
4.93419e-05
4.90292e-05
4.84319e-05
4.73947e-05
4.57447e-05
4.33758e-05
4.04057e-05
3.73749e-05
3.53186e-05
4.94763e-05
4.93425e-05
4.90299e-05
4.84326e-05
4.73954e-05
4.57455e-05
4.33766e-05
4.04066e-05
3.73757e-05
3.53195e-05
4.94791e-05
4.93453e-05
4.90328e-05
4.84355e-05
4.73983e-05
4.57484e-05
4.33794e-05
4.04093e-05
3.73783e-05
3.53219e-05
4.94842e-05
4.93505e-05
4.90381e-05
4.84408e-05
4.74037e-05
4.57536e-05
4.33845e-05
4.0414e-05
3.73828e-05
3.53263e-05
4.94919e-05
4.93584e-05
4.90461e-05
4.8449e-05
4.74118e-05
4.57615e-05
4.3392e-05
4.04212e-05
3.73895e-05
3.53326e-05
4.95023e-05
4.93693e-05
4.90573e-05
4.84603e-05
4.74229e-05
4.57724e-05
4.34024e-05
4.04309e-05
3.73986e-05
3.53413e-05
4.95151e-05
4.93836e-05
4.9072e-05
4.8475e-05
4.74374e-05
4.57864e-05
4.34158e-05
4.04435e-05
3.74103e-05
3.53525e-05
1.72801e-05
1.723e-05
1.71144e-05
1.6897e-05
1.65266e-05
1.59504e-05
1.51448e-05
1.41659e-05
1.3203e-05
1.25746e-05
1.72782e-05
1.72282e-05
1.71126e-05
1.68952e-05
1.65249e-05
1.59488e-05
1.51433e-05
1.41646e-05
1.32018e-05
1.25738e-05
1.7277e-05
1.7227e-05
1.71114e-05
1.68941e-05
1.65238e-05
1.59478e-05
1.51424e-05
1.41637e-05
1.32011e-05
1.25733e-05
1.72765e-05
1.72265e-05
1.7111e-05
1.68936e-05
1.65234e-05
1.59474e-05
1.51421e-05
1.41635e-05
1.32009e-05
1.25732e-05
1.72767e-05
1.72267e-05
1.71112e-05
1.68939e-05
1.65237e-05
1.59478e-05
1.51424e-05
1.41638e-05
1.32013e-05
1.25735e-05
1.72778e-05
1.72278e-05
1.71124e-05
1.68951e-05
1.65248e-05
1.59489e-05
1.51435e-05
1.41649e-05
1.32023e-05
1.25745e-05
1.72798e-05
1.72298e-05
1.71144e-05
1.68971e-05
1.65269e-05
1.59509e-05
1.51454e-05
1.41667e-05
1.3204e-05
1.25762e-05
1.72827e-05
1.72329e-05
1.71175e-05
1.69002e-05
1.653e-05
1.59539e-05
1.51483e-05
1.41695e-05
1.32066e-05
1.25787e-05
1.72867e-05
1.7237e-05
1.71218e-05
1.69045e-05
1.65342e-05
1.59581e-05
1.51523e-05
1.41732e-05
1.32102e-05
1.25821e-05
1.72916e-05
1.72425e-05
1.71274e-05
1.69101e-05
1.65398e-05
1.59634e-05
1.51574e-05
1.4178e-05
1.32147e-05
1.25864e-05
5.85942e-06
5.84144e-06
5.80032e-06
5.72411e-06
5.59659e-06
5.40233e-06
5.13712e-06
4.82357e-06
4.52421e-06
4.33446e-06
5.85874e-06
5.84078e-06
5.79967e-06
5.72347e-06
5.59597e-06
5.40174e-06
5.13658e-06
4.82307e-06
4.52379e-06
4.3342e-06
5.85832e-06
5.84036e-06
5.79926e-06
5.72307e-06
5.5956e-06
5.40139e-06
5.13626e-06
4.82279e-06
4.52355e-06
4.33402e-06
5.85815e-06
5.84019e-06
5.7991e-06
5.72292e-06
5.59546e-06
5.40127e-06
5.13615e-06
4.8227e-06
4.52349e-06
4.33398e-06
5.85826e-06
5.8403e-06
5.79922e-06
5.72305e-06
5.59559e-06
5.4014e-06
5.13629e-06
4.82285e-06
4.52363e-06
4.33412e-06
5.85866e-06
5.84071e-06
5.79963e-06
5.72347e-06
5.59601e-06
5.40182e-06
5.1367e-06
4.82324e-06
4.52401e-06
4.33449e-06
5.8594e-06
5.84146e-06
5.8004e-06
5.72423e-06
5.59678e-06
5.40257e-06
5.13742e-06
4.82393e-06
4.52467e-06
4.33513e-06
5.8605e-06
5.84259e-06
5.80154e-06
5.72539e-06
5.59792e-06
5.40369e-06
5.13849e-06
4.82494e-06
4.52563e-06
4.33606e-06
5.86198e-06
5.84413e-06
5.80312e-06
5.72698e-06
5.59949e-06
5.40522e-06
5.13996e-06
4.82633e-06
4.52695e-06
4.33733e-06
5.86379e-06
5.84615e-06
5.80519e-06
5.72905e-06
5.60153e-06
5.4072e-06
5.14185e-06
4.82812e-06
4.52863e-06
4.33895e-06
1.93095e-06
1.92473e-06
1.91062e-06
1.88482e-06
1.84239e-06
1.77899e-06
1.69428e-06
1.59648e-06
1.50538e-06
1.4489e-06
1.93072e-06
1.9245e-06
1.91039e-06
1.8846e-06
1.84218e-06
1.77879e-06
1.6941e-06
1.59631e-06
1.50523e-06
1.44882e-06
1.93058e-06
1.92435e-06
1.91025e-06
1.88447e-06
1.84205e-06
1.77867e-06
1.69399e-06
1.59621e-06
1.50515e-06
1.44875e-06
1.93052e-06
1.9243e-06
1.9102e-06
1.88442e-06
1.84201e-06
1.77863e-06
1.69395e-06
1.59619e-06
1.50513e-06
1.44874e-06
1.93056e-06
1.92434e-06
1.91024e-06
1.88447e-06
1.84206e-06
1.77868e-06
1.69401e-06
1.59624e-06
1.50519e-06
1.4488e-06
1.93071e-06
1.92449e-06
1.9104e-06
1.88462e-06
1.84221e-06
1.77883e-06
1.69415e-06
1.59639e-06
1.50533e-06
1.44894e-06
1.93098e-06
1.92476e-06
1.91067e-06
1.8849e-06
1.84249e-06
1.7791e-06
1.69441e-06
1.59663e-06
1.50557e-06
1.44917e-06
1.93137e-06
1.92517e-06
1.91108e-06
1.88531e-06
1.8429e-06
1.7795e-06
1.6948e-06
1.597e-06
1.50592e-06
1.44951e-06
1.9319e-06
1.92572e-06
1.91165e-06
1.88588e-06
1.84346e-06
1.78005e-06
1.69532e-06
1.5975e-06
1.50639e-06
1.44996e-06
1.93255e-06
1.92644e-06
1.91239e-06
1.88662e-06
1.84419e-06
1.78076e-06
1.696e-06
1.59814e-06
1.507e-06
1.45055e-06
6.19919e-07
6.1783e-07
6.13143e-07
6.04687e-07
5.90995e-07
5.70897e-07
5.44566e-07
5.14788e-07
4.87615e-07
4.71064e-07
6.1984e-07
6.17753e-07
6.13067e-07
6.04613e-07
5.90924e-07
5.70829e-07
5.44503e-07
5.14731e-07
4.87566e-07
4.71034e-07
6.19792e-07
6.17706e-07
6.13021e-07
6.04568e-07
5.90881e-07
5.70789e-07
5.44466e-07
5.14699e-07
4.87539e-07
4.71014e-07
6.19775e-07
6.17689e-07
6.13005e-07
6.04553e-07
5.90868e-07
5.70777e-07
5.44456e-07
5.14691e-07
4.87534e-07
4.71012e-07
6.19791e-07
6.17705e-07
6.13022e-07
6.04571e-07
5.90886e-07
5.70796e-07
5.44476e-07
5.14711e-07
4.87554e-07
4.71032e-07
6.19843e-07
6.17758e-07
6.13076e-07
6.04626e-07
5.9094e-07
5.7085e-07
5.44528e-07
5.14762e-07
4.87603e-07
4.71081e-07
6.19936e-07
6.17853e-07
6.13171e-07
6.04722e-07
5.91036e-07
5.70944e-07
5.44619e-07
5.14849e-07
4.87687e-07
4.71162e-07
6.20075e-07
6.17994e-07
6.13315e-07
6.04866e-07
5.91179e-07
5.71083e-07
5.44753e-07
5.14977e-07
4.8781e-07
4.71281e-07
6.2026e-07
6.18187e-07
6.13512e-07
6.05064e-07
5.91374e-07
5.71274e-07
5.44936e-07
5.15151e-07
4.87976e-07
4.71443e-07
6.20487e-07
6.18438e-07
6.13769e-07
6.05321e-07
5.91628e-07
5.71519e-07
5.45172e-07
5.15374e-07
4.88188e-07
4.71649e-07
1.97798e-07
1.97105e-07
1.95564e-07
1.92821e-07
1.88446e-07
1.82134e-07
1.74014e-07
1.65002e-07
1.56924e-07
1.52076e-07
1.97772e-07
1.97079e-07
1.95539e-07
1.92796e-07
1.88422e-07
1.82111e-07
1.73992e-07
1.64982e-07
1.56907e-07
1.52066e-07
1.97756e-07
1.97064e-07
1.95524e-07
1.92781e-07
1.88408e-07
1.82098e-07
1.7398e-07
1.64972e-07
1.56898e-07
1.52059e-07
1.97751e-07
1.97058e-07
1.95519e-07
1.92776e-07
1.88404e-07
1.82094e-07
1.73977e-07
1.6497e-07
1.56897e-07
1.52059e-07
1.97757e-07
1.97064e-07
1.95525e-07
1.92783e-07
1.88411e-07
1.82101e-07
1.73984e-07
1.64977e-07
1.56904e-07
1.52066e-07
1.97775e-07
1.97083e-07
1.95544e-07
1.92802e-07
1.8843e-07
1.8212e-07
1.74003e-07
1.64995e-07
1.56922e-07
1.52083e-07
1.97808e-07
1.97116e-07
1.95577e-07
1.92836e-07
1.88463e-07
1.82152e-07
1.74034e-07
1.65025e-07
1.56951e-07
1.52112e-07
1.97856e-07
1.97165e-07
1.95627e-07
1.92886e-07
1.88512e-07
1.82201e-07
1.74081e-07
1.6507e-07
1.56994e-07
1.52154e-07
1.9792e-07
1.97232e-07
1.95695e-07
1.92954e-07
1.8858e-07
1.82266e-07
1.74144e-07
1.6513e-07
1.57052e-07
1.5221e-07
1.97998e-07
1.97318e-07
1.95783e-07
1.93042e-07
1.88667e-07
1.82351e-07
1.74225e-07
1.65207e-07
1.57125e-07
1.52281e-07
7.58269e-08
7.55523e-08
7.49458e-08
7.38796e-08
7.22056e-08
6.98309e-08
6.68303e-08
6.35591e-08
6.06747e-08
5.89655e-08
7.58172e-08
7.55427e-08
7.49364e-08
7.38704e-08
7.21968e-08
6.98225e-08
6.68224e-08
6.35519e-08
6.06687e-08
5.89622e-08
7.58111e-08
7.55367e-08
7.49305e-08
7.38647e-08
7.21914e-08
6.98174e-08
6.68178e-08
6.35478e-08
6.06654e-08
5.89598e-08
7.58091e-08
7.55348e-08
7.49287e-08
7.3863e-08
7.21899e-08
6.98162e-08
6.68168e-08
6.35471e-08
6.0665e-08
5.89598e-08
7.58118e-08
7.55375e-08
7.49315e-08
7.3866e-08
7.21929e-08
6.98192e-08
6.68199e-08
6.35503e-08
6.06683e-08
5.89631e-08
7.58196e-08
7.55454e-08
7.49395e-08
7.38741e-08
7.2201e-08
6.98272e-08
6.68277e-08
6.35579e-08
6.06757e-08
5.89705e-08
7.58333e-08
7.55593e-08
7.49535e-08
7.38881e-08
7.22149e-08
6.98409e-08
6.6841e-08
6.35707e-08
6.0688e-08
5.89825e-08
7.58533e-08
7.55796e-08
7.49742e-08
7.39089e-08
7.22355e-08
6.9861e-08
6.68604e-08
6.35893e-08
6.0706e-08
5.90001e-08
7.58796e-08
7.56071e-08
7.50022e-08
7.3937e-08
7.22632e-08
6.9888e-08
6.68864e-08
6.36142e-08
6.07299e-08
5.90234e-08
7.59106e-08
7.56414e-08
7.50374e-08
7.39721e-08
7.22978e-08
6.99216e-08
6.69187e-08
6.36451e-08
6.07594e-08
5.90522e-08
0.00240152
0.00268036
0.00299694
0.00325849
0.00344354
0.00356123
0.00363002
0.00366737
0.00368614
0.00369414
0.00240128
0.0026801
0.00299666
0.00325819
0.00344323
0.00356092
0.0036297
0.00366707
0.00368587
0.00369396
0.00240112
0.00267992
0.00299646
0.00325799
0.00344302
0.00356071
0.0036295
0.00366688
0.00368569
0.00369382
0.00240103
0.00267983
0.00299636
0.00325788
0.00344291
0.0035606
0.0036294
0.00366679
0.00368562
0.00369375
0.00240102
0.00267982
0.00299636
0.00325788
0.00344292
0.00356061
0.00362942
0.00366681
0.00368565
0.00369379
0.00240109
0.00267991
0.00299646
0.003258
0.00344305
0.00356075
0.00362956
0.00366696
0.00368581
0.00369395
0.00240126
0.0026801
0.00299668
0.00325824
0.00344331
0.00356103
0.00362985
0.00366726
0.00368611
0.00369425
0.00240154
0.00268041
0.00299703
0.00325863
0.00344372
0.00356146
0.00363029
0.00366771
0.00368657
0.00369472
0.00240192
0.00268084
0.00299752
0.00325917
0.0034443
0.00356207
0.00363092
0.00366835
0.00368721
0.00369536
0.00240239
0.00268141
0.00299817
0.00325988
0.00344506
0.00356286
0.00363173
0.00366918
0.00368805
0.00369621
0.000955539
0.00103993
0.00114807
0.00124361
0.00131418
0.00136051
0.00138829
0.00140371
0.0014116
0.001415
0.000955438
0.00103982
0.00114795
0.00124349
0.00131405
0.00136038
0.00138816
0.00140358
0.00141149
0.00141493
0.000955369
0.00103975
0.00114787
0.00124341
0.00131397
0.00136029
0.00138808
0.00140351
0.00141142
0.00141488
0.000955333
0.00103971
0.00114783
0.00124336
0.00131393
0.00136025
0.00138804
0.00140347
0.00141139
0.00141485
0.000955331
0.00103971
0.00114783
0.00124337
0.00131393
0.00136026
0.00138805
0.00140349
0.00141141
0.00141487
0.000955366
0.00103975
0.00114788
0.00124342
0.00131399
0.00136032
0.00138811
0.00140355
0.00141148
0.00141494
0.000955443
0.00103983
0.00114797
0.00124352
0.0013141
0.00136044
0.00138823
0.00140368
0.0014116
0.00141507
0.000955563
0.00103996
0.00114812
0.00124369
0.00131427
0.00136062
0.00138842
0.00140387
0.0014118
0.00141527
0.00095573
0.00104015
0.00114833
0.00124392
0.00131452
0.00136088
0.00138869
0.00140414
0.00141207
0.00141554
0.000955933
0.00104039
0.00114861
0.00124422
0.00131484
0.00136121
0.00138903
0.00140449
0.00141243
0.0014159
0.000365187
0.00039103
0.000426941
0.000460503
0.000486308
0.000503777
0.000514517
0.000520608
0.000523779
0.000525165
0.000365147
0.000390988
0.000426896
0.000460455
0.000486259
0.000503726
0.000514467
0.000520559
0.000523736
0.000525137
0.000365119
0.000390959
0.000426865
0.000460423
0.000486226
0.000503694
0.000514435
0.000520529
0.000523709
0.000525116
0.000365105
0.000390944
0.00042685
0.000460408
0.00048621
0.000503679
0.000514421
0.000520517
0.000523699
0.000525107
0.000365105
0.000390945
0.000426851
0.00046041
0.000486213
0.000503682
0.000514426
0.000520523
0.000523706
0.000525116
0.000365121
0.000390962
0.00042687
0.000460431
0.000486237
0.000503707
0.000514452
0.000520551
0.000523735
0.000525145
0.000365153
0.000390997
0.000426909
0.000460474
0.000486283
0.000503756
0.000514503
0.000520602
0.000523788
0.000525198
0.000365204
0.000391052
0.000426971
0.000460541
0.000486355
0.000503831
0.000514581
0.000520682
0.000523868
0.000525279
0.000365274
0.00039113
0.000427057
0.000460635
0.000486455
0.000503937
0.000514689
0.000520792
0.00052398
0.000525392
0.000365359
0.000391231
0.00042717
0.000460759
0.000486587
0.000504074
0.000514831
0.000520936
0.000524125
0.000525539
0.000134552
0.00014248
0.000154129
0.000165526
0.00017461
0.00018094
0.000184926
0.000187233
0.000188454
0.000188995
0.000134536
0.000142464
0.000154111
0.000165508
0.000174591
0.000180921
0.000184907
0.000187214
0.000188438
0.000188984
0.000134526
0.000142453
0.0001541
0.000165496
0.000174579
0.000180908
0.000184895
0.000187203
0.000188428
0.000188976
0.00013452
0.000142447
0.000154094
0.00016549
0.000174573
0.000180903
0.00018489
0.000187198
0.000188424
0.000188973
0.000134521
0.000142448
0.000154095
0.000165491
0.000174575
0.000180905
0.000184892
0.000187201
0.000188428
0.000188977
0.000134527
0.000142455
0.000154103
0.0001655
0.000174584
0.000180915
0.000184903
0.000187212
0.000188439
0.000188989
0.000134541
0.000142469
0.000154119
0.000165517
0.000174603
0.000180934
0.000184923
0.000187233
0.00018846
0.00018901
0.000134561
0.000142491
0.000154143
0.000165543
0.000174631
0.000180964
0.000184954
0.000187264
0.000188492
0.000189042
0.000134589
0.000142522
0.000154177
0.000165581
0.000174671
0.000181006
0.000184996
0.000187308
0.000188536
0.000189087
0.000134624
0.000142563
0.000154222
0.00016563
0.000174723
0.00018106
0.000185052
0.000187365
0.000188594
0.000189145
4.79111e-05
5.03297e-05
5.40273e-05
5.77817e-05
6.08704e-05
6.30805e-05
6.45041e-05
6.5344e-05
6.57961e-05
6.59985e-05
4.79053e-05
5.03237e-05
5.4021e-05
5.77751e-05
6.08636e-05
6.30735e-05
6.44971e-05
6.53373e-05
6.57901e-05
6.59947e-05
4.79015e-05
5.03197e-05
5.40168e-05
5.77707e-05
6.08591e-05
6.3069e-05
6.44927e-05
6.53332e-05
6.57865e-05
6.59919e-05
4.78995e-05
5.03178e-05
5.40148e-05
5.77687e-05
6.08571e-05
6.30671e-05
6.4491e-05
6.53316e-05
6.57853e-05
6.59909e-05
4.78998e-05
5.03181e-05
5.40152e-05
5.77692e-05
6.08578e-05
6.30679e-05
6.4492e-05
6.53329e-05
6.57867e-05
6.59925e-05
4.79024e-05
5.03209e-05
5.40183e-05
5.77726e-05
6.08615e-05
6.30719e-05
6.44961e-05
6.53372e-05
6.57911e-05
6.5997e-05
4.79076e-05
5.03264e-05
5.40243e-05
5.77792e-05
6.08685e-05
6.30793e-05
6.45038e-05
6.53451e-05
6.57992e-05
6.60052e-05
4.79157e-05
5.03351e-05
5.40338e-05
5.77894e-05
6.08794e-05
6.30907e-05
6.45156e-05
6.53572e-05
6.58114e-05
6.60175e-05
4.79266e-05
5.0347e-05
5.40469e-05
5.78037e-05
6.08946e-05
6.31066e-05
6.4532e-05
6.53738e-05
6.58283e-05
6.60345e-05
4.79401e-05
5.03627e-05
5.40642e-05
5.78224e-05
6.09145e-05
6.31273e-05
6.45533e-05
6.53955e-05
6.58503e-05
6.60567e-05
1.65172e-05
1.72473e-05
1.83964e-05
1.95988e-05
2.06157e-05
2.13611e-05
2.18514e-05
2.21461e-05
2.23072e-05
2.23802e-05
1.65152e-05
1.72451e-05
1.83941e-05
1.95965e-05
2.06133e-05
2.13586e-05
2.1849e-05
2.21437e-05
2.23051e-05
2.23788e-05
1.65138e-05
1.72437e-05
1.83926e-05
1.95949e-05
2.06117e-05
2.1357e-05
2.18474e-05
2.21423e-05
2.23038e-05
2.23779e-05
1.65131e-05
1.7243e-05
1.83919e-05
1.95943e-05
2.0611e-05
2.13564e-05
2.18468e-05
2.21418e-05
2.23034e-05
2.23776e-05
1.65133e-05
1.72432e-05
1.83921e-05
1.95945e-05
2.06113e-05
2.13567e-05
2.18472e-05
2.21423e-05
2.2304e-05
2.23782e-05
1.65143e-05
1.72443e-05
1.83933e-05
1.95958e-05
2.06127e-05
2.13582e-05
2.18488e-05
2.21439e-05
2.23056e-05
2.23799e-05
1.65162e-05
1.72464e-05
1.83956e-05
1.95982e-05
2.06153e-05
2.1361e-05
2.18517e-05
2.21468e-05
2.23086e-05
2.23829e-05
1.65193e-05
1.72496e-05
1.83991e-05
1.9602e-05
2.06194e-05
2.13652e-05
2.18561e-05
2.21513e-05
2.23132e-05
2.23875e-05
1.65234e-05
1.72541e-05
1.8404e-05
1.96073e-05
2.0625e-05
2.13711e-05
2.18621e-05
2.21575e-05
2.23194e-05
2.23938e-05
1.65284e-05
1.72599e-05
1.84104e-05
1.96142e-05
2.06323e-05
2.13787e-05
2.187e-05
2.21655e-05
2.23275e-05
2.2402e-05
5.52167e-06
5.73897e-06
6.08862e-06
6.46367e-06
6.7885e-06
7.03186e-06
7.19511e-06
7.29493e-06
7.3503e-06
7.37568e-06
5.52095e-06
5.73822e-06
6.08784e-06
6.46285e-06
6.78766e-06
7.031e-06
7.19426e-06
7.29411e-06
7.34957e-06
7.37522e-06
5.52047e-06
5.73774e-06
6.08733e-06
6.46233e-06
6.78712e-06
7.03047e-06
7.19374e-06
7.29362e-06
7.34914e-06
7.37489e-06
5.52025e-06
5.73751e-06
6.0871e-06
6.4621e-06
6.7869e-06
7.03025e-06
7.19355e-06
7.29346e-06
7.34902e-06
7.3748e-06
5.52031e-06
5.73758e-06
6.08719e-06
6.4622e-06
6.78702e-06
7.0304e-06
7.19371e-06
7.29364e-06
7.34923e-06
7.37504e-06
5.52069e-06
5.73798e-06
6.08762e-06
6.46268e-06
6.78753e-06
7.03094e-06
7.19428e-06
7.29424e-06
7.34984e-06
7.37566e-06
5.52141e-06
5.73874e-06
6.08844e-06
6.46357e-06
6.78848e-06
7.03193e-06
7.19532e-06
7.2953e-06
7.35093e-06
7.37675e-06
5.52252e-06
5.73992e-06
6.08971e-06
6.46493e-06
6.78993e-06
7.03345e-06
7.19688e-06
7.2969e-06
7.35255e-06
7.37839e-06
5.52402e-06
5.74154e-06
6.09147e-06
6.46683e-06
6.79194e-06
7.03555e-06
7.19905e-06
7.29911e-06
7.35479e-06
7.38064e-06
5.52586e-06
5.74365e-06
6.09378e-06
6.4693e-06
6.79456e-06
7.03829e-06
7.20186e-06
7.30198e-06
7.35769e-06
7.38357e-06
1.79521e-06
1.85892e-06
1.96322e-06
2.07742e-06
2.17841e-06
2.25558e-06
2.3083e-06
2.34106e-06
2.35949e-06
2.36803e-06
1.79497e-06
1.85867e-06
1.96296e-06
2.07715e-06
2.17813e-06
2.25529e-06
2.30801e-06
2.34078e-06
2.35924e-06
2.36788e-06
1.79481e-06
1.85851e-06
1.96279e-06
2.07697e-06
2.17795e-06
2.25512e-06
2.30784e-06
2.34062e-06
2.3591e-06
2.36777e-06
1.79473e-06
1.85844e-06
1.96271e-06
2.0769e-06
2.17788e-06
2.25505e-06
2.30778e-06
2.34057e-06
2.35906e-06
2.36775e-06
1.79476e-06
1.85846e-06
1.96275e-06
2.07694e-06
2.17793e-06
2.2551e-06
2.30784e-06
2.34064e-06
2.35914e-06
2.36783e-06
1.7949e-06
1.85861e-06
1.9629e-06
2.07711e-06
2.17811e-06
2.2553e-06
2.30804e-06
2.34085e-06
2.35936e-06
2.36805e-06
1.79516e-06
1.85888e-06
1.96319e-06
2.07742e-06
2.17844e-06
2.25564e-06
2.3084e-06
2.34122e-06
2.35974e-06
2.36843e-06
1.79555e-06
1.85929e-06
1.96364e-06
2.0779e-06
2.17895e-06
2.25617e-06
2.30895e-06
2.34178e-06
2.3603e-06
2.369e-06
1.79607e-06
1.85986e-06
1.96425e-06
2.07856e-06
2.17965e-06
2.2569e-06
2.3097e-06
2.34255e-06
2.36108e-06
2.36979e-06
1.79672e-06
1.8606e-06
1.96506e-06
2.07942e-06
2.18056e-06
2.25785e-06
2.31068e-06
2.34354e-06
2.36209e-06
2.37081e-06
5.79541e-07
5.98217e-07
6.29228e-07
6.63796e-07
6.94949e-07
7.19197e-07
7.36052e-07
7.46695e-07
7.52765e-07
7.5561e-07
5.79458e-07
5.98131e-07
6.29139e-07
6.63703e-07
6.94853e-07
7.191e-07
7.35956e-07
7.46602e-07
7.52682e-07
7.55559e-07
5.79404e-07
5.98077e-07
6.29083e-07
6.63646e-07
6.94795e-07
7.19042e-07
7.35899e-07
7.46549e-07
7.52637e-07
7.55524e-07
5.79382e-07
5.98054e-07
6.2906e-07
6.63623e-07
6.94772e-07
7.19021e-07
7.3588e-07
7.46534e-07
7.52626e-07
7.55517e-07
5.79392e-07
5.98066e-07
6.29073e-07
6.63638e-07
6.9479e-07
7.19041e-07
7.35903e-07
7.4656e-07
7.52655e-07
7.55548e-07
5.79441e-07
5.98117e-07
6.29128e-07
6.63698e-07
6.94854e-07
7.19109e-07
7.35974e-07
7.46634e-07
7.52731e-07
7.55626e-07
5.79532e-07
5.98212e-07
6.2923e-07
6.63807e-07
6.9497e-07
7.1923e-07
7.36101e-07
7.46763e-07
7.52863e-07
7.55759e-07
5.79669e-07
5.98356e-07
6.29385e-07
6.63973e-07
6.95146e-07
7.19414e-07
7.3629e-07
7.46957e-07
7.53059e-07
7.55957e-07
5.79854e-07
5.98555e-07
6.29599e-07
6.64201e-07
6.95387e-07
7.19666e-07
7.3655e-07
7.47222e-07
7.53328e-07
7.56227e-07
5.8008e-07
5.98812e-07
6.29877e-07
6.64498e-07
6.957e-07
7.19992e-07
7.36885e-07
7.47563e-07
7.53673e-07
7.56577e-07
2.24698e-07
2.31288e-07
2.42365e-07
2.54916e-07
2.66433e-07
2.7556e-07
2.82015e-07
2.86157e-07
2.88551e-07
2.89681e-07
2.24667e-07
2.31256e-07
2.42332e-07
2.54882e-07
2.66398e-07
2.75524e-07
2.8198e-07
2.86123e-07
2.88521e-07
2.89665e-07
2.24646e-07
2.31234e-07
2.4231e-07
2.5486e-07
2.66375e-07
2.75502e-07
2.81958e-07
2.86102e-07
2.88504e-07
2.89651e-07
2.24637e-07
2.31226e-07
2.42301e-07
2.54851e-07
2.66367e-07
2.75494e-07
2.81951e-07
2.86097e-07
2.885e-07
2.8965e-07
2.24643e-07
2.31231e-07
2.42307e-07
2.54858e-07
2.66375e-07
2.75503e-07
2.81961e-07
2.86108e-07
2.88513e-07
2.89663e-07
2.24664e-07
2.31253e-07
2.42331e-07
2.54884e-07
2.66402e-07
2.75532e-07
2.81991e-07
2.8614e-07
2.88545e-07
2.89696e-07
2.24702e-07
2.31294e-07
2.42374e-07
2.5493e-07
2.66451e-07
2.75583e-07
2.82044e-07
2.86194e-07
2.88601e-07
2.89752e-07
2.2476e-07
2.31354e-07
2.42439e-07
2.54999e-07
2.66524e-07
2.75659e-07
2.82123e-07
2.86275e-07
2.88682e-07
2.89834e-07
2.24837e-07
2.31437e-07
2.42527e-07
2.55093e-07
2.66623e-07
2.75763e-07
2.8223e-07
2.86384e-07
2.88793e-07
2.89946e-07
2.24928e-07
2.3154e-07
2.42639e-07
2.55212e-07
2.66748e-07
2.75893e-07
2.82364e-07
2.8652e-07
2.88931e-07
2.90085e-07
)
;

boundaryField
{
    inlet1
    {
        type            fixedValue;
        value           uniform 10;
    }
    inlet2
    {
        type            fixedValue;
        value           uniform 20;
    }
    outlet1
    {
        type            zeroGradient;
    }
    outlet2
    {
        type            zeroGradient;
    }
    fixedWalls
    {
        type            zeroGradient;
    }
}


// ************************************************************************* //
