/*--------------------------------*- C++ -*----------------------------------*\
  =========                 |
  \\      /  F ield         | OpenFOAM: The Open Source CFD Toolbox
   \\    /   O peration     | Website:  https://openfoam.org
    \\  /    A nd           | Version:  6
     \\/     M anipulation  |
\*---------------------------------------------------------------------------*/
FoamFile
{
    version     2.0;
    format      ascii;
    class       volScalarField;
    location    "600";
    object      p;
}
// * * * * * * * * * * * * * * * * * * * * * * * * * * * * * * * * * * * * * //

dimensions      [0 2 -2 0 0 0 0];

internalField   nonuniform List<scalar> 
7000
(
0.0377735
0.0355334
0.0350101
0.0347786
0.0346646
0.0346782
0.0348182
0.0350716
0.0356117
0.037873
0.0355328
0.033292
0.0327704
0.0325399
0.0324268
0.0324415
0.0325825
0.0328365
0.0333758
0.0356392
0.0350082
0.0327693
0.0322479
0.0320179
0.0319056
0.031921
0.0320627
0.0323173
0.032857
0.0351197
0.0347754
0.0325374
0.0320166
0.0317875
0.0316762
0.0316927
0.0318355
0.0320908
0.032631
0.0348946
0.0346596
0.0324227
0.0319026
0.0316745
0.0315644
0.0315823
0.0317263
0.0319826
0.0325235
0.0347886
0.0346712
0.0324353
0.0319159
0.0316889
0.0315801
0.0315993
0.0317447
0.0320021
0.0325438
0.0348105
0.0348087
0.0325739
0.0320552
0.0318291
0.0317215
0.031742
0.0318887
0.0321472
0.0326896
0.034958
0.0350592
0.0328252
0.032307
0.0320816
0.0319748
0.0319964
0.0321442
0.0324036
0.0329466
0.0352167
0.0355959
0.0333614
0.0328436
0.0326187
0.0325127
0.032535
0.0326835
0.0329435
0.0334868
0.0357596
0.0378527
0.0356206
0.0351024
0.0348783
0.0347736
0.0347974
0.0349473
0.0352088
0.0357547
0.0380285
0.0348033
0.0333932
0.0334116
0.0331837
0.033068
0.0330825
0.0332262
0.0334786
0.0334736
0.0349114
0.0333936
0.0319843
0.0320066
0.0317793
0.0316649
0.0316807
0.031826
0.03208
0.032072
0.0335116
0.0334104
0.0320051
0.0320265
0.0317997
0.0316857
0.0317021
0.0318479
0.0321023
0.0320951
0.0335321
0.0331808
0.0317763
0.0317982
0.0315725
0.0314598
0.0314775
0.0316246
0.0318797
0.0318728
0.0333124
0.0330633
0.0316602
0.0316827
0.0314582
0.031347
0.0313663
0.0315149
0.0317714
0.0317648
0.0332074
0.0330754
0.031674
0.031697
0.0314738
0.0313642
0.0313851
0.0315356
0.0317936
0.0317873
0.0332333
0.0332161
0.0318166
0.0318402
0.0316182
0.0315101
0.0315328
0.031685
0.0319445
0.0319387
0.0333882
0.0334648
0.0320673
0.0320912
0.03187
0.0317632
0.0317873
0.031941
0.032202
0.0321964
0.0336487
0.0334559
0.032056
0.0320808
0.0318599
0.0317536
0.0317781
0.0319324
0.0321936
0.0321868
0.0336447
0.0348888
0.0334915
0.0335142
0.0332957
0.0331919
0.0332193
0.0333763
0.0336398
0.0336383
0.0351008
0.0322914
0.0314765
0.0318183
0.0316068
0.031548
0.0315643
0.031655
0.0318963
0.0315684
0.0324208
0.0314776
0.030668
0.0310157
0.0308042
0.0307474
0.0307654
0.0308576
0.0311019
0.0307684
0.0316194
0.0318173
0.0310138
0.0313596
0.0311489
0.0310925
0.0311111
0.031204
0.0314485
0.0311167
0.0319631
0.031604
0.0308009
0.0311475
0.0309386
0.0308839
0.0309044
0.0309992
0.0312454
0.0309135
0.0317647
0.0315433
0.0307426
0.0310897
0.0308825
0.0308299
0.0308527
0.03095
0.0311985
0.030867
0.0317226
0.0315568
0.0307586
0.0311064
0.0309011
0.0308507
0.0308761
0.0309761
0.0312271
0.030896
0.0317574
0.031644
0.0308481
0.0311966
0.0309932
0.0309452
0.0309732
0.0310759
0.0313296
0.030999
0.0318668
0.0318805
0.0310883
0.0314371
0.0312351
0.0311893
0.0312196
0.0313249
0.0315812
0.0312515
0.0321233
0.0315472
0.0307506
0.0311012
0.0308993
0.0308542
0.0308851
0.0309909
0.0312483
0.0309156
0.0317964
0.0323931
0.0315967
0.0319433
0.031746
0.0317043
0.0317395
0.0318502
0.0321101
0.0317856
0.0326787
0.0309552
0.0303678
0.0307305
0.030506
0.0305174
0.0305366
0.0305623
0.0308246
0.0304785
0.0311174
0.0303694
0.0297908
0.0301603
0.0299351
0.0299495
0.0299706
0.029997
0.0302635
0.0299107
0.0305437
0.030729
0.0301575
0.0305239
0.0303001
0.0303148
0.0303365
0.0303639
0.0306306
0.0302805
0.0309081
0.0305027
0.0299311
0.030299
0.0300776
0.0300947
0.0301191
0.0301493
0.0304187
0.0300683
0.030703
0.0305119
0.0299444
0.0303128
0.0300938
0.0301137
0.0301413
0.030175
0.030448
0.0300981
0.0307386
0.0305274
0.0299632
0.0303324
0.0301162
0.0301394
0.0301706
0.0302082
0.0304852
0.0301358
0.0307856
0.0305485
0.0299868
0.030357
0.0301437
0.0301703
0.0302054
0.0302471
0.0305283
0.0301794
0.0308404
0.0308039
0.030248
0.0306183
0.0304075
0.0304374
0.0304762
0.0305219
0.0308074
0.0304599
0.0311279
0.0304499
0.0298891
0.0302622
0.0300513
0.0300822
0.0301219
0.0301684
0.0304555
0.0301037
0.030784
0.0310774
0.0305151
0.030884
0.03068
0.0307153
0.0307613
0.0308155
0.0311065
0.0307652
0.0314653
0.0300096
0.0295292
0.0298361
0.029596
0.0296547
0.029678
0.0296634
0.0299503
0.0296658
0.0302157
0.0295305
0.0290618
0.0293751
0.0291337
0.029196
0.029221
0.0292058
0.0294979
0.0292056
0.029745
0.0298329
0.0293709
0.0296801
0.0294406
0.0295031
0.0295287
0.0295147
0.0298074
0.029519
0.030053
0.0295908
0.0291288
0.02944
0.0292034
0.029269
0.0292982
0.0292881
0.0295852
0.0292962
0.0298397
0.0296464
0.0291902
0.0295018
0.0292685
0.0293377
0.0293712
0.0293658
0.0296683
0.0293798
0.0299318
0.0296641
0.0292123
0.0295249
0.0292954
0.0293692
0.0294078
0.029408
0.0297168
0.0294287
0.0299957
0.0296428
0.0291937
0.0295078
0.0292824
0.029361
0.0294052
0.0294113
0.0297268
0.0294391
0.0300255
0.0299205
0.0294792
0.0297935
0.0295721
0.0296556
0.0297055
0.0297178
0.0300396
0.0297546
0.0303536
0.0296229
0.0291773
0.0294952
0.0292738
0.0293589
0.0294102
0.0294235
0.0297484
0.0294567
0.0300702
0.0301526
0.0297054
0.03002
0.0298081
0.029899
0.0299592
0.0299844
0.030315
0.0300341
0.0306783
0.02898
0.0286067
0.0288868
0.0286544
0.0287419
0.0287706
0.0287357
0.0290274
0.0287766
0.0292455
0.0286071
0.0282486
0.0285342
0.0283001
0.0283913
0.0284207
0.0283834
0.0286798
0.0284211
0.0288704
0.0288804
0.0285284
0.0288091
0.0285771
0.028668
0.028698
0.0286626
0.0289604
0.0287075
0.029151
0.0286456
0.0282939
0.0285771
0.0283484
0.0284433
0.0284778
0.0284475
0.0287521
0.028498
0.028953
0.0287284
0.0283841
0.0286675
0.0284431
0.0285427
0.0285829
0.028559
0.0288711
0.0286174
0.0290855
0.0287484
0.0284098
0.0286944
0.0284753
0.0285809
0.0286285
0.0286127
0.0289344
0.028681
0.0291747
0.0287036
0.0283684
0.0286552
0.0284416
0.028554
0.0286096
0.0286027
0.0289346
0.028682
0.0292092
0.0289808
0.0286556
0.0289426
0.0287352
0.0288545
0.0289186
0.028921
0.0292628
0.0290136
0.0295652
0.0287104
0.0283818
0.0286731
0.0284658
0.0285876
0.0286537
0.0286577
0.0290034
0.0287454
0.0293186
0.0291427
0.0288119
0.0291011
0.0289062
0.0290361
0.0291151
0.0291356
0.029491
0.0292466
0.0298578
0.0278884
0.0276147
0.0278815
0.0276716
0.0277787
0.0278137
0.0277703
0.0280533
0.0278252
0.0282288
0.0276134
0.0273576
0.0276287
0.0274164
0.0275262
0.0275598
0.0275104
0.027797
0.0275615
0.0279347
0.0278709
0.0276208
0.0278863
0.0276763
0.0277851
0.0278192
0.0277722
0.028062
0.0278358
0.0282046
0.0276575
0.0274087
0.0276769
0.0274707
0.0275842
0.0276237
0.0275828
0.0278822
0.0276545
0.0280358
0.0277573
0.0275176
0.0277857
0.0275849
0.0277042
0.027751
0.0277187
0.0280295
0.0278017
0.0282036
0.0277796
0.0275471
0.0278167
0.0276229
0.0277504
0.0278077
0.0277875
0.0281137
0.0278865
0.0283323
0.0277207
0.0274929
0.0277654
0.0275791
0.027716
0.0277852
0.0277787
0.0281218
0.0278961
0.0284003
0.0279829
0.0277671
0.0280403
0.0278628
0.0280097
0.0280917
0.0280998
0.0284586
0.0282386
0.0287886
0.0277262
0.0275082
0.027786
0.0276091
0.0277598
0.0278454
0.0278563
0.0282224
0.027991
0.0285665
0.0280685
0.0278486
0.0281263
0.0279652
0.0281278
0.0282312
0.0282657
0.0286474
0.0284252
0.0290474
0.0268339
0.0266329
0.0268773
0.0266902
0.0268089
0.026851
0.0268076
0.0270875
0.0268948
0.0272638
0.0266295
0.0264491
0.0266958
0.0265053
0.0266243
0.0266607
0.0266054
0.0268848
0.0266924
0.0270269
0.0268617
0.0266861
0.0269266
0.0267383
0.0268555
0.0268919
0.0268394
0.0271252
0.0269499
0.0272829
0.0266702
0.026497
0.0267403
0.0265563
0.0266787
0.026721
0.0266751
0.0269733
0.0267969
0.0271379
0.0267788
0.0266162
0.0268591
0.0266819
0.0268113
0.026863
0.0268284
0.0271432
0.0269651
0.0273355
0.0268034
0.02665
0.0268949
0.0267269
0.0268675
0.0269341
0.0269178
0.0272567
0.0270793
0.0275264
0.0267384
0.0265917
0.0268403
0.0266824
0.0268362
0.0269204
0.0269256
0.027292
0.0271164
0.0276705
0.0269857
0.0268533
0.0271034
0.0269579
0.027126
0.0272292
0.0272572
0.0276489
0.0274799
0.0281173
0.0267515
0.0266188
0.0268739
0.02673
0.0269038
0.0270131
0.0270468
0.0274497
0.0272628
0.0279389
0.0270314
0.0268974
0.0271547
0.0270305
0.0272212
0.0273553
0.0274211
0.027847
0.0276701
0.0283666
0.0258212
0.0256705
0.0258855
0.0257186
0.0258419
0.0258915
0.0258567
0.0261383
0.0259929
0.0263496
0.025664
0.0255356
0.0257501
0.0255781
0.0256972
0.0257339
0.0256754
0.0259484
0.0258232
0.0261765
0.0258641
0.0257389
0.0259467
0.0257766
0.0258927
0.0259281
0.0258709
0.0261523
0.0260572
0.0264207
0.0256918
0.0255705
0.0257809
0.0256154
0.0257364
0.0257767
0.0257234
0.0260181
0.0259211
0.0262802
0.0258018
0.0256926
0.0259021
0.0257447
0.0258737
0.0259249
0.0258851
0.0262039
0.0261004
0.026493
0.0258288
0.025731
0.025943
0.0257975
0.0259412
0.026013
0.0260001
0.0263587
0.0262548
0.0267787
0.0257645
0.0256757
0.0258925
0.0257605
0.0259223
0.0260197
0.0260406
0.0264452
0.0263445
0.0270551
0.0259989
0.0259272
0.0261469
0.0260316
0.0262135
0.026339
0.0263959
0.0268421
0.0267463
0.0275944
0.0257947
0.0257246
0.0259496
0.0258376
0.0260283
0.0261643
0.0262326
0.0266989
0.0265838
0.027468
0.0260337
0.025965
0.0261956
0.0261084
0.026323
0.0264931
0.0266047
0.0271096
0.026997
0.0278341
0.0248109
0.0246983
0.0248854
0.0247384
0.0248608
0.0249182
0.0248937
0.0251784
0.0251476
0.0253904
0.0246878
0.0245984
0.0247817
0.0246269
0.0247384
0.0247716
0.024705
0.024962
0.0249875
0.0254045
0.0248574
0.0247696
0.0249458
0.0247925
0.0248994
0.0249287
0.0248583
0.025121
0.025196
0.0256209
0.0247044
0.0246221
0.0248004
0.0246516
0.0247622
0.0247925
0.0247171
0.0249877
0.0250581
0.0254533
0.0248112
0.0247421
0.024919
0.0247797
0.0248987
0.0249401
0.0248787
0.0251786
0.0252346
0.0256264
0.0248407
0.0247854
0.0249654
0.0248412
0.0249791
0.0250478
0.0250248
0.0253876
0.0254458
0.0260661
0.024781
0.0247377
0.0249238
0.0248173
0.0249795
0.0250846
0.0251136
0.0255513
0.0256125
0.0265869
0.0250033
0.02498
0.0251707
0.0250863
0.0252762
0.0254219
0.0255065
0.0260115
0.0260662
0.0272291
0.0248271
0.0248084
0.0250051
0.0249266
0.0251294
0.0252927
0.025399
0.0259427
0.0259793
0.0271641
0.0250387
0.0250233
0.025229
0.0251809
0.0254166
0.0256255
0.0257886
0.0263895
0.0264576
0.0273485
0.0237849
0.0237045
0.0238684
0.0237419
0.0238596
0.0239232
0.0239144
0.0241643
0.0242466
0.024717
0.0236881
0.0236308
0.023787
0.0236491
0.0237471
0.0237724
0.0236938
0.0238729
0.0240101
0.0248035
0.0238317
0.0237743
0.0239231
0.023786
0.0238776
0.0238957
0.0237998
0.0239604
0.0241448
0.0247808
0.0236984
0.0236477
0.0237977
0.0236645
0.0237568
0.0237676
0.0236463
0.0237849
0.0239208
0.0243921
0.0237991
0.0237624
0.0239103
0.0237873
0.0238873
0.0239063
0.0237902
0.0239569
0.0240235
0.0243584
0.0238307
0.0238102
0.0239617
0.0238572
0.02398
0.0240319
0.0239654
0.0242302
0.0242752
0.0249739
0.0237774
0.0237719
0.0239308
0.0238486
0.0240025
0.0241019
0.024111
0.024501
0.0245221
0.0258109
0.0239859
0.0240037
0.0241692
0.0241153
0.0243058
0.0244603
0.0245524
0.0250584
0.0250362
0.0265871
0.0238344
0.0238589
0.0240311
0.0239867
0.0241961
0.0243785
0.024511
0.0250891
0.0250712
0.0266844
0.0240226
0.0240546
0.0242401
0.024233
0.0244865
0.0247314
0.0249406
0.0255934
0.0257499
0.0270753
0.0227407
0.022688
0.0228324
0.0227267
0.0228364
0.0228987
0.0229122
0.0231052
0.0230407
0.0245569
0.0226633
0.0226331
0.0227657
0.0226444
0.0227237
0.022731
0.0226359
0.0226596
0.022481
0.0236762
0.0227841
0.0227522
0.0228776
0.0227564
0.0228275
0.0228232
0.0226869
0.0226152
0.0223901
0.0230883
0.0226696
0.0226455
0.0227707
0.0226521
0.0227194
0.0226961
0.0224954
0.022331
0.0219284
0.0218157
0.0227623
0.0227525
0.0228747
0.0227667
0.0228406
0.0228203
0.0226043
0.0224571
0.0219233
0.0212199
0.0227957
0.0228041
0.0229305
0.0228446
0.0229457
0.0229629
0.0228036
0.0228068
0.0222189
0.0215878
0.0227491
0.0227755
0.0229105
0.0228521
0.022992
0.0230678
0.0230072
0.0232163
0.0225454
0.0221496
0.0229448
0.0229973
0.0231415
0.0231183
0.0233053
0.0234536
0.0235102
0.0239282
0.0232705
0.0231621
0.0228143
0.0228772
0.0230294
0.0230206
0.0232349
0.0234276
0.0235561
0.0241216
0.0236228
0.024056
0.022986
0.0230586
0.0232281
0.0232641
0.0235362
0.0238145
0.0240582
0.0247343
0.0246258
0.0257812
0.0216831
0.0216566
0.0217855
0.0217028
0.0218062
0.0218548
0.0218756
0.0220685
0.0215128
0.0225287
0.0216195
0.0216141
0.0217272
0.0216246
0.0216865
0.0216647
0.0215457
0.0214646
0.0206698
0.0210206
0.0217205
0.0217117
0.0218182
0.0217151
0.021767
0.0217322
0.0215584
0.0212996
0.0203995
0.0200752
0.0216228
0.0216224
0.021727
0.0216244
0.0216668
0.0216033
0.021325
0.0208759
0.0197808
0.0184678
0.0217059
0.0217193
0.02182
0.0217281
0.0217763
0.0217146
0.0213964
0.0209434
0.0198031
0.0178733
0.0217404
0.0217736
0.0218791
0.0218129
0.0218939
0.0218773
0.0216137
0.0213785
0.0202643
0.0183175
0.0217003
0.021754
0.0218692
0.0218359
0.0219651
0.0220193
0.0218666
0.021942
0.0208736
0.0188821
0.0218825
0.0219651
0.0220922
0.0221017
0.0222907
0.0224377
0.0224344
0.0228328
0.0219922
0.0204611
0.0217719
0.021867
0.0220037
0.0220337
0.0222609
0.0224735
0.0225814
0.0232157
0.0227267
0.0222228
0.021927
0.0220357
0.0221944
0.0222775
0.0225778
0.0229027
0.0231838
0.023981
0.0237932
0.0239737
0.0206075
0.0206072
0.0207255
0.0206707
0.0207803
0.0208215
0.0208218
0.0211078
0.0204068
0.0204697
0.0205529
0.0205721
0.0206712
0.0205932
0.0206507
0.0206089
0.0204529
0.02037
0.019347
0.0185631
0.0206367
0.0206513
0.0207451
0.020667
0.0207136
0.0206616
0.0204591
0.0201233
0.0188786
0.0174721
0.0205536
0.0205767
0.020667
0.0205875
0.0206187
0.0205352
0.0202154
0.0195925
0.0180711
0.0158645
0.020626
0.0206615
0.0207474
0.0206787
0.0207163
0.0206436
0.0202812
0.0196291
0.0180941
0.0152171
0.0206608
0.0207169
0.0208083
0.0207688
0.0208471
0.0208373
0.0205386
0.0201848
0.0188777
0.0159283
0.0206259
0.0207041
0.0208063
0.0208052
0.0209435
0.0210273
0.0208643
0.0209684
0.0201773
0.01774
0.0207957
0.0209045
0.0210213
0.0210706
0.0212837
0.0214893
0.0215268
0.0221062
0.0219334
0.0210239
0.020702
0.020827
0.0209558
0.0210329
0.0212969
0.021594
0.021792
0.0226943
0.0230531
0.0237345
0.020845
0.0209842
0.0211391
0.0212768
0.021629
0.0220629
0.0224747
0.0235926
0.0242156
0.0250298
0.0195126
0.0195414
0.0196558
0.0196387
0.0197797
0.019865
0.0198815
0.0203481
0.0200676
0.019502
0.0194643
0.0195103
0.0196025
0.0195598
0.0196389
0.0196274
0.0194856
0.0195119
0.0188643
0.0173391
0.0195343
0.0195746
0.0196634
0.0196218
0.019689
0.0196666
0.0195027
0.0192367
0.0181715
0.0161632
0.0194636
0.0195118
0.0195957
0.0195507
0.0195955
0.0195388
0.0192694
0.0186575
0.0171185
0.0144049
0.0195247
0.0195831
0.0196623
0.0196283
0.0196795
0.0196472
0.0193517
0.0186943
0.0171212
0.0136863
0.019559
0.0196377
0.0197235
0.0197219
0.0198222
0.0198804
0.0196735
0.0193965
0.0183693
0.0156374
0.0195277
0.0196289
0.0197268
0.0197685
0.0199427
0.0201311
0.02011
0.0204399
0.0205113
0.0199806
0.0196833
0.0198158
0.0199309
0.0200302
0.0202957
0.0206423
0.0208873
0.0218468
0.022886
0.0253999
0.019605
0.0197549
0.0198836
0.0200171
0.0203454
0.0208075
0.0212557
0.0226238
0.0242976
0.0285376
0.0197313
0.0198969
0.020055
0.0202541
0.0206812
0.0212952
0.0219821
0.0235885
0.0254991
0.0287734
0.0183894
0.0184492
0.0185658
0.0185976
0.0187974
0.0189967
0.0191225
0.0197931
0.020273
0.0195315
0.0183447
0.0184192
0.0185114
0.0185165
0.0186469
0.0187356
0.018723
0.0189328
0.0190184
0.0173092
0.0184036
0.0184718
0.0185629
0.0185711
0.0186898
0.0187615
0.0187587
0.018719
0.0181698
0.0160534
0.0183429
0.0184172
0.0185017
0.0185038
0.018591
0.0186175
0.018528
0.0181619
0.0169567
0.0141576
0.0183919
0.0184727
0.018552
0.0185633
0.0186519
0.0187067
0.0186058
0.0181894
0.0169329
0.0137167
0.0184242
0.0185233
0.0186091
0.0186526
0.018791
0.0189557
0.0189585
0.0189439
0.0183811
0.0171132
0.018394
0.0185138
0.0186117
0.0186996
0.0189184
0.0192425
0.0194664
0.020108
0.020859
0.0236441
0.0185351
0.0186847
0.0188008
0.0189489
0.0192686
0.0197753
0.0202993
0.0216524
0.0234782
0.0304104
0.0184685
0.0186372
0.0187678
0.0189532
0.0193414
0.0199744
0.0207196
0.0225245
0.025144
0.0336803
0.0185804
0.0187617
0.018922
0.0191742
0.0196652
0.0204573
0.0214469
0.0234736
0.0265603
0.0330391
0.0172348
0.0173249
0.0174457
0.0175316
0.0178031
0.0181641
0.0184976
0.019368
0.0209088
0.0208656
0.0171931
0.0172954
0.0173906
0.0174511
0.017653
0.0178949
0.0181295
0.0186032
0.0197286
0.0188337
0.0172443
0.0173399
0.0174369
0.0175037
0.0176988
0.0179156
0.0181835
0.0185479
0.0188752
0.0173948
0.0171915
0.0172901
0.0173783
0.0174352
0.0175881
0.0177385
0.0179244
0.0180522
0.0175959
0.0153899
0.0172281
0.017328
0.0174093
0.0174701
0.0176101
0.0177711
0.0179286
0.0179794
0.0173011
0.0148398
0.0172571
0.0173706
0.0174564
0.0175423
0.0177161
0.0179734
0.0181956
0.0185458
0.0181692
0.0181557
0.0172253
0.0173549
0.0174502
0.0175733
0.0178153
0.0182253
0.018647
0.0195346
0.0200469
0.0249008
0.0173486
0.0175037
0.0176151
0.0177927
0.0181286
0.0187165
0.0194115
0.0209534
0.0224505
0.0319973
0.0172911
0.017463
0.017586
0.0177971
0.0181951
0.0189001
0.0197926
0.0217538
0.0244378
0.0355706
0.0173817
0.0175626
0.017713
0.0179858
0.0184803
0.0193397
0.0204767
0.0226283
0.0262503
0.0356177
0.0160386
0.0161507
0.0162691
0.0164001
0.0167261
0.017237
0.0178395
0.0188577
0.0216958
0.0243518
0.0159995
0.0161223
0.0162165
0.0163272
0.0165967
0.016996
0.0175508
0.0183354
0.0208843
0.0228478
0.0160454
0.0161624
0.0162625
0.0163843
0.0166604
0.0170371
0.0176281
0.0185337
0.0203923
0.0214624
0.0159982
0.0161143
0.0162029
0.0163102
0.0165354
0.0168238
0.0173161
0.0181432
0.0192095
0.0194423
0.0160222
0.0161324
0.0162115
0.0163134
0.0165036
0.0167629
0.0171677
0.0178722
0.0183007
0.0178382
0.0160457
0.0161621
0.0162405
0.0163519
0.0165391
0.0168352
0.0171861
0.0179536
0.0176748
0.0179642
0.0160092
0.0161333
0.0162145
0.0163449
0.0165624
0.0169525
0.0173911
0.0183881
0.0179052
0.0214855
0.0161135
0.0162549
0.0163457
0.0165141
0.0167959
0.0173197
0.0179352
0.0193575
0.0195476
0.0279432
0.0160607
0.0162155
0.0163117
0.016501
0.0168222
0.0174309
0.0181892
0.0198873
0.0216782
0.0329607
0.0161312
0.0162863
0.0164033
0.0166425
0.0170428
0.0177865
0.0188015
0.0205616
0.0236952
0.0349195
0.0148001
0.0149178
0.0150165
0.0151606
0.0154791
0.0160347
0.0168833
0.0177913
0.0213247
0.0317774
0.0147659
0.0148948
0.0149749
0.01511
0.0154035
0.0158906
0.0167557
0.0176865
0.0212362
0.0316547
0.0148099
0.014936
0.0150284
0.0151831
0.0155089
0.0160053
0.0168967
0.0182077
0.0216185
0.0313077
0.0147673
0.0148888
0.014969
0.0151072
0.0153842
0.0157898
0.0165491
0.0179931
0.0208899
0.0288523
0.0147799
0.0148883
0.014957
0.0150814
0.0153043
0.0156387
0.0162183
0.0175308
0.0194567
0.0242109
0.0147972
0.0149022
0.0149634
0.0150767
0.0152487
0.0155287
0.0158732
0.0169825
0.0172097
0.0184469
0.0147536
0.0148551
0.0149091
0.0150148
0.0151593
0.0154268
0.0156778
0.0166469
0.0153975
0.017085
0.0148355
0.014943
0.0149966
0.0151146
0.0152736
0.0155937
0.0158871
0.0168999
0.0155481
0.0219306
0.0147845
0.0148973
0.0149458
0.0150637
0.0152228
0.0155743
0.0159477
0.0169104
0.0170496
0.0283169
0.0148288
0.0149326
0.0149926
0.0151413
0.0153493
0.0157906
0.0164043
0.0172333
0.0185674
0.0317804
0.0135164
0.0136154
0.0136701
0.0137794
0.0139991
0.0143829
0.0152898
0.0160284
0.0166445
0.0334789
0.0134889
0.0136032
0.0136499
0.0137674
0.0140087
0.0144139
0.0154453
0.0165158
0.0179513
0.0374662
0.0135333
0.01365
0.0137176
0.0138655
0.0141711
0.0146584
0.0157288
0.0173574
0.0199873
0.0414111
0.0134947
0.0136048
0.0136625
0.013797
0.0140706
0.0145091
0.015431
0.0173963
0.0207806
0.0417305
0.0134981
0.0135902
0.013638
0.0137564
0.0139747
0.0143355
0.015008
0.0169015
0.0201159
0.0365038
0.0135095
0.0135891
0.013624
0.013714
0.0138427
0.014069
0.0143321
0.0158444
0.0171362
0.0253161
0.0134584
0.0135223
0.01354
0.0135953
0.0136381
0.0137281
0.0136983
0.0147735
0.0131446
0.0167117
0.0135186
0.0135755
0.0135821
0.0136215
0.0136211
0.0136545
0.0135014
0.0141456
0.0106109
0.0150163
0.0134666
0.0135203
0.01351
0.0135235
0.0134725
0.01345
0.0132658
0.0134001
0.00969856
0.0173648
0.0134874
0.013519
0.0135075
0.0135259
0.0134782
0.013448
0.0134425
0.0131406
0.00945771
0.0197527
0.0242025
0.0246172
0.022046
0.020782
0.0203052
0.020175
0.0219783
0.0251003
0.0269808
0.0273055
0.023985
0.023507
0.0215654
0.0203466
0.0189747
0.0188959
0.0227568
0.0280239
0.0302701
0.0300139
0.0224642
0.021722
0.0208796
0.0200519
0.0185964
0.0197828
0.026059
0.0327329
0.0349841
0.0336827
0.0207789
0.0204319
0.020018
0.0203646
0.0202583
0.0224141
0.0284317
0.0337211
0.0356369
0.0348503
0.0204669
0.021387
0.021153
0.0222184
0.0234559
0.0254845
0.028869
0.0310038
0.0321602
0.0325664
0.0222322
0.024889
0.0249235
0.0251527
0.0259576
0.0271585
0.0279829
0.0278572
0.0283881
0.0290217
0.0248959
0.028974
0.0289089
0.0275037
0.0268048
0.0271252
0.0270618
0.0264363
0.0267539
0.0267873
0.0272597
0.0318601
0.0315581
0.0290368
0.0270937
0.0271277
0.0275472
0.0272546
0.0273017
0.0264588
0.0279226
0.0314672
0.031663
0.0293881
0.0275334
0.0274876
0.0282626
0.028373
0.0284686
0.0272865
0.0265888
0.0291458
0.0303791
0.0294206
0.0284049
0.0283278
0.0285907
0.0286408
0.0291575
0.0280667
0.0247732
0.024372
0.0211466
0.0191857
0.0181527
0.0169431
0.018339
0.0216622
0.0238719
0.0243207
0.0233276
0.0219658
0.0200805
0.0179487
0.0151609
0.0138778
0.0168983
0.0218467
0.0244845
0.024807
0.0209425
0.0195691
0.0190373
0.0171145
0.014275
0.0144984
0.0189945
0.0245415
0.0267561
0.0268081
0.0183412
0.0178044
0.0170655
0.0165266
0.0156286
0.0175047
0.0218079
0.0253361
0.0267309
0.0273572
0.0180682
0.0185547
0.0178055
0.0181353
0.0192926
0.021071
0.0232534
0.0239288
0.0246577
0.0257458
0.0198819
0.0213197
0.0215502
0.0218428
0.0229311
0.0235479
0.0233204
0.0224574
0.0229208
0.0240527
0.0220929
0.024298
0.0252791
0.0245515
0.0240135
0.0238293
0.0228532
0.0219129
0.0226504
0.0240682
0.0241629
0.026343
0.0275088
0.0260504
0.0242315
0.0236256
0.0237574
0.023781
0.0246861
0.026144
0.0253866
0.0264929
0.0275992
0.0263482
0.024612
0.0242042
0.0253206
0.0264047
0.0275357
0.028609
0.0252671
0.0263655
0.0273724
0.026861
0.0259619
0.026066
0.0270115
0.0277828
0.0291373
0.0300475
0.0237584
0.0227991
0.0192685
0.0164325
0.01544
0.0148028
0.016545
0.0198995
0.0222007
0.0220484
0.0216153
0.020372
0.0180007
0.0147314
0.01188
0.0112036
0.0137551
0.0180842
0.0205531
0.020263
0.018617
0.0181621
0.0170183
0.0143724
0.0113418
0.0110107
0.0134499
0.0172235
0.0190614
0.0199081
0.0156042
0.0160637
0.0145952
0.0131342
0.0124691
0.013764
0.0155394
0.0164606
0.0175677
0.019142
0.014936
0.0159879
0.0149582
0.0146717
0.0154742
0.0168077
0.0167403
0.0157347
0.0165609
0.0180776
0.0163455
0.0178768
0.0180992
0.0183231
0.0192151
0.0190548
0.0173352
0.0159549
0.0167735
0.0179639
0.0184144
0.0203698
0.0218478
0.0214745
0.0209592
0.020052
0.0182805
0.0170534
0.0180034
0.0191383
0.0204875
0.022114
0.0239975
0.0228996
0.0212119
0.0202887
0.0198492
0.0196605
0.0206712
0.0218275
0.0218356
0.0226333
0.0240628
0.0229886
0.021507
0.0210579
0.0217974
0.0228024
0.0242009
0.0253099
0.0230654
0.0236196
0.0243062
0.0234349
0.0224212
0.0223974
0.0233966
0.024663
0.0266823
0.0278379
0.021919
0.0207612
0.0179072
0.0152585
0.0147545
0.0150597
0.0163435
0.0186171
0.0206112
0.0209646
0.0194937
0.018597
0.0161668
0.0126782
0.0106575
0.0112908
0.0127966
0.0152719
0.0165142
0.0163212
0.0165324
0.0166307
0.0150842
0.012273
0.00954551
0.00994587
0.0108016
0.0114612
0.0119941
0.0132763
0.0135315
0.014268
0.0124668
0.0109119
0.0104043
0.0116049
0.0108629
0.00857005
0.00953186
0.0114604
0.0126091
0.0137021
0.0124829
0.0119491
0.0123449
0.0123401
0.00953199
0.00784542
0.00928511
0.010994
0.0144035
0.0156844
0.0151767
0.0147945
0.0144065
0.0122351
0.00949912
0.0088939
0.0106228
0.0120015
0.0174731
0.0186126
0.0189076
0.017398
0.0153284
0.0132319
0.0114392
0.0111314
0.01292
0.01391
0.0204208
0.0208142
0.0210398
0.0183507
0.0157105
0.0146825
0.0146028
0.0149243
0.0159907
0.0164174
0.0225077
0.0216273
0.0207874
0.0181515
0.0163154
0.0161913
0.0172584
0.0183228
0.0194434
0.019808
0.0239889
0.022693
0.0209577
0.0182273
0.0168861
0.0172642
0.0186828
0.0201506
0.0220043
0.0225442
0.0206463
0.0194459
0.0179404
0.0164805
0.0165158
0.017044
0.0175223
0.0180025
0.0191019
0.0194131
0.0179966
0.0173552
0.0155989
0.0131038
0.0123787
0.0136334
0.0141053
0.0135894
0.0127933
0.0132747
0.0153841
0.0155422
0.014097
0.0119007
0.0103088
0.0117779
0.0109739
0.00770138
0.00658719
0.00814152
0.0127427
0.0132455
0.0116777
0.0107496
0.0112331
0.0112396
0.00743151
0.00334151
0.00432387
0.00576038
0.0123905
0.0127102
0.0114769
0.0110164
0.0117972
0.0082588
0.00365652
0.00302578
0.00469971
0.00584381
0.0151861
0.0149583
0.0135959
0.0128127
0.0103576
0.00577941
0.00339385
0.00404331
0.0065962
0.00765386
0.0194358
0.0183064
0.0168522
0.0134662
0.00911334
0.00640276
0.00529477
0.00643804
0.00913278
0.00987593
0.0236791
0.0211082
0.0186366
0.0133687
0.0094212
0.0084378
0.00948884
0.0109302
0.0123082
0.0122654
0.0268036
0.0226625
0.0180881
0.0128611
0.0102966
0.0106987
0.0127933
0.0144745
0.0155334
0.0155111
0.0282393
0.0242663
0.0182748
0.0127982
0.0107895
0.0118577
0.0143664
0.0163781
0.0179476
0.0180608
0.0202971
0.0193298
0.0190261
0.0186683
0.0189441
0.0186172
0.0189892
0.0176813
0.0164268
0.0145125
0.0174845
0.0172769
0.0166775
0.0158044
0.016395
0.0165912
0.0162555
0.0129919
0.00952124
0.00937606
0.0151989
0.0156053
0.0147168
0.0139479
0.0148832
0.0151011
0.0122656
0.00609633
0.00325677
0.00397115
0.0127942
0.0134047
0.0122875
0.0126352
0.015304
0.0123067
0.00571488
0.00102106
0.00149599
0.00162472
0.0123933
0.0126909
0.0116405
0.01199
0.0124069
0.0056947
0.000877465
0.000865881
0.00285311
0.00254816
0.0152371
0.0148534
0.013163
0.012171
0.00721823
0.00183733
0.000449603
0.00200987
0.00526026
0.00518398
0.0202274
0.0184657
0.0156794
0.0104637
0.00461643
0.00205267
0.00219516
0.00471535
0.00781518
0.00760811
0.025433
0.0218269
0.0168673
0.00920445
0.00447624
0.00401484
0.0065698
0.0092843
0.0110185
0.0102507
0.0292168
0.0238281
0.0161599
0.00859091
0.00533578
0.00646877
0.00999408
0.0127134
0.0139651
0.0135614
0.0314419
0.0260109
0.0166232
0.00884357
0.00630979
0.00794375
0.0117266
0.0146321
0.0160371
0.015678
0.0209892
0.0200252
0.020101
0.020205
0.0205978
0.020668
0.0219424
0.0175027
0.0109215
0.00460042
0.0182891
0.0183188
0.0185416
0.0185383
0.0194991
0.0200913
0.0202558
0.0136282
0.00596904
0.00245287
0.016112
0.0168868
0.0166408
0.0169177
0.0193264
0.0191038
0.0160447
0.00714575
0.00107422
-0.00133601
0.0134833
0.0148327
0.0140524
0.0151149
0.018402
0.0149317
0.00798485
0.00195325
0.000678863
-0.00258043
0.011645
0.0132938
0.0126917
0.0143923
0.0131423
0.00667611
0.00230229
0.00174477
0.00327228
0.000173958
0.0140734
0.0149318
0.0137566
0.0131891
0.00689954
0.0019814
0.00115148
0.00328007
0.00631922
0.0042605
0.0197484
0.018672
0.015629
0.0097281
0.00360083
0.00134372
0.00279611
0.00627309
0.00921224
0.0074775
0.0251703
0.0221543
0.0162292
0.00750108
0.00301217
0.00288249
0.0064992
0.0104003
0.0125164
0.0107866
0.0284246
0.0240612
0.0155821
0.00679041
0.00377279
0.00522234
0.00969882
0.0133953
0.0149661
0.0138518
0.0313236
0.026609
0.0164945
0.00744574
0.0050674
0.0070957
0.0115487
0.0150263
0.0161987
0.0150363
0.0234157
0.0212015
0.0204388
0.0215997
0.0240744
0.0267401
0.0275773
0.0167562
0.00143105
-0.00896397
0.0210864
0.0203668
0.0202671
0.020404
0.0220492
0.0263738
0.0269803
0.0142927
-0.000521173
-0.00847556
0.0186941
0.0190868
0.0195335
0.0196323
0.021768
0.0247929
0.023361
0.0100921
-0.00196195
-0.00930248
0.0154972
0.0173462
0.017587
0.0186443
0.0206248
0.0209896
0.0150465
0.0062595
0.000527486
-0.00754265
0.0119285
0.0151747
0.0154124
0.0181739
0.017325
0.0128465
0.0082564
0.00649796
0.00577862
-0.00124966
0.0123761
0.0149589
0.0153939
0.016485
0.0117874
0.0068784
0.00607826
0.00830646
0.0105661
0.0058598
0.0166531
0.0172532
0.0166878
0.0131278
0.00705752
0.00487459
0.00711524
0.011346
0.0147191
0.0114168
0.0211748
0.0203574
0.0174289
0.0103992
0.00551318
0.00537357
0.00949395
0.0145747
0.0181513
0.015883
0.0252476
0.0227815
0.0174655
0.00932227
0.00540986
0.00678984
0.0116036
0.0162278
0.0191497
0.017716
0.0291428
0.0262162
0.0191739
0.0105477
0.00690203
0.00852252
0.0128339
0.0166256
0.0182888
0.0165601
0.0324278
0.0230754
0.0187915
0.0243763
0.031789
0.0351245
0.0331444
0.017983
-0.00098046
-0.00136779
0.0312484
0.022626
0.0184877
0.0208743
0.027443
0.0351771
0.0336303
0.0159972
-0.00226667
-0.00302992
0.0295046
0.0217128
0.0193257
0.0210803
0.0256471
0.0327825
0.0314492
0.0139431
-0.00266591
-0.00357847
0.0246922
0.0195842
0.0189794
0.0218184
0.0261883
0.0304618
0.0245209
0.00985032
-0.000675485
-0.000348391
0.0168263
0.0158457
0.0173568
0.0223131
0.0265674
0.0240422
0.0165862
0.00971766
0.00558075
0.00751988
0.0114952
0.0129609
0.0173593
0.0228714
0.0224825
0.0165117
0.0128341
0.011936
0.0126521
0.0159683
0.0126873
0.0145226
0.0196042
0.0213257
0.0163012
0.0125014
0.0131647
0.015486
0.0188734
0.0228691
0.0165411
0.018401
0.0211592
0.0182231
0.0124541
0.0111906
0.0143369
0.0180518
0.0229447
0.0271822
0.0219095
0.02184
0.0217114
0.0167419
0.0110636
0.010672
0.0141312
0.0178604
0.0228383
0.0261318
0.0271957
0.0251378
0.0232272
0.0185977
0.0136814
0.0124842
0.0143321
0.0166557
0.0204335
0.0230641
0.0576598
0.0318346
0.0191779
0.0275362
0.0352883
0.0371305
0.0340066
0.0243579
0.0297714
0.0839029
0.0650228
0.0309462
0.0158381
0.0240553
0.0345535
0.038943
0.035042
0.0226398
0.0281533
0.0824449
0.0702335
0.0324435
0.018084
0.0254123
0.0342313
0.0382504
0.0346222
0.0217038
0.0275779
0.084107
0.0664173
0.0312283
0.021649
0.0287094
0.0354369
0.0381076
0.0329417
0.0178295
0.0266949
0.091226
0.0510751
0.0255942
0.0235801
0.03146
0.0364525
0.0370523
0.0299393
0.0160584
0.028369
0.096728
0.0319541
0.0214927
0.0252068
0.0313878
0.0333993
0.0319942
0.0263271
0.0172529
0.0325012
0.0975521
0.0221828
0.021525
0.0256445
0.0282288
0.0270802
0.0254728
0.0228671
0.0188781
0.0366844
0.0953715
0.0208726
0.0227696
0.0250712
0.024607
0.0217904
0.0205267
0.0196923
0.0186833
0.037944
0.0920809
0.0226512
0.0236874
0.0243565
0.02301
0.0201837
0.0190366
0.0179469
0.0170255
0.0356018
0.0839301
0.0251175
0.0246989
0.0243692
0.0235967
0.0223921
0.0219747
0.0196926
0.0170245
0.0340255
0.0775918
0.0285845
0.0298693
0.0299887
0.0298067
0.0300924
0.0302004
0.0301191
0.0305557
0.0302494
0.0306081
0.033167
0.031056
0.0304829
0.0299056
0.0300159
0.0300412
0.0299161
0.0303348
0.0300203
0.0303444
0.0373594
0.0320794
0.0310407
0.030296
0.030354
0.0303703
0.0302494
0.0306682
0.0303628
0.0306878
0.0388814
0.0320851
0.0308465
0.0300016
0.0300251
0.0300303
0.0299054
0.0303241
0.0300172
0.0303429
0.0369481
0.0316214
0.0307429
0.0300445
0.0301404
0.0301797
0.0300723
0.0304987
0.0301989
0.0305218
0.0327445
0.0305285
0.0302492
0.0298183
0.0300403
0.0301348
0.0300531
0.0304912
0.0301973
0.0305218
0.0293652
0.0295177
0.0296646
0.029451
0.029776
0.0299161
0.0298549
0.0303031
0.0300119
0.0303408
0.028437
0.0295527
0.029815
0.0297092
0.0300835
0.0302476
0.0301988
0.0306519
0.030366
0.0306932
0.0288345
0.0294913
0.0295473
0.0294043
0.0297609
0.0299138
0.029857
0.0303097
0.0300166
0.0303432
0.0291969
0.0300365
0.0299043
0.0297314
0.0300599
0.030198
0.0301359
0.0305803
0.0302856
0.0306306
0.0258162
0.0271698
0.0275025
0.0277134
0.0281316
0.0283596
0.028372
0.0288268
0.0285857
0.0289378
0.0281769
0.0274968
0.0278597
0.027781
0.0280716
0.0282381
0.0282148
0.0286534
0.0284077
0.0287225
0.03102
0.027787
0.0282375
0.028054
0.0283273
0.0285043
0.0284948
0.0289389
0.0287043
0.0290223
0.0322591
0.0275201
0.02806
0.0277856
0.0280319
0.0282018
0.0281891
0.0286331
0.0283972
0.0287141
0.0310423
0.0271764
0.0279504
0.0278148
0.0281375
0.0283426
0.0283474
0.0287982
0.0285695
0.0288824
0.0289746
0.0267712
0.0275757
0.0276391
0.0280663
0.0283147
0.0283392
0.028798
0.0285736
0.0288853
0.0275441
0.0265505
0.0272036
0.0273809
0.0278664
0.0281371
0.0281699
0.0286324
0.0284068
0.0287199
0.0280225
0.0271012
0.0275101
0.0277096
0.0281947
0.0284643
0.0284969
0.0289567
0.0287335
0.0290419
0.0298014
0.0275124
0.0274634
0.0275512
0.0279679
0.0282014
0.0282138
0.0286669
0.0284351
0.0287379
0.0312611
0.0285806
0.0279965
0.0279819
0.0283105
0.0284934
0.0284804
0.0289159
0.0286744
0.0289928
0.0232248
0.0244363
0.0251257
0.0256323
0.0261753
0.0265499
0.0266629
0.0271398
0.0269595
0.027309
0.023722
0.0237205
0.0251162
0.0255169
0.0260625
0.0264285
0.0265279
0.026997
0.0268175
0.0271301
0.0238893
0.0230177
0.0251745
0.025597
0.026216
0.0266291
0.0267571
0.0272388
0.0270724
0.0273919
0.0230471
0.0221171
0.0248855
0.0252937
0.0259367
0.0263583
0.0264873
0.0269696
0.0268023
0.0271191
0.0219974
0.0218151
0.0247881
0.0253247
0.0260409
0.026494
0.0266383
0.0271252
0.0269647
0.0272763
0.0220757
0.0221522
0.0246645
0.0252833
0.0260332
0.0264977
0.0266474
0.027136
0.026975
0.0272837
0.0224303
0.0227303
0.0246194
0.0252178
0.0259356
0.0263791
0.0265172
0.0269973
0.0268323
0.0271369
0.0231876
0.0236312
0.0251375
0.025668
0.0263099
0.0267166
0.0268357
0.0273035
0.0271357
0.0274326
0.0252031
0.0241733
0.0252873
0.0256604
0.0261759
0.0265219
0.0266079
0.0270629
0.026882
0.0271713
0.0278873
0.0256371
0.0260242
0.0262412
0.026583
0.0268353
0.0268738
0.0272968
0.0271034
0.0274014
0.0221407
0.0222065
0.022966
0.0236367
0.0243162
0.0248342
0.0250293
0.0255228
0.0253925
0.0257358
0.0202398
0.0205144
0.0225349
0.0232722
0.0241114
0.0246834
0.0248952
0.0253943
0.0252716
0.0255816
0.0171786
0.0190133
0.0222711
0.0231541
0.0241701
0.0248238
0.0250798
0.0255975
0.025491
0.0258106
0.0144005
0.017651
0.0218348
0.0227897
0.0239018
0.0245825
0.0248449
0.0253639
0.0252564
0.0255723
0.0134166
0.0173915
0.0217694
0.0228385
0.0240161
0.0247195
0.0249925
0.0255126
0.0254088
0.0257196
0.0148383
0.0181689
0.0219214
0.0229703
0.024094
0.0247677
0.0250269
0.0255365
0.0254305
0.0257339
0.0167292
0.0192991
0.0221921
0.0231168
0.0241122
0.0247185
0.0249409
0.0254322
0.0253124
0.0256093
0.0177318
0.0204363
0.0228751
0.0236741
0.0245324
0.0250719
0.0252574
0.0257242
0.025597
0.0258829
0.0192175
0.0208567
0.0231184
0.0237559
0.0244622
0.0249338
0.0250788
0.0255248
0.025387
0.025659
0.0221897
0.0223452
0.0239974
0.0244669
0.0249212
0.0252682
0.0253438
0.0257514
0.0255892
0.0258697
0.0211006
0.0201365
0.0210451
0.0218544
0.0226607
0.0232695
0.0235071
0.0239971
0.0239002
0.0242309
0.0176546
0.0179645
0.0203297
0.0213016
0.0223903
0.0230938
0.0233736
0.0238798
0.0237976
0.0240974
0.0119518
0.0161641
0.0198685
0.021065
0.0223964
0.0231933
0.0235237
0.024053
0.0239853
0.0242981
0.00802519
0.0147398
0.0193687
0.0206805
0.0221576
0.0229871
0.0233255
0.0238547
0.0237849
0.0240922
0.00735615
0.0146482
0.0193866
0.0207731
0.022296
0.0231328
0.0234738
0.0239985
0.0239311
0.024231
0.00959109
0.0156694
0.0197852
0.021066
0.0224584
0.0232287
0.0235357
0.0240413
0.0239623
0.0242537
0.0124447
0.0171107
0.0203118
0.0213894
0.0225775
0.0232447
0.0234955
0.0239665
0.0238741
0.024151
0.0140188
0.0185076
0.0211232
0.0220164
0.0230264
0.0236088
0.0238073
0.0242471
0.024142
0.0244045
0.0152308
0.018864
0.0213906
0.0221097
0.0229778
0.0235056
0.0236634
0.0240844
0.0239635
0.0242145
0.017979
0.0201549
0.0223376
0.0228908
0.0234581
0.0238533
0.0239311
0.0242991
0.0241581
0.0244092
0.0175051
0.0176437
0.019394
0.0204179
0.0212986
0.0219062
0.0221273
0.0225845
0.0224955
0.0227983
0.0148927
0.0158213
0.018663
0.0198173
0.0210242
0.0217283
0.0220031
0.0224818
0.0224088
0.0226835
0.0085559
0.014435
0.0182159
0.0195936
0.0210399
0.0218167
0.0221366
0.0226326
0.0225737
0.0228605
0.00431217
0.0134111
0.0178158
0.0192782
0.0208672
0.0216585
0.0219796
0.0224707
0.0224073
0.0226855
0.00424238
0.0137085
0.0180147
0.0194586
0.0210484
0.0218209
0.0221331
0.022613
0.0225464
0.0228164
0.00706239
0.0149721
0.0186462
0.0198866
0.0212832
0.0219598
0.0222215
0.0226685
0.022592
0.0228464
0.0103685
0.016566
0.019356
0.0203317
0.0214742
0.0220264
0.0222155
0.0226257
0.0225252
0.0227648
0.0126032
0.018195
0.0202572
0.0209943
0.0219331
0.0223903
0.0225192
0.0228909
0.0227767
0.023
0.0138065
0.0185219
0.0204982
0.0210411
0.0218724
0.0222997
0.0223963
0.0227485
0.0226292
0.0228355
0.0159013
0.019444
0.0214185
0.021804
0.0223275
0.0226408
0.0226515
0.0229577
0.0228073
0.0230178
0.0104884
0.0152051
0.0181886
0.0193946
0.0202555
0.0207542
0.0208986
0.0212825
0.0211775
0.0214295
0.0105591
0.0142948
0.0177148
0.0189047
0.0200433
0.0206021
0.0207964
0.0211965
0.021109
0.021332
0.00633963
0.013983
0.0175131
0.0188302
0.0201264
0.0207092
0.0209282
0.0213379
0.0212554
0.0214904
0.0030715
0.0138683
0.0173924
0.0186817
0.0200559
0.0206119
0.020817
0.0212123
0.0211209
0.021344
0.00402191
0.014842
0.0178727
0.0189948
0.0202962
0.0207967
0.0209771
0.0213519
0.0212559
0.0214673
0.00760637
0.0164294
0.0187226
0.01953
0.0205865
0.020968
0.0210841
0.0214229
0.0213064
0.0215041
0.0113955
0.018087
0.0195268
0.0200345
0.0208142
0.0210636
0.0211038
0.0213948
0.0212624
0.021439
0.0142339
0.0197913
0.0204356
0.0206927
0.0212613
0.0214129
0.0213878
0.0216427
0.0214954
0.0216546
0.0151187
0.0199181
0.0205687
0.020646
0.0211634
0.0213142
0.0212691
0.0215184
0.0213619
0.0215132
0.0159643
0.0202188
0.0213077
0.0212797
0.0215405
0.0216217
0.0215034
0.0217028
0.0215306
0.0216808
0.0049152
0.0153059
0.0178676
0.0189019
0.019525
0.0197818
0.019787
0.0200647
0.0199234
0.0201052
0.00638839
0.0150577
0.0177572
0.0186126
0.0194143
0.0196757
0.0197159
0.0200008
0.0198708
0.0200242
0.00591899
0.0159645
0.0179576
0.0187748
0.0195952
0.0198189
0.0198588
0.0201357
0.0200068
0.0201679
0.00604502
0.0171506
0.0182339
0.0188533
0.0196408
0.0197856
0.0197928
0.0200446
0.0199025
0.0200475
0.00927352
0.0190412
0.0190378
0.0193132
0.0199382
0.0199894
0.0199578
0.020182
0.0200291
0.0201629
0.0139885
0.0209299
0.020049
0.0199105
0.0202553
0.0201763
0.0200754
0.0202546
0.0200883
0.0202028
0.0183272
0.0224449
0.020823
0.0203981
0.0204748
0.0202747
0.0201002
0.0202425
0.0200525
0.0201512
0.0213136
0.023862
0.0216027
0.020994
0.0208793
0.020591
0.0203588
0.0204659
0.0202639
0.020348
0.0209987
0.0234551
0.0215155
0.0208079
0.0207234
0.0204684
0.0202362
0.0203431
0.0201482
0.0202212
0.0197454
0.0228456
0.0218935
0.0211909
0.0209663
0.0207125
0.0204247
0.0205077
0.0202907
0.0203746
0.0223468
0.0205226
0.0188044
0.0190886
0.0190353
0.0189053
0.0187328
0.0188774
0.018694
0.0187954
0.0217893
0.0202675
0.018901
0.0189628
0.0190181
0.0188495
0.018696
0.018833
0.0186602
0.0187294
0.0219152
0.0215426
0.0193939
0.0193202
0.0192802
0.0190295
0.0188497
0.018969
0.0187859
0.0188612
0.0249552
0.023452
0.019955
0.0195787
0.0194114
0.0190475
0.0188217
0.0189066
0.0187064
0.0187632
0.029608
0.0257285
0.0209286
0.0201158
0.0197287
0.0192544
0.0189831
0.0190355
0.0188258
0.0188699
0.033792
0.0273432
0.0218985
0.0206716
0.020022
0.0194314
0.0190962
0.0191114
0.0188807
0.018912
0.0372239
0.0281497
0.0224442
0.0210316
0.0201743
0.0195013
0.0191154
0.0190939
0.0188545
0.0188686
0.0389912
0.028744
0.0229378
0.0214855
0.020493
0.0197642
0.0193353
0.0192909
0.0190421
0.0190446
0.0362368
0.0275991
0.0225704
0.0211293
0.0202629
0.0196048
0.0191983
0.0191738
0.0189277
0.0189322
0.0327893
0.0261591
0.0225072
0.0211835
0.0203334
0.0197601
0.019335
0.0192965
0.0190507
0.0190676
0.0650975
0.0269685
0.0212886
0.0197784
0.0185243
0.0179838
0.0176373
0.0176554
0.0174407
0.017467
0.0640427
0.0270481
0.021493
0.019744
0.0185679
0.0179678
0.0176286
0.0176312
0.0174199
0.0174148
0.0647444
0.0284215
0.0220762
0.0201645
0.0188615
0.0181685
0.0177898
0.017762
0.0175394
0.0175361
0.0681094
0.0301378
0.0226529
0.0204478
0.0190109
0.0182105
0.0177849
0.0177202
0.0174803
0.0174567
0.0714843
0.0318123
0.0234487
0.0208981
0.0192815
0.018394
0.017931
0.0178374
0.0175862
0.0175538
0.0725048
0.0323472
0.0240147
0.0212509
0.0194863
0.0185336
0.0180286
0.017901
0.0176413
0.0175947
0.0717641
0.0317187
0.0240577
0.021347
0.0195126
0.018549
0.0180228
0.0178824
0.0176112
0.0175577
0.0690866
0.0309422
0.0241076
0.0215697
0.0197079
0.0187441
0.0182029
0.0180482
0.0177731
0.0177148
0.0633425
0.0291637
0.0234814
0.021049
0.0194111
0.0185525
0.0180566
0.0179265
0.0176689
0.0176112
0.0589426
0.0274706
0.0230732
0.0207785
0.0193092
0.0186126
0.0181272
0.0180181
0.0177579
0.0177288
0.0566188
0.0520866
0.0510143
0.0505173
0.0502472
0.0502301
0.0504673
0.0509362
0.0519863
0.0564922
0.0521038
0.0475694
0.0464983
0.0460015
0.0457317
0.0457149
0.0459526
0.0464217
0.0474708
0.0519785
0.0510385
0.0465058
0.0454351
0.0449391
0.0446702
0.0446542
0.0448927
0.0453623
0.046412
0.0509189
0.0505439
0.0460128
0.0449435
0.0444492
0.0441819
0.0441674
0.0444072
0.0448777
0.0459281
0.0504355
0.0502706
0.045742
0.0446746
0.0441827
0.0439178
0.0439056
0.0441472
0.0446192
0.0456705
0.050179
0.0502441
0.0457188
0.044654
0.0441649
0.043903
0.0438936
0.0441375
0.0446112
0.0456637
0.0501733
0.0504677
0.0459462
0.0448841
0.044398
0.0441393
0.0441328
0.0443792
0.0448547
0.0459085
0.0504192
0.0509221
0.0464038
0.0453441
0.0448607
0.0446048
0.0446009
0.0448495
0.0453268
0.0463818
0.0508938
0.0519593
0.0474426
0.0463849
0.0459037
0.04565
0.0456483
0.0458986
0.0463773
0.047433
0.051947
0.0564489
0.0519371
0.0508807
0.0504019
0.050151
0.0501517
0.050404
0.0508844
0.0519423
0.0564557
0.0507468
0.0478622
0.0478836
0.0473883
0.047111
0.0470926
0.0473346
0.0477991
0.0477532
0.0506124
0.0478876
0.0449996
0.0450236
0.0445269
0.044249
0.0442303
0.0444723
0.0449374
0.0448883
0.0477479
0.0479171
0.0450324
0.0450561
0.0445603
0.0442833
0.0442655
0.0445084
0.044974
0.0449264
0.0477831
0.0474264
0.0445422
0.0445673
0.0440734
0.0437981
0.043782
0.0440262
0.0444927
0.0444458
0.0473036
0.0471461
0.0442643
0.0442918
0.0438006
0.043528
0.0435143
0.0437605
0.0442286
0.0441827
0.0470415
0.0471166
0.0442387
0.0442691
0.0437815
0.0435123
0.0435017
0.0437505
0.0442204
0.0441759
0.0470357
0.0473418
0.0444685
0.0445024
0.0440184
0.043753
0.0437457
0.0439973
0.0444693
0.0444261
0.0472869
0.0477881
0.0449197
0.0449565
0.0444758
0.0442137
0.0442095
0.0444636
0.0449378
0.0448959
0.0477572
0.0477277
0.0448592
0.0448991
0.0444209
0.0441614
0.0441595
0.0444154
0.044891
0.0448491
0.0477145
0.0505678
0.0477043
0.0477435
0.047269
0.0470128
0.0470136
0.0472716
0.0477482
0.0477105
0.0505763
0.0458702
0.044163
0.044839
0.0443662
0.044196
0.0441744
0.0443028
0.0447394
0.044034
0.0457083
0.0442069
0.0424963
0.0431755
0.0426985
0.0425267
0.0425038
0.0426313
0.0430691
0.0423581
0.0440287
0.0448965
0.0431904
0.043868
0.0433919
0.0432207
0.0431988
0.0433272
0.0437652
0.0430568
0.0447222
0.044433
0.0427258
0.0434054
0.0429313
0.0427619
0.0427416
0.0428714
0.0433103
0.0426024
0.0442699
0.0442596
0.0425562
0.0432388
0.0427682
0.0426021
0.0425848
0.042717
0.0431577
0.042451
0.0441192
0.0442216
0.0425243
0.0432113
0.0427455
0.0425841
0.0425707
0.0427061
0.043149
0.0424439
0.0441133
0.044325
0.042635
0.0433269
0.0428666
0.0427103
0.0427013
0.0428401
0.0432855
0.0425818
0.0442529
0.0447343
0.0430531
0.0437491
0.0432936
0.043142
0.043137
0.0432791
0.0437271
0.0430253
0.044696
0.0440088
0.0423272
0.0430281
0.0425757
0.0424276
0.0424254
0.0425696
0.0430197
0.0423169
0.043994
0.045654
0.0439765
0.0446758
0.0442298
0.044086
0.0440876
0.044235
0.0446856
0.0439895
0.045671
0.043409
0.0421376
0.0428553
0.0423398
0.0423007
0.0422738
0.0422601
0.0427293
0.0419733
0.0431988
0.0422172
0.0409366
0.0416548
0.0411306
0.041088
0.0410581
0.0410415
0.0415123
0.0407496
0.0419679
0.0429609
0.0416829
0.0423978
0.0418742
0.0418319
0.0418027
0.0417872
0.0422578
0.0414987
0.042711
0.0424635
0.0411825
0.0419
0.0413785
0.0413381
0.0413108
0.0412969
0.0417684
0.0410094
0.0422249
0.0424185
0.0411447
0.041867
0.0413507
0.041315
0.0412917
0.0412809
0.0417547
0.0409973
0.0422128
0.042362
0.0410997
0.0418297
0.0413212
0.0412925
0.0412749
0.0412684
0.0417451
0.0409896
0.0422066
0.042305
0.0410558
0.0417945
0.0412949
0.0412741
0.0412629
0.041261
0.0417411
0.0409874
0.0422072
0.0427286
0.0414954
0.0422407
0.0417492
0.0417357
0.0417302
0.0417328
0.0422163
0.0414653
0.0426842
0.0419407
0.0407101
0.0414632
0.0409762
0.0409677
0.0409662
0.0409716
0.0414581
0.0407053
0.0419317
0.0431195
0.0418956
0.0426488
0.042172
0.0421692
0.0421733
0.0421839
0.0426706
0.0419259
0.0431601
0.0417681
0.0406857
0.0412837
0.0407152
0.0407579
0.0407248
0.0406153
0.0411241
0.0404751
0.0414966
0.0408298
0.0397205
0.0403109
0.0397254
0.0397605
0.0397211
0.039606
0.0401162
0.0394601
0.0404712
0.0414778
0.0403642
0.0409482
0.040362
0.0403962
0.0403572
0.0402432
0.0407527
0.0401014
0.0411067
0.0409423
0.0398222
0.0404093
0.0398247
0.039861
0.0398241
0.0397119
0.0402226
0.0395709
0.0405803
0.040971
0.0398639
0.0404594
0.0398831
0.0399265
0.0398952
0.0397873
0.0403009
0.0396515
0.0406602
0.0408801
0.0397958
0.0404055
0.0398426
0.0398971
0.0398743
0.0397724
0.04029
0.0396431
0.0406537
0.0406911
0.0396328
0.0402585
0.0397109
0.039778
0.0397647
0.0396696
0.0401917
0.0395471
0.0405618
0.0411207
0.0400915
0.0407292
0.0401953
0.0402738
0.0402692
0.0401804
0.0407068
0.040066
0.0410794
0.0404198
0.0394009
0.0400504
0.0395236
0.0396096
0.0396106
0.0395253
0.0400559
0.0394127
0.0404336
0.0413667
0.040362
0.0410152
0.0405037
0.0405979
0.0406067
0.0405292
0.0410602
0.0404252
0.0414567
0.0399717
0.039079
0.0396088
0.0390299
0.039115
0.0390762
0.0389106
0.0394146
0.0388179
0.0396365
0.0393416
0.0383787
0.0388824
0.0382708
0.0383395
0.0382889
0.0381137
0.0386179
0.0380137
0.0388181
0.0399692
0.0389837
0.0394743
0.038858
0.0389234
0.0388723
0.0386983
0.0392013
0.0386026
0.0394015
0.0394506
0.0384496
0.0389425
0.0383263
0.0383933
0.0383443
0.038172
0.0386766
0.0380773
0.0388807
0.0395003
0.038524
0.0390323
0.0384297
0.0385075
0.0384665
0.0383001
0.0388083
0.0382121
0.0390143
0.0393431
0.0384159
0.0389519
0.0383727
0.0384685
0.0384401
0.0382822
0.0387959
0.038203
0.0390075
0.0390259
0.0381543
0.0387208
0.0381681
0.0382841
0.03827
0.0381217
0.0386416
0.0380514
0.0388614
0.0393896
0.0385727
0.0391614
0.038632
0.0387657
0.0387645
0.038625
0.0391504
0.0385652
0.0393738
0.0387096
0.0379165
0.0385225
0.0380044
0.038149
0.0381553
0.0380204
0.038551
0.037963
0.0387792
0.0394119
0.0386472
0.0392623
0.0387658
0.038922
0.0389391
0.0388144
0.0393459
0.0387665
0.0395965
0.0380411
0.0373342
0.0378169
0.0372549
0.0373641
0.0373229
0.0371243
0.0375975
0.037029
0.0376622
0.0378162
0.0369349
0.0373518
0.0367277
0.036804
0.0367417
0.036528
0.0369987
0.0364223
0.0370367
0.0384958
0.0375444
0.037933
0.0372947
0.0373629
0.0372985
0.0370857
0.0375548
0.0369845
0.0375939
0.0380469
0.0370571
0.0374433
0.0368008
0.0368691
0.036806
0.0365946
0.0370655
0.0364943
0.0371081
0.0380685
0.0371297
0.0375459
0.0369258
0.0370106
0.0369589
0.0367553
0.0372307
0.0366636
0.0372758
0.03778
0.0369521
0.0374236
0.0368453
0.0369588
0.0369259
0.0367343
0.0372168
0.0366539
0.0372689
0.0372884
0.0365828
0.0371128
0.0365805
0.0367259
0.036714
0.0365356
0.0370264
0.0364668
0.0370885
0.0375146
0.0369132
0.0374835
0.0369895
0.0371618
0.0371681
0.0370018
0.0374996
0.0369461
0.0375668
0.0368169
0.0362634
0.0368574
0.0363803
0.0365675
0.0365835
0.0364225
0.0369264
0.0363701
0.0369979
0.037277
0.036777
0.0373855
0.0369374
0.0371401
0.0371697
0.0370212
0.0375268
0.0369788
0.0376239
0.0361264
0.0356042
0.0360144
0.0354721
0.0355952
0.035559
0.0353503
0.0357965
0.0352789
0.0357842
0.0364881
0.0355444
0.035802
0.0351431
0.0352057
0.0351342
0.0349028
0.0353427
0.0348166
0.0352986
0.0373298
0.0361805
0.0363685
0.0356751
0.0357213
0.0356447
0.0354137
0.0358516
0.0353319
0.0358098
0.0370161
0.0357629
0.0359327
0.0352249
0.0352673
0.0351904
0.03496
0.0353996
0.0348788
0.0353606
0.0369172
0.035788
0.0360199
0.0353507
0.0354182
0.0353573
0.035137
0.0355822
0.0350664
0.0355464
0.0363345
0.035481
0.0358316
0.0352373
0.0353506
0.0353171
0.035113
0.0355674
0.0350567
0.0355399
0.0355417
0.034969
0.0354358
0.0349206
0.0350833
0.0350795
0.034893
0.0353579
0.0348513
0.0353419
0.0355552
0.0351857
0.0357243
0.0352699
0.0354715
0.0354925
0.0353215
0.0357945
0.0352953
0.0357852
0.0348533
0.0345655
0.0351336
0.034702
0.0349219
0.0349539
0.0347885
0.0352684
0.0347656
0.0352621
0.0351236
0.0349259
0.0355109
0.0351144
0.0353525
0.0353997
0.035248
0.0357298
0.035235
0.0357517
0.034125
0.0338767
0.0341907
0.0336782
0.0338192
0.0338024
0.0336087
0.0340407
0.0335929
0.0340217
0.0354422
0.0342308
0.0342374
0.0335207
0.0335613
0.0334906
0.0332651
0.0336863
0.0332291
0.0336305
0.036713
0.0349427
0.034794
0.034007
0.0340189
0.0339392
0.0337137
0.0341323
0.0336824
0.0340807
0.0366764
0.034628
0.0344244
0.0336029
0.0336036
0.0335205
0.0332943
0.0337142
0.0332629
0.0336643
0.0362869
0.034544
0.0344671
0.03371
0.0337485
0.0336873
0.033474
0.0339004
0.0334551
0.0338545
0.0350883
0.0340212
0.0341831
0.0335546
0.0336633
0.0336405
0.0334482
0.0338857
0.0334466
0.0338493
0.033753
0.0333187
0.0336957
0.0331961
0.0333768
0.0333937
0.0332231
0.033673
0.0332385
0.0336487
0.0334624
0.0334113
0.0339025
0.0334923
0.0337249
0.0337724
0.0336199
0.0340792
0.0336519
0.0340621
0.0328132
0.0328682
0.0333777
0.0329911
0.0332418
0.0332993
0.0331512
0.0336161
0.0331854
0.0336006
0.032962
0.0331593
0.0336719
0.03332
0.0335865
0.0336576
0.0335218
0.0339884
0.0335636
0.034
0.0315688
0.0320472
0.0322322
0.0318089
0.0319968
0.0320239
0.031872
0.0323004
0.0319242
0.0323075
0.0345885
0.0329651
0.0325505
0.0318048
0.0318458
0.0317995
0.0316072
0.0320199
0.0316347
0.0319865
0.0370801
0.0338854
0.0331181
0.0322477
0.0322449
0.0321867
0.0319949
0.0324057
0.0320283
0.0323787
0.0376482
0.0337488
0.0328352
0.0318969
0.0318718
0.0318059
0.0316116
0.032023
0.0316441
0.0319965
0.0365277
0.0334663
0.0328058
0.031972
0.0320018
0.0319646
0.031786
0.0322047
0.0318327
0.0321828
0.0338986
0.032581
0.0323995
0.0317709
0.031902
0.0319145
0.0317609
0.0321922
0.0318267
0.0321797
0.0315287
0.0316158
0.0318263
0.0313872
0.0316133
0.0316733
0.0315436
0.0319878
0.0316263
0.0319862
0.0308267
0.0315936
0.0319715
0.031646
0.0319312
0.0320236
0.031912
0.0323643
0.0320102
0.0323696
0.0304215
0.031205
0.0315468
0.0312299
0.0315235
0.0316196
0.0315081
0.0319644
0.0316054
0.0319673
0.0305612
0.0315235
0.0318282
0.031529
0.0318251
0.0319261
0.0318213
0.032276
0.0319197
0.0323024
0.0122007
0.0122568
0.0122448
0.0122646
0.0122864
0.0121771
0.0123127
0.0121077
0.00452381
-0.010507
0.0121832
0.0122616
0.0122559
0.0123055
0.0123977
0.0124279
0.0128563
0.0132038
0.00668392
-0.00463776
0.0122296
0.0123175
0.0123421
0.0124338
0.0126185
0.0128319
0.0134037
0.0143094
0.00962206
0.00382125
0.0121955
0.0122781
0.0122993
0.0123884
0.0125761
0.0128514
0.0133999
0.0148356
0.0125933
0.0128902
0.0121939
0.0122581
0.0122773
0.0123607
0.0125245
0.0128037
0.0132111
0.0148748
0.014894
0.0196444
0.0122018
0.0122477
0.0122537
0.0123023
0.0123695
0.0125021
0.0124503
0.0138757
0.0136658
0.0148751
0.0121448
0.0121645
0.0121467
0.0121406
0.0120834
0.0119781
0.0114385
0.0123732
0.00886127
0.00169721
0.0121838
0.0121845
0.0121468
0.0120995
0.0119466
0.0116625
0.0107895
0.0109484
0.00369631
-0.00971047
0.0121306
0.0121172
0.0120508
0.0119508
0.0116933
0.0112396
0.0101976
0.00945921
0.000178968
-0.013763
0.012126
0.0120785
0.0119971
0.0118718
0.0115639
0.0109739
0.00997888
0.00864273
-0.00168164
-0.013755
0.0108669
0.0108645
0.0107807
0.0106822
0.0104811
0.00981944
0.00867837
0.0078501
0.00177278
-0.0151332
0.0108594
0.0108878
0.0108229
0.0107708
0.0106628
0.0101927
0.00940107
0.00898306
0.00245504
-0.0138074
0.0109064
0.0109508
0.0109216
0.0109162
0.0109
0.0106552
0.0100788
0.00990254
0.00359601
-0.00953247
0.0108762
0.010919
0.010895
0.0109014
0.0109232
0.0108678
0.0104768
0.0107724
0.00638971
-0.000619079
0.0108736
0.0109031
0.0108906
0.0109128
0.0109678
0.0110683
0.0107997
0.0115656
0.0102253
0.0102843
0.0108812
0.0108918
0.0108723
0.0108682
0.0108599
0.0108978
0.0102944
0.0112077
0.011675
0.0123182
0.010822
0.0108007
0.0107574
0.0106925
0.0105618
0.0103543
0.00920312
0.0100454
0.00928414
0.00440473
0.0108453
0.0107961
0.0107297
0.0106102
0.0103614
0.00991407
0.00832501
0.00852547
0.00465415
-0.0062383
0.0107921
0.0107208
0.0106183
0.0104275
0.0100396
0.00934082
0.00750208
0.00677727
9.88765e-05
-0.0133517
0.0107682
0.0106505
0.0105203
0.0102751
0.00979108
0.00883432
0.00689991
0.00555314
-0.00295131
-0.0167325
0.00954328
0.00948804
0.00936268
0.0091916
0.0089124
0.00821989
0.0068114
0.00682761
0.00746008
0.000745369
0.00954372
0.00952471
0.00942189
0.00929612
0.00908353
0.0085004
0.0072486
0.00740256
0.00641908
-0.00194114
0.00958669
0.00958641
0.0095147
0.00942369
0.00925437
0.00880298
0.00764078
0.00761902
0.00506203
-0.00357005
0.00955858
0.00956083
0.00949991
0.00942874
0.00930224
0.0090768
0.00817785
0.00826006
0.0057119
0.000195809
0.00955773
0.00955557
0.00952067
0.00948721
0.0094408
0.00948866
0.0088972
0.00923986
0.00858827
0.00904824
0.00956761
0.00955093
0.00951984
0.00947692
0.00941899
0.00954007
0.00878406
0.00936397
0.0113211
0.0143925
0.00951073
0.00946174
0.00941398
0.00931891
0.00918023
0.009164
0.00795825
0.0089012
0.0117693
0.0124823
0.00952305
0.00944285
0.00937616
0.00922942
0.00899014
0.00877165
0.00719657
0.0079285
0.00921526
0.00598124
0.00947305
0.00936529
0.00926129
0.00903867
0.00865849
0.0081706
0.00637188
0.00647068
0.00522608
-0.000605187
0.00943349
0.00926988
0.00912969
0.00883035
0.00832884
0.00749917
0.00548806
0.00510856
0.00199454
-0.00525065
0.0082471
0.00816421
0.00805412
0.00791257
0.0077531
0.00752935
0.00674169
0.0074651
0.0116283
0.0111029
0.00824937
0.00820297
0.008107
0.00799024
0.00783939
0.00758692
0.00669526
0.00752761
0.0102861
0.00788613
0.00828148
0.00825018
0.00816922
0.00805905
0.0078746
0.00758696
0.00658544
0.00712915
0.00782996
0.00365319
0.00825156
0.00822428
0.00815215
0.00805599
0.00787923
0.00774131
0.00693334
0.00726022
0.0064107
0.00266985
0.00825217
0.00822922
0.00819124
0.00814036
0.00804539
0.00818824
0.00770288
0.00784602
0.0071973
0.00741422
0.00826451
0.00823334
0.00820801
0.00815912
0.00808232
0.00839649
0.00783731
0.00790909
0.00945954
0.0126818
0.00821313
0.00815356
0.008122
0.00803604
0.00792676
0.00824527
0.00735571
0.00782583
0.0111646
0.0137228
0.00822081
0.00813163
0.00809063
0.00796805
0.00779812
0.00799967
0.0068688
0.00745609
0.0103103
0.0104693
0.00817781
0.00806053
0.00798766
0.00779903
0.00751718
0.00748328
0.00621878
0.00662886
0.00771393
0.00588945
0.00813112
0.00795165
0.00783933
0.00756264
0.00716033
0.00675959
0.00523352
0.00545405
0.00521013
0.00198039
0.00699315
0.00691325
0.00686347
0.00682058
0.00684037
0.00710141
0.00692289
0.00738659
0.0113388
0.0121735
0.00698903
0.0069402
0.00688831
0.00684285
0.00682219
0.00697208
0.00653363
0.00729588
0.0107937
0.0105638
0.00700287
0.0069597
0.00690025
0.00682946
0.00671203
0.00669469
0.0060152
0.00669836
0.00876089
0.00682982
0.00696631
0.00692435
0.00686373
0.00679051
0.00662673
0.00662713
0.00601739
0.00644902
0.0063882
0.00340919
0.00696522
0.00693234
0.00690318
0.00686447
0.00673762
0.00692592
0.00656309
0.00650099
0.00527657
0.00444762
0.00697722
0.00694067
0.00692552
0.00688673
0.00676435
0.0071448
0.0067402
0.00616772
0.00614124
0.00784734
0.00693224
0.00687284
0.00685962
0.0067945
0.00666357
0.00714882
0.00648328
0.00601367
0.00764687
0.0092788
0.00693907
0.00685516
0.00684258
0.00675804
0.00660442
0.0070431
0.00621504
0.00596976
0.00761364
0.00774193
0.00690672
0.00679755
0.00676251
0.00663002
0.00641116
0.00667373
0.00578887
0.0057651
0.00644867
0.00526202
0.0068604
0.00668693
0.00661434
0.006392
0.00607835
0.00600389
0.00484173
0.00492428
0.00507996
0.00295056
0.00576599
0.00570471
0.00571786
0.00576114
0.00587559
0.0063551
0.00644004
0.00622538
0.0088
0.00932129
0.00574894
0.00571106
0.00570733
0.00573029
0.00578927
0.00616763
0.0059616
0.00622818
0.00923443
0.00958358
0.00574181
0.00569864
0.00566839
0.00564766
0.00559066
0.00575933
0.00528119
0.00578158
0.00828744
0.00762311
0.00569678
0.00564956
0.00560591
0.00556885
0.00542645
0.00550059
0.00499371
0.0054391
0.00600156
0.00376529
0.00569095
0.00565286
0.00562974
0.00560807
0.00544286
0.00557887
0.00524507
0.00515045
0.00381184
0.00242636
0.00569865
0.00565786
0.00564212
0.0056084
0.00540456
0.0056957
0.00535193
0.0044408
0.0032991
0.00369912
0.00565884
0.00559995
0.00558822
0.00552996
0.00530974
0.00574311
0.00517906
0.00401274
0.00400749
0.00441806
0.00566685
0.00558933
0.00558407
0.00551582
0.00529265
0.00571153
0.00499764
0.00401445
0.00419804
0.00364365
0.00564675
0.0055494
0.00553137
0.00543242
0.00519298
0.00550022
0.00475312
0.0042317
0.00412904
0.00283288
0.00560936
0.00544895
0.0053993
0.00521468
0.00491768
0.0049554
0.00393148
0.00370569
0.00378474
0.0021668
0.00456443
0.00450944
0.00455899
0.00463826
0.00474496
0.00522755
0.00540673
0.00466969
0.00603584
0.00612704
0.0045199
0.00447947
0.00450497
0.00456153
0.00462659
0.00508122
0.00500258
0.00477986
0.00706145
0.00758704
0.00449284
0.00443894
0.00442822
0.00444072
0.00441271
0.00469288
0.00435974
0.00457537
0.00712987
0.00734384
0.00444079
0.00437804
0.00434415
0.00433597
0.00421588
0.00434033
0.00389887
0.00432254
0.00550205
0.0041554
0.0044285
0.00437201
0.00434436
0.00433562
0.00414812
0.00422112
0.003902
0.00396395
0.00307054
0.00180638
0.00442844
0.00436731
0.00433623
0.00430349
0.00402988
0.00419606
0.00392942
0.0031068
0.00172051
0.00158927
0.00439181
0.00431577
0.00428604
0.00422537
0.00390896
0.0042129
0.00377929
0.0024681
0.00173087
0.0015511
0.00440071
0.00431141
0.00428918
0.00421926
0.00390292
0.00419936
0.00360692
0.00240385
0.00190519
0.00109711
0.00439451
0.00429187
0.00426573
0.00417842
0.00388647
0.00413961
0.00351184
0.00283615
0.00246728
0.00134664
0.00438601
0.00422706
0.00417906
0.00401257
0.00370272
0.00378095
0.00288778
0.0025385
0.00280772
0.00189043
0.00332744
0.00327799
0.00333988
0.00341589
0.00345884
0.00384686
0.00409554
0.00311228
0.00365188
0.00340923
0.00326784
0.00322757
0.00326624
0.00332837
0.00335258
0.00379961
0.00384244
0.00325651
0.00478578
0.00525064
0.003234
0.00317716
0.00317987
0.00321008
0.0031855
0.00353185
0.00334015
0.00323577
0.00547922
0.00613427
0.00318255
0.0031156
0.00309075
0.00310585
0.00301209
0.0031957
0.00282284
0.00313042
0.00464208
0.0040048
0.00316691
0.00310368
0.0030732
0.00308227
0.00290765
0.00296861
0.00268614
0.00290932
0.00254756
0.00163671
0.0031598
0.00308969
0.0030466
0.00302945
0.0027398
0.00283773
0.0026967
0.00216751
0.000976718
0.000757791
0.00312638
0.00304397
0.00299886
0.00295359
0.00259555
0.00281059
0.00258398
0.00149827
0.000635729
0.000319199
0.00313517
0.00304348
0.00300441
0.00294627
0.00258222
0.00278715
0.00239914
0.00136558
0.000751307
2.02393e-06
0.00313587
0.00303756
0.00300222
0.00293502
0.00262212
0.00284712
0.00241243
0.00184608
0.00153199
0.000699879
0.00315079
0.00300472
0.00295926
0.00282042
0.002519
0.00266603
0.00199053
0.00165674
0.0021211
0.00183415
0.00222453
0.00205771
0.00211611
0.00216876
0.00214613
0.00237806
0.00268145
0.00176381
0.00190066
0.00163784
0.00203795
0.00184286
0.00189235
0.00194449
0.0019123
0.00225991
0.00239665
0.00167984
0.0024413
0.00297438
0.00201657
0.00181698
0.00183766
0.00187241
0.00183359
0.00216228
0.00210498
0.00174497
0.00330535
0.00410789
0.00197581
0.00177091
0.00176633
0.00179469
0.00172591
0.00193935
0.00165682
0.0017454
0.0031517
0.0030201
0.00196107
0.00176132
0.00174509
0.00177076
0.00164177
0.00171736
0.00148721
0.00173661
0.00172229
0.00128995
0.00194984
0.00174538
0.00171301
0.00172353
0.001486
0.00155594
0.00153277
0.00129615
0.000456821
0.000445118
0.00192245
0.00171064
0.00167524
0.00166694
0.0013542
0.00151065
0.00148721
0.000771707
0.000162112
0.000117976
0.00192655
0.00170929
0.00167797
0.00165468
0.00132904
0.00147184
0.0013017
0.000609181
0.000272796
-8.00551e-05
0.00192293
0.0016977
0.00167718
0.00165174
0.00138246
0.00158799
0.00136756
0.00100508
0.000897061
0.000511586
0.0020941
0.0018673
0.00184369
0.00175839
0.00151348
0.00171212
0.00131309
0.0010277
0.00148413
0.00165216
0.000417158
0.000559429
0.000601444
0.000618154
0.000560378
0.000620321
0.000854348
0.000340626
0.000211601
-0.000254191
0.000567546
0.000764233
0.000793961
0.000811783
0.000750022
0.000920575
0.00110434
0.000605655
0.000866884
0.000569039
0.000571717
0.000755542
0.000772281
0.00078393
0.000731993
0.000934739
0.00097975
0.000601082
0.00136096
0.00154304
0.000541165
0.000718242
0.000720359
0.000731983
0.000679717
0.000842247
0.000673246
0.000580756
0.00144013
0.00123071
0.00053723
0.000716308
0.000708839
0.000724046
0.000649841
0.000715163
0.000555077
0.000721965
0.00077589
0.000293412
0.000532928
0.000706543
0.000687119
0.000704766
0.000563662
0.000602146
0.000639176
0.000611815
6.65337e-05
-0.000181751
0.000522134
0.000690989
0.000669968
0.000685263
0.000490683
0.00057735
0.000674016
0.00036399
-0.000115356
-0.000425213
0.000543661
0.000712583
0.00069304
0.000697519
0.000493369
0.000565026
0.000562653
0.000278913
-2.05053e-05
-0.000525808
0.000527718
0.000702561
0.000690648
0.00069388
0.000526624
0.000656233
0.000610003
0.000497233
0.000343081
-0.000212397
0.000352796
0.000459564
0.000459599
0.000427644
0.000269668
0.000438548
0.000276808
0.000108386
0.000324889
0.000380489
0.0227782
0.0165032
0.020986
0.0190224
0.0173725
0.0167995
0.0163918
0.0163324
0.0161177
0.0160923
0.0227681
0.0171298
0.021304
0.0190544
0.0174613
0.016815
0.0164053
0.0163207
0.0161113
0.0160512
0.0250568
0.0188224
0.0218743
0.0194504
0.0177571
0.0170224
0.0165628
0.0164492
0.0162211
0.0161621
0.0265379
0.0200546
0.0222298
0.0196165
0.0178739
0.0170637
0.0165659
0.0164187
0.0161753
0.0160967
0.026522
0.0207138
0.0225762
0.0198516
0.0180533
0.0172051
0.0166861
0.0165172
0.0162688
0.0161831
0.0247643
0.0201493
0.0225837
0.0199297
0.0181409
0.0172932
0.0167584
0.0165737
0.016314
0.0162232
0.0212224
0.0184931
0.0221004
0.0197252
0.0180266
0.0172459
0.0167281
0.0165394
0.0162846
0.0161899
0.0170994
0.0172982
0.0217992
0.0197101
0.0181016
0.017378
0.0168665
0.0166778
0.016423
0.0163279
0.0128791
0.016177
0.0211572
0.019105
0.0177829
0.0171739
0.0167162
0.0165638
0.0163191
0.0162352
0.01087
0.0152439
0.0207183
0.0186348
0.0175679
0.0171578
0.0167355
0.0166135
0.0163837
0.016334
0.00126086
0.00845602
0.0168093
0.0156745
0.0152632
0.0151926
0.0149066
0.0148689
0.0146975
0.0146537
0.00184977
0.00925652
0.0171305
0.015752
0.0153972
0.0152341
0.0149351
0.0148702
0.0146987
0.0146211
0.00465826
0.0109503
0.0175624
0.016116
0.0156999
0.0154387
0.0150854
0.0149888
0.0148005
0.014721
0.00627089
0.011986
0.0176265
0.016162
0.015788
0.0154675
0.0150854
0.0149635
0.0147639
0.0146655
0.00612374
0.0124301
0.0176806
0.0162501
0.0159044
0.0155702
0.0151786
0.0150452
0.0148418
0.0147413
0.00433502
0.0118687
0.0175311
0.0162062
0.0159302
0.0156241
0.0152322
0.0150887
0.0148845
0.014779
0.00145252
0.0105672
0.0169849
0.0158816
0.0157482
0.0155405
0.0151803
0.0150515
0.0148508
0.0147496
-0.000613409
0.0101831
0.0167042
0.0157974
0.0157807
0.0156406
0.0152931
0.0151676
0.0149687
0.0148727
-0.00185125
0.010396
0.0163227
0.0152912
0.0155352
0.0154655
0.01516
0.0150616
0.0148777
0.0147892
-0.00186782
0.0104846
0.0160738
0.014799
0.0153105
0.0154169
0.0151406
0.0150898
0.0149149
0.0148714
0.00642268
0.00992946
0.0140966
0.0125424
0.0131082
0.0133834
0.0132591
0.0132928
0.0131841
0.0131512
0.00704255
0.0105994
0.0143433
0.0126689
0.0132863
0.013443
0.0132987
0.0133012
0.0131934
0.0131235
0.00975026
0.0119295
0.0145909
0.013044
0.013601
0.0136354
0.013435
0.0134128
0.0132836
0.0132107
0.0116649
0.012756
0.0144471
0.0130657
0.0136834
0.0136459
0.0134272
0.0133883
0.013251
0.0131606
0.0118629
0.0131828
0.0143836
0.0131325
0.0137865
0.0137235
0.0134983
0.0134542
0.0133167
0.0132252
0.0103442
0.0128527
0.0142703
0.0131014
0.0138191
0.0137699
0.0135427
0.0134963
0.0133544
0.0132615
0.00840293
0.0121048
0.0138631
0.0128139
0.013654
0.0136842
0.0134874
0.0134559
0.0133232
0.0132358
0.00823412
0.0124603
0.0137427
0.012813
0.0137246
0.0137861
0.0135871
0.0135598
0.0134277
0.0133456
0.00914316
0.013562
0.0136175
0.0125269
0.0136221
0.01367
0.0134836
0.0134759
0.013348
0.0132739
0.0102164
0.0142429
0.0135102
0.0121148
0.0134609
0.0136226
0.0134496
0.0134857
0.0133684
0.0133424
0.0138009
0.0129508
0.0133895
0.0110156
0.0116029
0.0117179
0.0116175
0.0116787
0.0116116
0.0115966
0.0138625
0.0132181
0.0135091
0.011179
0.0118014
0.0117791
0.011661
0.0116927
0.0116216
0.0115693
0.015559
0.0138058
0.0135474
0.0115644
0.0120961
0.0119395
0.0117794
0.0117898
0.0116985
0.0116415
0.0168597
0.0140957
0.0132391
0.011608
0.0121615
0.0119197
0.0117591
0.0117618
0.0116659
0.0115925
0.0169082
0.0143021
0.0130843
0.0116948
0.0122566
0.0119727
0.0118116
0.0118151
0.0117185
0.0116455
0.0155315
0.0140462
0.0129572
0.0116886
0.0123046
0.0120161
0.0118529
0.0118552
0.0117552
0.011679
0.0140445
0.0135296
0.0126105
0.0114617
0.0121762
0.0119374
0.0117986
0.01182
0.011727
0.0116564
0.0145091
0.0140061
0.0125419
0.0115676
0.0123008
0.0120484
0.0118943
0.0119178
0.0118213
0.0117561
0.0160814
0.015227
0.0125081
0.0115064
0.0123439
0.0119945
0.0118277
0.0118577
0.0117595
0.0116964
0.0173875
0.0159941
0.0124229
0.0112075
0.0122758
0.0119674
0.0117925
0.0118646
0.0117704
0.0117551
0.0147652
0.0129137
0.0124557
0.00999265
0.0104055
0.0102073
0.0100472
0.0100716
0.0100097
0.010009
0.014045
0.0126852
0.0124062
0.0101302
0.0105698
0.0102438
0.0100818
0.0100786
0.0100126
0.00997308
0.0143576
0.0124426
0.0122151
0.0104494
0.0107773
0.0103464
0.010171
0.0101551
0.0100704
0.0100262
0.0145931
0.0120819
0.0117536
0.0104734
0.0107777
0.0102793
0.0101318
0.0101166
0.0100318
0.00997359
0.0142451
0.0119728
0.0114968
0.010547
0.0108299
0.0102959
0.0101635
0.0101545
0.01007
0.0100131
0.0129528
0.0116867
0.011299
0.0105255
0.0108576
0.0103205
0.0101968
0.0101906
0.0101033
0.0100415
0.0115611
0.0111555
0.0109261
0.0103221
0.0107334
0.0102339
0.0101413
0.0101584
0.010076
0.0100203
0.0117709
0.0113159
0.0107901
0.0104817
0.0108705
0.0103361
0.0102301
0.0102507
0.0101626
0.0101105
0.0129883
0.0121457
0.0107046
0.0105808
0.0110069
0.0103215
0.0101953
0.0102147
0.01012
0.0100627
0.0140145
0.0126967
0.0105566
0.0103796
0.0110182
0.0103125
0.0101672
0.0102293
0.0101289
0.0101197
0.0124566
0.0108446
0.0105621
0.00851445
0.00898789
0.00863084
0.00845339
0.00843729
0.00837326
0.00838459
0.011214
0.0102802
0.0103611
0.00856567
0.00906621
0.00861699
0.00846228
0.00842304
0.00835616
0.00833005
0.0105534
0.00949993
0.0100024
0.00875445
0.00913719
0.00864574
0.00851303
0.00846979
0.00838961
0.00836172
0.010018
0.00872755
0.00945841
0.00871576
0.00903787
0.00852425
0.00844989
0.00841417
0.00834048
0.00830249
0.00944593
0.00843837
0.00914102
0.00874306
0.00901806
0.00849739
0.00845731
0.00843205
0.00836252
0.00832732
0.00833211
0.00816927
0.00888299
0.0086745
0.00899102
0.00848875
0.00847496
0.00845897
0.00838632
0.00834807
0.00696554
0.0075973
0.00847598
0.00845493
0.00883041
0.00837728
0.00841245
0.00842135
0.00835854
0.00832468
0.00664261
0.00735409
0.00824342
0.00860053
0.0089206
0.00844656
0.00848637
0.00850466
0.00843477
0.0084046
0.00716884
0.00766193
0.00806079
0.00878023
0.00907809
0.00843967
0.00847216
0.00848982
0.00840564
0.00836853
0.00775552
0.00792101
0.00784048
0.00866365
0.00914496
0.00844263
0.00846154
0.00851821
0.00842797
0.00843208
0.00989469
0.00842378
0.00828195
0.0066773
0.00729813
0.00690222
0.00677169
0.00674793
0.00669347
0.0067575
0.0085158
0.00773986
0.00796769
0.00659571
0.00724061
0.00679389
0.00670816
0.00666602
0.00661174
0.00664512
0.00750501
0.00681328
0.00756144
0.00665804
0.00717925
0.00675568
0.00671887
0.00667846
0.00662105
0.00665537
0.00671141
0.00596315
0.00704859
0.00656694
0.00699224
0.00659363
0.00663389
0.00660398
0.00656076
0.0065891
0.0062232
0.00570085
0.00674934
0.00655716
0.00690874
0.00653346
0.00661884
0.00660132
0.00656487
0.00659944
0.00548066
0.00557527
0.00648776
0.00644736
0.00682628
0.00649459
0.00661944
0.00661045
0.00657987
0.0066102
0.00431865
0.00509712
0.00610076
0.00620268
0.00661801
0.00635928
0.00654569
0.00656754
0.00654482
0.00658365
0.00364428
0.00462427
0.00582916
0.0062977
0.0066294
0.00638807
0.00660308
0.00663636
0.0066082
0.00665327
0.00359476
0.00454879
0.00560024
0.00650888
0.00675694
0.00637078
0.00660383
0.00663121
0.00659338
0.00662536
0.00386014
0.00463649
0.00539902
0.00651378
0.00689634
0.00642013
0.00664995
0.00672371
0.00666752
0.00673749
0.00736703
0.00601113
0.00599233
0.00474261
0.00544694
0.00502548
0.00496827
0.00495168
0.0049085
0.00501041
0.00616724
0.0054111
0.00566541
0.00458338
0.00529769
0.00485598
0.00485454
0.00481974
0.00478295
0.00486051
0.0052381
0.00460988
0.00532904
0.00458342
0.00516275
0.00479024
0.00484469
0.00481551
0.00478134
0.00486388
0.00451771
0.00390049
0.00494275
0.00449326
0.00494115
0.00462351
0.00475384
0.00473169
0.00471703
0.00479684
0.00427613
0.00378455
0.00472943
0.00449208
0.00483683
0.00455807
0.00472764
0.00471288
0.00470976
0.00479642
0.0040127
0.00388196
0.00452515
0.00438572
0.0047359
0.00451196
0.00471707
0.00471121
0.00471416
0.00479999
0.00326595
0.00364328
0.0042287
0.00414795
0.00451026
0.00437498
0.00464242
0.00465895
0.00467609
0.00477047
0.00256407
0.00317822
0.00399892
0.00419324
0.00444938
0.00437564
0.0046829
0.00471017
0.00472492
0.00482721
0.0022187
0.00293277
0.00378733
0.00440152
0.00451591
0.00433713
0.00468339
0.00470407
0.00470573
0.0047986
0.00230047
0.0029468
0.0036447
0.00450317
0.00469122
0.00441253
0.00477597
0.00483565
0.00481922
0.00494132
0.00501967
0.00365975
0.00387259
0.00299355
0.00365333
0.00324867
0.00325907
0.00325187
0.00316738
0.00362168
0.00386256
0.0029175
0.00326468
0.00245951
0.00312199
0.00270348
0.00276384
0.00273678
0.00264562
0.00313452
0.00328293
0.00244193
0.00311942
0.00251288
0.00303916
0.0027104
0.00281491
0.00279106
0.00271186
0.00319257
0.0028125
0.00194626
0.0028984
0.00246057
0.0028436
0.00257874
0.00273859
0.00271471
0.0026567
0.00313339
0.00279388
0.00195221
0.00278906
0.00249662
0.00276389
0.00253727
0.00271746
0.00269471
0.0026471
0.00312899
0.00288545
0.00220208
0.00266279
0.00243783
0.00269066
0.00250987
0.00270884
0.00268741
0.00264894
0.00312812
0.00259194
0.00220826
0.00249191
0.0022595
0.00250758
0.00240695
0.00264628
0.00263887
0.00261331
0.00309958
0.00213683
0.0018926
0.0023587
0.00227759
0.00242035
0.00240667
0.00267841
0.00267572
0.0026486
0.00314505
0.00174293
0.00158438
0.00215854
0.00239589
0.00236938
0.00229765
0.00261669
0.0025969
0.00255942
0.00306013
0.00202796
0.00200935
0.00246247
0.00292798
0.00291554
0.00276341
0.00310649
0.00312086
0.00307474
0.00354656
0.000943824
0.000848506
0.00106837
0.000539594
0.00101119
0.00070223
0.000755144
0.000780114
0.000762127
0.000354748
0.00108134
0.00120555
0.00145736
0.000964396
0.00141882
0.00111555
0.0012003
0.0012186
0.00121883
0.000734
0.000800401
0.000948526
0.00138715
0.000963453
0.00132314
0.00109191
0.00119611
0.00121239
0.00121615
0.000744755
0.000466456
0.000704415
0.00129289
0.000919341
0.00117014
0.000988882
0.0011179
0.0011271
0.00114323
0.000677417
0.000471211
0.000759578
0.00126168
0.000975375
0.00113596
0.000981606
0.00111115
0.00111686
0.00113823
0.000677209
0.000655477
0.00096543
0.00118855
0.000966735
0.0011095
0.000980738
0.00111055
0.00111314
0.00114082
0.000678363
0.000631206
0.00108467
0.00112451
0.000878142
0.00101645
0.000936573
0.00107724
0.00108355
0.0011198
0.000661972
0.000428573
0.0010287
0.00113316
0.000925922
0.000994478
0.000992784
0.00114195
0.00114795
0.00118533
0.000728979
0.000181822
0.000927155
0.00108806
0.0010544
0.000981457
0.000969928
0.00115097
0.00113954
0.00117809
0.000706421
-0.000205835
0.000389727
0.000537506
0.000646158
0.000554198
0.000484759
0.000692943
0.000689917
0.000702671
0.000314634
)
;

boundaryField
{
    inlet1
    {
        type            zeroGradient;
    }
    inlet2
    {
        type            zeroGradient;
    }
    outlet1
    {
        type            fixedValue;
        value           uniform 0;
    }
    outlet2
    {
        type            fixedValue;
        value           uniform 0;
    }
    fixedWalls
    {
        type            zeroGradient;
    }
}


// ************************************************************************* //
