/*--------------------------------*- C++ -*----------------------------------*\
  =========                 |
  \\      /  F ield         | OpenFOAM: The Open Source CFD Toolbox
   \\    /   O peration     | Website:  https://openfoam.org
    \\  /    A nd           | Version:  6
     \\/     M anipulation  |
\*---------------------------------------------------------------------------*/
FoamFile
{
    version     2.0;
    format      ascii;
    class       volScalarField;
    location    "0.97";
    object      T;
}
// * * * * * * * * * * * * * * * * * * * * * * * * * * * * * * * * * * * * * //

dimensions      [0 0 0 1 0 0 0];

internalField   nonuniform List<scalar> 
7000
(
106.751
106.75
106.749
106.746
106.744
106.741
106.737
106.735
106.733
106.732
106.751
106.75
106.749
106.746
106.744
106.74
106.737
106.735
106.733
106.732
106.751
106.75
106.749
106.746
106.744
106.74
106.737
106.735
106.733
106.732
106.751
106.75
106.749
106.746
106.744
106.74
106.737
106.735
106.733
106.732
106.751
106.75
106.749
106.746
106.744
106.74
106.737
106.735
106.733
106.732
106.751
106.75
106.749
106.746
106.744
106.74
106.737
106.735
106.733
106.732
106.751
106.75
106.749
106.746
106.744
106.74
106.737
106.735
106.733
106.732
106.751
106.75
106.749
106.746
106.744
106.74
106.737
106.735
106.733
106.732
106.751
106.75
106.749
106.746
106.744
106.74
106.737
106.735
106.733
106.732
106.751
106.75
106.749
106.746
106.744
106.74
106.737
106.735
106.733
106.732
100.272
100.269
100.264
100.258
100.249
100.24
100.231
100.223
100.216
100.213
100.272
100.269
100.264
100.258
100.249
100.24
100.231
100.223
100.216
100.213
100.272
100.269
100.264
100.258
100.249
100.24
100.231
100.223
100.216
100.213
100.272
100.269
100.264
100.258
100.249
100.24
100.231
100.223
100.216
100.213
100.272
100.269
100.264
100.258
100.249
100.24
100.231
100.223
100.216
100.213
100.272
100.269
100.264
100.258
100.249
100.24
100.231
100.223
100.216
100.213
100.272
100.269
100.264
100.258
100.249
100.24
100.231
100.223
100.216
100.213
100.272
100.269
100.264
100.258
100.249
100.24
100.231
100.223
100.216
100.213
100.272
100.269
100.264
100.258
100.249
100.24
100.231
100.223
100.216
100.213
100.272
100.269
100.264
100.258
100.249
100.24
100.231
100.223
100.216
100.213
93.8481
93.844
93.8359
93.8244
93.8103
93.7947
93.7789
93.7648
93.754
93.7481
93.8481
93.8439
93.8359
93.8244
93.8103
93.7947
93.7789
93.7647
93.754
93.7481
93.8481
93.8439
93.8359
93.8244
93.8103
93.7946
93.7789
93.7647
93.7539
93.7481
93.8481
93.8439
93.8359
93.8244
93.8103
93.7946
93.7789
93.7647
93.7539
93.7481
93.8481
93.8439
93.8359
93.8244
93.8103
93.7946
93.7789
93.7647
93.7539
93.7481
93.8481
93.8439
93.8359
93.8244
93.8103
93.7946
93.7789
93.7647
93.7539
93.7481
93.8481
93.8439
93.8359
93.8244
93.8103
93.7946
93.7789
93.7647
93.7539
93.7481
93.8481
93.8439
93.8359
93.8244
93.8103
93.7946
93.7789
93.7647
93.7539
93.7481
93.8481
93.8439
93.8359
93.8244
93.8103
93.7946
93.7789
93.7647
93.7539
93.7481
93.8481
93.8439
93.8359
93.8244
93.8103
93.7947
93.7789
93.7647
93.754
93.7481
87.5167
87.511
87.4997
87.4836
87.4636
87.4412
87.4182
87.3972
87.3809
87.3719
87.5167
87.511
87.4997
87.4836
87.4636
87.4412
87.4182
87.3971
87.3809
87.3719
87.5167
87.5109
87.4997
87.4836
87.4636
87.4411
87.4182
87.3971
87.3809
87.3719
87.5167
87.5109
87.4997
87.4836
87.4636
87.4411
87.4181
87.3971
87.3808
87.3719
87.5167
87.5109
87.4997
87.4836
87.4636
87.4411
87.4181
87.3971
87.3808
87.3719
87.5167
87.5109
87.4997
87.4836
87.4636
87.4411
87.4181
87.3971
87.3808
87.3719
87.5167
87.5109
87.4997
87.4836
87.4636
87.4411
87.4181
87.3971
87.3808
87.3719
87.5167
87.5109
87.4997
87.4836
87.4636
87.4411
87.4181
87.3971
87.3808
87.3719
87.5167
87.5109
87.4997
87.4836
87.4636
87.4411
87.4182
87.3971
87.3809
87.3719
87.5167
87.511
87.4997
87.4836
87.4636
87.4412
87.4182
87.3971
87.3809
87.3719
81.313
81.3058
81.2916
81.2711
81.2452
81.2156
81.1845
81.1553
81.132
81.1189
81.313
81.3058
81.2916
81.2711
81.2452
81.2155
81.1845
81.1552
81.132
81.1189
81.313
81.3058
81.2916
81.2711
81.2452
81.2155
81.1844
81.1552
81.1319
81.1189
81.313
81.3058
81.2916
81.2711
81.2452
81.2155
81.1844
81.1552
81.1319
81.1189
81.313
81.3057
81.2916
81.2711
81.2452
81.2155
81.1844
81.1552
81.1319
81.1189
81.313
81.3057
81.2916
81.2711
81.2452
81.2155
81.1844
81.1552
81.1319
81.1189
81.313
81.3057
81.2916
81.2711
81.2452
81.2155
81.1844
81.1552
81.1319
81.1189
81.313
81.3058
81.2916
81.2711
81.2452
81.2155
81.1844
81.1552
81.1319
81.1189
81.313
81.3058
81.2916
81.2711
81.2452
81.2155
81.1844
81.1552
81.132
81.1189
81.313
81.3058
81.2916
81.2711
81.2452
81.2155
81.1845
81.1552
81.132
81.1189
75.271
75.2626
75.2461
75.2218
75.1905
75.1535
75.1134
75.074
75.0412
75.022
75.2709
75.2626
75.246
75.2218
75.1904
75.1535
75.1134
75.074
75.0412
75.022
75.2709
75.2625
75.246
75.2217
75.1904
75.1535
75.1133
75.074
75.0411
75.0219
75.2709
75.2625
75.246
75.2217
75.1904
75.1535
75.1133
75.0739
75.0411
75.0219
75.2709
75.2625
75.246
75.2217
75.1904
75.1535
75.1133
75.0739
75.0411
75.0219
75.2709
75.2625
75.246
75.2217
75.1904
75.1535
75.1133
75.0739
75.0411
75.0219
75.2709
75.2625
75.246
75.2217
75.1904
75.1535
75.1133
75.0739
75.0411
75.0219
75.2709
75.2625
75.246
75.2217
75.1904
75.1535
75.1133
75.0739
75.0411
75.0219
75.2709
75.2625
75.246
75.2217
75.1904
75.1535
75.1134
75.074
75.0411
75.022
75.2709
75.2626
75.246
75.2218
75.1905
75.1535
75.1134
75.074
75.0412
75.022
69.4224
69.4135
69.3958
69.3692
69.3339
69.2905
69.2406
69.1884
69.1414
69.1119
69.4223
69.4135
69.3957
69.3692
69.3339
69.2904
69.2406
69.1883
69.1414
69.1119
69.4223
69.4134
69.3957
69.3691
69.3338
69.2904
69.2406
69.1883
69.1414
69.1118
69.4223
69.4134
69.3957
69.3691
69.3338
69.2904
69.2406
69.1883
69.1413
69.1118
69.4223
69.4134
69.3957
69.3691
69.3338
69.2904
69.2405
69.1883
69.1413
69.1118
69.4223
69.4134
69.3957
69.3691
69.3338
69.2904
69.2405
69.1883
69.1413
69.1118
69.4223
69.4134
69.3957
69.3691
69.3338
69.2904
69.2405
69.1883
69.1413
69.1118
69.4223
69.4134
69.3957
69.3691
69.3338
69.2904
69.2406
69.1883
69.1413
69.1118
69.4223
69.4134
69.3957
69.3691
69.3338
69.2904
69.2406
69.1883
69.1414
69.1119
69.4223
69.4135
69.3957
69.3692
69.3339
69.2905
69.2406
69.1883
69.1414
69.1119
63.7965
63.7881
63.7712
63.7451
63.709
63.6617
63.6029
63.5344
63.465
63.4152
63.7964
63.7881
63.7712
63.7451
63.7089
63.6617
63.6028
63.5344
63.465
63.4152
63.7964
63.7881
63.7711
63.7451
63.7089
63.6616
63.6028
63.5343
63.4649
63.4152
63.7964
63.788
63.7711
63.745
63.7089
63.6616
63.6028
63.5343
63.4649
63.4151
63.7964
63.788
63.7711
63.745
63.7089
63.6616
63.6027
63.5343
63.4649
63.4151
63.7964
63.788
63.7711
63.745
63.7089
63.6616
63.6027
63.5343
63.4649
63.4151
63.7964
63.788
63.7711
63.745
63.7089
63.6616
63.6028
63.5343
63.4649
63.4151
63.7964
63.788
63.7711
63.745
63.7089
63.6616
63.6028
63.5343
63.4649
63.4151
63.7964
63.7881
63.7711
63.7451
63.7089
63.6617
63.6028
63.5344
63.4649
63.4152
63.7964
63.7881
63.7712
63.7451
63.709
63.6617
63.6028
63.5344
63.465
63.4152
58.4189
58.4126
58.3996
58.3787
58.3477
58.3028
58.2393
58.1527
58.0459
57.9494
58.4188
58.4126
58.3996
58.3787
58.3476
58.3028
58.2393
58.1527
58.0459
57.9493
58.4188
58.4125
58.3996
58.3787
58.3476
58.3028
58.2393
58.1526
58.0459
57.9493
58.4188
58.4125
58.3996
58.3786
58.3476
58.3027
58.2392
58.1526
58.0458
57.9493
58.4188
58.4125
58.3995
58.3786
58.3475
58.3027
58.2392
58.1526
58.0458
57.9492
58.4188
58.4125
58.3995
58.3786
58.3475
58.3027
58.2392
58.1526
58.0458
57.9492
58.4188
58.4125
58.3995
58.3786
58.3476
58.3027
58.2392
58.1526
58.0458
57.9493
58.4188
58.4125
58.3996
58.3786
58.3476
58.3027
58.2392
58.1526
58.0458
57.9493
58.4188
58.4126
58.3996
58.3787
58.3476
58.3028
58.2393
58.1526
58.0459
57.9493
58.4188
58.4126
58.3996
58.3787
58.3476
58.3028
58.2393
58.1527
58.0459
57.9493
53.3109
53.3089
53.3042
53.2953
53.2791
53.2491
53.1942
53.0958
52.9305
52.7072
53.3109
53.3088
53.3041
53.2953
53.279
53.2491
53.1942
53.0957
52.9304
52.7071
53.3108
53.3088
53.3041
53.2952
53.279
53.249
53.1941
53.0957
52.9304
52.7071
53.3108
53.3088
53.3041
53.2952
53.279
53.249
53.1941
53.0957
52.9304
52.7071
53.3108
53.3087
53.3041
53.2952
53.2789
53.249
53.1941
53.0957
52.9303
52.7071
53.3108
53.3087
53.3041
53.2952
53.2789
53.249
53.1941
53.0957
52.9303
52.7071
53.3108
53.3087
53.3041
53.2952
53.2789
53.249
53.1941
53.0957
52.9303
52.7071
53.3108
53.3088
53.3041
53.2952
53.279
53.249
53.1941
53.0957
52.9304
52.7071
53.3108
53.3088
53.3041
53.2953
53.279
53.2491
53.1941
53.0957
52.9304
52.7071
53.3109
53.3088
53.3041
53.2953
53.279
53.2491
53.1942
53.0958
52.9305
52.7072
48.4887
48.4933
48.5022
48.5143
48.5267
48.5324
48.5161
48.4426
48.2244
47.6066
48.4887
48.4933
48.5022
48.5143
48.5266
48.5324
48.516
48.4426
48.2244
47.6066
48.4887
48.4933
48.5022
48.5142
48.5266
48.5323
48.516
48.4425
48.2243
47.6065
48.4886
48.4932
48.5021
48.5142
48.5266
48.5323
48.516
48.4425
48.2243
47.6065
48.4886
48.4932
48.5021
48.5142
48.5266
48.5323
48.516
48.4425
48.2243
47.6065
48.4886
48.4932
48.5021
48.5142
48.5265
48.5323
48.5159
48.4425
48.2243
47.6065
48.4886
48.4932
48.5021
48.5142
48.5266
48.5323
48.516
48.4425
48.2243
47.6065
48.4886
48.4932
48.5021
48.5142
48.5266
48.5323
48.516
48.4425
48.2243
47.6065
48.4887
48.4933
48.5022
48.5143
48.5266
48.5323
48.516
48.4425
48.2243
47.6065
48.4887
48.4933
48.5022
48.5143
48.5267
48.5324
48.5161
48.4426
48.2244
47.6066
43.9627
43.9764
44.0043
44.0468
44.1036
44.1718
44.2434
44.3001
44.3067
44.215
43.9626
43.9764
44.0043
44.0468
44.1035
44.1717
44.2434
44.3001
44.3066
44.2149
43.9626
43.9763
44.0042
44.0467
44.1035
44.1717
44.2433
44.3
44.3065
44.2149
43.9626
43.9763
44.0042
44.0467
44.1034
44.1717
44.2433
44.3
44.3065
44.2149
43.9626
43.9763
44.0042
44.0467
44.1034
44.1716
44.2433
44.3
44.3065
44.2148
43.9626
43.9763
44.0042
44.0467
44.1034
44.1716
44.2433
44.3
44.3065
44.2148
43.9626
43.9763
44.0042
44.0467
44.1034
44.1716
44.2433
44.3
44.3065
44.2148
43.9626
43.9763
44.0042
44.0467
44.1035
44.1717
44.2433
44.3
44.3065
44.2149
43.9626
43.9763
44.0042
44.0468
44.1035
44.1717
44.2433
44.3001
44.3066
44.2149
43.9626
43.9764
44.0043
44.0468
44.1035
44.1718
44.2434
44.3001
44.3066
44.215
39.737
39.7619
39.8132
39.8939
40.0078
40.1595
40.3537
40.5965
40.9014
41.3153
39.737
39.7619
39.8132
39.8938
40.0077
40.1594
40.3537
40.5964
40.9014
41.3152
39.737
39.7618
39.8131
39.8938
40.0077
40.1594
40.3536
40.5964
40.9013
41.3151
39.7369
39.7618
39.8131
39.8937
40.0077
40.1594
40.3536
40.5963
40.9013
41.3151
39.7369
39.7618
39.8131
39.8937
40.0076
40.1594
40.3536
40.5963
40.9013
41.3151
39.7369
39.7618
39.8131
39.8937
40.0076
40.1593
40.3536
40.5963
40.9013
41.3151
39.7369
39.7618
39.8131
39.8937
40.0077
40.1594
40.3536
40.5963
40.9013
41.3151
39.7369
39.7618
39.8131
39.8938
40.0077
40.1594
40.3536
40.5963
40.9013
41.3151
39.737
39.7618
39.8131
39.8938
40.0077
40.1594
40.3537
40.5964
40.9014
41.3152
39.737
39.7619
39.8132
39.8938
40.0078
40.1595
40.3537
40.5964
40.9014
41.3152
35.8105
35.8476
35.9246
36.0474
36.2249
36.4694
36.798
37.2347
37.8181
38.6166
35.8105
35.8475
35.9245
36.0473
36.2248
36.4694
36.7979
37.2346
37.8181
38.6165
35.8104
35.8475
35.9245
36.0473
36.2248
36.4693
36.7979
37.2346
37.818
38.6164
35.8104
35.8474
35.9245
36.0473
36.2247
36.4693
36.7978
37.2346
37.818
38.6164
35.8104
35.8474
35.9244
36.0472
36.2247
36.4693
36.7978
37.2345
37.818
38.6164
35.8104
35.8474
35.9244
36.0472
36.2247
36.4693
36.7978
37.2345
37.818
38.6164
35.8104
35.8474
35.9245
36.0473
36.2247
36.4693
36.7978
37.2346
37.818
38.6164
35.8104
35.8475
35.9245
36.0473
36.2248
36.4693
36.7979
37.2346
37.818
38.6164
35.8104
35.8475
35.9245
36.0473
36.2248
36.4694
36.7979
37.2346
37.8181
38.6165
35.8105
35.8475
35.9246
36.0474
36.2249
36.4694
36.798
37.2347
37.8181
38.6165
32.1771
32.2261
32.3286
32.493
32.7331
33.0683
33.5253
34.1399
34.96
36.0502
32.177
32.2261
32.3285
32.4929
32.733
33.0683
33.5253
34.1398
34.9599
36.0501
32.177
32.2261
32.3285
32.4929
32.733
33.0682
33.5252
34.1398
34.9599
36.0501
32.177
32.226
32.3284
32.4929
32.733
33.0682
33.5252
34.1397
34.9598
36.05
32.177
32.226
32.3284
32.4929
32.733
33.0682
33.5252
34.1397
34.9598
36.05
32.1769
32.226
32.3284
32.4929
32.7329
33.0682
33.5252
34.1397
34.9598
36.05
32.177
32.226
32.3284
32.4929
32.733
33.0682
33.5252
34.1397
34.9598
36.05
32.177
32.226
32.3285
32.4929
32.733
33.0682
33.5252
34.1398
34.9599
36.0501
32.177
32.2261
32.3285
32.4929
32.733
33.0683
33.5253
34.1398
34.9599
36.0501
32.177
32.2261
32.3285
32.493
32.7331
33.0683
33.5253
34.1399
34.96
36.0502
28.8273
28.887
29.0117
29.2127
29.5076
29.922
30.4903
31.2571
32.2758
33.6035
28.8273
28.8869
29.0116
29.2126
29.5076
29.9219
30.4903
31.257
32.2757
33.6034
28.8272
28.8869
29.0116
29.2126
29.5075
29.9219
30.4902
31.257
32.2756
33.6033
28.8272
28.8868
29.0116
29.2126
29.5075
29.9219
30.4902
31.257
32.2756
33.6033
28.8272
28.8868
29.0116
29.2125
29.5075
29.9219
30.4902
31.2569
32.2756
33.6033
28.8272
28.8868
29.0116
29.2125
29.5075
29.9219
30.4902
31.2569
32.2756
33.6033
28.8272
28.8868
29.0116
29.2126
29.5075
29.9219
30.4902
31.257
32.2756
33.6033
28.8272
28.8869
29.0116
29.2126
29.5075
29.9219
30.4902
31.257
32.2756
33.6033
28.8272
28.8869
29.0116
29.2126
29.5076
29.9219
30.4903
31.257
32.2757
33.6034
28.8273
28.8869
29.0117
29.2127
29.5076
29.922
30.4903
31.2571
32.2757
33.6034
25.7498
25.8175
25.959
26.1874
26.5234
26.9974
27.6512
28.5392
29.7254
31.2701
25.7498
25.8174
25.959
26.1873
26.5233
26.9973
27.6511
28.5391
29.7253
31.2701
25.7497
25.8174
25.9589
26.1873
26.5233
26.9973
27.6511
28.539
29.7253
31.27
25.7497
25.8173
25.9589
26.1873
26.5233
26.9973
27.651
28.539
29.7253
31.27
25.7497
25.8173
25.9589
26.1873
26.5233
26.9973
27.651
28.539
29.7252
31.27
25.7497
25.8173
25.9589
26.1873
26.5233
26.9973
27.651
28.539
29.7252
31.27
25.7497
25.8173
25.9589
26.1873
26.5233
26.9973
27.651
28.539
29.7253
31.27
25.7497
25.8174
25.9589
26.1873
26.5233
26.9973
27.6511
28.539
29.7253
31.27
25.7497
25.8174
25.9589
26.1873
26.5233
26.9973
27.6511
28.5391
29.7253
31.2701
25.7498
25.8174
25.959
26.1874
26.5234
26.9974
27.6512
28.5391
29.7254
31.2701
22.9327
23.0049
23.1558
23.3991
23.7573
24.2638
24.9669
25.9341
27.254
29.0215
22.9327
23.0048
23.1557
23.3991
23.7572
24.2637
24.9668
25.934
27.2539
29.0214
22.9326
23.0048
23.1557
23.399
23.7572
24.2637
24.9668
25.934
27.2539
29.0214
22.9326
23.0048
23.1557
23.399
23.7572
24.2637
24.9668
25.934
27.2538
29.0213
22.9326
23.0048
23.1556
23.399
23.7572
24.2637
24.9667
25.9339
27.2538
29.0213
22.9326
23.0048
23.1556
23.399
23.7572
24.2637
24.9667
25.9339
27.2538
29.0213
22.9326
23.0048
23.1557
23.399
23.7572
24.2637
24.9668
25.934
27.2538
29.0213
22.9326
23.0048
23.1557
23.399
23.7572
24.2637
24.9668
25.934
27.2539
29.0214
22.9327
23.0048
23.1557
23.3991
23.7572
24.2637
24.9668
25.934
27.2539
29.0214
22.9327
23.0049
23.1558
23.3991
23.7573
24.2638
24.9669
25.9341
27.254
29.0215
20.3649
20.4376
20.5893
20.8332
21.1909
21.6957
22.3981
23.3774
24.762
26.7545
20.3648
20.4376
20.5893
20.8332
21.1909
21.6956
22.398
23.3773
24.762
26.7544
20.3648
20.4375
20.5893
20.8332
21.1909
21.6956
22.398
23.3773
24.7619
26.7544
20.3648
20.4375
20.5892
20.8331
21.1908
21.6956
22.398
23.3773
24.7619
26.7544
20.3647
20.4375
20.5892
20.8331
21.1908
21.6955
22.3979
23.3772
24.7619
26.7543
20.3647
20.4375
20.5892
20.8331
21.1908
21.6955
22.3979
23.3772
24.7619
26.7543
20.3648
20.4375
20.5892
20.8331
21.1908
21.6956
22.398
23.3773
24.7619
26.7544
20.3648
20.4375
20.5893
20.8332
21.1909
21.6956
22.398
23.3773
24.7619
26.7544
20.3648
20.4375
20.5893
20.8332
21.1909
21.6956
22.398
23.3773
24.762
26.7544
20.3648
20.4376
20.5893
20.8332
21.1909
21.6957
22.3981
23.3774
24.762
26.7545
18.0367
18.1062
18.2505
18.4806
18.8146
19.2799
19.9185
20.8015
22.0736
24.1192
18.0367
18.1061
18.2504
18.4806
18.8146
19.2798
19.9184
20.8015
22.0735
24.1191
18.0366
18.1061
18.2504
18.4806
18.8146
19.2798
19.9184
20.8014
22.0735
24.1191
18.0366
18.1061
18.2504
18.4805
18.8145
19.2798
19.9184
20.8014
22.0734
24.1191
18.0366
18.1061
18.2504
18.4805
18.8145
19.2797
19.9183
20.8014
22.0734
24.119
18.0366
18.1061
18.2504
18.4805
18.8145
19.2798
19.9184
20.8014
22.0734
24.119
18.0366
18.1061
18.2504
18.4805
18.8145
19.2798
19.9184
20.8014
22.0734
24.1191
18.0366
18.1061
18.2504
18.4806
18.8146
19.2798
19.9184
20.8014
22.0735
24.1191
18.0366
18.1061
18.2504
18.4806
18.8146
19.2798
19.9184
20.8015
22.0735
24.1191
18.0367
18.1062
18.2505
18.4806
18.8146
19.2799
19.9185
20.8015
22.0736
24.1192
45.7011
45.8988
47.6233
50.6943
55.1125
61.0023
68.6204
78.4213
91.2325
108.718
45.701
45.8987
47.6232
50.6942
55.1124
61.0022
68.6202
78.4212
91.2324
108.718
45.701
45.8986
47.6231
50.6941
55.1123
61.0022
68.6202
78.4211
91.2323
108.718
45.7009
45.8986
47.6231
50.6941
55.1123
61.0021
68.6201
78.421
91.2322
108.718
45.7009
45.8986
47.623
50.694
55.1122
61.0021
68.6201
78.421
91.2322
108.718
45.7009
45.8986
47.623
50.694
55.1122
61.0021
68.6201
78.421
91.2322
108.718
45.7009
45.8986
47.623
50.694
55.1123
61.0021
68.6201
78.421
91.2322
108.718
45.7009
45.8986
47.6231
50.6941
55.1123
61.0021
68.6201
78.4211
91.2323
108.718
45.701
45.8987
47.6231
50.6941
55.1123
61.0022
68.6202
78.4211
91.2323
108.718
45.701
45.8987
47.6232
50.6942
55.1124
61.0022
68.6203
78.4212
91.2324
108.718
44.0794
44.902
46.8489
49.9572
54.2853
59.9491
67.1388
76.1341
87.297
100.92
44.0793
44.9019
46.8488
49.9571
54.2852
59.9489
67.1387
76.1339
87.2969
100.92
44.0793
44.9018
46.8488
49.957
54.2851
59.9489
67.1386
76.1339
87.2968
100.92
44.0792
44.9018
46.8487
49.957
54.285
59.9488
67.1386
76.1338
87.2968
100.92
44.0792
44.9018
46.8487
49.9569
54.285
59.9488
67.1385
76.1338
87.2967
100.92
44.0792
44.9018
46.8487
49.9569
54.285
59.9488
67.1385
76.1338
87.2967
100.92
44.0792
44.9018
46.8487
49.957
54.285
59.9488
67.1385
76.1338
87.2967
100.92
44.0792
44.9018
46.8487
49.957
54.285
59.9488
67.1386
76.1338
87.2968
100.92
44.0793
44.9019
46.8488
49.957
54.2851
59.9489
67.1386
76.1339
87.2969
100.92
44.0793
44.9019
46.8489
49.9571
54.2852
59.949
67.1387
76.134
87.297
100.92
41.9908
43.3147
45.4871
48.611
52.7667
58.0447
64.5532
72.4028
81.642
92.0752
41.9907
43.3146
45.487
48.6109
52.7666
58.0446
64.5531
72.4027
81.6418
92.0751
41.9906
43.3146
45.4869
48.6108
52.7666
58.0445
64.553
72.4026
81.6418
92.075
41.9906
43.3145
45.4869
48.6108
52.7665
58.0445
64.5529
72.4026
81.6417
92.075
41.9906
43.3145
45.4868
48.6107
52.7665
58.0444
64.5529
72.4025
81.6417
92.0749
41.9906
43.3145
45.4868
48.6107
52.7665
58.0444
64.5529
72.4025
81.6417
92.0749
41.9906
43.3145
45.4869
48.6107
52.7665
58.0444
64.5529
72.4025
81.6417
92.0749
41.9906
43.3146
45.4869
48.6108
52.7665
58.0445
64.553
72.4026
81.6417
92.075
41.9907
43.3146
45.4869
48.6108
52.7666
58.0446
64.5531
72.4027
81.6418
92.0751
41.9907
43.3147
45.487
48.6109
52.7667
58.0446
64.5531
72.4028
81.6419
92.0752
39.7536
41.4171
43.7492
46.844
50.7702
55.5841
61.3275
68.006
75.5354
83.6449
39.7535
41.417
43.7491
46.8439
50.7701
55.584
61.3274
68.0059
75.5352
83.6448
39.7534
41.417
43.749
46.8438
50.7701
55.5839
61.3274
68.0058
75.5352
83.6447
39.7534
41.4169
43.749
46.8438
50.77
55.5839
61.3273
68.0057
75.5351
83.6446
39.7534
41.4169
43.7489
46.8438
50.77
55.5839
61.3273
68.0057
75.5351
83.6446
39.7534
41.4169
43.7489
46.8437
50.77
55.5839
61.3273
68.0057
75.5351
83.6446
39.7534
41.4169
43.749
46.8438
50.77
55.5839
61.3273
68.0057
75.5351
83.6446
39.7534
41.417
43.749
46.8438
50.77
55.5839
61.3273
68.0058
75.5351
83.6447
39.7535
41.417
43.7491
46.8439
50.7701
55.584
61.3274
68.0058
75.5352
83.6448
39.7535
41.4171
43.7491
46.844
50.7702
55.5841
61.3275
68.0059
75.5353
83.6449
37.4948
39.3918
41.8249
44.8565
48.5294
52.8672
57.8668
63.4815
69.5915
75.9683
37.4947
39.3917
41.8248
44.8564
48.5293
52.8671
57.8667
63.4814
69.5914
75.9681
37.4947
39.3917
41.8248
44.8563
48.5293
52.8671
57.8667
63.4813
69.5913
75.9681
37.4946
39.3916
41.8247
44.8563
48.5292
52.867
57.8666
63.4812
69.5913
75.968
37.4946
39.3916
41.8247
44.8563
48.5292
52.867
57.8666
63.4812
69.5912
75.968
37.4946
39.3916
41.8247
44.8563
48.5292
52.867
57.8666
63.4812
69.5912
75.968
37.4946
39.3916
41.8247
44.8563
48.5292
52.867
57.8666
63.4812
69.5913
75.968
37.4947
39.3917
41.8248
44.8563
48.5293
52.8671
57.8667
63.4813
69.5913
75.9681
37.4947
39.3917
41.8248
44.8564
48.5293
52.8671
57.8667
63.4814
69.5914
75.9681
37.4948
39.3918
41.8249
44.8565
48.5294
52.8672
57.8668
63.4815
69.5915
75.9683
35.2906
37.3718
39.8783
42.8374
46.2656
50.16
54.4892
59.183
64.1225
69.1367
35.2905
37.3717
39.8782
42.8373
46.2655
50.1599
54.4891
59.1829
64.1223
69.1366
35.2904
37.3716
39.8781
42.8373
46.2654
50.1598
54.489
59.1828
64.1223
69.1365
35.2904
37.3716
39.8781
42.8372
46.2654
50.1597
54.489
59.1828
64.1222
69.1365
35.2904
37.3716
39.8781
42.8372
46.2653
50.1597
54.4889
59.1828
64.1222
69.1365
35.2904
37.3716
39.8781
42.8372
46.2653
50.1597
54.4889
59.1828
64.1222
69.1365
35.2904
37.3716
39.8781
42.8372
46.2654
50.1597
54.489
59.1828
64.1222
69.1365
35.2904
37.3716
39.8781
42.8373
46.2654
50.1598
54.489
59.1828
64.1223
69.1365
35.2905
37.3717
39.8782
42.8373
46.2655
50.1598
54.4891
59.1829
64.1223
69.1366
35.2906
37.3718
39.8783
42.8374
46.2656
50.1599
54.4892
59.183
64.1225
69.1367
33.1978
35.4662
38.0533
40.9571
44.1751
47.6867
51.4422
55.3575
59.3169
63.1921
33.1977
35.4661
38.0532
40.957
44.175
47.6866
51.4421
55.3574
59.3168
63.192
33.1977
35.4661
38.0531
40.9569
44.1749
47.6865
51.4421
55.3573
59.3167
63.1919
33.1976
35.466
38.0531
40.9569
44.1749
47.6865
51.442
55.3573
59.3167
63.1918
33.1976
35.466
38.0531
40.9569
44.1749
47.6865
51.442
55.3573
59.3167
63.1918
33.1976
35.466
38.0531
40.9569
44.1749
47.6865
51.442
55.3573
59.3167
63.1918
33.1976
35.466
38.0531
40.9569
44.1749
47.6865
51.442
55.3573
59.3167
63.1918
33.1977
35.4661
38.0531
40.9569
44.1749
47.6865
51.4421
55.3573
59.3167
63.1919
33.1977
35.4661
38.0532
40.957
44.175
47.6866
51.4421
55.3574
59.3168
63.192
33.1978
35.4662
38.0533
40.9571
44.1751
47.6867
51.4422
55.3575
59.3169
63.1921
31.2655
33.7782
36.4827
39.3676
42.4278
45.6355
48.9277
52.2027
55.3296
58.184
31.2655
33.7781
36.4826
39.3676
42.4277
45.6354
48.9276
52.2026
55.3295
58.1839
31.2654
33.7781
36.4826
39.3675
42.4277
45.6353
48.9275
52.2025
55.3295
58.1838
31.2654
33.778
36.4825
39.3674
42.4276
45.6353
48.9275
52.2025
55.3294
58.1838
31.2653
33.778
36.4825
39.3674
42.4276
45.6353
48.9274
52.2025
55.3294
58.1837
31.2653
33.778
36.4825
39.3674
42.4276
45.6353
48.9274
52.2025
55.3294
58.1837
31.2654
33.778
36.4825
39.3675
42.4276
45.6353
48.9275
52.2025
55.3294
58.1838
31.2654
33.7781
36.4826
39.3675
42.4277
45.6354
48.9275
52.2025
55.3295
58.1838
31.2655
33.7781
36.4826
39.3676
42.4277
45.6354
48.9276
52.2026
55.3295
58.1839
31.2655
33.7782
36.4827
39.3676
42.4278
45.6355
48.9277
52.2027
55.3297
58.184
29.5587
32.4295
35.2992
38.2049
41.1671
44.163
47.1191
49.9069
52.3439
54.2217
29.5586
32.4294
35.2991
38.2048
41.167
44.1629
47.119
49.9068
52.3438
54.2216
29.5586
32.4294
35.2991
38.2048
41.1669
44.1628
47.1189
49.9067
52.3437
54.2215
29.5585
32.4293
35.299
38.2047
41.1669
44.1628
47.1189
49.9067
52.3436
54.2215
29.5585
32.4293
35.299
38.2047
41.1669
44.1627
47.1189
49.9067
52.3436
54.2215
29.5585
32.4293
35.299
38.2047
41.1669
44.1627
47.1189
49.9067
52.3436
54.2215
29.5586
32.4293
35.299
38.2047
41.1669
44.1628
47.1189
49.9067
52.3437
54.2215
29.5586
32.4294
35.2991
38.2048
41.1669
44.1628
47.1189
49.9067
52.3437
54.2216
29.5586
32.4294
35.2991
38.2049
41.167
44.1629
47.119
49.9068
52.3438
54.2216
29.5587
32.4295
35.2992
38.2049
41.1671
44.163
47.1191
49.9069
52.3439
54.2218
28.27
31.6073
34.6434
37.585
40.5043
43.3909
46.165
48.6693
50.6414
51.6319
28.27
31.6073
34.6434
37.585
40.5042
43.3909
46.1649
48.6693
50.6413
51.6318
28.2699
31.6072
34.6433
37.5849
40.5041
43.3908
46.1648
48.6692
50.6413
51.6317
28.2699
31.6072
34.6433
37.5849
40.5041
43.3908
46.1648
48.6691
50.6412
51.6317
28.2699
31.6072
34.6433
37.5849
40.5041
43.3908
46.1648
48.6691
50.6412
51.6316
28.2699
31.6072
34.6433
37.5849
40.5041
43.3908
46.1648
48.6691
50.6412
51.6316
28.2699
31.6072
34.6433
37.5849
40.5041
43.3908
46.1648
48.6692
50.6412
51.6317
28.2699
31.6072
34.6433
37.5849
40.5042
43.3908
46.1648
48.6692
50.6413
51.6317
28.27
31.6073
34.6434
37.585
40.5042
43.3909
46.1649
48.6693
50.6414
51.6318
28.2701
31.6074
34.6435
37.5851
40.5043
43.391
46.165
48.6694
50.6415
51.6319
134.747
147.244
154.99
160.47
164.563
167.661
169.973
171.623
172.687
173.208
134.747
147.244
154.99
160.47
164.563
167.661
169.973
171.623
172.687
173.208
134.747
147.244
154.99
160.47
164.563
167.661
169.973
171.623
172.687
173.208
134.747
147.244
154.99
160.47
164.563
167.661
169.973
171.623
172.686
173.208
134.747
147.244
154.99
160.47
164.563
167.661
169.973
171.623
172.686
173.208
134.747
147.244
154.99
160.47
164.563
167.661
169.973
171.623
172.686
173.208
134.747
147.244
154.99
160.47
164.563
167.661
169.973
171.623
172.686
173.208
134.747
147.244
154.99
160.47
164.563
167.661
169.973
171.623
172.687
173.208
134.747
147.244
154.99
160.47
164.563
167.661
169.973
171.623
172.687
173.208
134.747
147.244
154.99
160.47
164.563
167.661
169.973
171.623
172.687
173.208
116.344
127.615
135.643
141.518
145.916
149.227
151.683
153.427
154.548
155.097
116.343
127.614
135.643
141.518
145.916
149.226
151.683
153.427
154.548
155.097
116.343
127.614
135.643
141.518
145.916
149.226
151.683
153.427
154.548
155.097
116.343
127.614
135.643
141.518
145.916
149.226
151.683
153.427
154.548
155.096
116.343
127.614
135.643
141.518
145.916
149.226
151.682
153.427
154.548
155.096
116.343
127.614
135.643
141.518
145.916
149.226
151.682
153.427
154.548
155.096
116.343
127.614
135.643
141.518
145.916
149.226
151.683
153.427
154.548
155.096
116.343
127.614
135.643
141.518
145.916
149.226
151.683
153.427
154.548
155.097
116.343
127.614
135.643
141.518
145.916
149.226
151.683
153.427
154.548
155.097
116.344
127.614
135.643
141.518
145.916
149.227
151.683
153.427
154.548
155.097
102.851
111.991
119.218
124.82
129.137
132.432
134.894
136.648
137.777
138.329
102.85
111.991
119.218
124.82
129.136
132.432
134.894
136.648
137.777
138.329
102.85
111.991
119.218
124.82
129.136
132.432
134.894
136.648
137.776
138.329
102.85
111.991
119.218
124.82
129.136
132.432
134.893
136.648
137.776
138.329
102.85
111.991
119.218
124.82
129.136
132.432
134.893
136.648
137.776
138.329
102.85
111.991
119.218
124.82
129.136
132.432
134.893
136.648
137.776
138.329
102.85
111.991
119.218
124.82
129.136
132.432
134.893
136.648
137.776
138.329
102.85
111.991
119.218
124.82
129.136
132.432
134.894
136.648
137.776
138.329
102.85
111.991
119.218
124.82
129.136
132.432
134.894
136.648
137.777
138.329
102.85
111.991
119.218
124.82
129.137
132.432
134.894
136.648
137.777
138.33
91.7597
99.0571
105.203
110.2
114.175
117.274
119.619
121.304
122.394
122.929
91.7596
99.057
105.203
110.2
114.175
117.274
119.619
121.304
122.394
122.929
91.7595
99.0569
105.203
110.199
114.175
117.274
119.619
121.304
122.394
122.929
91.7594
99.0569
105.203
110.199
114.175
117.274
119.619
121.304
122.394
122.929
91.7594
99.0568
105.203
110.199
114.175
117.274
119.619
121.304
122.394
122.929
91.7594
99.0568
105.203
110.199
114.175
117.274
119.619
121.304
122.394
122.929
91.7594
99.0569
105.203
110.199
114.175
117.274
119.619
121.304
122.394
122.929
91.7595
99.0569
105.203
110.199
114.175
117.274
119.619
121.304
122.394
122.929
91.7596
99.057
105.203
110.2
114.175
117.274
119.619
121.304
122.394
122.929
91.7597
99.0571
105.203
110.2
114.175
117.274
119.619
121.304
122.394
122.929
82.2581
88.0575
93.1284
97.3998
100.897
103.682
105.822
107.377
108.389
108.887
82.258
88.0574
93.1282
97.3996
100.897
103.682
105.822
107.376
108.388
108.887
82.2579
88.0573
93.1282
97.3996
100.897
103.682
105.822
107.376
108.388
108.887
82.2579
88.0573
93.1281
97.3995
100.897
103.682
105.822
107.376
108.388
108.887
82.2578
88.0572
93.1281
97.3995
100.897
103.682
105.822
107.376
108.388
108.887
82.2578
88.0572
93.1281
97.3995
100.897
103.682
105.822
107.376
108.388
108.887
82.2579
88.0573
93.1281
97.3995
100.897
103.682
105.822
107.376
108.388
108.887
82.2579
88.0573
93.1282
97.3996
100.897
103.682
105.822
107.376
108.388
108.887
82.258
88.0574
93.1282
97.3997
100.897
103.682
105.822
107.377
108.389
108.887
82.2581
88.0575
93.1284
97.3998
100.897
103.682
105.822
107.377
108.389
108.888
74.0191
78.57
82.6466
86.1759
89.1391
91.5488
93.431
94.8139
95.7216
96.1711
74.019
78.5699
82.6465
86.1758
89.139
91.5487
93.4309
94.8138
95.7215
96.171
74.0189
78.5698
82.6464
86.1757
89.1389
91.5486
93.4308
94.8137
95.7214
96.1709
74.0189
78.5698
82.6463
86.1756
89.1388
91.5485
93.4308
94.8137
95.7214
96.1709
74.0189
78.5698
82.6463
86.1756
89.1388
91.5485
93.4308
94.8137
95.7214
96.1709
74.0189
78.5698
82.6463
86.1756
89.1388
91.5485
93.4308
94.8137
95.7214
96.1709
74.0189
78.5698
82.6463
86.1756
89.1388
91.5486
93.4308
94.8137
95.7214
96.1709
74.0189
78.5698
82.6464
86.1757
89.1389
91.5486
93.4309
94.8138
95.7215
96.171
74.019
78.5699
82.6465
86.1758
89.139
91.5487
93.431
94.8139
95.7216
96.1711
74.0191
78.57
82.6466
86.1759
89.1391
91.5488
93.4311
94.814
95.7217
96.1712
66.8804
70.3371
73.5019
76.316
78.7397
80.7537
82.3542
83.5452
84.3338
84.7263
66.8803
70.337
73.5017
76.3159
78.7396
80.7536
82.3541
83.5451
84.3337
84.7262
66.8802
70.3369
73.5017
76.3158
78.7395
80.7535
82.354
83.545
84.3336
84.7262
66.8801
70.3368
73.5016
76.3158
78.7394
80.7535
82.3539
83.5449
84.3336
84.7261
66.8801
70.3368
73.5016
76.3157
78.7394
80.7535
82.3539
83.5449
84.3335
84.7261
66.8801
70.3368
73.5016
76.3157
78.7394
80.7535
82.3539
83.5449
84.3336
84.7261
66.8801
70.3368
73.5016
76.3158
78.7394
80.7535
82.3539
83.545
84.3336
84.7262
66.8802
70.3369
73.5017
76.3158
78.7395
80.7536
82.354
83.545
84.3337
84.7262
66.8803
70.337
73.5018
76.3159
78.7396
80.7537
82.3541
83.5451
84.3337
84.7263
66.8804
70.3371
73.5019
76.316
78.7397
80.7538
82.3542
83.5452
84.3339
84.7265
60.7357
63.169
65.4896
67.636
69.5456
71.1734
72.4922
73.4875
74.1529
74.486
60.7356
63.1689
65.4895
67.6359
69.5455
71.1733
72.4921
73.4874
74.1528
74.4859
60.7355
63.1688
65.4894
67.6358
69.5454
71.1732
72.492
73.4873
74.1528
74.4859
60.7354
63.1687
65.4893
67.6357
69.5454
71.1732
72.4919
73.4873
74.1527
74.4858
60.7354
63.1687
65.4893
67.6357
69.5453
71.1731
72.4919
73.4873
74.1527
74.4858
60.7354
63.1687
65.4893
67.6357
69.5453
71.1732
72.4919
73.4873
74.1527
74.4858
60.7354
63.1688
65.4893
67.6358
69.5454
71.1732
72.492
73.4873
74.1527
74.4859
60.7355
63.1688
65.4894
67.6358
69.5454
71.1732
72.492
73.4874
74.1528
74.4859
60.7356
63.1689
65.4895
67.6359
69.5455
71.1733
72.4921
73.4875
74.1529
74.486
60.7357
63.169
65.4896
67.636
69.5456
71.1735
72.4922
73.4876
74.153
74.4861
55.4632
56.8763
58.4216
59.9694
61.4156
62.6892
63.7445
64.5537
65.1004
65.3756
55.4631
56.8762
58.4215
59.9693
61.4155
62.6891
63.7444
64.5536
65.1003
65.3756
55.463
56.8761
58.4214
59.9692
61.4154
62.689
63.7443
64.5535
65.1002
65.3755
55.463
56.8761
58.4213
59.9692
61.4154
62.6889
63.7443
64.5535
65.1001
65.3755
55.463
56.876
58.4213
59.9691
61.4154
62.6889
63.7443
64.5535
65.1001
65.3754
55.463
56.876
58.4213
59.9691
61.4154
62.6889
63.7443
64.5535
65.1001
65.3755
55.463
56.8761
58.4213
59.9692
61.4154
62.689
63.7443
64.5535
65.1002
65.3755
55.4631
56.8761
58.4214
59.9692
61.4155
62.689
63.7444
64.5536
65.1002
65.3756
55.4631
56.8762
58.4215
59.9693
61.4155
62.6891
63.7445
64.5537
65.1003
65.3756
55.4633
56.8763
58.4216
59.9694
61.4157
62.6892
63.7446
64.5538
65.1004
65.3758
50.7626
51.201
52.1062
53.1649
54.2234
55.1924
56.0157
56.6576
57.0961
57.3183
50.7625
51.2009
52.1061
53.1648
54.2233
55.1923
56.0156
56.6575
57.096
57.3183
50.7624
51.2008
52.1061
53.1647
54.2233
55.1922
56.0155
56.6575
57.096
57.3182
50.7624
51.2008
52.106
53.1647
54.2232
55.1922
56.0154
56.6574
57.0959
57.3182
50.7624
51.2008
52.106
53.1647
54.2232
55.1921
56.0154
56.6574
57.0959
57.3182
50.7624
51.2008
52.106
53.1647
54.2232
55.1921
56.0154
56.6574
57.0959
57.3182
50.7624
51.2008
52.106
53.1647
54.2232
55.1922
56.0155
56.6574
57.096
57.3182
50.7625
51.2008
52.1061
53.1647
54.2233
55.1922
56.0155
56.6575
57.096
57.3183
50.7625
51.2009
52.1062
53.1648
54.2234
55.1923
56.0156
56.6576
57.0961
57.3184
50.7626
51.201
52.1063
53.1649
54.2235
55.1924
56.0157
56.6577
57.0962
57.3185
406.698
406.718
406.755
406.804
406.86
406.916
406.968
407.01
407.04
407.055
406.698
406.718
406.755
406.804
406.86
406.916
406.968
407.01
407.04
407.055
406.698
406.718
406.755
406.804
406.86
406.916
406.968
407.01
407.04
407.055
406.698
406.718
406.755
406.804
406.86
406.916
406.968
407.01
407.04
407.055
406.698
406.718
406.755
406.804
406.86
406.916
406.968
407.01
407.04
407.055
406.698
406.718
406.755
406.804
406.86
406.916
406.968
407.01
407.04
407.055
406.698
406.718
406.755
406.804
406.86
406.916
406.968
407.01
407.04
407.055
406.698
406.718
406.755
406.804
406.86
406.916
406.968
407.01
407.04
407.055
406.698
406.718
406.755
406.804
406.86
406.916
406.968
407.01
407.04
407.055
406.698
406.718
406.755
406.804
406.86
406.916
406.968
407.01
407.04
407.055
380.124
380.186
380.302
380.456
380.629
380.803
380.961
381.091
381.182
381.23
380.124
380.186
380.302
380.456
380.629
380.803
380.961
381.091
381.182
381.23
380.124
380.186
380.302
380.456
380.629
380.802
380.961
381.091
381.182
381.23
380.124
380.186
380.302
380.456
380.629
380.802
380.961
381.091
381.182
381.23
380.124
380.186
380.302
380.456
380.629
380.802
380.961
381.091
381.182
381.23
380.124
380.186
380.302
380.455
380.629
380.802
380.961
381.091
381.182
381.23
380.124
380.186
380.302
380.456
380.629
380.802
380.961
381.091
381.182
381.23
380.124
380.186
380.302
380.456
380.629
380.802
380.961
381.091
381.182
381.23
380.124
380.186
380.302
380.456
380.629
380.802
380.961
381.091
381.182
381.23
380.124
380.186
380.302
380.456
380.629
380.803
380.961
381.091
381.182
381.23
353.631
353.745
353.955
354.232
354.542
354.85
355.129
355.356
355.516
355.598
353.631
353.745
353.955
354.232
354.541
354.85
355.129
355.356
355.516
355.598
353.631
353.745
353.955
354.232
354.541
354.85
355.129
355.356
355.516
355.598
353.631
353.745
353.955
354.232
354.541
354.85
355.129
355.356
355.516
355.598
353.631
353.745
353.955
354.232
354.541
354.85
355.129
355.356
355.516
355.598
353.631
353.745
353.955
354.232
354.541
354.85
355.129
355.356
355.516
355.598
353.631
353.745
353.955
354.232
354.541
354.85
355.129
355.356
355.516
355.598
353.631
353.745
353.955
354.232
354.541
354.85
355.129
355.356
355.516
355.598
353.631
353.745
353.955
354.232
354.541
354.85
355.129
355.356
355.516
355.598
353.631
353.745
353.955
354.232
354.541
354.85
355.129
355.356
355.516
355.598
327.262
327.445
327.78
328.215
328.695
329.167
329.589
329.93
330.168
330.29
327.262
327.445
327.78
328.215
328.695
329.166
329.589
329.929
330.168
330.29
327.262
327.445
327.78
328.215
328.695
329.166
329.589
329.929
330.168
330.29
327.262
327.445
327.78
328.215
328.695
329.166
329.588
329.929
330.168
330.29
327.262
327.445
327.78
328.215
328.695
329.166
329.588
329.929
330.168
330.29
327.262
327.445
327.78
328.215
328.695
329.166
329.588
329.929
330.168
330.29
327.262
327.445
327.78
328.215
328.695
329.166
329.588
329.929
330.168
330.29
327.262
327.445
327.78
328.215
328.695
329.166
329.588
329.929
330.168
330.29
327.262
327.445
327.78
328.215
328.695
329.166
329.589
329.929
330.168
330.29
327.262
327.445
327.78
328.215
328.695
329.166
329.589
329.93
330.168
330.29
301.037
301.321
301.832
302.483
303.185
303.863
304.461
304.938
305.268
305.437
301.037
301.321
301.832
302.483
303.185
303.863
304.461
304.938
305.268
305.437
301.037
301.321
301.832
302.483
303.185
303.863
304.461
304.938
305.268
305.437
301.037
301.321
301.832
302.483
303.185
303.863
304.461
304.938
305.268
305.437
301.037
301.321
301.832
302.483
303.185
303.863
304.461
304.937
305.268
305.437
301.037
301.321
301.832
302.483
303.185
303.863
304.461
304.937
305.268
305.437
301.037
301.321
301.832
302.483
303.185
303.863
304.461
304.937
305.268
305.437
301.037
301.321
301.832
302.483
303.185
303.863
304.461
304.938
305.268
305.437
301.037
301.321
301.832
302.483
303.185
303.863
304.461
304.938
305.268
305.437
301.037
301.321
301.832
302.483
303.185
303.863
304.461
304.938
305.268
305.437
274.939
275.382
276.156
277.112
278.113
279.056
279.87
280.51
280.948
281.171
274.939
275.382
276.156
277.112
278.113
279.056
279.87
280.509
280.948
281.171
274.939
275.382
276.156
277.112
278.113
279.056
279.87
280.509
280.948
281.171
274.939
275.382
276.156
277.112
278.113
279.056
279.87
280.509
280.948
281.171
274.939
275.382
276.156
277.112
278.113
279.056
279.87
280.509
280.948
281.171
274.939
275.382
276.156
277.112
278.113
279.056
279.87
280.509
280.948
281.171
274.939
275.382
276.156
277.112
278.113
279.056
279.87
280.509
280.948
281.171
274.939
275.382
276.156
277.112
278.113
279.056
279.87
280.509
280.948
281.171
274.939
275.382
276.156
277.112
278.113
279.056
279.87
280.509
280.948
281.171
274.939
275.382
276.156
277.112
278.113
279.056
279.87
280.51
280.948
281.171
248.886
249.599
250.788
252.187
253.592
254.872
255.948
256.779
257.341
257.625
248.886
249.599
250.788
252.187
253.592
254.872
255.948
256.779
257.341
257.625
248.886
249.599
250.788
252.187
253.592
254.872
255.948
256.779
257.341
257.625
248.886
249.599
250.788
252.187
253.592
254.872
255.948
256.779
257.341
257.624
248.886
249.599
250.788
252.187
253.592
254.872
255.948
256.779
257.341
257.624
248.886
249.599
250.788
252.187
253.592
254.872
255.948
256.779
257.341
257.624
248.886
249.599
250.788
252.187
253.592
254.872
255.948
256.779
257.341
257.624
248.886
249.599
250.788
252.187
253.592
254.872
255.948
256.779
257.341
257.625
248.886
249.599
250.788
252.187
253.592
254.872
255.948
256.779
257.341
257.625
248.886
249.599
250.788
252.187
253.592
254.872
255.948
256.779
257.341
257.625
222.677
223.898
225.77
227.817
229.76
231.455
232.839
233.884
234.582
234.931
222.677
223.898
225.77
227.817
229.76
231.455
232.839
233.884
234.582
234.931
222.677
223.898
225.77
227.817
229.76
231.455
232.839
233.884
234.582
234.931
222.677
223.898
225.77
227.817
229.76
231.455
232.839
233.884
234.582
234.931
222.677
223.898
225.77
227.817
229.76
231.455
232.839
233.884
234.582
234.931
222.677
223.898
225.77
227.817
229.76
231.455
232.839
233.884
234.582
234.931
222.677
223.898
225.77
227.817
229.76
231.455
232.839
233.884
234.582
234.931
222.677
223.898
225.77
227.817
229.76
231.455
232.839
233.884
234.582
234.931
222.677
223.898
225.77
227.817
229.76
231.455
232.839
233.884
234.582
234.931
222.677
223.898
225.77
227.817
229.76
231.455
232.839
233.884
234.582
234.931
195.866
198.165
201.197
204.174
206.799
208.978
210.698
211.968
212.805
213.22
195.866
198.164
201.197
204.174
206.799
208.978
210.698
211.968
212.805
213.219
195.865
198.164
201.197
204.174
206.798
208.978
210.698
211.968
212.805
213.219
195.865
198.164
201.196
204.174
206.798
208.978
210.698
211.968
212.804
213.219
195.865
198.164
201.196
204.174
206.798
208.978
210.698
211.968
212.804
213.219
195.865
198.164
201.196
204.174
206.798
208.978
210.698
211.968
212.804
213.219
195.865
198.164
201.196
204.174
206.798
208.978
210.698
211.968
212.804
213.219
195.865
198.164
201.197
204.174
206.798
208.978
210.698
211.968
212.805
213.219
195.866
198.164
201.197
204.174
206.799
208.978
210.698
211.968
212.805
213.22
195.866
198.165
201.197
204.174
206.799
208.978
210.698
211.968
212.805
213.22
167.423
172.368
177.35
181.559
184.96
187.641
189.689
191.171
192.135
192.61
167.423
172.368
177.35
181.559
184.96
187.641
189.689
191.171
192.135
192.61
167.423
172.367
177.35
181.559
184.96
187.641
189.689
191.171
192.135
192.61
167.423
172.367
177.35
181.559
184.96
187.641
189.689
191.171
192.135
192.61
167.423
172.367
177.35
181.559
184.96
187.64
189.689
191.171
192.135
192.61
167.423
172.367
177.35
181.559
184.96
187.64
189.689
191.171
192.135
192.61
167.423
172.367
177.35
181.559
184.96
187.641
189.689
191.171
192.135
192.61
167.423
172.367
177.35
181.559
184.96
187.641
189.689
191.171
192.135
192.61
167.423
172.368
177.35
181.559
184.96
187.641
189.689
191.171
192.135
192.61
167.423
172.368
177.35
181.559
184.96
187.641
189.689
191.171
192.135
192.61
15.9407
16.0038
16.1339
16.3389
16.6308
17.0257
17.5435
18.203
18.9998
19.7978
15.9406
16.0038
16.1339
16.3389
16.6307
17.0257
17.5435
18.203
18.9997
19.7977
15.9406
16.0037
16.1339
16.3389
16.6307
17.0256
17.5434
18.2029
18.9997
19.7977
15.9406
16.0037
16.1338
16.3388
16.6307
17.0256
17.5434
18.2029
18.9997
19.7977
15.9406
16.0037
16.1338
16.3388
16.6307
17.0256
17.5434
18.2029
18.9997
19.7977
15.9406
16.0037
16.1338
16.3388
16.6307
17.0256
17.5434
18.2029
18.9997
19.7977
15.9406
16.0037
16.1338
16.3388
16.6307
17.0256
17.5434
18.2029
18.9997
19.7977
15.9406
16.0037
16.1339
16.3389
16.6307
17.0256
17.5434
18.203
18.9997
19.7977
15.9406
16.0037
16.1339
16.3389
16.6307
17.0257
17.5435
18.203
18.9997
19.7978
15.9407
16.0038
16.1339
16.3389
16.6308
17.0257
17.5435
18.203
18.9998
19.7978
14.0711
14.1259
14.2378
14.4114
14.6524
14.9667
15.3562
15.8098
16.2814
16.6439
14.0711
14.1259
14.2378
14.4113
14.6523
14.9666
15.3561
15.8098
16.2814
16.6439
14.0711
14.1258
14.2378
14.4113
14.6523
14.9666
15.3561
15.8097
16.2813
16.6439
14.0711
14.1258
14.2378
14.4113
14.6523
14.9666
15.3561
15.8097
16.2813
16.6439
14.071
14.1258
14.2377
14.4113
14.6523
14.9666
15.3561
15.8097
16.2813
16.6439
14.071
14.1258
14.2377
14.4113
14.6523
14.9666
15.3561
15.8097
16.2813
16.6439
14.0711
14.1258
14.2378
14.4113
14.6523
14.9666
15.3561
15.8097
16.2813
16.6439
14.0711
14.1258
14.2378
14.4113
14.6523
14.9666
15.3561
15.8097
16.2814
16.6439
14.0711
14.1259
14.2378
14.4113
14.6523
14.9666
15.3562
15.8098
16.2814
16.6439
14.0711
14.1259
14.2378
14.4114
14.6524
14.9667
15.3562
15.8098
16.2814
16.644
12.4237
12.4694
12.5618
12.7027
12.8934
13.1327
13.4137
13.7168
13.9993
14.1862
12.4236
12.4693
12.5618
12.7027
12.8933
13.1327
13.4137
13.7168
13.9993
14.1861
12.4236
12.4693
12.5618
12.7027
12.8933
13.1326
13.4137
13.7167
13.9993
14.1861
12.4236
12.4693
12.5617
12.7026
12.8933
13.1326
13.4136
13.7167
13.9993
14.1861
12.4236
12.4693
12.5617
12.7026
12.8933
13.1326
13.4136
13.7167
13.9993
14.1861
12.4236
12.4693
12.5617
12.7026
12.8933
13.1326
13.4136
13.7167
13.9993
14.1861
12.4236
12.4693
12.5617
12.7026
12.8933
13.1326
13.4137
13.7167
13.9993
14.1861
12.4236
12.4693
12.5618
12.7027
12.8933
13.1326
13.4137
13.7168
13.9993
14.1861
12.4236
12.4693
12.5618
12.7027
12.8933
13.1327
13.4137
13.7168
13.9993
14.1862
12.4236
12.4694
12.5618
12.7027
12.8934
13.1327
13.4138
13.7168
13.9994
14.1862
10.9944
11.0313
11.1053
11.2162
11.3624
11.5397
11.7384
11.9401
12.1144
12.2202
10.9944
11.0313
11.1053
11.2161
11.3623
11.5396
11.7384
11.9401
12.1144
12.2202
10.9943
11.0313
11.1053
11.2161
11.3623
11.5396
11.7383
11.9401
12.1144
12.2201
10.9943
11.0313
11.1052
11.2161
11.3623
11.5396
11.7383
11.94
12.1144
12.2201
10.9943
11.0312
11.1052
11.2161
11.3623
11.5396
11.7383
11.94
12.1144
12.2201
10.9943
11.0312
11.1052
11.2161
11.3623
11.5396
11.7383
11.94
12.1144
12.2201
10.9943
11.0313
11.1053
11.2161
11.3623
11.5396
11.7383
11.9401
12.1144
12.2201
10.9943
11.0313
11.1053
11.2161
11.3623
11.5396
11.7384
11.9401
12.1144
12.2202
10.9944
11.0313
11.1053
11.2161
11.3624
11.5397
11.7384
11.9401
12.1144
12.2202
10.9944
11.0313
11.1053
11.2162
11.3624
11.5397
11.7384
11.9402
12.1145
12.2202
9.77965
9.80879
9.86665
9.95197
10.062
10.1914
10.3311
10.4664
10.5775
10.6415
9.77962
9.80876
9.86662
9.95193
10.062
10.1914
10.331
10.4664
10.5774
10.6415
9.77959
9.80873
9.86659
9.95191
10.0619
10.1914
10.331
10.4664
10.5774
10.6415
9.77958
9.80872
9.86658
9.95189
10.0619
10.1913
10.331
10.4663
10.5774
10.6415
9.77957
9.80871
9.86657
9.95188
10.0619
10.1913
10.331
10.4663
10.5774
10.6415
9.77957
9.80871
9.86657
9.95188
10.0619
10.1913
10.331
10.4663
10.5774
10.6415
9.77957
9.80872
9.86658
9.95189
10.0619
10.1914
10.331
10.4664
10.5774
10.6415
9.77959
9.80873
9.8666
9.95191
10.0619
10.1914
10.331
10.4664
10.5774
10.6415
9.77961
9.80876
9.86662
9.95194
10.062
10.1914
10.331
10.4664
10.5775
10.6415
9.77964
9.80879
9.86666
9.95198
10.062
10.1914
10.3311
10.4664
10.5775
10.6416
8.77555
8.79824
8.84292
8.90789
8.99003
9.08426
9.18283
9.27513
9.34818
9.38905
8.77551
8.7982
8.84289
8.90786
8.99
9.08422
9.1828
9.27509
9.34815
9.38903
8.77549
8.79818
8.84286
8.90783
8.98998
9.0842
9.18278
9.27507
9.34813
9.38901
8.77547
8.79816
8.84285
8.90782
8.98996
9.08418
9.18276
9.27506
9.34812
9.389
8.77546
8.79816
8.84284
8.90781
8.98995
9.08418
9.18275
9.27505
9.34811
9.38899
8.77546
8.79816
8.84284
8.90781
8.98996
9.08418
9.18276
9.27505
9.34812
9.389
8.77547
8.79817
8.84285
8.90782
8.98997
9.08419
9.18277
9.27506
9.34813
9.38901
8.77549
8.79818
8.84287
8.90784
8.98999
9.08421
9.18279
9.27509
9.34815
9.38903
8.77551
8.7982
8.84289
8.90786
8.99001
9.08424
9.18282
9.27511
9.34818
9.38906
8.77553
8.79824
8.84293
8.9079
8.99005
9.08427
9.18285
9.27515
9.34822
9.3891
7.97821
7.99589
8.03045
8.08009
8.14181
8.21115
8.28194
8.34652
8.39636
8.42371
7.97818
7.99586
8.03042
8.08006
8.14178
8.21112
8.28191
8.34649
8.39633
8.42368
7.97816
7.99584
8.03039
8.08004
8.14176
8.21109
8.28189
8.34647
8.39631
8.42367
7.97814
7.99582
8.03038
8.08002
8.14175
8.21108
8.28188
8.34645
8.3963
8.42366
7.97814
7.99581
8.03037
8.08001
8.14174
8.21107
8.28187
8.34645
8.3963
8.42365
7.97814
7.99581
8.03037
8.08002
8.14174
8.21108
8.28187
8.34645
8.3963
8.42366
7.97815
7.99582
8.03038
8.08002
8.14175
8.21109
8.28189
8.34646
8.39631
8.42367
7.97816
7.99584
8.0304
8.08004
8.14177
8.2111
8.2819
8.34648
8.39633
8.42369
7.97818
7.99586
8.03042
8.08007
8.1418
8.21113
8.28193
8.34651
8.39636
8.42372
7.9782
7.99589
8.03046
8.0801
8.14183
8.21117
8.28197
8.34655
8.3964
8.42375
7.384
7.39805
7.42536
7.46419
7.51182
7.56442
7.61714
7.66428
7.70003
7.71939
7.38397
7.39802
7.42533
7.46416
7.51179
7.56439
7.61711
7.66426
7.7
7.71937
7.38395
7.398
7.4253
7.46414
7.51177
7.56437
7.61709
7.66424
7.69999
7.71935
7.38393
7.39798
7.42529
7.46412
7.51175
7.56436
7.61707
7.66422
7.69998
7.71934
7.38393
7.39798
7.42529
7.46412
7.51175
7.56436
7.61707
7.66422
7.69997
7.71934
7.38393
7.39798
7.42529
7.46412
7.51175
7.56436
7.61707
7.66422
7.69998
7.71934
7.38394
7.39799
7.42529
7.46413
7.51176
7.56437
7.61708
7.66424
7.69999
7.71935
7.38395
7.398
7.42531
7.46415
7.51178
7.56439
7.6171
7.66425
7.70001
7.71937
7.38397
7.39802
7.42533
7.46417
7.5118
7.56441
7.61713
7.66428
7.70003
7.7194
7.38399
7.39805
7.42537
7.4642
7.51184
7.56445
7.61716
7.66432
7.70007
7.71943
6.98978
7.00149
7.02416
7.05616
7.09499
7.13737
7.17925
7.2162
7.24387
7.25872
6.98975
7.00147
7.02414
7.05613
7.09497
7.13734
7.17922
7.21617
7.24384
7.25871
6.98973
7.00145
7.02412
7.05611
7.09495
7.13732
7.1792
7.21615
7.24383
7.25869
6.98972
7.00144
7.0241
7.0561
7.09494
7.13731
7.17919
7.21614
7.24382
7.25868
6.98971
7.00143
7.0241
7.05609
7.09493
7.13731
7.17919
7.21614
7.24382
7.25868
6.98971
7.00143
7.0241
7.05609
7.09493
7.13731
7.17919
7.21614
7.24382
7.25868
6.98972
7.00144
7.02411
7.0561
7.09494
7.13732
7.1792
7.21615
7.24383
7.2587
6.98974
7.00145
7.02412
7.05612
7.09496
7.13734
7.17922
7.21617
7.24385
7.25872
6.98975
7.00147
7.02415
7.05614
7.09499
7.13736
7.17925
7.2162
7.24388
7.25874
6.98978
7.0015
7.02418
7.05617
7.09502
7.13739
7.17928
7.21623
7.24391
7.25878
6.79327
6.80386
6.82427
6.85296
6.88759
6.92512
6.96193
6.99417
7.01816
7.03098
6.79325
6.80383
6.82425
6.85294
6.88757
6.9251
6.96191
6.99415
7.01814
7.03097
6.79323
6.80382
6.82423
6.85292
6.88755
6.92508
6.96189
6.99413
7.01813
7.03096
6.79322
6.80381
6.82422
6.85291
6.88754
6.92507
6.96188
6.99412
7.01812
7.03095
6.79322
6.8038
6.82421
6.8529
6.88754
6.92506
6.96188
6.99412
7.01812
7.03095
6.79322
6.8038
6.82422
6.85291
6.88754
6.92507
6.96188
6.99413
7.01812
7.03095
6.79323
6.80381
6.82422
6.85292
6.88755
6.92508
6.96189
6.99414
7.01813
7.03096
6.79324
6.80382
6.82424
6.85293
6.88757
6.92509
6.96191
6.99415
7.01815
7.03098
6.79326
6.80385
6.82426
6.85296
6.88759
6.92512
6.96194
6.99418
7.01818
7.03101
6.79328
6.80387
6.82429
6.85299
6.88762
6.92515
6.96197
6.99421
7.01821
7.03104
45.4852
45.7927
46.375
47.102
47.866
48.5898
49.2195
49.7187
50.0633
50.2391
45.4851
45.7926
46.3749
47.1019
47.8659
48.5897
49.2194
49.7186
50.0632
50.239
45.485
45.7925
46.3748
47.1018
47.8659
48.5896
49.2193
49.7185
50.0632
50.239
45.4849
45.7925
46.3748
47.1018
47.8658
48.5896
49.2193
49.7185
50.0631
50.2389
45.4849
45.7924
46.3748
47.1018
47.8658
48.5895
49.2193
49.7185
50.0631
50.2389
45.4849
45.7924
46.3748
47.1018
47.8658
48.5896
49.2193
49.7185
50.0631
50.2389
45.4849
45.7925
46.3748
47.1018
47.8658
48.5896
49.2193
49.7185
50.0632
50.2389
45.485
45.7925
46.3749
47.1019
47.8659
48.5896
49.2194
49.7186
50.0632
50.239
45.4851
45.7926
46.3749
47.1019
47.866
48.5897
49.2195
49.7186
50.0633
50.2391
45.4851
45.7927
46.375
47.1021
47.8661
48.5898
49.2196
49.7188
50.0634
50.2392
40.6134
40.8245
41.2166
41.7224
42.2721
42.8071
43.2821
43.6643
43.9308
44.0674
40.6133
40.8244
41.2165
41.7223
42.272
42.807
43.282
43.6642
43.9307
44.0674
40.6132
40.8243
41.2164
41.7222
42.2719
42.8069
43.2819
43.6641
43.9306
44.0673
40.6132
40.8243
41.2164
41.7222
42.2719
42.8068
43.2819
43.6641
43.9306
44.0673
40.6132
40.8243
41.2164
41.7221
42.2718
42.8068
43.2819
43.664
43.9306
44.0673
40.6132
40.8243
41.2164
41.7222
42.2718
42.8068
43.2819
43.664
43.9306
44.0673
40.6132
40.8243
41.2164
41.7222
42.2719
42.8069
43.2819
43.6641
43.9306
44.0673
40.6132
40.8243
41.2165
41.7222
42.2719
42.8069
43.282
43.6641
43.9307
44.0674
40.6133
40.8244
41.2165
41.7223
42.272
42.807
43.2821
43.6642
43.9307
44.0675
40.6134
40.8245
41.2166
41.7224
42.2721
42.8071
43.2822
43.6643
43.9308
44.0676
36.2234
36.3693
36.6402
36.9966
37.3928
37.7863
38.1416
38.4309
38.6345
38.7394
36.2233
36.3692
36.6401
36.9965
37.3927
37.7862
38.1415
38.4308
38.6344
38.7394
36.2233
36.3691
36.6401
36.9964
37.3926
37.7861
38.1414
38.4308
38.6343
38.7393
36.2232
36.3691
36.64
36.9964
37.3926
37.7861
38.1413
38.4307
38.6343
38.7393
36.2232
36.369
36.64
36.9963
37.3925
37.7861
38.1413
38.4307
38.6343
38.7393
36.2232
36.369
36.64
36.9963
37.3925
37.7861
38.1413
38.4307
38.6343
38.7393
36.2232
36.3691
36.64
36.9964
37.3926
37.7861
38.1414
38.4308
38.6343
38.7393
36.2233
36.3691
36.6401
36.9964
37.3926
37.7862
38.1414
38.4308
38.6344
38.7394
36.2233
36.3692
36.6401
36.9965
37.3927
37.7862
38.1415
38.4309
38.6345
38.7395
36.2234
36.3693
36.6402
36.9966
37.3928
37.7863
38.1416
38.431
38.6346
38.7396
32.3588
32.461
32.6516
32.9056
33.1925
33.4818
33.7464
33.9642
34.1185
34.1984
32.3587
32.4609
32.6515
32.9055
33.1924
33.4818
33.7464
33.9641
34.1184
34.1983
32.3587
32.4608
32.6515
32.9055
33.1924
33.4817
33.7463
33.964
34.1183
34.1983
32.3586
32.4608
32.6514
32.9054
33.1923
33.4816
33.7462
33.964
34.1183
34.1982
32.3586
32.4608
32.6514
32.9054
33.1923
33.4816
33.7462
33.964
34.1183
34.1982
32.3586
32.4608
32.6514
32.9054
33.1923
33.4816
33.7462
33.964
34.1183
34.1982
32.3586
32.4608
32.6514
32.9054
33.1923
33.4817
33.7463
33.964
34.1183
34.1983
32.3587
32.4608
32.6515
32.9055
33.1924
33.4817
33.7463
33.9641
34.1184
34.1983
32.3587
32.4609
32.6515
32.9056
33.1925
33.4818
33.7464
33.9641
34.1185
34.1984
32.3588
32.461
32.6516
32.9057
33.1926
33.4819
33.7465
33.9642
34.1186
34.1985
29.0417
29.1144
29.2507
29.434
29.6434
29.8569
30.0542
30.2178
30.3345
30.3952
29.0416
29.1143
29.2506
29.4339
29.6433
29.8568
30.0541
30.2178
30.3344
30.3951
29.0415
29.1142
29.2505
29.4338
29.6432
29.8568
30.054
30.2177
30.3344
30.3951
29.0415
29.1142
29.2505
29.4338
29.6432
29.8567
30.054
30.2177
30.3343
30.395
29.0415
29.1141
29.2505
29.4338
29.6432
29.8567
30.054
30.2176
30.3343
30.395
29.0415
29.1142
29.2505
29.4338
29.6432
29.8567
30.054
30.2177
30.3343
30.395
29.0415
29.1142
29.2505
29.4338
29.6432
29.8567
30.054
30.2177
30.3344
30.3951
29.0415
29.1142
29.2505
29.4339
29.6432
29.8568
30.0541
30.2177
30.3344
30.3951
29.0416
29.1143
29.2506
29.4339
29.6433
29.8569
30.0541
30.2178
30.3345
30.3952
29.0417
29.1144
29.2507
29.434
29.6434
29.857
30.0542
30.2179
30.3346
30.3953
26.2809
26.3336
26.4329
26.5673
26.7221
26.8813
27.0295
27.1533
27.242
27.2882
26.2808
26.3335
26.4328
26.5672
26.722
26.8812
27.0295
27.1532
27.2419
27.2882
26.2808
26.3335
26.4328
26.5672
26.722
26.8812
27.0294
27.1532
27.2419
27.2881
26.2807
26.3334
26.4327
26.5671
26.7219
26.8811
27.0294
27.1531
27.2418
27.2881
26.2807
26.3334
26.4327
26.5671
26.7219
26.8811
27.0293
27.1531
27.2418
27.2881
26.2807
26.3334
26.4327
26.5671
26.7219
26.8811
27.0294
27.1531
27.2418
27.2881
26.2807
26.3334
26.4327
26.5672
26.722
26.8812
27.0294
27.1532
27.2418
27.2881
26.2808
26.3335
26.4328
26.5672
26.722
26.8812
27.0294
27.1532
27.2419
27.2882
26.2808
26.3336
26.4328
26.5673
26.7221
26.8813
27.0295
27.1533
27.242
27.2882
26.2809
26.3336
26.4329
26.5674
26.7222
26.8814
27.0296
27.1534
27.2421
27.2883
24.078
24.1172
24.1914
24.2924
24.4094
24.5305
24.6438
24.739
24.8075
24.8432
24.0779
24.1171
24.1913
24.2923
24.4093
24.5304
24.6438
24.7389
24.8074
24.8432
24.0778
24.1171
24.1913
24.2923
24.4092
24.5303
24.6437
24.7389
24.8073
24.8431
24.0778
24.117
24.1912
24.2922
24.4092
24.5303
24.6437
24.7389
24.8073
24.8431
24.0778
24.117
24.1912
24.2922
24.4092
24.5303
24.6437
24.7388
24.8073
24.8431
24.0778
24.117
24.1912
24.2922
24.4092
24.5303
24.6437
24.7388
24.8073
24.8431
24.0778
24.117
24.1913
24.2922
24.4092
24.5303
24.6437
24.7389
24.8073
24.8432
24.0778
24.1171
24.1913
24.2923
24.4093
24.5303
24.6437
24.7389
24.8074
24.8432
24.0779
24.1171
24.1914
24.2923
24.4093
24.5304
24.6438
24.739
24.8075
24.8433
24.0779
24.1172
24.1915
24.2924
24.4094
24.5305
24.6439
24.7391
24.8076
24.8434
22.4305
22.4609
22.5187
22.5975
22.6892
22.7846
22.8744
22.95
23.0045
23.0331
22.4304
22.4609
22.5186
22.5974
22.6892
22.7845
22.8743
22.9499
23.0045
23.0331
22.4303
22.4608
22.5185
22.5974
22.6891
22.7845
22.8742
22.9499
23.0044
23.033
22.4303
22.4608
22.5185
22.5973
22.6891
22.7845
22.8742
22.9498
23.0044
23.033
22.4303
22.4607
22.5185
22.5973
22.689
22.7844
22.8742
22.9498
23.0044
23.033
22.4303
22.4607
22.5185
22.5973
22.6891
22.7845
22.8742
22.9498
23.0044
23.033
22.4303
22.4608
22.5185
22.5973
22.6891
22.7845
22.8742
22.9499
23.0044
23.033
22.4303
22.4608
22.5185
22.5974
22.6891
22.7845
22.8743
22.9499
23.0045
23.0331
22.4304
22.4609
22.5186
22.5974
22.6892
22.7846
22.8743
22.95
23.0045
23.0331
22.4305
22.461
22.5187
22.5975
22.6893
22.7847
22.8744
22.9501
23.0046
23.0332
21.3349
21.3601
21.4078
21.4732
21.5495
21.629
21.7042
21.7676
21.8135
21.8376
21.3348
21.36
21.4077
21.4731
21.5494
21.629
21.7041
21.7675
21.8134
21.8375
21.3348
21.3599
21.4077
21.473
21.5493
21.6289
21.704
21.7675
21.8134
21.8375
21.3347
21.3599
21.4076
21.473
21.5493
21.6289
21.704
21.7675
21.8134
21.8374
21.3347
21.3599
21.4076
21.473
21.5493
21.6289
21.704
21.7675
21.8133
21.8374
21.3347
21.3599
21.4076
21.473
21.5493
21.6289
21.704
21.7675
21.8134
21.8375
21.3348
21.3599
21.4077
21.473
21.5493
21.6289
21.704
21.7675
21.8134
21.8375
21.3348
21.3599
21.4077
21.4731
21.5494
21.629
21.7041
21.7675
21.8134
21.8375
21.3348
21.36
21.4078
21.4731
21.5494
21.629
21.7041
21.7676
21.8135
21.8376
21.3349
21.3601
21.4078
21.4732
21.5495
21.6291
21.7042
21.7677
21.8136
21.8377
20.7881
20.8107
20.8538
20.9128
20.9817
21.0538
21.1219
21.1795
21.2213
21.2432
20.788
20.8107
20.8537
20.9127
20.9817
21.0537
21.1219
21.1795
21.2212
21.2431
20.788
20.8106
20.8537
20.9126
20.9816
21.0537
21.1218
21.1794
21.2212
21.2431
20.7879
20.8106
20.8536
20.9126
20.9816
21.0537
21.1218
21.1794
21.2212
21.2431
20.7879
20.8106
20.8536
20.9126
20.9816
21.0536
21.1218
21.1794
21.2211
21.2431
20.7879
20.8106
20.8536
20.9126
20.9816
21.0537
21.1218
21.1794
21.2212
21.2431
20.7879
20.8106
20.8536
20.9126
20.9816
21.0537
21.1218
21.1795
21.2212
21.2431
20.788
20.8106
20.8537
20.9127
20.9817
21.0537
21.1219
21.1795
21.2212
21.2432
20.788
20.8107
20.8537
20.9127
20.9817
21.0538
21.1219
21.1796
21.2213
21.2432
20.7881
20.8108
20.8538
20.9128
20.9818
21.0539
21.122
21.1797
21.2214
21.2433
)
;

boundaryField
{
    inlet1
    {
        type            fixedValue;
        value           uniform 10;
    }
    inlet2
    {
        type            fixedValue;
        value           uniform 20;
    }
    outlet1
    {
        type            zeroGradient;
    }
    outlet2
    {
        type            zeroGradient;
    }
    fixedWalls
    {
        type            zeroGradient;
    }
}


// ************************************************************************* //
