/*--------------------------------*- C++ -*----------------------------------*\
  =========                 |
  \\      /  F ield         | OpenFOAM: The Open Source CFD Toolbox
   \\    /   O peration     | Website:  https://openfoam.org
    \\  /    A nd           | Version:  6
     \\/     M anipulation  |
\*---------------------------------------------------------------------------*/
FoamFile
{
    version     2.0;
    format      ascii;
    class       volScalarField;
    location    "0.03";
    object      T;
}
// * * * * * * * * * * * * * * * * * * * * * * * * * * * * * * * * * * * * * //

dimensions      [0 0 0 1 0 0 0];

internalField   nonuniform List<scalar> 
7000
(
91.643
91.6425
91.6423
91.6422
91.6421
91.6421
91.6422
91.6423
91.6424
91.6425
91.6425
91.642
91.6418
91.6417
91.6417
91.6417
91.6417
91.6418
91.6419
91.6422
91.6423
91.6418
91.6416
91.6415
91.6414
91.6414
91.6415
91.6416
91.6418
91.642
91.6422
91.6417
91.6415
91.6414
91.6413
91.6413
91.6414
91.6415
91.6417
91.6419
91.6421
91.6417
91.6414
91.6413
91.6413
91.6413
91.6413
91.6414
91.6416
91.6419
91.6421
91.6417
91.6414
91.6413
91.6413
91.6413
91.6413
91.6415
91.6416
91.6419
91.6422
91.6417
91.6415
91.6414
91.6413
91.6413
91.6414
91.6415
91.6417
91.642
91.6423
91.6418
91.6416
91.6415
91.6414
91.6415
91.6415
91.6416
91.6418
91.6421
91.6424
91.6419
91.6418
91.6417
91.6416
91.6416
91.6417
91.6418
91.642
91.6423
91.6425
91.6422
91.642
91.6419
91.6419
91.6419
91.642
91.6421
91.6423
91.6426
58.1644
58.1634
58.1629
58.1627
58.1626
58.1626
58.1627
58.1629
58.1633
58.1638
58.1634
58.1625
58.162
58.1617
58.1616
58.1617
58.1618
58.162
58.1624
58.1632
58.1629
58.162
58.1615
58.1612
58.1611
58.1612
58.1613
58.1615
58.162
58.1628
58.1627
58.1617
58.1612
58.161
58.1609
58.1609
58.161
58.1613
58.1618
58.1626
58.1626
58.1616
58.1611
58.1609
58.1608
58.1608
58.161
58.1612
58.1618
58.1626
58.1626
58.1617
58.1612
58.1609
58.1608
58.1609
58.161
58.1613
58.1618
58.1626
58.1627
58.1618
58.1613
58.161
58.161
58.161
58.1611
58.1614
58.1619
58.1627
58.1629
58.162
58.1615
58.1613
58.1612
58.1613
58.1614
58.1617
58.1622
58.163
58.1633
58.1624
58.162
58.1618
58.1618
58.1618
58.1619
58.1622
58.1627
58.1635
58.1638
58.1632
58.1628
58.1626
58.1626
58.1626
58.1627
58.163
58.1635
58.1644
32.661
32.66
32.6595
32.6592
32.6591
32.6592
32.6593
32.6596
32.6601
32.6608
32.66
32.659
32.6585
32.6583
32.6582
32.6582
32.6583
32.6586
32.6592
32.6602
32.6595
32.6585
32.658
32.6577
32.6576
32.6577
32.6578
32.6581
32.6588
32.6598
32.6592
32.6583
32.6577
32.6575
32.6574
32.6574
32.6576
32.6579
32.6586
32.6597
32.6591
32.6582
32.6576
32.6574
32.6573
32.6573
32.6575
32.6578
32.6585
32.6596
32.6592
32.6582
32.6577
32.6574
32.6573
32.6574
32.6575
32.6579
32.6585
32.6597
32.6593
32.6583
32.6578
32.6576
32.6575
32.6575
32.6577
32.658
32.6587
32.6598
32.6596
32.6586
32.6581
32.6579
32.6578
32.6579
32.658
32.6584
32.659
32.6602
32.6601
32.6592
32.6588
32.6586
32.6585
32.6585
32.6587
32.659
32.6597
32.6608
32.6608
32.6602
32.6598
32.6597
32.6596
32.6597
32.6598
32.6602
32.6608
32.662
16.2465
16.2458
16.2454
16.2452
16.2451
16.2451
16.2453
16.2455
16.246
16.2467
16.2458
16.2451
16.2447
16.2445
16.2444
16.2444
16.2445
16.2448
16.2454
16.2463
16.2454
16.2447
16.2443
16.2441
16.244
16.244
16.2442
16.2445
16.2451
16.2461
16.2452
16.2445
16.2441
16.2439
16.2438
16.2438
16.244
16.2443
16.2449
16.2459
16.2451
16.2444
16.244
16.2438
16.2438
16.2438
16.2439
16.2442
16.2448
16.2459
16.2451
16.2444
16.244
16.2438
16.2438
16.2438
16.2439
16.2443
16.2449
16.2459
16.2453
16.2445
16.2442
16.244
16.2439
16.2439
16.2441
16.2444
16.245
16.2461
16.2455
16.2448
16.2445
16.2443
16.2442
16.2443
16.2444
16.2447
16.2453
16.2464
16.246
16.2454
16.2451
16.2449
16.2448
16.2449
16.245
16.2453
16.246
16.247
16.2467
16.2463
16.2461
16.2459
16.2459
16.2459
16.2461
16.2464
16.247
16.2481
7.19399
7.19355
7.19331
7.19319
7.19315
7.19316
7.19324
7.19343
7.19379
7.19435
7.19355
7.19311
7.19287
7.19275
7.19271
7.19273
7.19282
7.19302
7.19342
7.19411
7.19331
7.19287
7.19263
7.19251
7.19247
7.19249
7.19258
7.1928
7.19322
7.19396
7.19319
7.19275
7.19251
7.1924
7.19236
7.19238
7.19247
7.19269
7.19313
7.19388
7.19315
7.19271
7.19247
7.19236
7.19232
7.19234
7.19244
7.19266
7.1931
7.19386
7.19316
7.19273
7.19249
7.19238
7.19234
7.19236
7.19246
7.19268
7.19313
7.19389
7.19324
7.19282
7.19258
7.19247
7.19244
7.19246
7.19255
7.19278
7.19323
7.19398
7.19343
7.19302
7.1928
7.19269
7.19266
7.19268
7.19278
7.19301
7.19346
7.19421
7.19379
7.19342
7.19322
7.19313
7.1931
7.19313
7.19323
7.19346
7.1939
7.19466
7.19435
7.19411
7.19396
7.19388
7.19386
7.19389
7.19398
7.19421
7.19466
7.19543
2.85455
2.85432
2.8542
2.85414
2.85412
2.85413
2.85418
2.85429
2.85451
2.85486
2.85432
2.8541
2.85398
2.85392
2.8539
2.85391
2.85396
2.85409
2.85432
2.85474
2.8542
2.85398
2.85386
2.8538
2.85378
2.85379
2.85385
2.85397
2.85423
2.85466
2.85414
2.85392
2.8538
2.85374
2.85372
2.85373
2.85379
2.85392
2.85418
2.85463
2.85412
2.8539
2.85378
2.85372
2.8537
2.85371
2.85377
2.8539
2.85417
2.85462
2.85413
2.85391
2.85379
2.85373
2.85371
2.85373
2.85379
2.85392
2.85418
2.85463
2.85418
2.85396
2.85385
2.85379
2.85377
2.85379
2.85384
2.85398
2.85424
2.85469
2.85429
2.85409
2.85397
2.85392
2.8539
2.85392
2.85398
2.85411
2.85438
2.85483
2.85451
2.85432
2.85423
2.85418
2.85417
2.85418
2.85424
2.85438
2.85464
2.85509
2.85486
2.85474
2.85467
2.85463
2.85462
2.85463
2.85469
2.85483
2.85509
2.85555
1.02233
1.02223
1.02217
1.02215
1.02214
1.02215
1.02217
1.02223
1.02234
1.02252
1.02223
1.02213
1.02208
1.02205
1.02204
1.02205
1.02208
1.02214
1.02226
1.02247
1.02217
1.02208
1.02202
1.022
1.02199
1.022
1.02202
1.02209
1.02222
1.02244
1.02215
1.02205
1.022
1.02197
1.02196
1.02197
1.022
1.02207
1.0222
1.02242
1.02214
1.02204
1.02199
1.02196
1.02196
1.02196
1.02199
1.02206
1.02219
1.02242
1.02215
1.02205
1.022
1.02197
1.02196
1.02197
1.022
1.02207
1.0222
1.02243
1.02217
1.02208
1.02202
1.022
1.02199
1.022
1.02203
1.0221
1.02223
1.02246
1.02223
1.02214
1.02209
1.02207
1.02206
1.02207
1.0221
1.02216
1.0223
1.02252
1.02234
1.02226
1.02222
1.0222
1.02219
1.0222
1.02223
1.0223
1.02243
1.02266
1.02252
1.02247
1.02244
1.02242
1.02242
1.02243
1.02246
1.02252
1.02266
1.02289
0.332825
0.332788
0.332767
0.332756
0.332753
0.332756
0.332767
0.332792
0.332839
0.332917
0.332788
0.332751
0.33273
0.33272
0.332717
0.33272
0.332731
0.332757
0.332809
0.332898
0.332767
0.33273
0.332709
0.332699
0.332696
0.332699
0.332711
0.332739
0.332792
0.332886
0.332756
0.33272
0.332699
0.332689
0.332686
0.332689
0.332702
0.33273
0.332785
0.33288
0.332753
0.332717
0.332696
0.332686
0.332683
0.332687
0.332699
0.332727
0.332783
0.332879
0.332756
0.33272
0.332699
0.332689
0.332687
0.33269
0.332703
0.332731
0.332787
0.332883
0.332767
0.332731
0.332711
0.332702
0.332699
0.332703
0.332715
0.332744
0.3328
0.332896
0.332793
0.332758
0.33274
0.332731
0.332729
0.332732
0.332745
0.332774
0.332829
0.332925
0.332843
0.332812
0.332796
0.332788
0.332786
0.33279
0.332803
0.332832
0.332888
0.332984
0.332924
0.332905
0.332893
0.332887
0.332885
0.332889
0.332902
0.332931
0.332987
0.333084
0.0991588
0.099146
0.0991387
0.0991352
0.0991342
0.0991352
0.0991388
0.0991456
0.0991544
0.0991635
0.099146
0.0991333
0.099126
0.0991226
0.0991216
0.0991226
0.0991264
0.0991337
0.0991439
0.0991575
0.0991387
0.099126
0.0991189
0.0991154
0.0991144
0.0991156
0.0991195
0.0991272
0.0991383
0.0991533
0.0991352
0.0991226
0.0991154
0.099112
0.099111
0.0991122
0.0991162
0.0991242
0.0991357
0.0991511
0.0991343
0.0991216
0.0991145
0.099111
0.0991101
0.0991113
0.0991154
0.0991235
0.0991352
0.0991508
0.0991355
0.0991229
0.0991158
0.0991124
0.0991115
0.0991128
0.0991169
0.099125
0.0991367
0.0991524
0.0991398
0.0991274
0.0991205
0.0991172
0.0991164
0.0991177
0.0991218
0.09913
0.0991417
0.0991574
0.0991499
0.0991379
0.0991315
0.0991284
0.0991277
0.099129
0.0991332
0.0991414
0.0991532
0.0991689
0.0991692
0.0991587
0.0991531
0.0991505
0.09915
0.0991514
0.0991556
0.0991638
0.0991756
0.0991914
0.0992011
0.099195
0.0991908
0.0991887
0.0991883
0.0991897
0.099194
0.0992022
0.0992141
0.0992302
0.027203
0.0271991
0.0271968
0.0271957
0.0271953
0.0271953
0.0271945
0.0271869
0.0271478
0.0270202
0.0271991
0.0271951
0.0271928
0.0271918
0.0271914
0.0271914
0.0271907
0.0271832
0.0271445
0.0270184
0.0271968
0.0271928
0.0271906
0.0271895
0.0271892
0.0271892
0.0271885
0.0271812
0.0271428
0.0270171
0.0271957
0.0271918
0.0271895
0.0271885
0.0271881
0.0271882
0.0271875
0.0271803
0.027142
0.0270165
0.0271954
0.0271915
0.0271893
0.0271882
0.0271879
0.0271879
0.0271873
0.0271801
0.0271419
0.0270164
0.0271959
0.027192
0.0271897
0.0271887
0.0271884
0.0271884
0.0271878
0.0271806
0.0271424
0.027017
0.0271974
0.0271935
0.0271914
0.0271904
0.0271901
0.0271901
0.0271895
0.0271823
0.0271442
0.0270187
0.0272009
0.0271972
0.0271952
0.0271942
0.027194
0.0271941
0.0271935
0.0271863
0.0271481
0.0270226
0.0272077
0.0272044
0.0272027
0.0272019
0.0272017
0.0272018
0.0272012
0.027194
0.0271558
0.0270303
0.0272189
0.027217
0.0272157
0.0272151
0.0272149
0.027215
0.0272144
0.0272073
0.0271691
0.0270436
0.00691054
0.00690941
0.00690876
0.00690844
0.00690823
0.00690761
0.00690352
0.00687822
0.00673115
0.00589995
0.00690941
0.00690828
0.00690764
0.00690732
0.00690712
0.0069065
0.00690242
0.00687718
0.00673027
0.00589948
0.00690876
0.00690764
0.00690701
0.00690668
0.00690649
0.00690587
0.00690181
0.00687661
0.0067298
0.00589917
0.00690846
0.00690734
0.0069067
0.00690638
0.00690619
0.00690558
0.00690153
0.00687635
0.00672958
0.00589902
0.00690838
0.00690727
0.00690663
0.00690631
0.00690612
0.00690551
0.00690147
0.0068763
0.00672955
0.005899
0.00690853
0.00690742
0.00690679
0.00690647
0.00690628
0.00690568
0.00690164
0.00687648
0.00672972
0.00589916
0.00690902
0.00690792
0.00690731
0.006907
0.00690682
0.00690622
0.00690218
0.00687701
0.00673025
0.00589961
0.00691012
0.00690907
0.0069085
0.00690822
0.00690804
0.00690744
0.00690341
0.00687824
0.00673144
0.00590065
0.00691226
0.00691134
0.00691085
0.00691061
0.00691045
0.00690986
0.00690582
0.00688065
0.0067338
0.00590271
0.0069158
0.00691529
0.00691493
0.00691473
0.00691459
0.006914
0.00690996
0.00688478
0.00673786
0.00590635
0.00163386
0.00163357
0.0016334
0.0016333
0.00163319
0.0016327
0.00162993
0.0016154
0.00154684
0.00126636
0.00163357
0.00163327
0.00163311
0.00163301
0.0016329
0.00163241
0.00162964
0.00161513
0.00154662
0.00126624
0.0016334
0.00163311
0.00163294
0.00163285
0.00163274
0.00163225
0.00162948
0.00161498
0.0015465
0.00126617
0.00163332
0.00163303
0.00163286
0.00163277
0.00163266
0.00163217
0.00162941
0.00161492
0.00154644
0.00126613
0.0016333
0.00163301
0.00163284
0.00163275
0.00163264
0.00163216
0.0016294
0.00161491
0.00154644
0.00126613
0.00163335
0.00163306
0.00163289
0.0016328
0.00163269
0.00163221
0.00162945
0.00161496
0.00154649
0.00126617
0.00163349
0.0016332
0.00163304
0.00163295
0.00163284
0.00163236
0.0016296
0.00161511
0.00154663
0.00126629
0.00163381
0.00163353
0.00163338
0.0016333
0.00163319
0.00163271
0.00162995
0.00161546
0.00154696
0.00126656
0.00163442
0.00163418
0.00163405
0.00163398
0.00163388
0.0016334
0.00163064
0.00161614
0.00154762
0.00126709
0.00163544
0.00163531
0.00163522
0.00163516
0.00163506
0.00163458
0.00163182
0.00161731
0.00154875
0.00126804
0.000361172
0.0003611
0.000361058
0.000361031
0.000360982
0.000360753
0.000359592
0.000354256
0.000332877
0.000262755
0.0003611
0.000361029
0.000360987
0.000360961
0.000360912
0.000360683
0.000359524
0.000354193
0.000332826
0.000262727
0.00036106
0.000360989
0.000360947
0.00036092
0.000360872
0.000360644
0.000359485
0.000354158
0.000332798
0.000262709
0.00036104
0.00036097
0.000360928
0.000360902
0.000360854
0.000360626
0.000359468
0.000354142
0.000332785
0.000262701
0.000361037
0.000360966
0.000360925
0.000360898
0.00036085
0.000360623
0.000359465
0.00035414
0.000332784
0.000262701
0.000361048
0.000360978
0.000360937
0.000360911
0.000360863
0.000360636
0.000359478
0.000354153
0.000332797
0.000262711
0.000361086
0.000361016
0.000360977
0.000360951
0.000360904
0.000360676
0.000359519
0.000354193
0.000332834
0.000262741
0.00036117
0.000361104
0.000361066
0.000361042
0.000360996
0.000360769
0.000359611
0.000354284
0.000332919
0.000262808
0.000361333
0.000361275
0.000361243
0.000361222
0.000361176
0.000360949
0.000359791
0.000354462
0.000333086
0.000262941
0.000361604
0.000361573
0.00036155
0.000361531
0.000361486
0.00036126
0.000360101
0.000354767
0.000333375
0.000263175
7.49535e-05
7.49374e-05
7.49277e-05
7.49204e-05
7.4903e-05
7.48226e-05
7.44492e-05
7.29064e-05
6.74654e-05
5.22373e-05
7.49374e-05
7.49214e-05
7.49118e-05
7.49045e-05
7.48872e-05
7.48069e-05
7.4434e-05
7.28924e-05
6.74543e-05
5.22309e-05
7.49283e-05
7.49123e-05
7.49028e-05
7.48955e-05
7.48782e-05
7.4798e-05
7.44254e-05
7.28847e-05
6.74481e-05
5.22271e-05
7.4924e-05
7.49081e-05
7.48985e-05
7.48913e-05
7.4874e-05
7.47939e-05
7.44215e-05
7.28812e-05
6.74453e-05
5.22253e-05
7.49233e-05
7.49073e-05
7.48978e-05
7.48906e-05
7.48734e-05
7.47933e-05
7.4421e-05
7.28808e-05
6.74451e-05
5.22254e-05
7.49262e-05
7.49104e-05
7.4901e-05
7.48938e-05
7.48766e-05
7.47966e-05
7.44243e-05
7.28841e-05
6.74482e-05
5.22278e-05
7.49354e-05
7.49198e-05
7.49106e-05
7.49036e-05
7.48865e-05
7.48065e-05
7.44342e-05
7.28937e-05
6.74571e-05
5.22347e-05
7.49561e-05
7.49411e-05
7.49325e-05
7.49259e-05
7.49089e-05
7.4829e-05
7.44565e-05
7.29156e-05
6.74773e-05
5.22505e-05
7.4996e-05
7.4983e-05
7.49757e-05
7.49696e-05
7.49529e-05
7.48729e-05
7.45003e-05
7.29585e-05
6.7517e-05
5.22816e-05
7.50624e-05
7.50556e-05
7.50501e-05
7.50447e-05
7.50282e-05
7.49483e-05
7.45754e-05
7.30322e-05
6.75858e-05
5.23364e-05
1.46577e-05
1.46543e-05
1.46522e-05
1.46503e-05
1.46451e-05
1.46217e-05
1.45212e-05
1.41404e-05
1.29273e-05
9.91122e-06
1.46543e-05
1.46509e-05
1.46488e-05
1.46469e-05
1.46417e-05
1.46184e-05
1.4518e-05
1.41375e-05
1.2925e-05
9.90988e-06
1.46524e-05
1.4649e-05
1.46469e-05
1.4645e-05
1.46398e-05
1.46166e-05
1.45162e-05
1.41359e-05
1.29237e-05
9.90909e-06
1.46515e-05
1.46481e-05
1.4646e-05
1.46441e-05
1.4639e-05
1.46157e-05
1.45154e-05
1.41352e-05
1.29231e-05
9.90873e-06
1.46513e-05
1.4648e-05
1.46459e-05
1.4644e-05
1.46388e-05
1.46156e-05
1.45153e-05
1.41351e-05
1.29231e-05
9.90876e-06
1.4652e-05
1.46487e-05
1.46466e-05
1.46448e-05
1.46396e-05
1.46163e-05
1.45161e-05
1.41359e-05
1.29238e-05
9.9093e-06
1.46541e-05
1.46508e-05
1.46488e-05
1.4647e-05
1.46418e-05
1.46186e-05
1.45183e-05
1.4138e-05
1.29258e-05
9.91084e-06
1.46588e-05
1.46557e-05
1.46538e-05
1.46521e-05
1.46469e-05
1.46237e-05
1.45234e-05
1.4143e-05
1.29303e-05
9.91431e-06
1.46679e-05
1.46652e-05
1.46636e-05
1.4662e-05
1.46569e-05
1.46336e-05
1.45333e-05
1.41526e-05
1.29391e-05
9.9212e-06
1.46831e-05
1.46816e-05
1.46804e-05
1.4679e-05
1.46739e-05
1.46507e-05
1.45502e-05
1.41691e-05
1.29544e-05
9.93323e-06
2.71013e-06
2.70945e-06
2.70902e-06
2.70857e-06
2.70721e-06
2.70133e-06
2.67761e-06
2.59406e-06
2.34894e-06
1.79257e-06
2.70946e-06
2.70879e-06
2.70836e-06
2.70791e-06
2.70655e-06
2.70068e-06
2.67698e-06
2.59349e-06
2.34849e-06
1.7923e-06
2.70908e-06
2.70841e-06
2.70798e-06
2.70754e-06
2.70617e-06
2.70032e-06
2.67663e-06
2.59318e-06
2.34824e-06
1.79215e-06
2.70891e-06
2.70823e-06
2.70781e-06
2.70736e-06
2.706e-06
2.70015e-06
2.67647e-06
2.59304e-06
2.34813e-06
1.79208e-06
2.70888e-06
2.70821e-06
2.70779e-06
2.70734e-06
2.70599e-06
2.70013e-06
2.67646e-06
2.59303e-06
2.34814e-06
1.79209e-06
2.70903e-06
2.70837e-06
2.70795e-06
2.7075e-06
2.70615e-06
2.7003e-06
2.67662e-06
2.59319e-06
2.34828e-06
1.7922e-06
2.70948e-06
2.70882e-06
2.70841e-06
2.70798e-06
2.70663e-06
2.70077e-06
2.6771e-06
2.59365e-06
2.3487e-06
1.79252e-06
2.71049e-06
2.70986e-06
2.70947e-06
2.70905e-06
2.70771e-06
2.70185e-06
2.67817e-06
2.59469e-06
2.34964e-06
1.79325e-06
2.71243e-06
2.71188e-06
2.71155e-06
2.71115e-06
2.70982e-06
2.70396e-06
2.68026e-06
2.59672e-06
2.35148e-06
1.79468e-06
2.71566e-06
2.71538e-06
2.71513e-06
2.71476e-06
2.71343e-06
2.70757e-06
2.68384e-06
2.6002e-06
2.35466e-06
1.79717e-06
4.75217e-07
4.75089e-07
4.75005e-07
4.74905e-07
4.74586e-07
4.73268e-07
4.68228e-07
4.51539e-07
4.05793e-07
3.09142e-07
4.75091e-07
4.74965e-07
4.74881e-07
4.74782e-07
4.74464e-07
4.73147e-07
4.68112e-07
4.51435e-07
4.05712e-07
3.09092e-07
4.7502e-07
4.74894e-07
4.74811e-07
4.74712e-07
4.74394e-07
4.73078e-07
4.68046e-07
4.51376e-07
4.05666e-07
3.09063e-07
4.74988e-07
4.74862e-07
4.74779e-07
4.7468e-07
4.74362e-07
4.73047e-07
4.68017e-07
4.5135e-07
4.05646e-07
3.09051e-07
4.74984e-07
4.74859e-07
4.74776e-07
4.74677e-07
4.7436e-07
4.73045e-07
4.68015e-07
4.5135e-07
4.05647e-07
3.09053e-07
4.75015e-07
4.7489e-07
4.74808e-07
4.7471e-07
4.74393e-07
4.73078e-07
4.68048e-07
4.51382e-07
4.05676e-07
3.09076e-07
4.75105e-07
4.74982e-07
4.74902e-07
4.74805e-07
4.74488e-07
4.73174e-07
4.68143e-07
4.51474e-07
4.05758e-07
3.09139e-07
4.75306e-07
4.75189e-07
4.75113e-07
4.75019e-07
4.74704e-07
4.73389e-07
4.68356e-07
4.51679e-07
4.05943e-07
3.09282e-07
4.75695e-07
4.75593e-07
4.75527e-07
4.75438e-07
4.75124e-07
4.73809e-07
4.68772e-07
4.5208e-07
4.06305e-07
3.09563e-07
4.76342e-07
4.7629e-07
4.7624e-07
4.76156e-07
4.75843e-07
4.74527e-07
4.69483e-07
4.52768e-07
4.0693e-07
3.10051e-07
7.92447e-08
7.9222e-08
7.92065e-08
7.9186e-08
7.91184e-08
7.88492e-08
7.78681e-08
7.4787e-08
6.68075e-08
5.08908e-08
7.92226e-08
7.92001e-08
7.91847e-08
7.91642e-08
7.90967e-08
7.88278e-08
7.78477e-08
7.47687e-08
6.67933e-08
5.0882e-08
7.921e-08
7.91876e-08
7.91722e-08
7.91518e-08
7.90844e-08
7.88157e-08
7.78362e-08
7.47585e-08
6.67853e-08
5.08769e-08
7.92043e-08
7.91819e-08
7.91666e-08
7.91461e-08
7.90788e-08
7.88103e-08
7.7831e-08
7.4754e-08
6.67818e-08
5.08748e-08
7.92039e-08
7.91815e-08
7.91662e-08
7.91459e-08
7.90786e-08
7.88101e-08
7.7831e-08
7.47541e-08
6.67822e-08
5.08752e-08
7.92097e-08
7.91875e-08
7.91723e-08
7.91521e-08
7.90848e-08
7.88164e-08
7.78372e-08
7.47602e-08
6.67877e-08
5.08795e-08
7.92268e-08
7.92049e-08
7.91901e-08
7.917e-08
7.91029e-08
7.88344e-08
7.78551e-08
7.47773e-08
6.6803e-08
5.08914e-08
7.92649e-08
7.92439e-08
7.92299e-08
7.92104e-08
7.91435e-08
7.88749e-08
7.78951e-08
7.48157e-08
6.68374e-08
5.09179e-08
7.93382e-08
7.93201e-08
7.93079e-08
7.92891e-08
7.92225e-08
7.89538e-08
7.79731e-08
7.48907e-08
6.69047e-08
5.09702e-08
7.94605e-08
7.94513e-08
7.94418e-08
7.9424e-08
7.93576e-08
7.90886e-08
7.81063e-08
7.50191e-08
6.70205e-08
5.10606e-08
1.25986e-08
1.25948e-08
1.25921e-08
1.25881e-08
1.2575e-08
1.25243e-08
1.23472e-08
1.18159e-08
1.05047e-08
8.01053e-09
1.25949e-08
1.25911e-08
1.25884e-08
1.25845e-08
1.25713e-08
1.25207e-08
1.23438e-08
1.18129e-08
1.05024e-08
8.00904e-09
1.25928e-08
1.2589e-08
1.25863e-08
1.25824e-08
1.25693e-08
1.25187e-08
1.23419e-08
1.18112e-08
1.05011e-08
8.0082e-09
1.25919e-08
1.25881e-08
1.25854e-08
1.25814e-08
1.25683e-08
1.25178e-08
1.2341e-08
1.18104e-08
1.05005e-08
8.00784e-09
1.25918e-08
1.2588e-08
1.25853e-08
1.25814e-08
1.25683e-08
1.25178e-08
1.2341e-08
1.18105e-08
1.05006e-08
8.00793e-09
1.25929e-08
1.25891e-08
1.25865e-08
1.25826e-08
1.25694e-08
1.25189e-08
1.23421e-08
1.18116e-08
1.05016e-08
8.0087e-09
1.25959e-08
1.25922e-08
1.25896e-08
1.25858e-08
1.25727e-08
1.25221e-08
1.23453e-08
1.18146e-08
1.05043e-08
8.0108e-09
1.26027e-08
1.25992e-08
1.25967e-08
1.2593e-08
1.25799e-08
1.25293e-08
1.23524e-08
1.18214e-08
1.05103e-08
8.0155e-09
1.26158e-08
1.26128e-08
1.26106e-08
1.2607e-08
1.2594e-08
1.25434e-08
1.23663e-08
1.18347e-08
1.05222e-08
8.02472e-09
1.26377e-08
1.26362e-08
1.26345e-08
1.2631e-08
1.2618e-08
1.25673e-08
1.23899e-08
1.18574e-08
1.05426e-08
8.04063e-09
1.91405e-09
1.91344e-09
1.91298e-09
1.91227e-09
1.90989e-09
1.901e-09
1.87111e-09
1.78501e-09
1.58188e-09
1.21732e-09
1.91346e-09
1.91285e-09
1.91239e-09
1.91168e-09
1.9093e-09
1.90043e-09
1.87056e-09
1.78453e-09
1.58151e-09
1.21707e-09
1.91312e-09
1.91251e-09
1.91206e-09
1.91135e-09
1.90898e-09
1.90011e-09
1.87026e-09
1.78426e-09
1.5813e-09
1.21694e-09
1.91297e-09
1.91236e-09
1.91191e-09
1.9112e-09
1.90883e-09
1.89996e-09
1.87012e-09
1.78414e-09
1.58121e-09
1.21688e-09
1.91297e-09
1.91236e-09
1.91191e-09
1.9112e-09
1.90883e-09
1.89997e-09
1.87013e-09
1.78415e-09
1.58123e-09
1.2169e-09
1.91315e-09
1.91255e-09
1.9121e-09
1.9114e-09
1.90902e-09
1.90016e-09
1.87032e-09
1.78434e-09
1.58139e-09
1.21703e-09
1.91367e-09
1.91308e-09
1.91264e-09
1.91194e-09
1.90957e-09
1.90071e-09
1.87086e-09
1.78485e-09
1.58185e-09
1.21739e-09
1.91483e-09
1.91426e-09
1.91384e-09
1.91316e-09
1.91079e-09
1.90193e-09
1.87206e-09
1.786e-09
1.58287e-09
1.21819e-09
1.91705e-09
1.91656e-09
1.91619e-09
1.91553e-09
1.91317e-09
1.9043e-09
1.8744e-09
1.78823e-09
1.58486e-09
1.21975e-09
1.92076e-09
1.92051e-09
1.92022e-09
1.91958e-09
1.91723e-09
1.90834e-09
1.87838e-09
1.79204e-09
1.58827e-09
1.22243e-09
0.0012141
0.000240899
4.5909e-05
8.52218e-06
2.39586e-06
5.82739e-06
3.20009e-05
0.000175154
0.000919433
0.00463365
0.001214
0.000240877
4.59044e-05
8.52103e-06
2.39457e-06
5.82167e-06
3.19735e-05
0.000175031
0.000918914
0.00463165
0.00121394
0.000240863
4.59017e-05
8.52044e-06
2.39399e-06
5.81922e-06
3.19622e-05
0.000174981
0.000918715
0.0046309
0.00121391
0.000240857
4.59005e-05
8.52018e-06
2.39377e-06
5.81831e-06
3.19581e-05
0.000174963
0.000918642
0.00463062
0.0012139
0.000240857
4.59006e-05
8.52022e-06
2.39373e-06
5.8181e-06
3.19571e-05
0.00017496
0.000918626
0.00463055
0.00121394
0.000240867
4.59027e-05
8.52068e-06
2.39386e-06
5.81832e-06
3.19582e-05
0.000174965
0.000918652
0.00463067
0.00121406
0.000240893
4.59087e-05
8.52196e-06
2.39424e-06
5.81906e-06
3.19619e-05
0.000174983
0.000918736
0.00463103
0.00121431
0.000240953
4.59221e-05
8.52483e-06
2.39505e-06
5.82055e-06
3.19692e-05
0.00017502
0.000918914
0.00463184
0.00121482
0.000241071
4.59481e-05
8.53037e-06
2.3965e-06
5.82282e-06
3.19806e-05
0.000175079
0.00091921
0.00463324
0.00121568
0.00024127
4.59918e-05
8.53957e-06
2.39866e-06
5.82516e-06
3.1992e-05
0.000175142
0.000919538
0.00463494
0.000406394
0.000102395
2.26587e-05
4.66754e-06
1.43523e-06
3.42193e-06
1.74464e-05
8.63057e-05
0.000390285
0.00154912
0.000406357
0.000102386
2.26564e-05
4.66692e-06
1.43445e-06
3.41863e-06
1.74318e-05
8.62461e-05
0.00039007
0.00154847
0.000406334
0.00010238
2.26551e-05
4.66658e-06
1.43409e-06
3.41716e-06
1.74254e-05
8.62205e-05
0.000389979
0.00154819
0.000406323
0.000102377
2.26545e-05
4.66644e-06
1.43395e-06
3.4166e-06
1.74229e-05
8.62109e-05
0.000389944
0.00154808
0.000406323
0.000102377
2.26546e-05
4.66647e-06
1.43393e-06
3.41646e-06
1.74224e-05
8.62087e-05
0.000389936
0.00154806
0.000406338
0.000102382
2.26557e-05
4.66674e-06
1.43401e-06
3.4166e-06
1.7423e-05
8.62117e-05
0.000389949
0.0015481
0.000406382
0.000102395
2.2659e-05
4.66751e-06
1.43425e-06
3.41707e-06
1.74252e-05
8.62213e-05
0.000389988
0.00154824
0.000406481
0.000102423
2.26663e-05
4.66922e-06
1.43478e-06
3.41802e-06
1.74295e-05
8.62415e-05
0.000390072
0.00154855
0.000406677
0.00010248
2.26807e-05
4.67258e-06
1.43573e-06
3.41954e-06
1.74367e-05
8.62751e-05
0.000390217
0.00154909
0.000407024
0.00010258
2.27058e-05
4.67839e-06
1.43726e-06
3.4215e-06
1.74457e-05
8.63191e-05
0.000390416
0.00154989
0.00010559
3.16387e-05
7.97559e-06
1.82251e-06
6.18584e-07
1.4403e-06
6.77436e-06
3.03307e-05
0.000120461
0.00040218
0.00010558
3.16356e-05
7.97477e-06
1.82226e-06
6.18242e-07
1.43892e-06
6.76868e-06
3.03098e-05
0.000120395
0.000402012
0.000105573
3.16336e-05
7.97428e-06
1.82212e-06
6.18077e-07
1.43828e-06
6.76608e-06
3.03003e-05
0.000120365
0.000401932
0.00010557
3.16328e-05
7.97406e-06
1.82206e-06
6.18011e-07
1.43803e-06
6.76506e-06
3.02966e-05
0.000120353
0.000401899
0.00010557
3.16329e-05
7.97411e-06
1.82208e-06
6.18001e-07
1.43797e-06
6.76482e-06
3.02957e-05
0.00012035
0.000401892
0.000105575
3.16345e-05
7.97458e-06
1.8222e-06
6.1804e-07
1.43803e-06
6.7651e-06
3.02969e-05
0.000120355
0.000401905
0.000105588
3.1639e-05
7.97586e-06
1.82253e-06
6.18153e-07
1.43825e-06
6.76601e-06
3.03007e-05
0.000120368
0.000401947
0.000105618
3.16491e-05
7.97876e-06
1.82327e-06
6.18401e-07
1.43869e-06
6.76791e-06
3.03086e-05
0.000120398
0.000402038
0.000105678
3.16693e-05
7.9845e-06
1.82474e-06
6.18861e-07
1.43943e-06
6.77112e-06
3.03224e-05
0.00012045
0.000402205
0.000105783
3.17048e-05
7.99458e-06
1.8273e-06
6.19613e-07
1.44048e-06
6.77566e-06
3.03424e-05
0.000120529
0.000402471
2.39913e-05
8.15235e-06
2.28325e-06
5.71453e-07
2.12497e-07
4.83358e-07
2.11127e-06
8.66937e-06
3.10081e-05
9.13153e-05
2.39887e-05
8.1515e-06
2.28301e-06
5.71371e-07
2.12376e-07
4.82894e-07
2.1095e-06
8.66339e-06
3.0991e-05
9.12766e-05
2.39871e-05
8.15098e-06
2.28286e-06
5.71325e-07
2.12316e-07
4.82671e-07
2.10865e-06
8.66051e-06
3.09827e-05
9.12567e-05
2.39864e-05
8.15074e-06
2.2828e-06
5.71305e-07
2.12292e-07
4.8258e-07
2.1083e-06
8.65935e-06
3.09793e-05
9.12483e-05
2.39865e-05
8.15079e-06
2.28282e-06
5.71311e-07
2.12288e-07
4.82558e-07
2.10822e-06
8.65908e-06
3.09785e-05
9.12465e-05
2.39877e-05
8.15127e-06
2.28297e-06
5.71354e-07
2.12303e-07
4.82582e-07
2.10832e-06
8.65945e-06
3.09797e-05
9.12499e-05
2.39912e-05
8.15259e-06
2.28338e-06
5.71469e-07
2.12346e-07
4.82661e-07
2.10863e-06
8.66065e-06
3.09837e-05
9.12608e-05
2.3999e-05
8.15557e-06
2.28432e-06
5.7173e-07
2.1244e-07
4.82827e-07
2.1093e-06
8.66322e-06
3.09924e-05
9.12848e-05
2.40147e-05
8.1615e-06
2.28617e-06
5.72244e-07
2.12616e-07
4.83115e-07
2.11046e-06
8.6678e-06
3.10081e-05
9.13296e-05
2.40423e-05
8.17194e-06
2.28943e-06
5.7314e-07
2.12907e-07
4.83547e-07
2.1122e-06
8.67487e-06
3.10333e-05
9.1404e-05
4.96473e-06
1.85348e-06
5.65198e-07
1.52961e-07
6.167e-08
1.37246e-07
5.61541e-07
2.14254e-06
7.04284e-06
1.88833e-05
4.96414e-06
1.85327e-06
5.65134e-07
1.52937e-07
6.16336e-08
1.37113e-07
5.61064e-07
2.14104e-06
7.03891e-06
1.8875e-05
4.96379e-06
1.85315e-06
5.65097e-07
1.52924e-07
6.16152e-08
1.37048e-07
5.60828e-07
2.1403e-06
7.0369e-06
1.88706e-05
4.96363e-06
1.85309e-06
5.65081e-07
1.52919e-07
6.16076e-08
1.3702e-07
5.6073e-07
2.13999e-06
7.03605e-06
1.88687e-05
4.96365e-06
1.85311e-06
5.65087e-07
1.5292e-07
6.16064e-08
1.37014e-07
5.60706e-07
2.13991e-06
7.03585e-06
1.88683e-05
4.96395e-06
1.85323e-06
5.6513e-07
1.52933e-07
6.16111e-08
1.37021e-07
5.60734e-07
2.14001e-06
7.03617e-06
1.88691e-05
4.96478e-06
1.85357e-06
5.65245e-07
1.52968e-07
6.16248e-08
1.37046e-07
5.60827e-07
2.14035e-06
7.0372e-06
1.88717e-05
4.96666e-06
1.85435e-06
5.65506e-07
1.53046e-07
6.16549e-08
1.37099e-07
5.61026e-07
2.14107e-06
7.03944e-06
1.88774e-05
4.97038e-06
1.85588e-06
5.66023e-07
1.53199e-07
6.17118e-08
1.37193e-07
5.61382e-07
2.14237e-06
7.04359e-06
1.88882e-05
4.97691e-06
1.85856e-06
5.66927e-07
1.53465e-07
6.18067e-08
1.37338e-07
5.61939e-07
2.14447e-06
7.05044e-06
1.89067e-05
9.5357e-07
3.82727e-07
1.25114e-07
3.62142e-08
1.56724e-08
3.4185e-08
1.32082e-07
4.73478e-07
1.4528e-06
3.62421e-06
9.53448e-07
3.82682e-07
1.251e-07
3.62083e-08
1.56628e-08
3.41515e-08
1.31968e-07
4.73141e-07
1.45197e-06
3.62258e-06
9.53375e-07
3.82655e-07
1.25091e-07
3.6205e-08
1.56579e-08
3.41345e-08
1.3191e-07
4.72968e-07
1.45154e-06
3.62168e-06
9.53343e-07
3.82643e-07
1.25087e-07
3.62036e-08
1.56558e-08
3.41273e-08
1.31886e-07
4.72894e-07
1.45135e-06
3.62128e-06
9.5335e-07
3.82647e-07
1.25089e-07
3.62042e-08
1.56555e-08
3.41255e-08
1.31879e-07
4.72876e-07
1.4513e-06
3.62119e-06
9.53417e-07
3.82676e-07
1.251e-07
3.62075e-08
1.56568e-08
3.41276e-08
1.31887e-07
4.72901e-07
1.45138e-06
3.62136e-06
9.53599e-07
3.82756e-07
1.25129e-07
3.62167e-08
1.56607e-08
3.41344e-08
1.31911e-07
4.72984e-07
1.45161e-06
3.62193e-06
9.5401e-07
3.82936e-07
1.25193e-07
3.62371e-08
1.56691e-08
3.41491e-08
1.31964e-07
4.73163e-07
1.45214e-06
3.62319e-06
9.54824e-07
3.83293e-07
1.25321e-07
3.62774e-08
1.56851e-08
3.41758e-08
1.32059e-07
4.73495e-07
1.45313e-06
3.6256e-06
9.56246e-07
3.83916e-07
1.25544e-07
3.63473e-08
1.5712e-08
3.42183e-08
1.32213e-07
4.74039e-07
1.45479e-06
3.62975e-06
1.71803e-07
7.30075e-08
2.5283e-08
7.75653e-09
3.57133e-09
7.64805e-09
2.8103e-08
9.55098e-08
2.76837e-07
6.52458e-07
1.71779e-07
7.29983e-08
2.52799e-08
7.75518e-09
3.56907e-09
7.64045e-09
2.80783e-08
9.54405e-08
2.76675e-07
6.52154e-07
1.71765e-07
7.29929e-08
2.52781e-08
7.75442e-09
3.56789e-09
7.63652e-09
2.80655e-08
9.5404e-08
2.76587e-07
6.51982e-07
1.71759e-07
7.29906e-08
2.52773e-08
7.75411e-09
3.56739e-09
7.63482e-09
2.80599e-08
9.5388e-08
2.76548e-07
6.51903e-07
1.71761e-07
7.29916e-08
2.52778e-08
7.75424e-09
3.56732e-09
7.63439e-09
2.80585e-08
9.53841e-08
2.76539e-07
6.51886e-07
1.71775e-07
7.29979e-08
2.52802e-08
7.75505e-09
3.56764e-09
7.63489e-09
2.80602e-08
9.53898e-08
2.76555e-07
6.51922e-07
1.71812e-07
7.30151e-08
2.52867e-08
7.75721e-09
3.5686e-09
7.63659e-09
2.8066e-08
9.54084e-08
2.76606e-07
6.52038e-07
1.71896e-07
7.30536e-08
2.53012e-08
7.76206e-09
3.57072e-09
7.64027e-09
2.80785e-08
9.54491e-08
2.76719e-07
6.52296e-07
1.72061e-07
7.31299e-08
2.533e-08
7.77159e-09
3.57477e-09
7.64702e-09
2.81017e-08
9.55254e-08
2.76935e-07
6.52795e-07
1.7235e-07
7.32626e-08
2.53801e-08
7.78809e-09
3.58156e-09
7.65795e-09
2.81395e-08
9.56524e-08
2.77301e-07
6.53659e-07
2.92352e-08
1.30088e-08
4.72879e-09
1.5263e-09
7.42001e-10
1.56254e-09
5.49321e-09
1.78302e-08
4.92729e-08
1.10935e-07
2.92309e-08
1.3007e-08
4.72817e-09
1.52602e-09
7.41516e-10
1.56096e-09
5.48829e-09
1.7817e-08
4.92432e-08
1.10882e-07
2.92283e-08
1.3006e-08
4.72781e-09
1.52586e-09
7.41259e-10
1.56013e-09
5.48569e-09
1.78099e-08
4.92269e-08
1.10851e-07
2.92273e-08
1.30056e-08
4.72767e-09
1.52579e-09
7.41149e-10
1.55977e-09
5.48454e-09
1.78067e-08
4.92194e-08
1.10836e-07
2.92277e-08
1.30058e-08
4.72777e-09
1.52582e-09
7.41132e-10
1.55967e-09
5.48425e-09
1.78059e-08
4.92177e-08
1.10833e-07
2.92303e-08
1.30071e-08
4.72828e-09
1.526e-09
7.41207e-10
1.55979e-09
5.48462e-09
1.78071e-08
4.92209e-08
1.1084e-07
2.92374e-08
1.30105e-08
4.72963e-09
1.52647e-09
7.41426e-10
1.56017e-09
5.48587e-09
1.7811e-08
4.92311e-08
1.10862e-07
2.92535e-08
1.30182e-08
4.73265e-09
1.52752e-09
7.4191e-10
1.56101e-09
5.4886e-09
1.78195e-08
4.92538e-08
1.10912e-07
2.92852e-08
1.30333e-08
4.73861e-09
1.52959e-09
7.42835e-10
1.56256e-09
5.49371e-09
1.78356e-08
4.92974e-08
1.11009e-07
2.93401e-08
1.30596e-08
4.74895e-09
1.53315e-09
7.44394e-10
1.5651e-09
5.50217e-09
1.78627e-08
4.93718e-08
1.11177e-07
4.73135e-09
2.18824e-09
8.29367e-10
2.80049e-10
1.42887e-10
2.96261e-10
1.00114e-09
3.12102e-09
8.2786e-09
1.79377e-08
4.73059e-09
2.18793e-09
8.29252e-10
2.79993e-10
1.4279e-10
2.95955e-10
1.00022e-09
3.11864e-09
8.27346e-09
1.79287e-08
4.73016e-09
2.18775e-09
8.29186e-10
2.79962e-10
1.42738e-10
2.95793e-10
9.99731e-10
3.11735e-09
8.27058e-09
1.79234e-08
4.72998e-09
2.18768e-09
8.29161e-10
2.79949e-10
1.42716e-10
2.9572e-10
9.9951e-10
3.11676e-09
8.26925e-09
1.79209e-08
4.73006e-09
2.18772e-09
8.29181e-10
2.79956e-10
1.42713e-10
2.95702e-10
9.99454e-10
3.11662e-09
8.26895e-09
1.79204e-08
4.73054e-09
2.18796e-09
8.2928e-10
2.79992e-10
1.42728e-10
2.95726e-10
9.99529e-10
3.11685e-09
8.26954e-09
1.79217e-08
4.73184e-09
2.1886e-09
8.29543e-10
2.80087e-10
1.42775e-10
2.95806e-10
9.99781e-10
3.1176e-09
8.27146e-09
1.79257e-08
4.73475e-09
2.19004e-09
8.3013e-10
2.80299e-10
1.42877e-10
2.95981e-10
1.00034e-09
3.11926e-09
8.27573e-09
1.79347e-08
4.74047e-09
2.19287e-09
8.31283e-10
2.80714e-10
1.43073e-10
2.9631e-10
1.00138e-09
3.12244e-09
8.28399e-09
1.79524e-08
4.75035e-09
2.19775e-09
8.33276e-10
2.81429e-10
1.43403e-10
2.96853e-10
1.00312e-09
3.1278e-09
8.29814e-09
1.79831e-08
8.12273e-10
3.96073e-10
1.56796e-10
5.53948e-11
2.96426e-11
6.04995e-11
1.96579e-10
5.88752e-10
1.49647e-09
3.07645e-09
8.12141e-10
3.96016e-10
1.56775e-10
5.53835e-11
2.96221e-11
6.04365e-11
1.96396e-10
5.88296e-10
1.49552e-09
3.07488e-09
8.12064e-10
3.95982e-10
1.56762e-10
5.5377e-11
2.96109e-11
6.04022e-11
1.96295e-10
5.88041e-10
1.49498e-09
3.07393e-09
8.12032e-10
3.95969e-10
1.56757e-10
5.53745e-11
2.9606e-11
6.03866e-11
1.9625e-10
5.87923e-10
1.49472e-09
3.07348e-09
8.12049e-10
3.95979e-10
1.56762e-10
5.53759e-11
2.96053e-11
6.03827e-11
1.96238e-10
5.87895e-10
1.49466e-09
3.07338e-09
8.12142e-10
3.96028e-10
1.56783e-10
5.53838e-11
2.96089e-11
6.03881e-11
1.96255e-10
5.87944e-10
1.49479e-09
3.07363e-09
8.12393e-10
3.96158e-10
1.56838e-10
5.54047e-11
2.96195e-11
6.04063e-11
1.9631e-10
5.88102e-10
1.49517e-09
3.07441e-09
8.12952e-10
3.96448e-10
1.56962e-10
5.5451e-11
2.96429e-11
6.04462e-11
1.96431e-10
5.88455e-10
1.49605e-09
3.07616e-09
8.14046e-10
3.97016e-10
1.57202e-10
5.55412e-11
2.96875e-11
6.05212e-11
1.96662e-10
5.89128e-10
1.49773e-09
3.07957e-09
8.15903e-10
3.97979e-10
1.57611e-10
5.56938e-11
2.97615e-11
6.06434e-11
1.97039e-10
5.90247e-10
1.50056e-09
3.08543e-09
0.0225165
0.0256942
0.0262602
0.0263596
0.0263767
0.0263802
0.0263825
0.0263867
0.0263942
0.0264042
0.0225096
0.0256865
0.0262524
0.0263518
0.0263689
0.0263724
0.0263748
0.0263791
0.0263871
0.0263987
0.022507
0.0256835
0.0262493
0.0263487
0.0263658
0.0263694
0.0263718
0.0263763
0.0263846
0.0263966
0.0225059
0.0256823
0.0262481
0.0263474
0.0263646
0.0263681
0.0263706
0.0263752
0.0263836
0.0263958
0.0225056
0.025682
0.0262478
0.0263471
0.0263643
0.0263678
0.0263703
0.0263749
0.0263835
0.0263957
0.0225061
0.0256825
0.0262484
0.0263477
0.0263649
0.0263685
0.026371
0.0263756
0.0263841
0.0263964
0.0225076
0.0256843
0.0262503
0.0263497
0.0263669
0.0263705
0.026373
0.0263776
0.0263862
0.0263985
0.022511
0.0256885
0.0262547
0.0263542
0.0263715
0.026375
0.0263776
0.0263822
0.0263908
0.0264031
0.0225174
0.0256962
0.0262629
0.0263626
0.02638
0.0263836
0.0263861
0.0263908
0.0263994
0.0264117
0.0225261
0.0257074
0.0262749
0.0263748
0.0263922
0.0263959
0.0263984
0.0264031
0.0264117
0.0264241
0.00482733
0.00589876
0.00616167
0.00621792
0.00622896
0.00623116
0.00623203
0.00623324
0.00623534
0.00623854
0.00482588
0.00589707
0.00615993
0.00621617
0.0062272
0.00622941
0.00623029
0.00623155
0.00623379
0.0062374
0.00482519
0.00589625
0.00615907
0.0062153
0.00622634
0.00622855
0.00622945
0.00623074
0.00623307
0.00623681
0.00482491
0.0058959
0.00615871
0.00621494
0.00622598
0.00622819
0.00622911
0.00623042
0.00623278
0.00623657
0.00482485
0.00589583
0.00615863
0.00621486
0.0062259
0.00622812
0.00622904
0.00623037
0.00623275
0.00623655
0.00482497
0.00589598
0.0061588
0.00621504
0.00622608
0.0062283
0.00622922
0.00623055
0.00623294
0.00623675
0.00482536
0.00589648
0.00615934
0.0062156
0.00622665
0.00622887
0.0062298
0.00623113
0.00623352
0.00623733
0.00482624
0.0058976
0.00616056
0.00621685
0.00622792
0.00623014
0.00623107
0.00623241
0.0062348
0.00623862
0.00482785
0.0058997
0.00616284
0.0062192
0.00623029
0.00623252
0.00623345
0.00623479
0.00623719
0.00624102
0.0048304
0.00590309
0.00616652
0.00622297
0.00623408
0.00623633
0.00623726
0.00623861
0.00624101
0.00624486
0.00100122
0.00126902
0.00135093
0.00137151
0.00137606
0.00137702
0.00137733
0.00137766
0.00137822
0.00137912
0.00100091
0.00126866
0.00135055
0.00137112
0.00137567
0.00137663
0.00137694
0.00137728
0.00137788
0.00137888
0.00100075
0.00126846
0.00135034
0.00137091
0.00137546
0.00137642
0.00137674
0.00137709
0.0013777
0.00137874
0.00100068
0.00126837
0.00135025
0.00137081
0.00137537
0.00137633
0.00137665
0.001377
0.00137763
0.00137867
0.00100066
0.00126835
0.00135023
0.00137079
0.00137535
0.00137631
0.00137663
0.00137699
0.00137762
0.00137867
0.00100069
0.00126839
0.00135027
0.00137084
0.00137539
0.00137636
0.00137668
0.00137704
0.00137767
0.00137872
0.00100079
0.00126852
0.00135041
0.00137099
0.00137554
0.00137651
0.00137683
0.00137719
0.00137782
0.00137887
0.00100101
0.0012688
0.00135072
0.00137131
0.00137587
0.00137684
0.00137716
0.00137752
0.00137815
0.0013792
0.00100141
0.00126934
0.00135132
0.00137192
0.00137649
0.00137746
0.00137778
0.00137814
0.00137878
0.00137983
0.00100209
0.00127026
0.00135233
0.00137296
0.00137754
0.00137851
0.00137883
0.0013792
0.00137983
0.0013809
0.00019896
0.000257111
0.000277951
0.000283891
0.000285346
0.000285675
0.000285771
0.000285855
0.000285994
0.000286224
0.000198896
0.000257035
0.00027787
0.000283809
0.000285263
0.000285592
0.00028569
0.000285777
0.000285923
0.000286176
0.00019886
0.00025699
0.000277822
0.000283761
0.000285215
0.000285544
0.000285642
0.000285732
0.000285882
0.000286143
0.000198844
0.00025697
0.000277801
0.000283739
0.000285193
0.000285523
0.000285622
0.000285712
0.000285865
0.000286128
0.000198841
0.000256966
0.000277797
0.000283735
0.000285189
0.000285519
0.000285618
0.000285709
0.000285863
0.000286127
0.000198848
0.000256975
0.000277807
0.000283746
0.0002852
0.00028553
0.000285629
0.000285721
0.000285875
0.000286139
0.00019887
0.000257006
0.000277841
0.000283781
0.000285236
0.000285566
0.000285665
0.000285757
0.000285912
0.000286176
0.000198921
0.000257073
0.000277916
0.000283859
0.000285315
0.000285646
0.000285745
0.000285837
0.000285992
0.000286256
0.000199016
0.000257202
0.00027806
0.000284009
0.000285467
0.000285798
0.000285898
0.00028599
0.000286145
0.00028641
0.000199181
0.000257427
0.000278311
0.000284269
0.00028573
0.000286062
0.000286162
0.000286254
0.00028641
0.000286677
3.7731e-05
4.92476e-05
5.38936e-05
5.53589e-05
5.57496e-05
5.58437e-05
5.58706e-05
5.58909e-05
5.5923e-05
5.59766e-05
3.77182e-05
4.92323e-05
5.38773e-05
5.53423e-05
5.57329e-05
5.58272e-05
5.58542e-05
5.5875e-05
5.59088e-05
5.59674e-05
3.77108e-05
4.9223e-05
5.38674e-05
5.53322e-05
5.57228e-05
5.58171e-05
5.58443e-05
5.58656e-05
5.59004e-05
5.59605e-05
3.77074e-05
4.92188e-05
5.38629e-05
5.53276e-05
5.57181e-05
5.58124e-05
5.58398e-05
5.58614e-05
5.58966e-05
5.59573e-05
3.77067e-05
4.92179e-05
5.38619e-05
5.53266e-05
5.57172e-05
5.58116e-05
5.5839e-05
5.58607e-05
5.58961e-05
5.5957e-05
3.77083e-05
4.922e-05
5.38643e-05
5.53291e-05
5.57198e-05
5.58142e-05
5.58417e-05
5.58634e-05
5.58989e-05
5.59599e-05
3.77132e-05
4.92267e-05
5.38719e-05
5.5337e-05
5.57278e-05
5.58222e-05
5.58498e-05
5.58716e-05
5.59071e-05
5.59681e-05
3.77243e-05
4.92416e-05
5.38887e-05
5.53546e-05
5.57457e-05
5.58402e-05
5.58678e-05
5.58896e-05
5.59252e-05
5.59863e-05
3.77457e-05
4.92706e-05
5.39213e-05
5.53888e-05
5.57803e-05
5.5875e-05
5.59026e-05
5.59246e-05
5.59603e-05
5.60215e-05
3.77832e-05
4.93216e-05
5.39788e-05
5.54486e-05
5.58409e-05
5.59358e-05
5.59635e-05
5.59855e-05
5.60214e-05
5.60831e-05
6.82045e-06
8.94483e-06
9.88365e-06
1.02051e-05
1.02972e-05
1.03207e-05
1.03274e-05
1.0332e-05
1.0339e-05
1.03506e-05
6.81801e-06
8.94192e-06
9.88054e-06
1.02019e-05
1.0294e-05
1.03175e-05
1.03243e-05
1.0329e-05
1.03362e-05
1.03489e-05
6.81656e-06
8.94013e-06
9.8786e-06
1.02e-05
1.0292e-05
1.03155e-05
1.03223e-05
1.03271e-05
1.03346e-05
1.03475e-05
6.81589e-06
8.93929e-06
9.87769e-06
1.0199e-05
1.02911e-05
1.03146e-05
1.03214e-05
1.03263e-05
1.03338e-05
1.03469e-05
6.81575e-06
8.93912e-06
9.87751e-06
1.01988e-05
1.02909e-05
1.03144e-05
1.03213e-05
1.03261e-05
1.03337e-05
1.03468e-05
6.81607e-06
8.93956e-06
9.87801e-06
1.01994e-05
1.02914e-05
1.0315e-05
1.03218e-05
1.03267e-05
1.03343e-05
1.03474e-05
6.81711e-06
8.94095e-06
9.87959e-06
1.0201e-05
1.02931e-05
1.03167e-05
1.03236e-05
1.03284e-05
1.03361e-05
1.03492e-05
6.81943e-06
8.94407e-06
9.88314e-06
1.02048e-05
1.02969e-05
1.03205e-05
1.03274e-05
1.03323e-05
1.03399e-05
1.0353e-05
6.82393e-06
8.95016e-06
9.89006e-06
1.0212e-05
1.03043e-05
1.03279e-05
1.03348e-05
1.03397e-05
1.03474e-05
1.03605e-05
6.83187e-06
8.96095e-06
9.90229e-06
1.02248e-05
1.03173e-05
1.0341e-05
1.03479e-05
1.03528e-05
1.03605e-05
1.03738e-05
1.17555e-06
1.54459e-06
1.71982e-06
1.78403e-06
1.80358e-06
1.80884e-06
1.81037e-06
1.81133e-06
1.81275e-06
1.8151e-06
1.17511e-06
1.54406e-06
1.71925e-06
1.78345e-06
1.803e-06
1.80826e-06
1.8098e-06
1.81078e-06
1.81226e-06
1.8148e-06
1.17484e-06
1.54373e-06
1.71889e-06
1.78309e-06
1.80263e-06
1.8079e-06
1.80944e-06
1.81044e-06
1.81195e-06
1.81455e-06
1.17471e-06
1.54357e-06
1.71872e-06
1.78291e-06
1.80246e-06
1.80772e-06
1.80927e-06
1.81028e-06
1.81181e-06
1.81443e-06
1.17469e-06
1.54354e-06
1.71869e-06
1.78288e-06
1.80242e-06
1.80769e-06
1.80924e-06
1.81025e-06
1.81179e-06
1.81442e-06
1.17475e-06
1.54363e-06
1.71879e-06
1.78298e-06
1.80253e-06
1.8078e-06
1.80935e-06
1.81037e-06
1.81191e-06
1.81454e-06
1.17496e-06
1.5439e-06
1.7191e-06
1.78331e-06
1.80287e-06
1.80814e-06
1.80969e-06
1.81071e-06
1.81226e-06
1.81489e-06
1.17541e-06
1.54452e-06
1.71981e-06
1.78406e-06
1.80363e-06
1.8089e-06
1.81045e-06
1.81148e-06
1.81302e-06
1.81566e-06
1.17631e-06
1.54573e-06
1.72119e-06
1.78551e-06
1.80511e-06
1.81039e-06
1.81195e-06
1.81297e-06
1.81453e-06
1.81717e-06
1.17789e-06
1.54787e-06
1.72363e-06
1.78807e-06
1.80772e-06
1.81301e-06
1.81457e-06
1.8156e-06
1.81716e-06
1.81983e-06
1.93397e-07
2.5417e-07
2.84741e-07
2.966e-07
3.00405e-07
3.01477e-07
3.01794e-07
3.01984e-07
3.02256e-07
3.02704e-07
1.93321e-07
2.54079e-07
2.84643e-07
2.965e-07
3.00304e-07
3.01376e-07
3.01695e-07
3.01889e-07
3.02171e-07
3.02653e-07
1.93274e-07
2.54022e-07
2.84581e-07
2.96436e-07
3.0024e-07
3.01312e-07
3.01632e-07
3.01829e-07
3.02118e-07
3.02611e-07
1.93252e-07
2.53994e-07
2.84551e-07
2.96404e-07
3.00208e-07
3.01281e-07
3.01602e-07
3.01801e-07
3.02093e-07
3.02589e-07
1.93247e-07
2.53989e-07
2.84545e-07
2.96398e-07
3.00203e-07
3.01276e-07
3.01597e-07
3.01797e-07
3.0209e-07
3.02588e-07
1.93259e-07
2.54005e-07
2.84564e-07
2.96419e-07
3.00223e-07
3.01297e-07
3.01618e-07
3.01818e-07
3.02112e-07
3.0261e-07
1.93297e-07
2.54056e-07
2.84622e-07
2.9648e-07
3.00287e-07
3.0136e-07
3.01682e-07
3.01883e-07
3.02177e-07
3.02676e-07
1.93383e-07
2.54171e-07
2.84754e-07
2.9662e-07
3.00429e-07
3.01504e-07
3.01826e-07
3.02027e-07
3.02322e-07
3.02821e-07
1.93551e-07
2.54398e-07
2.85014e-07
2.96895e-07
3.00709e-07
3.01786e-07
3.02109e-07
3.0231e-07
3.02606e-07
3.03107e-07
1.93848e-07
2.54798e-07
2.85472e-07
2.97378e-07
3.01202e-07
3.02281e-07
3.02605e-07
3.02807e-07
3.03105e-07
3.0361e-07
3.04214e-08
3.99449e-08
4.49693e-08
4.70148e-08
4.77019e-08
4.79035e-08
4.79645e-08
4.8e-08
4.80491e-08
4.81298e-08
3.04088e-08
3.993e-08
4.49532e-08
4.69983e-08
4.76853e-08
4.78869e-08
4.79481e-08
4.79842e-08
4.80352e-08
4.81216e-08
3.04011e-08
3.99205e-08
4.49429e-08
4.69877e-08
4.76745e-08
4.78762e-08
4.79377e-08
4.79743e-08
4.80264e-08
4.81146e-08
3.03973e-08
3.99159e-08
4.49378e-08
4.69824e-08
4.76692e-08
4.7871e-08
4.79326e-08
4.79695e-08
4.80221e-08
4.8111e-08
3.03966e-08
3.9915e-08
4.49368e-08
4.69815e-08
4.76683e-08
4.78701e-08
4.79318e-08
4.79689e-08
4.80217e-08
4.81108e-08
3.03987e-08
3.99179e-08
4.49402e-08
4.69851e-08
4.7672e-08
4.78738e-08
4.79356e-08
4.79728e-08
4.80257e-08
4.81148e-08
3.04055e-08
3.99269e-08
4.49506e-08
4.69961e-08
4.76833e-08
4.78852e-08
4.7947e-08
4.79842e-08
4.80373e-08
4.81264e-08
3.04207e-08
3.99473e-08
4.4974e-08
4.70209e-08
4.77087e-08
4.79109e-08
4.79727e-08
4.801e-08
4.80631e-08
4.81524e-08
3.04507e-08
3.99875e-08
4.50203e-08
4.707e-08
4.77588e-08
4.79613e-08
4.80233e-08
4.80607e-08
4.8114e-08
4.82036e-08
3.05034e-08
4.00583e-08
4.51016e-08
4.71561e-08
4.78467e-08
4.80498e-08
4.8112e-08
4.81496e-08
4.82031e-08
4.82935e-08
4.61959e-09
6.01189e-09
6.79051e-09
7.12215e-09
7.2382e-09
7.27353e-09
7.28449e-09
7.29072e-09
7.29915e-09
7.31291e-09
4.61759e-09
6.00953e-09
6.78797e-09
7.11955e-09
7.23557e-09
7.27091e-09
7.2819e-09
7.28823e-09
7.29696e-09
7.31164e-09
4.61635e-09
6.00804e-09
6.78634e-09
7.11787e-09
7.23388e-09
7.26922e-09
7.28024e-09
7.28667e-09
7.29557e-09
7.31054e-09
4.61574e-09
6.0073e-09
6.78553e-09
7.11703e-09
7.23303e-09
7.26838e-09
7.27943e-09
7.2859e-09
7.2949e-09
7.30997e-09
4.61563e-09
6.00716e-09
6.78539e-09
7.11688e-09
7.23289e-09
7.26825e-09
7.27931e-09
7.28581e-09
7.29484e-09
7.30994e-09
4.61599e-09
6.00765e-09
6.78596e-09
7.11749e-09
7.23352e-09
7.26889e-09
7.27996e-09
7.28647e-09
7.29551e-09
7.31063e-09
4.61714e-09
6.00917e-09
6.78771e-09
7.11936e-09
7.23543e-09
7.27082e-09
7.28189e-09
7.28841e-09
7.29747e-09
7.3126e-09
4.61974e-09
6.0126e-09
6.79167e-09
7.12357e-09
7.23974e-09
7.27516e-09
7.28625e-09
7.29279e-09
7.30186e-09
7.31701e-09
4.62486e-09
6.01939e-09
6.79948e-09
7.13187e-09
7.24824e-09
7.28373e-09
7.29485e-09
7.3014e-09
7.31051e-09
7.32571e-09
4.63384e-09
6.03131e-09
6.8132e-09
7.14643e-09
7.26312e-09
7.29872e-09
7.30988e-09
7.31646e-09
7.32562e-09
7.34096e-09
349.91
349.908
349.907
349.906
349.906
349.906
349.906
349.907
349.907
349.908
349.908
349.906
349.905
349.905
349.904
349.905
349.905
349.905
349.906
349.907
349.907
349.905
349.904
349.904
349.904
349.904
349.904
349.904
349.905
349.906
349.906
349.905
349.904
349.903
349.903
349.903
349.903
349.904
349.905
349.906
349.906
349.904
349.904
349.903
349.903
349.903
349.903
349.904
349.904
349.906
349.906
349.905
349.904
349.903
349.903
349.903
349.903
349.904
349.904
349.906
349.906
349.905
349.904
349.903
349.903
349.903
349.903
349.904
349.905
349.906
349.907
349.905
349.904
349.904
349.904
349.904
349.904
349.904
349.905
349.906
349.907
349.906
349.905
349.905
349.904
349.904
349.905
349.905
349.906
349.907
349.908
349.907
349.906
349.906
349.906
349.906
349.906
349.906
349.907
349.908
222.082
222.079
222.077
222.076
222.075
222.075
222.076
222.077
222.078
222.08
222.079
222.075
222.073
222.072
222.072
222.072
222.072
222.073
222.075
222.078
222.077
222.073
222.071
222.07
222.07
222.07
222.07
222.071
222.073
222.076
222.076
222.072
222.07
222.069
222.069
222.069
222.069
222.07
222.072
222.076
222.075
222.072
222.07
222.069
222.069
222.069
222.069
222.07
222.072
222.075
222.075
222.072
222.07
222.069
222.069
222.069
222.069
222.07
222.072
222.075
222.076
222.072
222.07
222.069
222.069
222.069
222.07
222.071
222.073
222.076
222.077
222.073
222.071
222.07
222.07
222.07
222.071
222.072
222.074
222.077
222.078
222.075
222.073
222.072
222.072
222.072
222.073
222.074
222.076
222.079
222.08
222.078
222.076
222.076
222.075
222.075
222.076
222.077
222.079
222.082
124.706
124.702
124.7
124.699
124.699
124.699
124.699
124.7
124.702
124.705
124.702
124.698
124.696
124.695
124.695
124.695
124.695
124.697
124.699
124.703
124.7
124.696
124.694
124.693
124.693
124.693
124.693
124.695
124.697
124.701
124.699
124.695
124.693
124.692
124.692
124.692
124.693
124.694
124.696
124.701
124.699
124.695
124.693
124.692
124.692
124.692
124.692
124.694
124.696
124.7
124.699
124.695
124.693
124.692
124.692
124.692
124.692
124.694
124.696
124.7
124.699
124.695
124.693
124.693
124.692
124.692
124.693
124.694
124.697
124.701
124.7
124.697
124.695
124.694
124.694
124.694
124.694
124.696
124.698
124.702
124.702
124.699
124.697
124.696
124.696
124.696
124.697
124.698
124.701
124.705
124.705
124.703
124.701
124.701
124.7
124.7
124.701
124.702
124.705
124.709
62.0322
62.0294
62.0279
62.0271
62.0269
62.0269
62.0274
62.0283
62.0302
62.033
62.0294
62.0266
62.0251
62.0244
62.0241
62.0242
62.0246
62.0257
62.0278
62.0314
62.0279
62.0251
62.0236
62.0228
62.0226
62.0227
62.0232
62.0243
62.0266
62.0304
62.0271
62.0244
62.0228
62.0221
62.0219
62.022
62.0225
62.0236
62.026
62.0299
62.0269
62.0241
62.0226
62.0219
62.0216
62.0217
62.0222
62.0234
62.0258
62.0298
62.0269
62.0242
62.0227
62.022
62.0217
62.0218
62.0223
62.0236
62.0259
62.0299
62.0274
62.0246
62.0232
62.0225
62.0222
62.0223
62.0229
62.0241
62.0264
62.0304
62.0283
62.0257
62.0243
62.0236
62.0234
62.0236
62.0241
62.0253
62.0277
62.0317
62.0302
62.0278
62.0266
62.026
62.0258
62.0259
62.0264
62.0277
62.03
62.034
62.033
62.0314
62.0304
62.0299
62.0298
62.0299
62.0304
62.0317
62.034
62.038
27.468
27.4663
27.4653
27.4649
27.4647
27.4648
27.4651
27.4658
27.4672
27.4693
27.4663
27.4646
27.4637
27.4632
27.4631
27.4632
27.4635
27.4643
27.4658
27.4684
27.4653
27.4637
27.4628
27.4623
27.4622
27.4622
27.4626
27.4634
27.465
27.4678
27.4649
27.4632
27.4623
27.4619
27.4617
27.4618
27.4622
27.463
27.4647
27.4675
27.4647
27.4631
27.4622
27.4617
27.4616
27.4617
27.462
27.4629
27.4646
27.4675
27.4648
27.4632
27.4622
27.4618
27.4617
27.4617
27.4621
27.463
27.4647
27.4676
27.4651
27.4635
27.4626
27.4622
27.462
27.4621
27.4625
27.4634
27.4651
27.4679
27.4658
27.4643
27.4634
27.463
27.4629
27.463
27.4634
27.4642
27.4659
27.4688
27.4672
27.4658
27.465
27.4647
27.4646
27.4647
27.4651
27.4659
27.4676
27.4705
27.4693
27.4684
27.4678
27.4675
27.4675
27.4676
27.4679
27.4688
27.4705
27.4734
10.8992
10.8983
10.8979
10.8976
10.8975
10.8976
10.8978
10.8982
10.899
10.9004
10.8983
10.8975
10.897
10.8968
10.8967
10.8968
10.897
10.8974
10.8983
10.8999
10.8979
10.897
10.8965
10.8963
10.8962
10.8963
10.8965
10.897
10.898
10.8996
10.8976
10.8968
10.8963
10.8961
10.896
10.8961
10.8963
10.8968
10.8978
10.8995
10.8975
10.8967
10.8962
10.896
10.8959
10.896
10.8962
10.8967
10.8977
10.8994
10.8976
10.8968
10.8963
10.8961
10.896
10.8961
10.8963
10.8968
10.8978
10.8995
10.8978
10.897
10.8965
10.8963
10.8962
10.8963
10.8965
10.897
10.898
10.8997
10.8982
10.8974
10.897
10.8968
10.8967
10.8968
10.897
10.8975
10.8985
10.9003
10.899
10.8983
10.898
10.8978
10.8977
10.8978
10.898
10.8985
10.8995
10.9013
10.9004
10.8999
10.8996
10.8995
10.8994
10.8995
10.8997
10.9003
10.9013
10.903
3.90342
3.90305
3.90285
3.90275
3.90271
3.90274
3.90283
3.90305
3.90348
3.90417
3.90305
3.90269
3.90248
3.90238
3.90235
3.90237
3.90247
3.90271
3.90317
3.90398
3.90284
3.90248
3.90227
3.90217
3.90214
3.90217
3.90228
3.90252
3.90301
3.90386
3.90274
3.90238
3.90217
3.90208
3.90205
3.90207
3.90218
3.90243
3.90293
3.90379
3.90271
3.90235
3.90214
3.90204
3.90202
3.90204
3.90215
3.90241
3.90291
3.90378
3.90273
3.90237
3.90217
3.90207
3.90204
3.90207
3.90218
3.90244
3.90295
3.90381
3.90283
3.90247
3.90227
3.90218
3.90215
3.90218
3.90229
3.90255
3.90306
3.90393
3.90305
3.90271
3.90252
3.90243
3.90241
3.90244
3.90255
3.90281
3.90332
3.90419
3.90347
3.90317
3.90301
3.90293
3.90291
3.90295
3.90306
3.90332
3.90383
3.9047
3.90416
3.90398
3.90386
3.90379
3.90378
3.90381
3.90393
3.90419
3.9047
3.90557
1.27076
1.27063
1.27056
1.27052
1.27051
1.27052
1.27057
1.27066
1.27085
1.27116
1.27062
1.27049
1.27042
1.27038
1.27037
1.27038
1.27043
1.27053
1.27074
1.27109
1.27054
1.27041
1.27034
1.2703
1.27029
1.27031
1.27035
1.27046
1.27067
1.27105
1.2705
1.27037
1.2703
1.27027
1.27026
1.27027
1.27032
1.27043
1.27064
1.27102
1.27049
1.27036
1.27029
1.27025
1.27024
1.27026
1.27031
1.27042
1.27064
1.27102
1.2705
1.27037
1.2703
1.27027
1.27026
1.27027
1.27032
1.27043
1.27065
1.27103
1.27054
1.27042
1.27035
1.27031
1.27031
1.27032
1.27037
1.27048
1.2707
1.27108
1.27064
1.27052
1.27046
1.27043
1.27042
1.27043
1.27048
1.27059
1.27082
1.2712
1.27083
1.27072
1.27067
1.27064
1.27064
1.27065
1.2707
1.27082
1.27104
1.27142
1.27114
1.27108
1.27104
1.27102
1.27102
1.27103
1.27108
1.2712
1.27142
1.2718
0.378463
0.378501
0.378513
0.378512
0.378512
0.378517
0.378534
0.378572
0.378646
0.378768
0.378414
0.378452
0.378465
0.378464
0.378463
0.378469
0.378486
0.378526
0.378606
0.378744
0.378386
0.378425
0.378438
0.378437
0.378436
0.378442
0.37846
0.378502
0.378585
0.378728
0.378373
0.378411
0.378424
0.378424
0.378423
0.378429
0.378447
0.37849
0.378575
0.37872
0.378369
0.378408
0.378421
0.37842
0.37842
0.378426
0.378444
0.378488
0.378573
0.378719
0.378374
0.378412
0.378426
0.378425
0.378425
0.378431
0.37845
0.378493
0.378579
0.378725
0.378391
0.37843
0.378444
0.378444
0.378444
0.37845
0.378469
0.378512
0.378598
0.378744
0.378429
0.37847
0.378486
0.378486
0.378487
0.378493
0.378512
0.378556
0.378641
0.378788
0.378503
0.378549
0.378568
0.378571
0.378572
0.378578
0.378598
0.378641
0.378727
0.378874
0.378624
0.378688
0.378712
0.378716
0.378718
0.378725
0.378744
0.378788
0.378874
0.379022
0.103107
0.103622
0.103788
0.103826
0.103834
0.103837
0.103844
0.103857
0.103883
0.103926
0.103093
0.103607
0.103773
0.103812
0.103819
0.103823
0.103829
0.103843
0.103871
0.103919
0.103084
0.103598
0.103765
0.103803
0.103811
0.103814
0.103821
0.103835
0.103864
0.103914
0.10308
0.103594
0.103761
0.103799
0.103807
0.10381
0.103817
0.103832
0.103861
0.103912
0.103079
0.103593
0.103759
0.103798
0.103806
0.103809
0.103816
0.103831
0.10386
0.103911
0.10308
0.103595
0.103761
0.1038
0.103808
0.103811
0.103818
0.103833
0.103863
0.103913
0.103086
0.103601
0.103768
0.103806
0.103814
0.103818
0.103825
0.10384
0.103869
0.10392
0.103099
0.103615
0.103782
0.103821
0.103829
0.103833
0.10384
0.103855
0.103884
0.103935
0.103125
0.103642
0.103811
0.10385
0.103858
0.103862
0.103869
0.103884
0.103914
0.103965
0.103167
0.10369
0.103861
0.103901
0.103909
0.103913
0.10392
0.103935
0.103965
0.104016
2.78472e-10
2.78377e-10
2.78304e-10
2.78183e-10
2.7778e-10
2.7632e-10
2.71577e-10
2.58463e-10
2.29279e-10
1.84386e-10
2.78381e-10
2.78287e-10
2.78215e-10
2.78094e-10
2.77692e-10
2.76233e-10
2.71494e-10
2.5839e-10
2.29222e-10
1.84352e-10
2.7833e-10
2.78236e-10
2.78164e-10
2.78044e-10
2.77642e-10
2.76184e-10
2.71448e-10
2.58349e-10
2.29191e-10
1.84331e-10
2.78307e-10
2.78213e-10
2.78141e-10
2.78021e-10
2.77619e-10
2.76162e-10
2.71428e-10
2.58331e-10
2.29177e-10
1.84322e-10
2.78307e-10
2.78214e-10
2.78142e-10
2.78022e-10
2.7762e-10
2.76164e-10
2.71429e-10
2.58334e-10
2.2918e-10
1.84325e-10
2.78337e-10
2.78244e-10
2.78173e-10
2.78054e-10
2.77652e-10
2.76195e-10
2.71461e-10
2.58364e-10
2.29207e-10
1.84348e-10
2.78421e-10
2.7833e-10
2.7826e-10
2.78142e-10
2.7774e-10
2.76283e-10
2.71547e-10
2.58446e-10
2.29281e-10
1.84408e-10
2.78608e-10
2.78521e-10
2.78454e-10
2.78338e-10
2.77938e-10
2.7648e-10
2.7174e-10
2.5863e-10
2.29445e-10
1.84542e-10
2.78967e-10
2.78891e-10
2.78833e-10
2.7872e-10
2.7832e-10
2.76861e-10
2.72115e-10
2.58988e-10
2.29764e-10
1.84803e-10
2.79566e-10
2.79528e-10
2.79481e-10
2.79371e-10
2.78972e-10
2.77511e-10
2.72755e-10
2.59598e-10
2.3031e-10
1.85249e-10
3.88733e-11
3.88594e-11
3.88483e-11
3.88289e-11
3.87647e-11
3.85385e-11
3.7828e-11
3.59417e-11
3.19864e-11
2.65882e-11
3.88601e-11
3.88463e-11
3.88352e-11
3.88159e-11
3.87518e-11
3.85259e-11
3.7816e-11
3.59312e-11
3.19782e-11
2.65837e-11
3.88526e-11
3.88388e-11
3.88278e-11
3.88086e-11
3.87445e-11
3.85188e-11
3.78093e-11
3.59252e-11
3.19735e-11
2.65805e-11
3.88493e-11
3.88355e-11
3.88246e-11
3.88053e-11
3.87413e-11
3.85156e-11
3.78064e-11
3.59227e-11
3.19716e-11
2.65792e-11
3.88494e-11
3.88357e-11
3.88248e-11
3.88056e-11
3.87416e-11
3.85159e-11
3.78067e-11
3.59232e-11
3.19721e-11
2.65797e-11
3.88541e-11
3.88405e-11
3.88296e-11
3.88104e-11
3.87465e-11
3.85209e-11
3.78116e-11
3.59278e-11
3.19763e-11
2.65833e-11
3.88671e-11
3.88537e-11
3.8843e-11
3.8824e-11
3.87601e-11
3.85344e-11
3.78249e-11
3.59405e-11
3.19877e-11
2.65929e-11
3.88959e-11
3.88831e-11
3.88729e-11
3.88542e-11
3.87904e-11
3.85646e-11
3.78546e-11
3.59687e-11
3.20129e-11
2.66142e-11
3.89512e-11
3.89401e-11
3.89311e-11
3.89129e-11
3.88492e-11
3.86231e-11
3.7912e-11
3.60235e-11
3.2062e-11
2.66557e-11
3.90436e-11
3.90379e-11
3.90306e-11
3.90129e-11
3.89493e-11
3.87228e-11
3.801e-11
3.61168e-11
3.21457e-11
2.67262e-11
5.21609e-12
5.21413e-12
5.21251e-12
5.20958e-12
5.19991e-12
5.16674e-12
5.06581e-12
4.80829e-12
4.29768e-12
3.664e-12
5.21424e-12
5.2123e-12
5.21069e-12
5.20776e-12
5.19811e-12
5.16497e-12
5.06415e-12
4.80682e-12
4.29653e-12
3.66339e-12
5.2132e-12
5.21126e-12
5.20965e-12
5.20673e-12
5.19708e-12
5.16398e-12
5.06321e-12
4.80599e-12
4.29588e-12
3.66295e-12
5.21274e-12
5.2108e-12
5.2092e-12
5.20628e-12
5.19664e-12
5.16354e-12
5.0628e-12
4.80564e-12
4.29561e-12
3.66276e-12
5.21277e-12
5.21084e-12
5.20924e-12
5.20632e-12
5.19669e-12
5.1636e-12
5.06287e-12
4.80572e-12
4.29571e-12
3.66285e-12
5.21347e-12
5.21154e-12
5.20996e-12
5.20705e-12
5.19742e-12
5.16433e-12
5.06359e-12
4.80641e-12
4.29633e-12
3.6634e-12
5.21539e-12
5.21349e-12
5.21194e-12
5.20905e-12
5.19943e-12
5.16633e-12
5.06555e-12
4.80827e-12
4.29801e-12
3.66485e-12
5.21964e-12
5.21783e-12
5.21635e-12
5.2135e-12
5.20389e-12
5.17077e-12
5.06991e-12
4.81242e-12
4.30173e-12
3.66808e-12
5.22779e-12
5.22623e-12
5.2249e-12
5.22212e-12
5.21253e-12
5.17936e-12
5.07834e-12
4.82044e-12
4.30896e-12
3.67433e-12
5.24141e-12
5.24061e-12
5.23952e-12
5.23682e-12
5.22723e-12
5.19399e-12
5.0927e-12
4.83411e-12
4.32126e-12
3.68493e-12
6.73882e-13
6.73617e-13
6.73391e-13
6.72967e-13
6.71585e-13
6.66961e-13
6.53317e-13
6.19788e-13
5.56629e-13
4.84071e-13
6.73634e-13
6.73371e-13
6.73146e-13
6.72723e-13
6.71343e-13
6.66725e-13
6.53094e-13
6.19591e-13
5.56473e-13
4.83991e-13
6.73494e-13
6.73231e-13
6.73007e-13
6.72584e-13
6.71206e-13
6.66591e-13
6.52968e-13
6.19481e-13
5.56387e-13
4.83932e-13
6.73432e-13
6.7317e-13
6.72946e-13
6.72524e-13
6.71146e-13
6.66534e-13
6.52914e-13
6.19435e-13
5.56352e-13
4.83907e-13
6.73439e-13
6.73177e-13
6.72954e-13
6.72533e-13
6.71156e-13
6.66543e-13
6.52925e-13
6.19447e-13
5.56366e-13
4.83921e-13
6.73539e-13
6.73278e-13
6.73056e-13
6.72636e-13
6.71259e-13
6.66647e-13
6.53028e-13
6.19545e-13
5.56455e-13
4.84001e-13
6.73811e-13
6.73554e-13
6.73337e-13
6.72919e-13
6.71543e-13
6.6693e-13
6.53305e-13
6.19808e-13
5.56693e-13
4.84211e-13
6.74412e-13
6.74166e-13
6.73959e-13
6.73547e-13
6.72172e-13
6.67556e-13
6.53918e-13
6.20392e-13
5.5722e-13
4.84676e-13
6.75564e-13
6.75352e-13
6.75165e-13
6.74762e-13
6.7339e-13
6.68766e-13
6.55105e-13
6.2152e-13
5.58241e-13
4.85575e-13
6.77487e-13
6.77379e-13
6.77225e-13
6.76832e-13
6.7546e-13
6.70824e-13
6.57123e-13
6.2344e-13
5.59976e-13
4.871e-13
8.39532e-14
8.39186e-14
8.38883e-14
8.38298e-14
8.36416e-14
8.3027e-14
8.12651e-14
7.70861e-14
6.95699e-14
6.14705e-14
8.39211e-14
8.38868e-14
8.38566e-14
8.37983e-14
8.36104e-14
8.29965e-14
8.12363e-14
7.70606e-14
6.95498e-14
6.14605e-14
8.3903e-14
8.38687e-14
8.38386e-14
8.37804e-14
8.35927e-14
8.29792e-14
8.122e-14
7.70464e-14
6.95387e-14
6.14529e-14
8.38951e-14
8.38609e-14
8.38308e-14
8.37727e-14
8.35851e-14
8.29719e-14
8.12132e-14
7.70405e-14
6.95342e-14
6.14497e-14
8.38963e-14
8.38621e-14
8.38322e-14
8.37741e-14
8.35865e-14
8.29734e-14
8.12149e-14
7.70424e-14
6.95362e-14
6.14518e-14
8.39099e-14
8.38759e-14
8.38462e-14
8.37882e-14
8.36007e-14
8.29876e-14
8.12288e-14
7.70558e-14
6.95485e-14
6.14629e-14
8.39469e-14
8.39135e-14
8.38842e-14
8.38267e-14
8.36393e-14
8.30259e-14
8.12664e-14
7.70915e-14
6.95809e-14
6.14919e-14
8.40286e-14
8.39965e-14
8.39686e-14
8.39117e-14
8.37245e-14
8.31107e-14
8.13495e-14
7.71705e-14
6.96527e-14
6.15561e-14
8.41848e-14
8.41572e-14
8.4132e-14
8.40763e-14
8.38893e-14
8.32745e-14
8.15099e-14
7.73231e-14
6.97914e-14
6.16801e-14
8.44458e-14
8.44317e-14
8.44107e-14
8.43564e-14
8.41693e-14
8.35526e-14
8.17825e-14
7.75823e-14
7.00267e-14
6.18901e-14
1.01001e-14
1.00958e-14
1.00919e-14
1.00842e-14
1.00597e-14
9.98149e-15
9.76349e-15
9.26326e-15
8.40025e-15
7.5191e-15
1.00961e-14
1.00918e-14
1.00879e-14
1.00802e-14
1.00558e-14
9.97769e-15
9.7599e-15
9.26009e-15
8.39774e-15
7.51788e-15
1.00939e-14
1.00895e-14
1.00857e-14
1.0078e-14
1.00536e-14
9.97554e-15
9.75789e-15
9.25832e-15
8.39636e-15
7.51694e-15
1.00929e-14
1.00886e-14
1.00847e-14
1.0077e-14
1.00526e-14
9.97464e-15
9.75705e-15
9.2576e-15
8.3958e-15
7.51654e-15
1.00931e-14
1.00888e-14
1.00849e-14
1.00773e-14
1.00528e-14
9.97487e-15
9.7573e-15
9.25787e-15
8.39609e-15
7.51684e-15
1.00949e-14
1.00906e-14
1.00867e-14
1.00791e-14
1.00547e-14
9.97673e-15
9.75913e-15
9.25962e-15
8.39771e-15
7.51832e-15
1.00997e-14
1.00955e-14
1.00917e-14
1.00841e-14
1.00597e-14
9.98173e-15
9.76403e-15
9.26429e-15
8.40197e-15
7.52218e-15
1.01104e-14
1.01063e-14
1.01027e-14
1.00952e-14
1.00709e-14
9.99278e-15
9.77485e-15
9.27458e-15
8.41136e-15
7.53069e-15
1.01308e-14
1.01273e-14
1.0124e-14
1.01167e-14
1.00923e-14
1.00141e-14
9.79573e-15
9.29444e-15
8.42949e-15
7.54709e-15
1.01648e-14
1.01631e-14
1.01603e-14
1.01531e-14
1.01288e-14
1.00503e-14
9.83117e-15
9.32815e-15
8.46022e-15
7.57485e-15
1.17498e-15
1.17445e-15
1.17397e-15
1.17299e-15
1.16994e-15
1.1604e-15
1.13449e-15
1.07683e-15
9.81007e-16
8.87589e-16
1.1745e-15
1.17397e-15
1.17349e-15
1.17252e-15
1.16947e-15
1.15994e-15
1.13406e-15
1.07645e-15
9.80705e-16
8.87446e-16
1.17423e-15
1.1737e-15
1.17322e-15
1.17225e-15
1.1692e-15
1.15969e-15
1.13382e-15
1.07623e-15
9.80538e-16
8.87333e-16
1.17411e-15
1.17359e-15
1.17311e-15
1.17214e-15
1.16909e-15
1.15958e-15
1.13372e-15
1.07615e-15
9.80473e-16
8.87286e-16
1.17414e-15
1.17362e-15
1.17314e-15
1.17217e-15
1.16912e-15
1.15961e-15
1.13375e-15
1.07619e-15
9.80512e-16
8.87327e-16
1.17436e-15
1.17385e-15
1.17337e-15
1.1724e-15
1.16936e-15
1.15985e-15
1.13398e-15
1.07641e-15
9.80717e-16
8.87516e-16
1.17498e-15
1.17447e-15
1.174e-15
1.17304e-15
1.16999e-15
1.16048e-15
1.1346e-15
1.07699e-15
9.81256e-16
8.88009e-16
1.17632e-15
1.17583e-15
1.17538e-15
1.17443e-15
1.17139e-15
1.16187e-15
1.13596e-15
1.07829e-15
9.82442e-16
8.89093e-16
1.17888e-15
1.17846e-15
1.17805e-15
1.17712e-15
1.17408e-15
1.16454e-15
1.13858e-15
1.08078e-15
9.84727e-16
8.91181e-16
1.18317e-15
1.18295e-15
1.18261e-15
1.1817e-15
1.17866e-15
1.16908e-15
1.14302e-15
1.085e-15
9.88596e-16
8.94712e-16
1.32341e-16
1.32279e-16
1.32221e-16
1.32103e-16
1.31737e-16
1.30618e-16
1.27651e-16
1.21237e-16
1.10931e-16
1.01279e-16
1.32285e-16
1.32223e-16
1.32166e-16
1.32048e-16
1.31682e-16
1.30565e-16
1.27602e-16
1.21192e-16
1.10896e-16
1.01262e-16
1.32253e-16
1.32192e-16
1.32134e-16
1.32017e-16
1.31652e-16
1.30535e-16
1.27574e-16
1.21168e-16
1.10876e-16
1.01249e-16
1.3224e-16
1.32179e-16
1.32121e-16
1.32004e-16
1.31639e-16
1.30523e-16
1.27562e-16
1.21158e-16
1.10869e-16
1.01244e-16
1.32243e-16
1.32183e-16
1.32125e-16
1.32008e-16
1.31643e-16
1.30527e-16
1.27567e-16
1.21163e-16
1.10874e-16
1.01249e-16
1.32271e-16
1.32211e-16
1.32153e-16
1.32036e-16
1.31672e-16
1.30556e-16
1.27595e-16
1.2119e-16
1.10899e-16
1.01273e-16
1.32346e-16
1.32286e-16
1.3223e-16
1.32113e-16
1.31749e-16
1.30632e-16
1.2767e-16
1.21261e-16
1.10965e-16
1.01333e-16
1.32509e-16
1.32452e-16
1.32398e-16
1.32283e-16
1.31918e-16
1.30801e-16
1.27834e-16
1.21418e-16
1.11109e-16
1.01466e-16
1.32821e-16
1.32771e-16
1.32722e-16
1.32609e-16
1.32245e-16
1.31125e-16
1.28151e-16
1.2172e-16
1.11387e-16
1.01723e-16
1.33341e-16
1.33315e-16
1.33274e-16
1.33163e-16
1.32798e-16
1.31674e-16
1.28689e-16
1.22231e-16
1.11857e-16
1.02156e-16
1.44638e-17
1.44568e-17
1.445e-17
1.44362e-17
1.4394e-17
1.42673e-17
1.39393e-17
1.32485e-17
1.21722e-17
1.11992e-17
1.44575e-17
1.44505e-17
1.44438e-17
1.443e-17
1.43878e-17
1.42614e-17
1.39337e-17
1.32435e-17
1.21682e-17
1.11974e-17
1.44539e-17
1.4447e-17
1.44403e-17
1.44265e-17
1.43844e-17
1.4258e-17
1.39305e-17
1.32407e-17
1.2166e-17
1.1196e-17
1.44524e-17
1.44455e-17
1.44388e-17
1.44251e-17
1.43829e-17
1.42566e-17
1.39293e-17
1.32396e-17
1.21652e-17
1.11954e-17
1.44529e-17
1.4446e-17
1.44393e-17
1.44256e-17
1.43835e-17
1.42572e-17
1.39298e-17
1.32402e-17
1.21658e-17
1.1196e-17
1.44562e-17
1.44493e-17
1.44427e-17
1.4429e-17
1.43869e-17
1.42606e-17
1.39331e-17
1.32434e-17
1.21688e-17
1.11988e-17
1.4465e-17
1.44582e-17
1.44517e-17
1.4438e-17
1.43959e-17
1.42696e-17
1.39419e-17
1.32518e-17
1.21766e-17
1.1206e-17
1.44842e-17
1.44777e-17
1.44714e-17
1.44579e-17
1.44158e-17
1.42893e-17
1.39613e-17
1.32702e-17
1.21936e-17
1.12219e-17
1.45208e-17
1.45152e-17
1.45094e-17
1.44962e-17
1.44541e-17
1.43273e-17
1.39984e-17
1.33057e-17
1.22263e-17
1.12522e-17
1.45819e-17
1.4579e-17
1.45741e-17
1.45611e-17
1.45189e-17
1.43916e-17
1.40613e-17
1.33656e-17
1.22816e-17
1.13035e-17
1.68836e-18
1.68752e-18
1.68669e-18
1.68496e-18
1.67976e-18
1.6645e-18
1.62587e-18
1.54668e-18
1.42694e-18
1.32227e-18
1.68761e-18
1.68678e-18
1.68595e-18
1.68422e-18
1.67903e-18
1.66379e-18
1.6252e-18
1.54608e-18
1.42647e-18
1.32206e-18
1.68718e-18
1.68635e-18
1.68552e-18
1.6838e-18
1.67861e-18
1.66338e-18
1.62483e-18
1.54575e-18
1.42621e-18
1.32188e-18
1.68701e-18
1.68618e-18
1.68535e-18
1.68363e-18
1.67845e-18
1.66322e-18
1.62468e-18
1.54563e-18
1.42611e-18
1.32182e-18
1.68707e-18
1.68624e-18
1.68541e-18
1.6837e-18
1.67852e-18
1.66329e-18
1.62475e-18
1.5457e-18
1.42619e-18
1.3219e-18
1.68749e-18
1.68666e-18
1.68584e-18
1.68413e-18
1.67895e-18
1.66372e-18
1.62517e-18
1.54611e-18
1.42657e-18
1.32226e-18
1.6886e-18
1.68778e-18
1.68698e-18
1.68527e-18
1.68009e-18
1.66486e-18
1.62628e-18
1.54717e-18
1.42756e-18
1.32318e-18
1.69101e-18
1.69023e-18
1.68946e-18
1.68777e-18
1.68259e-18
1.66734e-18
1.62871e-18
1.54949e-18
1.42971e-18
1.32519e-18
1.69561e-18
1.69494e-18
1.69423e-18
1.69257e-18
1.68739e-18
1.6721e-18
1.63337e-18
1.55393e-18
1.43383e-18
1.32904e-18
1.7032e-18
1.70286e-18
1.70225e-18
1.70062e-18
1.69543e-18
1.68007e-18
1.64117e-18
1.56136e-18
1.44072e-18
1.33547e-18
6.99344e-10
8.70866e-10
9.82792e-10
1.03334e-09
1.05176e-09
1.05757e-09
1.05942e-09
1.06046e-09
1.06183e-09
1.06406e-09
6.99031e-10
8.70511e-10
9.8241e-10
1.03295e-09
1.05137e-09
1.05718e-09
1.05903e-09
1.06008e-09
1.0615e-09
1.06387e-09
6.98837e-10
8.70284e-10
9.82164e-10
1.03269e-09
1.05111e-09
1.05692e-09
1.05878e-09
1.05984e-09
1.06129e-09
1.06371e-09
6.98741e-10
8.70171e-10
9.82041e-10
1.03256e-09
1.05098e-09
1.05679e-09
1.05865e-09
1.05973e-09
1.06119e-09
1.06362e-09
6.98723e-10
8.70151e-10
9.8202e-10
1.03254e-09
1.05096e-09
1.05677e-09
1.05864e-09
1.05971e-09
1.06118e-09
1.06362e-09
6.98786e-10
8.70231e-10
9.82113e-10
1.03264e-09
1.05106e-09
1.05688e-09
1.05874e-09
1.05982e-09
1.06129e-09
1.06373e-09
6.9898e-10
8.70476e-10
9.82394e-10
1.03294e-09
1.05137e-09
1.05719e-09
1.05905e-09
1.06014e-09
1.06161e-09
1.06405e-09
6.9942e-10
8.7103e-10
9.8303e-10
1.03362e-09
1.05207e-09
1.05789e-09
1.05976e-09
1.06084e-09
1.06232e-09
1.06476e-09
7.00286e-10
8.72125e-10
9.84288e-10
1.03496e-09
1.05344e-09
1.05928e-09
1.06115e-09
1.06223e-09
1.06371e-09
1.06617e-09
7.01772e-10
8.74043e-10
9.86491e-10
1.0373e-09
1.05584e-09
1.06169e-09
1.06357e-09
1.06466e-09
1.06615e-09
1.06863e-09
1.00756e-10
1.21419e-10
1.36601e-10
1.43877e-10
1.4664e-10
1.4754e-10
1.47833e-10
1.47997e-10
1.48211e-10
1.48556e-10
1.0071e-10
1.21368e-10
1.36546e-10
1.4382e-10
1.46582e-10
1.47483e-10
1.47777e-10
1.47943e-10
1.48163e-10
1.48529e-10
1.00681e-10
1.21335e-10
1.3651e-10
1.43783e-10
1.46545e-10
1.47446e-10
1.4774e-10
1.47909e-10
1.48133e-10
1.48506e-10
1.00667e-10
1.21318e-10
1.36492e-10
1.43765e-10
1.46526e-10
1.47427e-10
1.47722e-10
1.47892e-10
1.48118e-10
1.48493e-10
1.00664e-10
1.21315e-10
1.36489e-10
1.43762e-10
1.46524e-10
1.47425e-10
1.4772e-10
1.4789e-10
1.48118e-10
1.48493e-10
1.00674e-10
1.21328e-10
1.36504e-10
1.43777e-10
1.4654e-10
1.47441e-10
1.47736e-10
1.47907e-10
1.48135e-10
1.4851e-10
1.00705e-10
1.21366e-10
1.36547e-10
1.43823e-10
1.46587e-10
1.47489e-10
1.47785e-10
1.47955e-10
1.48183e-10
1.48559e-10
1.00776e-10
1.21451e-10
1.36645e-10
1.43928e-10
1.46694e-10
1.47597e-10
1.47893e-10
1.48064e-10
1.48293e-10
1.48669e-10
1.00914e-10
1.2162e-10
1.36838e-10
1.44134e-10
1.46905e-10
1.4781e-10
1.48107e-10
1.48279e-10
1.48508e-10
1.48886e-10
1.01149e-10
1.21915e-10
1.37176e-10
1.44494e-10
1.47274e-10
1.48182e-10
1.4848e-10
1.48653e-10
1.48883e-10
1.49265e-10
1.38722e-11
1.63033e-11
1.82652e-11
1.92595e-11
1.96524e-11
1.97846e-11
1.98287e-11
1.98534e-11
1.98851e-11
1.99362e-11
1.38657e-11
1.62961e-11
1.82576e-11
1.92517e-11
1.96444e-11
1.97766e-11
1.98208e-11
1.98458e-11
1.98785e-11
1.99325e-11
1.38616e-11
1.62915e-11
1.82526e-11
1.92465e-11
1.96392e-11
1.97715e-11
1.98158e-11
1.98411e-11
1.98744e-11
1.99292e-11
1.38595e-11
1.62892e-11
1.82501e-11
1.9244e-11
1.96366e-11
1.97689e-11
1.98133e-11
1.98387e-11
1.98723e-11
1.99275e-11
1.38592e-11
1.62889e-11
1.82497e-11
1.92436e-11
1.96363e-11
1.97686e-11
1.9813e-11
1.98385e-11
1.98722e-11
1.99275e-11
1.38607e-11
1.62907e-11
1.82519e-11
1.92459e-11
1.96386e-11
1.9771e-11
1.98154e-11
1.9841e-11
1.98747e-11
1.99301e-11
1.38655e-11
1.62963e-11
1.82582e-11
1.92527e-11
1.96456e-11
1.9778e-11
1.98225e-11
1.98481e-11
1.98819e-11
1.99373e-11
1.38761e-11
1.6309e-11
1.82726e-11
1.9268e-11
1.96614e-11
1.9794e-11
1.98385e-11
1.98642e-11
1.98981e-11
1.99536e-11
1.3897e-11
1.6334e-11
1.83011e-11
1.92984e-11
1.96925e-11
1.98254e-11
1.98701e-11
1.98958e-11
1.99298e-11
1.99855e-11
1.39325e-11
1.63775e-11
1.83507e-11
1.93512e-11
1.97468e-11
1.98801e-11
1.9925e-11
1.99509e-11
1.99851e-11
2.00413e-11
1.83102e-12
2.11015e-12
2.35314e-12
2.48274e-12
2.53591e-12
2.55437e-12
2.56068e-12
2.56422e-12
2.56874e-12
2.57597e-12
1.83014e-12
2.10919e-12
2.35211e-12
2.48169e-12
2.53485e-12
2.55331e-12
2.55963e-12
2.56322e-12
2.56787e-12
2.57549e-12
1.82958e-12
2.10857e-12
2.35145e-12
2.481e-12
2.53416e-12
2.55262e-12
2.55895e-12
2.56258e-12
2.56731e-12
2.57506e-12
1.8293e-12
2.10826e-12
2.35112e-12
2.48065e-12
2.53381e-12
2.55227e-12
2.55862e-12
2.56227e-12
2.56703e-12
2.57482e-12
1.82925e-12
2.10822e-12
2.35107e-12
2.48061e-12
2.53377e-12
2.55223e-12
2.55859e-12
2.56225e-12
2.56703e-12
2.57484e-12
1.82948e-12
2.10848e-12
2.35138e-12
2.48094e-12
2.5341e-12
2.55257e-12
2.55893e-12
2.5626e-12
2.56739e-12
2.5752e-12
1.83017e-12
2.10928e-12
2.35228e-12
2.4819e-12
2.53509e-12
2.55357e-12
2.55994e-12
2.56361e-12
2.5684e-12
2.57622e-12
1.83171e-12
2.11108e-12
2.35431e-12
2.48407e-12
2.53732e-12
2.55583e-12
2.5622e-12
2.56588e-12
2.57069e-12
2.57852e-12
1.83473e-12
2.11462e-12
2.35832e-12
2.48834e-12
2.54172e-12
2.56027e-12
2.56666e-12
2.57035e-12
2.57518e-12
2.58304e-12
1.83985e-12
2.12078e-12
2.3653e-12
2.49578e-12
2.54936e-12
2.56798e-12
2.5744e-12
2.57811e-12
2.58297e-12
2.59091e-12
2.32291e-13
2.6355e-13
2.92509e-13
3.08682e-13
3.15559e-13
3.18017e-13
3.18878e-13
3.19366e-13
3.19983e-13
3.20965e-13
2.32176e-13
2.63426e-13
2.92377e-13
3.08547e-13
3.15422e-13
3.1788e-13
3.18743e-13
3.19236e-13
3.1987e-13
3.20904e-13
2.32103e-13
2.63346e-13
2.92292e-13
3.08459e-13
3.15333e-13
3.17792e-13
3.18657e-13
3.19155e-13
3.19799e-13
3.20849e-13
2.32066e-13
2.63306e-13
2.92249e-13
3.08415e-13
3.15288e-13
3.17747e-13
3.18613e-13
3.19114e-13
3.19763e-13
3.20819e-13
2.32061e-13
2.63301e-13
2.92244e-13
3.0841e-13
3.15284e-13
3.17743e-13
3.1861e-13
3.19113e-13
3.19764e-13
3.20822e-13
2.32092e-13
2.63337e-13
2.92285e-13
3.08454e-13
3.15329e-13
3.1779e-13
3.18657e-13
3.1916e-13
3.19812e-13
3.20871e-13
2.32188e-13
2.63446e-13
2.92408e-13
3.08585e-13
3.15464e-13
3.17925e-13
3.18794e-13
3.19298e-13
3.1995e-13
3.2101e-13
2.32402e-13
2.63692e-13
2.92684e-13
3.08879e-13
3.15766e-13
3.18232e-13
3.19101e-13
3.19606e-13
3.20261e-13
3.21322e-13
2.3282e-13
2.64174e-13
2.93227e-13
3.09458e-13
3.16362e-13
3.18834e-13
3.19706e-13
3.20213e-13
3.2087e-13
3.21936e-13
2.33526e-13
2.65012e-13
2.94171e-13
3.10464e-13
3.17396e-13
3.19879e-13
3.20755e-13
3.21264e-13
3.21926e-13
3.23003e-13
2.83856e-14
3.1799e-14
3.51298e-14
3.70686e-14
3.79207e-14
3.8234e-14
3.83464e-14
3.84107e-14
3.84917e-14
3.86202e-14
2.83712e-14
3.17836e-14
3.51135e-14
3.70518e-14
3.79038e-14
3.82171e-14
3.83297e-14
3.83947e-14
3.84778e-14
3.86127e-14
2.8362e-14
3.17737e-14
3.5103e-14
3.70409e-14
3.78928e-14
3.82061e-14
3.8319e-14
3.83846e-14
3.8469e-14
3.8606e-14
2.83573e-14
3.17687e-14
3.50976e-14
3.70354e-14
3.78872e-14
3.82006e-14
3.83136e-14
3.83796e-14
3.84646e-14
3.86023e-14
2.83567e-14
3.17681e-14
3.50971e-14
3.70349e-14
3.78867e-14
3.82002e-14
3.83133e-14
3.83795e-14
3.84647e-14
3.86027e-14
2.8361e-14
3.1773e-14
3.51025e-14
3.70407e-14
3.78927e-14
3.82063e-14
3.83195e-14
3.83858e-14
3.84711e-14
3.86092e-14
2.83737e-14
3.17873e-14
3.51185e-14
3.70577e-14
3.79103e-14
3.8224e-14
3.83373e-14
3.84037e-14
3.84892e-14
3.86274e-14
2.84022e-14
3.18195e-14
3.51545e-14
3.70962e-14
3.79498e-14
3.82641e-14
3.83775e-14
3.84441e-14
3.85297e-14
3.86682e-14
2.84576e-14
3.18828e-14
3.52254e-14
3.71717e-14
3.80275e-14
3.83426e-14
3.84565e-14
3.85233e-14
3.86093e-14
3.87483e-14
2.85513e-14
3.19924e-14
3.53484e-14
3.73026e-14
3.81621e-14
3.84787e-14
3.85931e-14
3.86603e-14
3.87469e-14
3.88874e-14
3.34731e-15
3.71076e-15
4.08129e-15
4.30512e-15
4.40659e-15
4.44491e-15
4.45898e-15
4.46713e-15
4.47736e-15
4.49355e-15
3.34557e-15
3.70891e-15
4.07934e-15
4.30312e-15
4.40456e-15
4.44288e-15
4.45698e-15
4.46522e-15
4.4757e-15
4.49267e-15
3.34445e-15
3.70772e-15
4.07808e-15
4.30181e-15
4.40324e-15
4.44157e-15
4.45569e-15
4.46401e-15
4.47464e-15
4.49186e-15
3.34389e-15
3.70711e-15
4.07744e-15
4.30115e-15
4.40258e-15
4.44091e-15
4.45505e-15
4.46341e-15
4.47412e-15
4.49143e-15
3.34382e-15
3.70705e-15
4.07738e-15
4.3011e-15
4.40253e-15
4.44087e-15
4.45503e-15
4.46341e-15
4.47415e-15
4.49149e-15
3.34437e-15
3.70767e-15
4.07807e-15
4.30184e-15
4.40329e-15
4.44164e-15
4.45581e-15
4.4642e-15
4.47496e-15
4.49231e-15
3.346e-15
3.70948e-15
4.08008e-15
4.30398e-15
4.4055e-15
4.44388e-15
4.45806e-15
4.46647e-15
4.47724e-15
4.49461e-15
3.34964e-15
3.71356e-15
4.08462e-15
4.30882e-15
4.41048e-15
4.44891e-15
4.46312e-15
4.47155e-15
4.48235e-15
4.49974e-15
3.35672e-15
3.72156e-15
4.09354e-15
4.31831e-15
4.42025e-15
4.45879e-15
4.47305e-15
4.48151e-15
4.49236e-15
4.50983e-15
3.36867e-15
3.73538e-15
4.10897e-15
4.33473e-15
4.43714e-15
4.47588e-15
4.49021e-15
4.49871e-15
4.50964e-15
4.5273e-15
3.81539e-16
4.19276e-16
4.59215e-16
4.8416e-16
4.95797e-16
5.00304e-16
5.01998e-16
5.02993e-16
5.04239e-16
5.06207e-16
3.81336e-16
4.19061e-16
4.58989e-16
4.83928e-16
4.95562e-16
5.00069e-16
5.01766e-16
5.02771e-16
5.04047e-16
5.06106e-16
3.81205e-16
4.18923e-16
4.58843e-16
4.83777e-16
4.9541e-16
4.99917e-16
5.01617e-16
5.02631e-16
5.03925e-16
5.06013e-16
3.81139e-16
4.18853e-16
4.58769e-16
4.83701e-16
4.95333e-16
4.99841e-16
5.01543e-16
5.02562e-16
5.03865e-16
5.05963e-16
3.81133e-16
4.18847e-16
4.58764e-16
4.83696e-16
4.95329e-16
4.99838e-16
5.01542e-16
5.02563e-16
5.0387e-16
5.05972e-16
3.81201e-16
4.18923e-16
4.58848e-16
4.83786e-16
4.95422e-16
4.99933e-16
5.01638e-16
5.02661e-16
5.0397e-16
5.06073e-16
3.81402e-16
4.19144e-16
4.59093e-16
4.84047e-16
4.95691e-16
5.00205e-16
5.01912e-16
5.02936e-16
5.04247e-16
5.06352e-16
3.8185e-16
4.19642e-16
4.59645e-16
4.84634e-16
4.96295e-16
5.00817e-16
5.02527e-16
5.03554e-16
5.04868e-16
5.06977e-16
3.82721e-16
4.20617e-16
4.60727e-16
4.85785e-16
4.9748e-16
5.02015e-16
5.03732e-16
5.04763e-16
5.06083e-16
5.08202e-16
3.8419e-16
4.223e-16
4.62597e-16
4.87773e-16
4.99526e-16
5.04085e-16
5.05811e-16
5.06848e-16
5.08178e-16
5.10321e-16
4.21435e-17
4.59685e-17
5.01498e-17
5.28413e-17
5.41307e-17
5.46422e-17
5.48389e-17
5.49562e-17
5.51031e-17
5.53344e-17
4.21206e-17
4.59443e-17
5.01244e-17
5.28151e-17
5.41043e-17
5.46159e-17
5.48128e-17
5.49312e-17
5.50815e-17
5.53231e-17
4.21058e-17
4.59287e-17
5.0108e-17
5.27982e-17
5.40872e-17
5.45988e-17
5.47962e-17
5.49156e-17
5.50679e-17
5.53128e-17
4.20984e-17
4.59208e-17
5.00997e-17
5.27897e-17
5.40786e-17
5.45903e-17
5.47879e-17
5.49079e-17
5.50612e-17
5.53073e-17
4.20978e-17
4.59203e-17
5.00993e-17
5.27893e-17
5.40783e-17
5.45901e-17
5.47879e-17
5.49082e-17
5.50619e-17
5.53084e-17
4.2106e-17
4.59293e-17
5.01092e-17
5.28e-17
5.40894e-17
5.46013e-17
5.47993e-17
5.49197e-17
5.50737e-17
5.53204e-17
4.21298e-17
4.59555e-17
5.01381e-17
5.28307e-17
5.4121e-17
5.46334e-17
5.48315e-17
5.49521e-17
5.51063e-17
5.53533e-17
4.21832e-17
4.60144e-17
5.0203e-17
5.28996e-17
5.4192e-17
5.47053e-17
5.49038e-17
5.50247e-17
5.51793e-17
5.54268e-17
4.22867e-17
4.61294e-17
5.03301e-17
5.30347e-17
5.43311e-17
5.4846e-17
5.50453e-17
5.51667e-17
5.53221e-17
5.55707e-17
4.24612e-17
4.63276e-17
5.05494e-17
5.32676e-17
5.45708e-17
5.50886e-17
5.5289e-17
5.54112e-17
5.55678e-17
5.58193e-17
4.96995e-18
5.38401e-18
5.85051e-18
6.15973e-18
6.31189e-18
6.37376e-18
6.39811e-18
6.41289e-18
6.4314e-18
6.46014e-18
4.96721e-18
5.38113e-18
5.84749e-18
6.15663e-18
6.30876e-18
6.37062e-18
6.39502e-18
6.40994e-18
6.42885e-18
6.45886e-18
4.96543e-18
5.37925e-18
5.84552e-18
6.1546e-18
6.30671e-18
6.36858e-18
6.39303e-18
6.40806e-18
6.42723e-18
6.45763e-18
4.96453e-18
5.37831e-18
5.84452e-18
6.15358e-18
6.30568e-18
6.36756e-18
6.39204e-18
6.40714e-18
6.42643e-18
6.45697e-18
4.96447e-18
5.37826e-18
5.8445e-18
6.15356e-18
6.30567e-18
6.36757e-18
6.39207e-18
6.40721e-18
6.42655e-18
6.45714e-18
4.96553e-18
5.37942e-18
5.84577e-18
6.15492e-18
6.30707e-18
6.36899e-18
6.39351e-18
6.40867e-18
6.42804e-18
6.45866e-18
4.96858e-18
5.38274e-18
5.84941e-18
6.15879e-18
6.31106e-18
6.37303e-18
6.39758e-18
6.41276e-18
6.43216e-18
6.46281e-18
4.97538e-18
5.39019e-18
5.85759e-18
6.16747e-18
6.32e-18
6.38209e-18
6.40669e-18
6.42191e-18
6.44136e-18
6.47207e-18
4.98852e-18
5.4047e-18
5.87355e-18
6.18441e-18
6.33745e-18
6.39976e-18
6.42445e-18
6.43974e-18
6.45929e-18
6.49016e-18
5.01042e-18
5.4294e-18
5.90076e-18
6.21328e-18
6.36717e-18
6.42984e-18
6.45468e-18
6.47008e-18
6.48978e-18
6.52101e-18
)
;

boundaryField
{
    inlet1
    {
        type            fixedValue;
        value           uniform 10;
    }
    inlet2
    {
        type            fixedValue;
        value           uniform 20;
    }
    outlet1
    {
        type            zeroGradient;
    }
    outlet2
    {
        type            zeroGradient;
    }
    fixedWalls
    {
        type            zeroGradient;
    }
}


// ************************************************************************* //
