/*--------------------------------*- C++ -*----------------------------------*\
  =========                 |
  \\      /  F ield         | OpenFOAM: The Open Source CFD Toolbox
   \\    /   O peration     | Website:  https://openfoam.org
    \\  /    A nd           | Version:  6
     \\/     M anipulation  |
\*---------------------------------------------------------------------------*/
FoamFile
{
    version     2.0;
    format      ascii;
    class       volScalarField;
    location    "1900";
    object      p;
}
// * * * * * * * * * * * * * * * * * * * * * * * * * * * * * * * * * * * * * //

dimensions      [0 2 -2 0 0 0 0];

internalField   nonuniform List<scalar> 
7000
(
0.0379885
0.0357238
0.0351782
0.0349157
0.0347619
0.03473
0.0348227
0.0350322
0.0355346
0.0377466
0.0357497
0.0334854
0.032943
0.0326835
0.0325335
0.0325061
0.0326035
0.0328174
0.0333222
0.0355403
0.0352276
0.0329662
0.0324252
0.0321679
0.0320209
0.0319968
0.0320979
0.032315
0.0328229
0.0350436
0.0349979
0.0327389
0.0321999
0.0319456
0.0318023
0.0317826
0.0318883
0.0321096
0.0326209
0.0348464
0.0348856
0.0326292
0.0320924
0.0318414
0.0317024
0.0316878
0.0317986
0.0320247
0.03254
0.0347712
0.0349003
0.0326465
0.0321119
0.0318643
0.0317296
0.03172
0.0318361
0.032067
0.0325863
0.0348231
0.0350403
0.032789
0.0322565
0.0320118
0.0318811
0.031876
0.031997
0.0322323
0.0327551
0.034997
0.0352925
0.0330429
0.032512
0.0322697
0.0321421
0.0321407
0.0322655
0.0325043
0.0330301
0.0352764
0.0358295
0.0335801
0.0330505
0.0328098
0.0326844
0.0326856
0.0328131
0.0330545
0.0335822
0.035833
0.0380847
0.0358383
0.0353089
0.0350701
0.0349475
0.034952
0.0350829
0.0353277
0.0358596
0.0381127
0.0350225
0.0335894
0.0335858
0.0333249
0.0331674
0.0331335
0.0332258
0.0334289
0.0333828
0.0347738
0.0336121
0.0321806
0.0321821
0.0319237
0.0317701
0.031741
0.0318388
0.0320474
0.0320022
0.0333994
0.0336323
0.0322058
0.0322077
0.0319517
0.0318011
0.0317756
0.0318774
0.0320898
0.0320485
0.0334469
0.033406
0.0319813
0.0319853
0.0317328
0.0315865
0.031566
0.0316732
0.0318907
0.0318534
0.0332581
0.0332917
0.0318697
0.0318759
0.0316271
0.0314856
0.0314707
0.0315839
0.0318072
0.0317742
0.0331854
0.0333067
0.0318876
0.031896
0.0316508
0.0315141
0.0315048
0.0316241
0.031853
0.0318241
0.0332417
0.0334498
0.0320334
0.0320438
0.0318021
0.0316697
0.0316655
0.0317903
0.0320244
0.0319992
0.0334226
0.0336999
0.0322862
0.0322983
0.032059
0.0319302
0.0319302
0.0320595
0.0322981
0.0322758
0.0337036
0.0336917
0.0322761
0.03229
0.0320524
0.0319258
0.0319283
0.0320603
0.0323014
0.03228
0.0337146
0.0351228
0.0337098
0.033722
0.0334874
0.0333642
0.0333706
0.0335065
0.033751
0.033736
0.035175
0.0325319
0.0316921
0.0320108
0.0317627
0.0316567
0.0316169
0.0316464
0.0318264
0.0314469
0.0322372
0.0317154
0.0308816
0.0312079
0.0309621
0.0308615
0.030828
0.0308644
0.0310536
0.0306746
0.0314706
0.0320589
0.0312323
0.0315582
0.0313154
0.0312182
0.0311892
0.0312307
0.0314248
0.0310519
0.031849
0.0318483
0.0310232
0.0313517
0.0311133
0.0310215
0.0309989
0.0310477
0.0312489
0.0308814
0.0316888
0.0317899
0.0309684
0.0312993
0.0310654
0.0309795
0.030964
0.0310208
0.0312301
0.0308686
0.031685
0.0318055
0.0309875
0.0313208
0.0310915
0.0310114
0.0310031
0.0310677
0.0312849
0.0309287
0.0317544
0.031894
0.031079
0.0314146
0.0311895
0.0311149
0.031113
0.0311848
0.0314091
0.0310575
0.0318921
0.032131
0.0313203
0.0316575
0.0314356
0.0313656
0.0313691
0.0314469
0.0316773
0.0313299
0.0321702
0.0317978
0.0309831
0.0313231
0.0311028
0.0310353
0.0310418
0.0311228
0.0313569
0.0310093
0.0318595
0.0326394
0.0318245
0.0321608
0.0319453
0.0318818
0.0318933
0.0319799
0.0322177
0.0318792
0.0327405
0.0312246
0.0306096
0.0309462
0.0306784
0.0306324
0.0305806
0.0305253
0.0307029
0.0302827
0.0308252
0.0306342
0.0300289
0.0303743
0.0301091
0.030071
0.0300281
0.0299825
0.0301746
0.0297583
0.0303106
0.0309981
0.0304012
0.0307455
0.0304846
0.0304511
0.0304143
0.0303763
0.030576
0.0301697
0.0307272
0.0307733
0.0301777
0.0305256
0.0302703
0.030244
0.0302163
0.030189
0.0304001
0.0300021
0.0305765
0.0307836
0.0301931
0.030544
0.0302945
0.0302759
0.030258
0.0302423
0.0304656
0.0300768
0.0306651
0.0307999
0.0302137
0.0305675
0.030324
0.0303132
0.030305
0.0303005
0.0305356
0.0301549
0.0307577
0.0308207
0.0302376
0.0305943
0.0303562
0.0303526
0.0303532
0.0303586
0.0306041
0.0302302
0.0308472
0.0310752
0.0304981
0.0308564
0.0306227
0.0306253
0.0306334
0.0306471
0.0309014
0.0305339
0.0311596
0.0307204
0.0301388
0.030501
0.0302689
0.0302747
0.0302866
0.0303046
0.0305643
0.0301963
0.0308355
0.0313397
0.0307557
0.0311138
0.0308886
0.0308989
0.0309176
0.0309439
0.0312085
0.0308523
0.0315084
0.0303095
0.0297984
0.0300741
0.0297811
0.0297671
0.0296957
0.0295681
0.0297316
0.0293317
0.0297261
0.0298241
0.0293257
0.0296108
0.0293213
0.0293186
0.0292601
0.0291469
0.0293335
0.0289457
0.0293605
0.0301314
0.0296416
0.0299253
0.0296416
0.0296451
0.0295956
0.0294944
0.0296935
0.0293225
0.0297514
0.0298892
0.0294009
0.0296895
0.029413
0.0294263
0.0293898
0.0293047
0.0295224
0.0291659
0.0296225
0.0299444
0.0294631
0.0297551
0.0294863
0.02951
0.0294874
0.0294194
0.0296564
0.0293155
0.0297946
0.0299613
0.0294853
0.0297811
0.0295201
0.0295543
0.0295455
0.0294939
0.0297493
0.0294215
0.029924
0.0299377
0.0294649
0.0297644
0.0295105
0.0295543
0.0295578
0.0295206
0.029792
0.029474
0.0300006
0.0302124
0.0297476
0.0300488
0.0298012
0.0298532
0.0298672
0.0298421
0.0301265
0.0298184
0.03036
0.0299132
0.0294443
0.0297507
0.0295048
0.0295613
0.0295805
0.0295612
0.0298538
0.0295453
0.030103
0.0304306
0.0299582
0.0302612
0.0300245
0.0300864
0.0301147
0.0301075
0.0304071
0.0301109
0.0306937
0.0293103
0.028903
0.0291455
0.0288483
0.0288427
0.0287435
0.0285471
0.0286519
0.0282181
0.0284189
0.0289292
0.0285382
0.0287906
0.0284985
0.0285083
0.0284276
0.0282541
0.0283951
0.027989
0.0282355
0.0292079
0.0288258
0.0290768
0.0287924
0.0288105
0.0287429
0.0285881
0.0287509
0.0283723
0.0286515
0.0289709
0.0285909
0.0288481
0.0285728
0.0286043
0.0285553
0.0284248
0.0286181
0.0282648
0.0285914
0.0290514
0.0286802
0.0289414
0.0286763
0.0287218
0.0286925
0.0285876
0.0288119
0.0284846
0.0288506
0.0290687
0.028704
0.0289701
0.0287151
0.0287747
0.028765
0.0286847
0.0289377
0.0286317
0.0290374
0.0290192
0.0286581
0.028929
0.0286832
0.0287556
0.0287632
0.0287041
0.0289814
0.0286919
0.0291367
0.029291
0.0289397
0.0292127
0.0289752
0.0290587
0.0290809
0.0290394
0.0293363
0.029062
0.0295336
0.0290185
0.0286638
0.0289428
0.0287075
0.0287969
0.0288262
0.0287927
0.0291012
0.0288275
0.0293225
0.0294338
0.0290743
0.0293508
0.0291269
0.0292233
0.0292648
0.0292478
0.0295667
0.0293081
0.0298347
0.0282512
0.0279409
0.0281633
0.0278754
0.0278652
0.0277291
0.0274551
0.0274524
0.0269212
0.026853
0.0279656
0.0276754
0.0279079
0.0276274
0.0276371
0.0275274
0.0272887
0.0273441
0.0268706
0.0268975
0.0282285
0.0279472
0.0281787
0.0279079
0.0279287
0.0278376
0.0276274
0.0277192
0.027294
0.0273905
0.0280103
0.0277321
0.0279711
0.0277117
0.02775
0.0276848
0.0275108
0.0276521
0.0272746
0.027457
0.0281054
0.0278377
0.0280816
0.0278349
0.0278916
0.0278538
0.0277176
0.0279083
0.0275775
0.0278299
0.0281224
0.0278626
0.0281123
0.0278786
0.0279539
0.0279431
0.0278431
0.0280798
0.0277848
0.0281045
0.0280559
0.0278004
0.0280561
0.0278339
0.027926
0.0279391
0.0278701
0.0281459
0.0278764
0.028265
0.0283098
0.0280654
0.0283238
0.0281126
0.0282192
0.0282526
0.0282093
0.0285155
0.0282692
0.0287082
0.0280505
0.0278035
0.0280685
0.0278601
0.0279744
0.0280174
0.0279853
0.0283087
0.0280662
0.0285345
0.0283711
0.0281183
0.028382
0.0281872
0.0283109
0.0283698
0.0283593
0.0286977
0.0284683
0.0289747
0.0272393
0.0270021
0.0271968
0.0269207
0.0268975
0.0267184
0.0263529
0.0261902
0.0254821
0.0249934
0.0270209
0.0268067
0.0270115
0.026745
0.0267465
0.0266029
0.0262903
0.0262197
0.0256237
0.0253352
0.0272577
0.027052
0.0272562
0.0270012
0.0270167
0.0268984
0.026627
0.0266182
0.0261097
0.0259798
0.0270574
0.026856
0.0270687
0.0268272
0.0268647
0.0267809
0.0265617
0.0266337
0.0262177
0.0262536
0.027158
0.0269682
0.0271862
0.0269602
0.0270208
0.0269732
0.0268083
0.02696
0.0266243
0.0267917
0.0271735
0.0269929
0.0272176
0.0270073
0.0270914
0.0270799
0.026967
0.0271906
0.0269169
0.0272001
0.0270967
0.0269211
0.0271529
0.0269566
0.0270618
0.0270824
0.0270142
0.0272973
0.0270713
0.0274616
0.0273316
0.0271684
0.0274033
0.0272209
0.0273445
0.0273922
0.0273606
0.0276897
0.0275021
0.0279784
0.0270938
0.0269292
0.0271711
0.026992
0.027125
0.0271852
0.0271689
0.0275233
0.0273405
0.0278726
0.0273464
0.0271749
0.0274169
0.0272532
0.027398
0.0274782
0.0274883
0.0278614
0.0276907
0.0282406
0.026286
0.0261043
0.0262685
0.0260075
0.0259699
0.0257489
0.0252837
0.0249001
0.0238433
0.0226604
0.0261102
0.0259532
0.0261264
0.0258765
0.0258671
0.025691
0.0252994
0.0250516
0.0241967
0.0233969
0.0263128
0.0261631
0.0263357
0.0260984
0.0261054
0.0259611
0.0256256
0.0254736
0.0247942
0.0243398
0.0261264
0.0259815
0.026163
0.0259407
0.0259735
0.0258722
0.0256071
0.0255814
0.0250902
0.0249781
0.0262233
0.0260906
0.0262773
0.0260725
0.0261319
0.0260756
0.0258831
0.0259795
0.0256423
0.0257716
0.0262355
0.0261127
0.0263065
0.0261195
0.0262067
0.0261953
0.0260725
0.0262817
0.0260584
0.0263689
0.0261534
0.0260363
0.0262377
0.0260667
0.026179
0.0262081
0.0261461
0.0264517
0.0263006
0.0267765
0.02637
0.0262661
0.026471
0.0263165
0.0264511
0.0265151
0.0265036
0.0268801
0.0267836
0.0274131
0.0261602
0.0260557
0.0262673
0.0261165
0.0262621
0.0263419
0.0263514
0.026762
0.0266869
0.0274038
0.0263654
0.0262543
0.0264678
0.0263342
0.0264942
0.0265972
0.0266364
0.0270696
0.0269889
0.0276577
0.0253598
0.0252293
0.0253732
0.0251408
0.0251023
0.02486
0.0243115
0.0236829
0.0221146
0.0195182
0.0252116
0.0251063
0.0252565
0.0250349
0.0250246
0.024832
0.0243734
0.0239168
0.0226552
0.0207718
0.02538
0.0252799
0.0254289
0.0252192
0.0252253
0.0250678
0.0246756
0.0243502
0.0234146
0.0224548
0.0252054
0.0251099
0.0252669
0.0250717
0.0251044
0.0249949
0.0246874
0.0245416
0.0239667
0.0237474
0.0252919
0.0252076
0.0253686
0.0251909
0.0252511
0.0251916
0.0249714
0.0250009
0.0247017
0.0248791
0.0252984
0.0252239
0.0253911
0.0252319
0.0253215
0.0253128
0.0251785
0.0253696
0.0252646
0.0257281
0.025213
0.0251441
0.0253185
0.025176
0.025293
0.0253314
0.025275
0.0255986
0.025608
0.0262566
0.0254096
0.0253541
0.025532
0.0254077
0.0255497
0.0256304
0.0256397
0.0260619
0.0261538
0.0270422
0.0252243
0.0251693
0.0253531
0.0252323
0.0253858
0.025485
0.025521
0.0259963
0.0261305
0.0272483
0.0253942
0.0253317
0.0255181
0.0254151
0.0255843
0.0257081
0.0257732
0.026266
0.026377
0.0271844
0.0244444
0.0243697
0.0245101
0.0243281
0.0243184
0.024102
0.02354
0.0227428
0.0208284
0.0160764
0.0243143
0.024263
0.024405
0.0242295
0.0242407
0.0240676
0.0235944
0.0229696
0.0212785
0.017444
0.0244511
0.0244017
0.0245405
0.0243736
0.0243967
0.024255
0.0238508
0.0233733
0.0220634
0.0200121
0.0242864
0.0242398
0.0243836
0.0242276
0.0242728
0.0241764
0.0238592
0.023581
0.022758
0.0220496
0.0243572
0.0243192
0.0244641
0.024322
0.0243901
0.0243407
0.0241085
0.0240261
0.0236212
0.0235574
0.0243551
0.0243252
0.0244738
0.0243479
0.0244422
0.0244414
0.024295
0.0244073
0.024319
0.0248328
0.0242656
0.0242403
0.0243941
0.0242835
0.0244035
0.0244495
0.0243853
0.0246663
0.0247254
0.0256641
0.0244387
0.0244261
0.0245822
0.0244901
0.0246355
0.0247272
0.0247406
0.0251527
0.0252957
0.0267035
0.0242727
0.0242601
0.0244206
0.0243308
0.0244868
0.0245984
0.0246482
0.025133
0.0253449
0.027129
0.0244106
0.0243908
0.0245545
0.0244821
0.0246534
0.0247891
0.0248615
0.0253461
0.0255424
0.0267381
0.0235353
0.0235245
0.0236814
0.0235816
0.0236548
0.0235601
0.0231733
0.0225553
0.0211376
0.0173257
0.0234147
0.0234234
0.0235745
0.0234711
0.0235467
0.0234657
0.0231182
0.0225761
0.0209825
0.0169593
0.0235215
0.0235273
0.0236715
0.0235692
0.0236438
0.0235736
0.0232543
0.0227502
0.0210935
0.0174937
0.0233634
0.0233684
0.0235122
0.0234123
0.0234944
0.0234477
0.0231721
0.0227545
0.0213032
0.0183766
0.0234146
0.0234233
0.0235628
0.0234687
0.0235601
0.0235411
0.0233149
0.0230325
0.022003
0.0200116
0.0234011
0.0234144
0.0235531
0.0234687
0.0235759
0.0235905
0.0234272
0.0233511
0.0227685
0.021943
0.0233061
0.0233214
0.0234615
0.0233877
0.0235136
0.0235647
0.0234726
0.0236034
0.0232323
0.0232367
0.0234547
0.0234807
0.023621
0.0235637
0.0237118
0.0238054
0.0237947
0.0241011
0.0237946
0.0244823
0.0233029
0.0233289
0.0234711
0.023414
0.0235694
0.0236817
0.0237123
0.0241128
0.0238414
0.0247675
0.0234144
0.0234312
0.0235757
0.0235335
0.0237009
0.023833
0.0238793
0.0242539
0.0241037
0.0249417
0.0226306
0.0226941
0.0228891
0.0229085
0.0231341
0.0232811
0.0232836
0.0232048
0.0225437
0.0192871
0.0225128
0.0225891
0.0227679
0.022767
0.022963
0.0230684
0.0230146
0.022884
0.0219241
0.0181732
0.0225905
0.0226577
0.0228238
0.022812
0.022984
0.0230582
0.022956
0.0227216
0.0214569
0.0177883
0.0224355
0.022496
0.0226536
0.0226297
0.0227819
0.0228333
0.0226924
0.0223591
0.0209164
0.0174783
0.0224639
0.0225211
0.0226664
0.0226347
0.0227718
0.0228125
0.0226534
0.0223086
0.0210036
0.0182363
0.0224368
0.0224931
0.0226306
0.0225975
0.0227319
0.0227792
0.0226295
0.0224346
0.0214889
0.0197688
0.0223347
0.0223887
0.0225221
0.0224909
0.0226315
0.0226964
0.0225759
0.0225877
0.0217926
0.020675
0.0224571
0.022519
0.022649
0.0226299
0.0227859
0.0228831
0.0228257
0.0230479
0.0223194
0.0219867
0.0223171
0.0223767
0.0225053
0.0224827
0.0226406
0.0227499
0.0227303
0.0230613
0.0223971
0.0223321
0.0224022
0.0224518
0.0225813
0.0225699
0.0227341
0.022855
0.0228522
0.023138
0.0226098
0.022694
0.0217097
0.0218545
0.0221046
0.0222741
0.0227174
0.0232224
0.0238089
0.0246433
0.0255558
0.0242973
0.0215898
0.0217392
0.0219605
0.0220886
0.0224627
0.0228622
0.023295
0.0239919
0.0247393
0.0236829
0.0216407
0.0217738
0.0219756
0.0220782
0.0223997
0.0227163
0.0230238
0.0234879
0.023718
0.0225105
0.0214865
0.0216054
0.0217887
0.0218604
0.0221254
0.0223531
0.0225162
0.0226655
0.0221523
0.0202061
0.0214911
0.0215982
0.0217599
0.0218063
0.0220231
0.0221845
0.0222273
0.0221468
0.0212098
0.0190181
0.0214498
0.021549
0.0216946
0.0217249
0.0219139
0.0220451
0.0220101
0.0219369
0.0210901
0.0194883
0.02134
0.0214316
0.0215662
0.0215873
0.0217651
0.0218905
0.0218168
0.0218921
0.0211713
0.0199677
0.021438
0.0215332
0.0216604
0.021687
0.0218707
0.0220151
0.0219722
0.0222734
0.0217022
0.0215426
0.021307
0.0213987
0.021521
0.0215401
0.0217185
0.0218637
0.0218449
0.022248
0.021723
0.0216205
0.0213708
0.0214489
0.0215694
0.0215944
0.0217705
0.0219123
0.0218971
0.0222141
0.0216841
0.0212574
0.020756
0.0209847
0.0213
0.021638
0.0223426
0.0232976
0.0246285
0.0267171
0.0300477
0.033635
0.0206328
0.0208569
0.0211308
0.0214058
0.0220011
0.0227878
0.0238859
0.0257438
0.0290728
0.0337309
0.0206606
0.0208614
0.0211088
0.021343
0.0218562
0.022501
0.023376
0.0248295
0.0270876
0.0301946
0.0205066
0.0206848
0.0209028
0.0210851
0.0214995
0.0219706
0.0225525
0.0234231
0.0241109
0.0238502
0.0204889
0.0206459
0.0208325
0.0209698
0.021298
0.0216358
0.0219737
0.0223879
0.0221304
0.0206279
0.0204342
0.0205759
0.0207379
0.0208429
0.0211142
0.0213847
0.021562
0.0218252
0.0214523
0.0203679
0.0203174
0.0204453
0.0205896
0.0206732
0.0209138
0.0211609
0.0212466
0.0215784
0.0213608
0.0212258
0.0203914
0.0205184
0.020651
0.020733
0.0209689
0.021226
0.0213162
0.0218668
0.0218975
0.0235952
0.0202687
0.0203891
0.0205129
0.0205825
0.0208055
0.0210501
0.0211394
0.0217631
0.0217714
0.0229725
0.0203095
0.020414
0.0205327
0.0206019
0.0208122
0.0210294
0.0210903
0.0215514
0.0212821
0.0206034
0.0197345
0.0200356
0.0204056
0.0208939
0.0218371
0.0232288
0.0252922
0.0285841
0.0343484
0.0438854
0.0196091
0.0198977
0.0202165
0.0206246
0.0214273
0.0226007
0.0243783
0.0273934
0.0333165
0.0453023
0.0196194
0.0198792
0.0201669
0.0205222
0.02122
0.0221936
0.0236353
0.0260386
0.0301488
0.0381897
0.0194677
0.0196974
0.0199463
0.0202309
0.0207916
0.0215073
0.0224908
0.0240428
0.0257884
0.0270364
0.019432
0.0196322
0.019842
0.020065
0.0205061
0.0210293
0.0216634
0.0225891
0.0230211
0.0219862
0.0193677
0.0195457
0.0197243
0.0199017
0.0202597
0.0206874
0.0211082
0.0217498
0.0218519
0.0212223
0.0192467
0.0194052
0.0195609
0.0197069
0.0200161
0.02041
0.0207094
0.021331
0.0214965
0.0227545
0.0193012
0.0194543
0.019595
0.0197334
0.0200291
0.0204289
0.0207188
0.0215419
0.0219554
0.0260545
0.0191868
0.0193321
0.0194614
0.0195842
0.0198619
0.0202396
0.0205091
0.0213913
0.0218306
0.0249277
0.0192103
0.019335
0.019456
0.0195721
0.0198278
0.0201562
0.0203606
0.0210233
0.0212217
0.0209759
0.0186262
0.0189757
0.0193728
0.0199624
0.0210577
0.0227519
0.0253402
0.0293831
0.0368034
0.0517244
0.0185032
0.0188355
0.0191775
0.019679
0.020622
0.0220762
0.0243718
0.0281648
0.036036
0.0547852
0.0185031
0.0188039
0.0191142
0.0195573
0.0203854
0.0216008
0.0234479
0.0264503
0.0317164
0.0428936
0.018358
0.0186235
0.0188895
0.0192493
0.0199164
0.0208176
0.022076
0.0240904
0.0266193
0.0285672
0.0183111
0.0185415
0.0187644
0.0190527
0.0195799
0.0202539
0.021109
0.022461
0.0235876
0.02287
0.0182431
0.0184459
0.0186341
0.0188685
0.0192924
0.0198487
0.0204688
0.0214475
0.021944
0.0214044
0.0181225
0.0183012
0.0184631
0.0186589
0.0190166
0.0195242
0.0200039
0.0208692
0.0209913
0.0226113
0.0181611
0.0183306
0.0184755
0.0186588
0.0189942
0.019503
0.0199666
0.0210151
0.0212429
0.0266944
0.018057
0.0182164
0.0183482
0.0185135
0.0188286
0.0193151
0.0197564
0.0208867
0.0215057
0.0264665
0.0180625
0.018198
0.0183195
0.0184728
0.0187617
0.0191909
0.0195633
0.0204985
0.0213466
0.0227254
0.0174027
0.0177605
0.0181351
0.0187332
0.0198096
0.0215117
0.0241648
0.0280289
0.0356002
0.0548141
0.0172886
0.0176296
0.0179528
0.0184694
0.0194108
0.0209013
0.0233213
0.0270747
0.035508
0.0583058
0.0172864
0.0175976
0.0178945
0.0183582
0.0191994
0.0204629
0.0223918
0.0253584
0.030728
0.0427925
0.0171539
0.0174289
0.0176831
0.018064
0.0187506
0.0197118
0.021051
0.0232109
0.026491
0.029666
0.0171048
0.017343
0.0175568
0.0178686
0.0184207
0.0191681
0.0201418
0.0218286
0.0240978
0.0250664
0.0170405
0.0172487
0.0174285
0.0176859
0.0181272
0.0187456
0.0194838
0.0207963
0.022033
0.0221639
0.0169264
0.0171074
0.0172603
0.0174753
0.0178351
0.01838
0.0189385
0.0200213
0.0200324
0.0205346
0.016956
0.0171245
0.01726
0.0174591
0.0177876
0.0183239
0.0188493
0.0200425
0.019711
0.0241945
0.0168647
0.0170233
0.0171466
0.017328
0.017638
0.0181618
0.0186923
0.0199997
0.0206162
0.0270592
0.0168594
0.0169896
0.0171022
0.0172698
0.0175573
0.0180399
0.0185522
0.0197322
0.0213461
0.0257038
0.0160604
0.0163773
0.0166711
0.0171671
0.0180203
0.0193619
0.0215176
0.024031
0.0293568
0.0515975
0.0159633
0.0162702
0.016525
0.0169625
0.0177308
0.0189469
0.021013
0.0236382
0.0300941
0.0534391
0.0159676
0.0162516
0.0164924
0.016896
0.0176072
0.0186794
0.0203456
0.0225206
0.0268759
0.0413727
0.0158556
0.0161081
0.0163164
0.0166547
0.0172553
0.0181283
0.0193715
0.0212892
0.0251704
0.0348407
0.0158146
0.0160343
0.0162131
0.0164997
0.0170032
0.0177353
0.018738
0.0205752
0.0242731
0.0327008
0.0157628
0.0159538
0.0161048
0.016346
0.0167489
0.0173593
0.0181305
0.0196749
0.0222654
0.0278277
0.0156623
0.0158255
0.015952
0.0161511
0.016462
0.0169649
0.0174749
0.0186876
0.0193268
0.0213508
0.0156883
0.0158369
0.0159478
0.0161289
0.0163978
0.0168654
0.0172988
0.0185035
0.0179934
0.0227734
0.0156137
0.0157521
0.0158528
0.0160179
0.0162701
0.016733
0.0172174
0.018543
0.0190886
0.029424
0.0155994
0.0157065
0.015798
0.0159495
0.0161878
0.0166332
0.0171853
0.0184281
0.0204822
0.0304679
0.0146069
0.0148361
0.0149985
0.0152936
0.0157479
0.0163528
0.0174732
0.017854
0.0162499
0.0338188
0.0145336
0.0147649
0.014908
0.0151807
0.0156237
0.0162427
0.0174766
0.0182995
0.0179506
0.0341782
0.014551
0.0147704
0.0149168
0.0151849
0.0156338
0.0162613
0.0173574
0.0184501
0.0189884
0.0364557
0.0144657
0.0146638
0.0147952
0.01503
0.0154409
0.0160501
0.0170387
0.0186006
0.021171
0.0410462
0.0144419
0.0146167
0.0147362
0.0149492
0.0153256
0.0159258
0.0168692
0.0187752
0.0225683
0.0433189
0.0144101
0.0145616
0.0146644
0.0148495
0.0151546
0.0156771
0.0164153
0.0181456
0.0216325
0.0385488
0.0143298
0.0144551
0.0145392
0.0146872
0.0148992
0.0152872
0.0156701
0.0169928
0.0184004
0.0276289
0.0143588
0.0144685
0.0145401
0.0146696
0.0148293
0.0151336
0.0153453
0.0165049
0.0152805
0.0222098
0.014304
0.0144053
0.0144705
0.0145866
0.01473
0.0150118
0.015271
0.0164366
0.0148714
0.0255878
0.0142879
0.0143552
0.014414
0.0145184
0.0146564
0.0149304
0.0153331
0.0164228
0.0160865
0.0292441
0.0133701
0.0169043
0.0191311
0.0202622
0.0199364
0.0197171
0.0207033
0.0222541
0.0240035
0.0235942
0.014801
0.018801
0.0222822
0.0236279
0.0224954
0.0208578
0.0208389
0.0222525
0.0244886
0.0249919
0.0182169
0.0227614
0.0258554
0.0259645
0.0235704
0.0208162
0.0202313
0.0216728
0.024403
0.0256067
0.0208396
0.0253899
0.0277763
0.0273428
0.0244019
0.020933
0.0197771
0.0211296
0.0242588
0.0261686
0.0226182
0.0263665
0.0279246
0.0265515
0.0232804
0.0200193
0.0193234
0.0210698
0.0240712
0.0255827
0.0243534
0.026892
0.0275984
0.026111
0.0233363
0.0208529
0.0205662
0.0219044
0.0238691
0.0237816
0.0256585
0.0276621
0.028021
0.0265608
0.02419
0.0221105
0.0216402
0.0225624
0.0243815
0.02495
0.0272803
0.0298998
0.0299424
0.0280206
0.0254315
0.0232751
0.022658
0.0234785
0.025383
0.0264924
0.028022
0.0307727
0.0310154
0.0292035
0.0265753
0.02434
0.0234632
0.0239468
0.0255931
0.026661
0.0266602
0.0286394
0.0291069
0.0277025
0.0255877
0.0239279
0.0234348
0.0238984
0.0250451
0.0250842
0.0137351
0.0147856
0.0158337
0.0159521
0.0151969
0.0150987
0.0170063
0.0202023
0.0235666
0.0260261
0.0135381
0.0149278
0.0171895
0.0181212
0.0169336
0.0160078
0.0169962
0.0197718
0.0238942
0.0269663
0.0147338
0.0167884
0.0197031
0.0199593
0.0180303
0.0165019
0.0169913
0.019433
0.0235623
0.0265912
0.015741
0.0180458
0.0199663
0.0199272
0.0177887
0.0158726
0.0159462
0.0181469
0.0227038
0.0262967
0.0176597
0.0200227
0.0210144
0.0199881
0.0175686
0.0153286
0.015333
0.0180367
0.0227877
0.0260902
0.0206108
0.0220588
0.0227623
0.021626
0.0190677
0.0167942
0.0173745
0.0201344
0.0233554
0.0252054
0.0224924
0.0231725
0.0236538
0.0226515
0.0202886
0.0182872
0.0186618
0.0208242
0.0237381
0.0257304
0.0243268
0.0242133
0.0244694
0.0233646
0.0210512
0.0190928
0.0190063
0.0209313
0.0240946
0.026372
0.0251968
0.0252471
0.0256737
0.0246124
0.022353
0.0204471
0.0201344
0.0215943
0.0243532
0.0265995
0.0245981
0.0253228
0.0253916
0.0242047
0.0222091
0.0205121
0.0203853
0.0219655
0.0243521
0.0262951
0.014665
0.014537
0.0137848
0.0122553
0.010688
0.0104846
0.0125371
0.0165589
0.020768
0.0227965
0.0139341
0.0140511
0.0141856
0.013303
0.0113545
0.0110218
0.0128209
0.0163841
0.0212598
0.0238492
0.0149757
0.0145207
0.0151825
0.0141999
0.0116686
0.0110188
0.0127862
0.016243
0.0210364
0.023421
0.0154864
0.0150286
0.0142197
0.0136862
0.0112503
0.0103099
0.0116374
0.0149508
0.0199984
0.0227966
0.0158751
0.0175473
0.017019
0.0157907
0.0131348
0.0112222
0.0120142
0.0153805
0.02035
0.0225814
0.0179308
0.0197008
0.0198391
0.018747
0.0155927
0.0130567
0.0140115
0.0176167
0.0214856
0.0225531
0.0193121
0.0202212
0.0207364
0.0200862
0.0170553
0.0146186
0.0153005
0.0182536
0.0217782
0.0232057
0.021285
0.020561
0.0209311
0.0204278
0.0179571
0.0158995
0.0160696
0.0184316
0.021959
0.0237932
0.0224291
0.0221912
0.0222268
0.0212102
0.018697
0.0167743
0.0168422
0.0189851
0.0223245
0.0241564
0.0225751
0.023166
0.0228852
0.021434
0.0190061
0.0170909
0.0170851
0.0192535
0.0224014
0.0241053
0.0192427
0.0171068
0.0138057
0.00930802
0.00579532
0.00518347
0.00745159
0.0119478
0.0161312
0.0164255
0.0190435
0.0166139
0.0137952
0.00931332
0.00547088
0.0048924
0.00734055
0.0116611
0.0167493
0.0178652
0.0198617
0.0158173
0.0128893
0.00893231
0.00492574
0.00464558
0.00749509
0.011878
0.0167845
0.0176729
0.0192798
0.0147889
0.0113893
0.00905902
0.0047038
0.00402951
0.00650481
0.0110897
0.0158633
0.0169781
0.0181542
0.0170341
0.0149963
0.0127866
0.0076149
0.00515499
0.00717445
0.011666
0.0162113
0.0165995
0.0180621
0.018948
0.0182667
0.0161535
0.0103943
0.00726289
0.00895615
0.0132039
0.0172878
0.0171158
0.0186695
0.0189891
0.0188217
0.016982
0.0117083
0.0088625
0.00995978
0.0134923
0.0173819
0.0179193
0.0206846
0.0194135
0.0189388
0.0174754
0.0135314
0.0110085
0.0114786
0.0142721
0.0178309
0.0188212
0.0215131
0.0209976
0.0197313
0.0175676
0.0137376
0.0112915
0.0117151
0.0145783
0.0182928
0.0193296
0.0213647
0.021696
0.0204532
0.0178908
0.0142288
0.0117217
0.0119485
0.0146562
0.0180868
0.0187545
0.0301447
0.0243749
0.0168469
0.00802215
0.00256246
0.00143427
0.00357174
0.00808694
0.0119093
0.0113425
0.0295904
0.0228173
0.0150232
0.00647806
0.0010768
0.00016646
0.00281062
0.00728835
0.0121689
0.012395
0.0266401
0.0190859
0.011987
0.00489505
6.48032e-05
5.98472e-05
0.00338543
0.00803401
0.0124262
0.012098
0.0219527
0.015245
0.011107
0.00603483
-0.000327049
-0.00039587
0.00266196
0.00735028
0.011299
0.0111421
0.0202718
0.0170373
0.0150355
0.0105436
0.00170072
-0.00027306
0.00239086
0.00687072
0.0110032
0.010329
0.0197804
0.0189295
0.0178827
0.0135907
0.00410821
0.000986474
0.00309504
0.0073291
0.0116263
0.0109717
0.0200298
0.0194448
0.0180976
0.01366
0.00590358
0.00302471
0.00428126
0.00784282
0.0117965
0.0119023
0.0212939
0.0197632
0.0180813
0.0143582
0.00827786
0.00513537
0.00584057
0.00911628
0.0127743
0.0132778
0.0214047
0.0205333
0.0180966
0.0140182
0.00821416
0.00489506
0.00540288
0.00885922
0.0130861
0.0138643
0.0204594
0.0205384
0.018432
0.0145286
0.00908389
0.00563013
0.00578697
0.00885783
0.0125875
0.0127756
0.0424412
0.0337959
0.0216443
0.00873558
0.00184833
0.000221136
0.00242996
0.00671219
0.0097459
0.00866962
0.0408915
0.0297254
0.0166977
0.00548285
-0.000491394
-0.00117951
0.00167237
0.00583852
0.00975151
0.00887208
0.0320049
0.0215844
0.0119512
0.00338344
-0.00139704
-0.00131964
0.00212206
0.00650255
0.00989088
0.0082449
0.0224391
0.0155533
0.0123242
0.00523986
-0.00149318
-0.00154
0.00180369
0.00579029
0.00857441
0.00694823
0.0201323
0.0170881
0.0161994
0.00934505
-0.000587651
-0.00195125
0.000732573
0.00447918
0.00766382
0.00561254
0.0207742
0.0191343
0.0185053
0.0114489
0.000755074
-0.00167089
0.000145379
0.00364935
0.00746492
0.00593617
0.0211885
0.019901
0.0180897
0.0111755
0.00233283
-0.000567331
0.000591335
0.00389875
0.00750016
0.00675545
0.0219538
0.0204029
0.01792
0.0118624
0.00400961
0.000342103
0.00116575
0.0047495
0.00847384
0.0083511
0.0215199
0.0208332
0.0176392
0.0113083
0.003684
-2.17338e-05
0.000625378
0.00416046
0.00848015
0.00890069
0.0202935
0.020553
0.0179604
0.0122104
0.00462459
0.000717611
0.00110577
0.0043858
0.00816976
0.00769771
0.0499026
0.0404283
0.0257624
0.0110582
0.00308281
0.00132439
0.00380109
0.00755754
0.0101347
0.00873487
0.0464373
0.0335071
0.0185336
0.00679229
0.000556427
1.4806e-05
0.0032853
0.00719415
0.0100481
0.00808273
0.0322859
0.0219206
0.0131239
0.00509119
0.000284305
0.000106506
0.00347044
0.00751924
0.00998825
0.0072865
0.0203248
0.015315
0.0142928
0.00794851
0.00106271
7.84525e-05
0.00287041
0.00628341
0.00861271
0.00582158
0.0184346
0.0168336
0.0174192
0.0111731
0.00166071
-0.000498311
0.00136912
0.00452998
0.00735403
0.00419227
0.0197688
0.0188166
0.0189773
0.0120271
0.00191246
-0.00107277
1.57918e-05
0.00313708
0.00652154
0.00385741
0.0205206
0.0195314
0.0185107
0.0114501
0.00235487
-0.00125403
-0.00048151
0.00284343
0.00620719
0.0040797
0.0221078
0.0210019
0.0189715
0.0119027
0.00263514
-0.00147353
-0.000695367
0.00312175
0.00674513
0.005321
0.0223092
0.022204
0.0192244
0.0113813
0.00207611
-0.00159826
-0.0008826
0.00271736
0.00661154
0.00581406
0.0218962
0.0224787
0.0200377
0.0127268
0.00301571
-0.000917158
-0.000341104
0.00321811
0.00671813
0.00510226
0.0513544
0.0422259
0.0285755
0.0143517
0.00618859
0.00462543
0.00688599
0.00987878
0.0132209
0.0128374
0.0458133
0.0337918
0.0208807
0.0101418
0.00420475
0.00380282
0.00696237
0.0101325
0.0130966
0.0107378
0.0283025
0.0212612
0.0163484
0.00984726
0.00499335
0.004534
0.00735635
0.0105245
0.012992
0.00969449
0.0180242
0.0154538
0.0173767
0.0139229
0.00666393
0.00472182
0.00629813
0.00928441
0.0121254
0.00875316
0.0179312
0.0172725
0.0190444
0.0168355
0.00778171
0.00426048
0.00489872
0.00796407
0.011471
0.00793858
0.0184399
0.0182465
0.0199219
0.0173421
0.00739008
0.00314452
0.00328043
0.00666983
0.0106519
0.00740584
0.0182121
0.0181627
0.0202292
0.0167186
0.0066953
0.00189245
0.0019796
0.0058204
0.00995585
0.0070273
0.0203128
0.0207831
0.0219304
0.0167912
0.00597985
0.000875224
0.00121735
0.00562137
0.0100448
0.00779033
0.0236125
0.0243636
0.0235431
0.0164502
0.00523109
0.000289784
0.000783659
0.00532131
0.0100375
0.00830469
0.0250902
0.0260416
0.0250349
0.0182266
0.00678747
0.000731956
0.00112507
0.00567063
0.00991226
0.00789137
0.0483589
0.040262
0.0301645
0.018436
0.0092939
0.00536707
0.00459415
0.00607752
0.0172282
0.0366352
0.0425765
0.0332473
0.0241392
0.0154572
0.00845423
0.00508601
0.00353355
0.00411436
0.0136515
0.0266083
0.0295694
0.0237626
0.0223573
0.0183233
0.012181
0.00824013
0.00567698
0.0050662
0.0128576
0.0233844
0.0241202
0.0191431
0.0226683
0.0237254
0.0155068
0.00939067
0.00584109
0.00540056
0.0125112
0.0219939
0.0264236
0.0206172
0.0234618
0.027083
0.0179898
0.00946236
0.00545588
0.0055966
0.0127306
0.0220796
0.0234072
0.0204377
0.024804
0.0281613
0.0176669
0.00821774
0.00451915
0.00564995
0.0125014
0.0204922
0.0183159
0.0192332
0.0258491
0.0274587
0.0166374
0.00723699
0.00420255
0.00635359
0.0127519
0.0174255
0.0199425
0.0223775
0.0276358
0.0266618
0.0156236
0.00635472
0.00427465
0.00765171
0.0140814
0.0167913
0.0265393
0.0275447
0.0293493
0.0257359
0.0145189
0.00539329
0.00344846
0.00724825
0.0144416
0.017484
0.0302641
0.0300892
0.0303445
0.0265856
0.016359
0.00623671
0.00271382
0.00580771
0.0138878
0.0201853
0.0429394
0.0387972
0.0323775
0.0255625
0.0189612
0.0134659
0.00638107
0.00548461
0.0521399
0.154659
0.0436695
0.0364087
0.0298615
0.0260086
0.0216967
0.0165729
0.00706256
0.0014683
0.0425302
0.136766
0.0471066
0.0330102
0.0292793
0.029561
0.0270468
0.0222932
0.0117038
0.00292539
0.0382186
0.124655
0.0553478
0.0323641
0.0302391
0.033988
0.0312021
0.0250178
0.0138327
0.00428543
0.0356683
0.117308
0.0622833
0.0352632
0.032835
0.0370006
0.0337718
0.0258655
0.0142162
0.00533533
0.0351232
0.114737
0.0551698
0.0353064
0.0352014
0.0376871
0.0333263
0.0246914
0.013666
0.00627518
0.0334261
0.10747
0.0372356
0.0320249
0.0347049
0.0358742
0.0307003
0.0221159
0.0127302
0.00799289
0.0315075
0.0918101
0.0300668
0.0311818
0.0334578
0.0334754
0.0281477
0.0198436
0.0120702
0.0103555
0.0324386
0.0811498
0.0316329
0.0323053
0.0329587
0.0319418
0.0265609
0.0183109
0.0107409
0.0101162
0.0327127
0.0807186
0.035756
0.0328476
0.0325648
0.0312094
0.0265203
0.0181575
0.0088258
0.00649192
0.0306609
0.0870466
0.0253338
0.0281018
0.0284306
0.0287534
0.0293599
0.0296865
0.0297439
0.0302848
0.029986
0.0304485
0.0286484
0.0291942
0.0288942
0.0288807
0.0293312
0.02957
0.0295762
0.0300914
0.0297825
0.0302021
0.029852
0.029641
0.0292835
0.0292139
0.0296498
0.0298892
0.029902
0.0304187
0.0301201
0.0305381
0.0311798
0.0295641
0.0290823
0.0289391
0.0293492
0.0295739
0.0295774
0.0300885
0.0297877
0.0301985
0.0294743
0.0292373
0.0291012
0.0290598
0.0295097
0.029747
0.0297555
0.0302655
0.0299708
0.0303711
0.0260667
0.0285583
0.0289122
0.0290014
0.0294957
0.0297442
0.0297554
0.0302639
0.0299722
0.0303661
0.0274956
0.0287741
0.0288431
0.0288578
0.0293277
0.0295645
0.0295703
0.0300753
0.0297839
0.0301761
0.0301487
0.0297768
0.0294468
0.0293213
0.0297301
0.0299408
0.0299358
0.0304327
0.0301441
0.0305272
0.0305281
0.0296572
0.0291902
0.0289947
0.0293732
0.0295716
0.029561
0.0300596
0.0297681
0.0301523
0.0274091
0.029197
0.0292076
0.0291921
0.0296301
0.0298468
0.0298442
0.0303394
0.0300516
0.0304528
0.0270754
0.0265177
0.0264632
0.0271062
0.027771
0.0281719
0.0282895
0.0288307
0.0285802
0.029019
0.0314907
0.0276861
0.0270733
0.0273242
0.0278085
0.0281094
0.0281705
0.0286828
0.0284219
0.0288148
0.0315721
0.0276566
0.0273255
0.0275563
0.0280512
0.0283647
0.0284389
0.0289554
0.0287075
0.029101
0.0323258
0.0274197
0.0271654
0.0273073
0.0277794
0.0280795
0.0281451
0.0286558
0.028407
0.0287915
0.0310837
0.0271521
0.0271372
0.0273802
0.0279034
0.0282233
0.0282986
0.0288106
0.0285701
0.0289447
0.0272362
0.0265551
0.0268745
0.0272898
0.0278733
0.0282095
0.0282908
0.0288022
0.0285674
0.0289349
0.0283999
0.0268871
0.0268526
0.0271719
0.0277175
0.0280366
0.0281117
0.0286204
0.0283867
0.028752
0.0305658
0.0277673
0.0274576
0.0276269
0.0280961
0.0283812
0.0284426
0.0289415
0.028711
0.0290671
0.0310894
0.0277339
0.0272967
0.0273621
0.0277836
0.0280507
0.028105
0.028605
0.0283723
0.0287291
0.0293052
0.0275537
0.0272397
0.0274955
0.0279862
0.0282761
0.0283404
0.0288378
0.028609
0.028983
0.0221812
0.023249
0.0244768
0.025539
0.0262524
0.0267411
0.0269136
0.0274498
0.0272362
0.0276522
0.0272431
0.0242765
0.0251366
0.0257724
0.0263147
0.0267058
0.0268235
0.0273301
0.0271088
0.0274767
0.0266743
0.0239039
0.025215
0.0258642
0.0264711
0.0268939
0.0270336
0.0275492
0.0273434
0.0277149
0.0268907
0.023546
0.0250637
0.0256077
0.0262158
0.0266307
0.0267637
0.0272744
0.0270694
0.0274308
0.0257259
0.0233492
0.0250194
0.0256381
0.0262999
0.0267395
0.0268872
0.0274018
0.0272082
0.0275613
0.0229921
0.0231207
0.0247672
0.0255485
0.026257
0.0267128
0.0268693
0.027385
0.0271994
0.0275457
0.0248558
0.023691
0.0248002
0.025464
0.026111
0.0265444
0.0266952
0.0272089
0.0270262
0.0273705
0.0270695
0.0244679
0.0253678
0.025892
0.0264576
0.0268547
0.0269912
0.0274946
0.0273161
0.0276511
0.0275887
0.0244266
0.0252676
0.0256702
0.0261792
0.026556
0.0266848
0.0271893
0.0270095
0.0273451
0.0259776
0.0243588
0.0251745
0.0257688
0.0263361
0.0267376
0.0268782
0.0273811
0.0272053
0.0275585
0.0155065
0.0197289
0.0224906
0.0239943
0.0248356
0.0254289
0.0256349
0.0261507
0.0259596
0.0263432
0.0202393
0.0203951
0.0231318
0.0241845
0.0248886
0.0253957
0.0255552
0.0260448
0.02585
0.0261856
0.0192578
0.0198844
0.0230636
0.0241428
0.0249654
0.0255179
0.0257087
0.0262132
0.0260355
0.0263789
0.0191363
0.0195706
0.0229
0.0238626
0.0247206
0.0252682
0.0254557
0.0259573
0.0257828
0.0261163
0.0179918
0.0194145
0.0228147
0.0238403
0.0247596
0.0253363
0.0255442
0.0260534
0.0258938
0.0262216
0.0166905
0.0194728
0.0225961
0.0237579
0.0246999
0.0252936
0.0255131
0.0260253
0.025876
0.0261987
0.0192154
0.0201225
0.0226707
0.0236976
0.0245523
0.0251237
0.0253399
0.0258515
0.0257081
0.0260295
0.0214933
0.0207724
0.0231951
0.0240846
0.0248561
0.0253955
0.0255994
0.0261016
0.0259638
0.026277
0.0220562
0.0207125
0.0231284
0.0238789
0.0245972
0.0251199
0.0253178
0.0258224
0.0256847
0.0259989
0.0200398
0.0205953
0.0229684
0.0239335
0.0247048
0.0252588
0.0254716
0.0259762
0.0258434
0.0261762
0.0113822
0.0178402
0.0211804
0.0227875
0.0236778
0.024301
0.0244794
0.0249443
0.0247514
0.0250823
0.014549
0.0178856
0.0216888
0.0228693
0.0236924
0.0242497
0.0243962
0.0248416
0.0246498
0.0249353
0.0132479
0.0173028
0.0214633
0.0227158
0.0237033
0.0243108
0.0244981
0.0249629
0.0247915
0.0250882
0.0127687
0.0170198
0.0212262
0.0224084
0.0234641
0.0240652
0.0242559
0.0247211
0.0245557
0.0248439
0.0115015
0.0167837
0.0210417
0.0223154
0.0234479
0.024085
0.0243047
0.0247829
0.0246362
0.024923
0.0111885
0.0168871
0.0208027
0.0222029
0.0233535
0.024018
0.0242553
0.0247396
0.0246069
0.0248908
0.0138053
0.0173226
0.0208401
0.0221149
0.0231788
0.0238353
0.0240755
0.0245636
0.0244396
0.0247253
0.0159103
0.0177343
0.0212879
0.0224311
0.0234247
0.0240619
0.0242956
0.0247768
0.0246609
0.0249408
0.0165521
0.0176831
0.0212378
0.0222183
0.0231748
0.0238023
0.0240331
0.0245187
0.0244051
0.0246868
0.0143159
0.0175526
0.0209835
0.0222068
0.0232248
0.0238967
0.0241468
0.0246359
0.0245285
0.0248312
0.0103157
0.0183654
0.0211769
0.02231
0.0229606
0.0234213
0.0234662
0.0238254
0.0236025
0.0238511
0.0117039
0.017729
0.0214133
0.0222101
0.0229066
0.0233323
0.0233678
0.0237168
0.0235025
0.0237095
0.0103634
0.0170937
0.0209985
0.0219628
0.0228587
0.0233368
0.0234235
0.0237987
0.0236044
0.0238281
0.00958112
0.0166732
0.0206089
0.0216222
0.022611
0.0230846
0.0231865
0.023567
0.023382
0.0236
0.0079836
0.0161785
0.0202532
0.0214347
0.0225251
0.0230484
0.0231924
0.0235929
0.0234313
0.0236534
0.00781688
0.0160447
0.0199032
0.0212389
0.0223742
0.0229473
0.0231195
0.0235327
0.023388
0.023612
0.00972026
0.0159754
0.0197991
0.0210574
0.0221457
0.0227391
0.0229263
0.0233492
0.0232189
0.0234483
0.0110423
0.0159635
0.0200994
0.0212617
0.0223197
0.0229152
0.0231044
0.0235259
0.0234059
0.0236333
0.0115263
0.0159015
0.0200348
0.0210263
0.0220752
0.0226677
0.0228577
0.0232865
0.0231703
0.0234015
0.0098521
0.0159329
0.0197087
0.0209505
0.0220674
0.0227153
0.0229299
0.0233673
0.0232597
0.0235154
0.0132465
0.0219135
0.0226579
0.022668
0.0227248
0.0227875
0.022575
0.0227703
0.0224865
0.0226242
0.0130333
0.020576
0.0225144
0.0223441
0.0225791
0.0226438
0.0224518
0.0226509
0.0223815
0.0224847
0.0117699
0.0198031
0.0218999
0.0220277
0.0224738
0.0225952
0.0224694
0.0226972
0.0224519
0.022575
0.0108112
0.0190921
0.0213232
0.0216456
0.0221967
0.0223261
0.0222336
0.0224727
0.0222406
0.022362
0.00896239
0.0182749
0.0207677
0.0213465
0.0220282
0.0222299
0.0221968
0.0224645
0.0222594
0.0223922
0.00834657
0.017724
0.0202432
0.0210305
0.0218081
0.0220894
0.022099
0.0223865
0.0222037
0.0223429
0.00879119
0.0169268
0.0199127
0.020708
0.0215109
0.0218488
0.021888
0.0221958
0.0220301
0.0221814
0.00864447
0.0163037
0.0199785
0.0207629
0.0216041
0.0219716
0.022025
0.0223374
0.0221855
0.0223393
0.00882304
0.0161982
0.0198661
0.0205061
0.021371
0.0217377
0.0217956
0.0221176
0.02197
0.0221296
0.0085716
0.0166161
0.019564
0.0204121
0.0213251
0.021746
0.02183
0.0221651
0.0220276
0.0222163
0.0248029
0.0295413
0.0254114
0.0237083
0.022823
0.0222821
0.0217295
0.0217161
0.0213594
0.021366
0.0223474
0.0272759
0.0248131
0.0231511
0.0225738
0.0220742
0.0215774
0.0215807
0.0212486
0.0212268
0.0206371
0.026122
0.0240128
0.0227903
0.0224118
0.0219807
0.0215636
0.0216026
0.0212917
0.0212956
0.0195277
0.0250139
0.0232815
0.0223662
0.0220901
0.0216922
0.0213287
0.0213849
0.0210906
0.0210982
0.0178083
0.0239736
0.0225903
0.0219703
0.021843
0.0215431
0.0212556
0.0213474
0.0210839
0.0211099
0.0164996
0.0230227
0.0219211
0.021542
0.021564
0.0213708
0.0211384
0.0212587
0.0210179
0.0210573
0.0148512
0.0214276
0.0213586
0.0210719
0.0212062
0.0211027
0.0209149
0.0210626
0.0208442
0.0209007
0.0128884
0.0201365
0.0211604
0.0209684
0.0212241
0.0211784
0.0210168
0.0211764
0.0209722
0.0210365
0.0128493
0.0199494
0.0209843
0.0207062
0.0210155
0.0209669
0.0208115
0.0209808
0.0207797
0.0208509
0.0143837
0.0208588
0.0207919
0.0206469
0.020956
0.0209463
0.0208149
0.0210005
0.0208093
0.0209146
0.0564204
0.038785
0.0280963
0.0248756
0.0228497
0.0216655
0.0207849
0.0205748
0.0201575
0.0200364
0.0485379
0.0353693
0.027013
0.024103
0.0224998
0.0213956
0.0206064
0.0204272
0.0200384
0.0198982
0.0449369
0.0337081
0.026111
0.0237265
0.0222912
0.0212736
0.0205767
0.0204297
0.0200655
0.0199524
0.0427359
0.0321712
0.0253394
0.0232801
0.0219317
0.0209777
0.0203498
0.020223
0.0198775
0.0197725
0.041235
0.0311558
0.0246848
0.0228462
0.0216407
0.0208008
0.020256
0.020168
0.0198524
0.0197726
0.0388382
0.0301206
0.0240221
0.022368
0.0213463
0.0206219
0.0201361
0.0200777
0.019786
0.0197229
0.0337164
0.028014
0.0233378
0.0217979
0.0209679
0.020349
0.0199129
0.0198889
0.0196162
0.0195766
0.0290696
0.0262798
0.0229402
0.0215637
0.020935
0.0203928
0.0199919
0.0199833
0.0197249
0.019697
0.0288111
0.0260099
0.0227132
0.0213185
0.0207657
0.0202141
0.01982
0.0198185
0.0195598
0.0195385
0.0335203
0.0274563
0.0227355
0.0213549
0.0207258
0.0201841
0.0198055
0.0198197
0.0195679
0.0195853
0.104897
0.0431453
0.0299973
0.0253294
0.022198
0.0206302
0.0195771
0.0192408
0.0188139
0.0185962
0.0949225
0.0396236
0.0286235
0.024435
0.0217793
0.0203182
0.0193846
0.0190837
0.0186933
0.0184609
0.0891797
0.0378036
0.0277511
0.0240816
0.0215545
0.0201978
0.019354
0.0190843
0.0187106
0.0185086
0.0843743
0.0360194
0.0270487
0.0236429
0.0211935
0.0199241
0.0191499
0.0188971
0.0185406
0.01835
0.0819334
0.0353505
0.0265842
0.0232528
0.020926
0.0197624
0.0190604
0.0188406
0.0185099
0.0183475
0.0786916
0.0348663
0.0260818
0.0228298
0.0206937
0.0196196
0.0189624
0.0187682
0.0184521
0.0183094
0.0708504
0.033046
0.0253907
0.0222591
0.0203687
0.0193799
0.0187644
0.0185988
0.0182989
0.0181803
0.0639139
0.0314847
0.0248806
0.0219737
0.0203382
0.0194193
0.0188377
0.018688
0.018397
0.0182923
0.0627522
0.0311888
0.0246311
0.0217884
0.0202347
0.0192904
0.0187109
0.0185624
0.0182649
0.018165
0.067933
0.0325702
0.0248351
0.021939
0.0202382
0.0192687
0.0186928
0.0185552
0.0182603
0.0182012
0.0551014
0.0506222
0.0495869
0.0491337
0.0489121
0.0489425
0.049222
0.0497244
0.0507993
0.0553376
0.0506028
0.0461204
0.0450854
0.0446313
0.0444086
0.044438
0.0447167
0.0452183
0.0462916
0.0508308
0.0495519
0.0450699
0.0440344
0.0435799
0.0433568
0.0433858
0.0436641
0.0441654
0.0452387
0.0497764
0.0490792
0.0445966
0.0435608
0.0431061
0.0428826
0.0429111
0.043189
0.0436899
0.044763
0.0493001
0.0488347
0.0443515
0.0433154
0.0428604
0.0426364
0.0426645
0.0429421
0.0434426
0.0445154
0.0490522
0.0488415
0.0443578
0.0433215
0.0428661
0.0426418
0.0426695
0.0429466
0.0434469
0.0445195
0.0490559
0.0490991
0.0446152
0.0435787
0.043123
0.0428983
0.0429256
0.0432025
0.0437025
0.0447749
0.0493109
0.0495836
0.0450994
0.0440627
0.0436067
0.0433816
0.0434086
0.0436852
0.0441851
0.0452574
0.0497932
0.050645
0.0461594
0.0451228
0.0446665
0.0444412
0.044468
0.0447444
0.0452441
0.0463161
0.0508528
0.0551666
0.0506825
0.0496445
0.0491877
0.0489621
0.0489885
0.0492644
0.0497639
0.0508368
0.0553719
0.0492074
0.0463865
0.0464444
0.045999
0.0457756
0.0458088
0.0460965
0.0465974
0.0465743
0.0494707
0.0463664
0.0435415
0.0436012
0.0431534
0.0429279
0.0429593
0.0432455
0.0437459
0.0437189
0.0466146
0.0464088
0.043586
0.0436447
0.0431966
0.0429707
0.0430018
0.0432879
0.043788
0.043762
0.046654
0.0459421
0.0431174
0.0431759
0.0427274
0.0425009
0.0425314
0.0428169
0.0433163
0.0432901
0.046182
0.045694
0.042868
0.0429264
0.0424774
0.0422502
0.0422801
0.0425651
0.043064
0.0430377
0.045929
0.0457019
0.0428749
0.0429333
0.0424839
0.0422562
0.0422856
0.0425701
0.0430687
0.0430423
0.0459328
0.0459659
0.0431384
0.0431968
0.042747
0.0425189
0.0425479
0.042832
0.0433303
0.0433038
0.0461935
0.0464472
0.0436198
0.0436781
0.0432278
0.0429994
0.043028
0.0433118
0.0438101
0.0437836
0.0466722
0.0464106
0.0435798
0.0436392
0.0431887
0.0429602
0.0429887
0.0432723
0.0437706
0.0437432
0.0466348
0.0492891
0.0464585
0.0465144
0.0460641
0.0458351
0.045863
0.0461459
0.046643
0.0466185
0.0495088
0.044276
0.0426569
0.0433746
0.0429642
0.0428589
0.042898
0.0430793
0.0435577
0.0428745
0.0445937
0.0426329
0.0410103
0.041731
0.0413153
0.0412068
0.0412429
0.0414214
0.0418996
0.04121
0.0429241
0.0433345
0.0417153
0.042434
0.0420181
0.0419089
0.0419446
0.042123
0.0426005
0.041913
0.043621
0.0428999
0.0412765
0.0419951
0.0415783
0.041468
0.0415026
0.04168
0.0421565
0.0414684
0.043177
0.0427664
0.0411412
0.0418596
0.0414419
0.0413306
0.0413643
0.041541
0.0420168
0.0413287
0.043036
0.0427763
0.0411498
0.0418682
0.0414499
0.0413379
0.0413709
0.0415469
0.0420221
0.0413339
0.0430402
0.0429303
0.0413027
0.0420214
0.0416025
0.04149
0.0415224
0.0416978
0.0421726
0.0414842
0.0431897
0.0433861
0.0417595
0.0424779
0.0420583
0.0419452
0.0419772
0.0421521
0.0426268
0.0419388
0.0436419
0.0426885
0.0410564
0.0417769
0.0413569
0.0412439
0.0412758
0.0414506
0.0419256
0.0412357
0.0429442
0.0443849
0.0427493
0.0434644
0.0430456
0.0429317
0.0429629
0.0431372
0.0436098
0.0429253
0.0446359
0.0417228
0.0405796
0.0413525
0.0409208
0.0409646
0.0410131
0.0410632
0.0415826
0.0408499
0.0421303
0.0405494
0.0393995
0.040174
0.0397331
0.039772
0.0398156
0.0398608
0.04038
0.0396396
0.0409108
0.0413035
0.0401561
0.0409272
0.040486
0.0405238
0.0405668
0.0406118
0.0411298
0.0403927
0.0416568
0.0408421
0.0396875
0.0404588
0.0400157
0.0400516
0.0400929
0.0401365
0.040653
0.0399148
0.04118
0.0408504
0.0396939
0.0404651
0.0400207
0.0400553
0.0400953
0.0401379
0.0406535
0.0399153
0.041178
0.0408618
0.0397038
0.0404754
0.0400301
0.0400638
0.0401029
0.0401446
0.0406594
0.0399212
0.0411825
0.0408779
0.0397181
0.0404902
0.0400443
0.0400773
0.0401157
0.0401566
0.0406708
0.0399323
0.0411934
0.0413695
0.0402117
0.040983
0.0405362
0.0405686
0.0406064
0.0406467
0.0411605
0.0404229
0.0416802
0.0406195
0.0394555
0.0402303
0.0397826
0.0398153
0.0398531
0.0398932
0.0404079
0.0396675
0.040931
0.0418681
0.0406987
0.0414678
0.0410227
0.0410539
0.0410909
0.0411312
0.0416423
0.0409081
0.0421766
0.0399457
0.0390546
0.0397308
0.0392779
0.0394291
0.0394914
0.0394602
0.0400298
0.0394062
0.0404932
0.0390159
0.038107
0.0387799
0.0383113
0.0384543
0.0385086
0.0384695
0.0390383
0.0384065
0.0394808
0.0396691
0.0387584
0.0394262
0.0389566
0.0390978
0.0391511
0.0391119
0.039679
0.0390515
0.0401187
0.0391778
0.0382554
0.0389233
0.0384502
0.0385885
0.0386392
0.0385979
0.0391632
0.038534
0.0396026
0.0392806
0.0383563
0.0390245
0.0385498
0.0386864
0.0387356
0.038693
0.0392571
0.0386283
0.0396929
0.0392917
0.0383664
0.039036
0.0385605
0.0386962
0.0387443
0.0387006
0.0392636
0.0386348
0.0396975
0.0392157
0.0382882
0.0389588
0.0384825
0.0386174
0.0386647
0.0386201
0.0391822
0.0385531
0.0396161
0.0397502
0.0388256
0.0394948
0.0390173
0.0391514
0.0391978
0.0391524
0.0397138
0.0390861
0.040144
0.039104
0.0381742
0.038848
0.0383693
0.038504
0.0385505
0.0385049
0.0390678
0.0384364
0.0395005
0.040144
0.0392095
0.0398794
0.0394052
0.039538
0.0395838
0.0395393
0.0400975
0.0394724
0.0405436
0.037952
0.0373508
0.037994
0.037575
0.0378025
0.0378842
0.0378139
0.0383914
0.0378222
0.0387177
0.0372989
0.0366549
0.0372846
0.036839
0.0370515
0.0371203
0.0370382
0.0376132
0.0370355
0.0379136
0.0379159
0.0372599
0.0378816
0.0374329
0.0376422
0.0377096
0.0376275
0.0382003
0.0376279
0.038499
0.0374464
0.0367712
0.0373924
0.0369378
0.0371426
0.0372062
0.0371212
0.0376918
0.0371171
0.0379893
0.0376017
0.0369258
0.0375491
0.037093
0.0372961
0.0373579
0.0372713
0.0378403
0.0372663
0.0381332
0.0376067
0.0369334
0.0375604
0.0371042
0.0373067
0.0373674
0.0372796
0.0378472
0.0372735
0.0381379
0.0374748
0.0368005
0.0374295
0.0369723
0.037174
0.0372335
0.0371447
0.0377113
0.037137
0.038002
0.0380103
0.037338
0.0379637
0.0375046
0.0377048
0.037763
0.0376733
0.0382386
0.0376663
0.0385251
0.0374127
0.036736
0.0373669
0.0369061
0.0371072
0.0371657
0.0370755
0.0376428
0.0370663
0.037931
0.0382302
0.0375562
0.0381881
0.037735
0.0379347
0.037993
0.0379046
0.0384666
0.0378963
0.0387704
0.0357366
0.0354834
0.0361308
0.0357889
0.0360824
0.0361912
0.0361068
0.0366664
0.0361273
0.0368479
0.0354099
0.0350566
0.0356697
0.0352811
0.0355477
0.0356357
0.0355341
0.0360886
0.0355402
0.0362384
0.0360381
0.0356472
0.0362463
0.0358501
0.0361111
0.036197
0.0360958
0.0366476
0.0361053
0.0367969
0.0356323
0.0352065
0.0358037
0.0353975
0.0356518
0.0357323
0.0356269
0.036176
0.035631
0.0363229
0.035806
0.0353876
0.0359927
0.0355867
0.0358401
0.0359188
0.0358117
0.0363588
0.035815
0.0365002
0.0357866
0.0353851
0.0360003
0.0355969
0.0358509
0.0359286
0.0358203
0.0363658
0.0358223
0.0365043
0.0356197
0.035219
0.035836
0.0354308
0.0356837
0.03576
0.0356504
0.0361946
0.0356507
0.0363331
0.0361417
0.0357348
0.0363426
0.0359327
0.0361823
0.0362564
0.0361455
0.0366878
0.0361462
0.0368218
0.0355697
0.0351586
0.0357705
0.0353578
0.0356083
0.0356826
0.0355709
0.0361158
0.0355699
0.0362509
0.0361483
0.0357657
0.0363905
0.0359916
0.0362426
0.0363173
0.0362083
0.0367476
0.0362075
0.0369004
0.0334079
0.033605
0.0342541
0.03401
0.0343668
0.0345123
0.0344362
0.0349819
0.0344935
0.0350966
0.0334788
0.0334505
0.0340194
0.0336919
0.0340019
0.0341151
0.0340148
0.0345512
0.0340531
0.0346282
0.0341479
0.0340212
0.0345607
0.0342164
0.0345174
0.0346276
0.0345281
0.0350616
0.0345707
0.0351397
0.0338392
0.0336385
0.03417
0.0338093
0.0341006
0.0342034
0.0340982
0.0346284
0.0341344
0.0347023
0.0339658
0.0338085
0.0343667
0.0340124
0.0343054
0.0344071
0.0343006
0.0348283
0.0343363
0.0348962
0.0338602
0.0337739
0.0343632
0.0340184
0.0343149
0.0344165
0.0343089
0.0348346
0.0343434
0.0348991
0.0336863
0.0335986
0.0341847
0.0338355
0.0341298
0.0342292
0.0341198
0.0346442
0.0341519
0.0347081
0.0342556
0.0341164
0.0346721
0.0343097
0.0345965
0.0346915
0.03458
0.0351013
0.0346121
0.0351606
0.0337579
0.0335983
0.0341498
0.0337804
0.0340665
0.0341608
0.0340482
0.0345725
0.0340786
0.0346318
0.0340448
0.0340117
0.0346111
0.0342693
0.0345606
0.034657
0.0345477
0.035066
0.0345778
0.0351443
0.030903
0.0317528
0.032383
0.0322585
0.0326829
0.0328769
0.0328306
0.0333709
0.0329498
0.0334839
0.0315517
0.0319086
0.032371
0.0321004
0.0324486
0.0325945
0.0325154
0.0330413
0.0326102
0.033111
0.0323458
0.03246
0.0328666
0.0325641
0.0328992
0.0330414
0.0329638
0.0334877
0.0330644
0.0335603
0.0322193
0.0321435
0.0325284
0.0321993
0.0325211
0.0326534
0.0325687
0.0330885
0.0326621
0.0331551
0.0321381
0.0322409
0.0327013
0.0323947
0.0327246
0.0328581
0.0327728
0.03329
0.0328667
0.0333505
0.0317393
0.0321213
0.0326693
0.0323907
0.0327305
0.0328657
0.0327799
0.033295
0.0328725
0.0333514
0.0316578
0.031981
0.0324992
0.0322079
0.0325425
0.0326739
0.0325855
0.0330981
0.0326752
0.0331538
0.0324653
0.0325665
0.0329946
0.0326675
0.0329849
0.0331076
0.0330149
0.0335235
0.0331033
0.0335737
0.0321162
0.0321474
0.0325483
0.0322036
0.0325154
0.0326353
0.0325407
0.0330518
0.0326275
0.0331011
0.0319045
0.0323465
0.0328749
0.0325869
0.0329135
0.0330385
0.0329481
0.0334539
0.033034
0.0335229
0.027827
0.0298936
0.0304708
0.0305123
0.0310183
0.0312723
0.0312715
0.0318109
0.0314557
0.0319477
0.0294418
0.0305041
0.0307015
0.0305033
0.030895
0.0310813
0.0310381
0.0315574
0.0311918
0.0316454
0.0305019
0.0310589
0.0311521
0.0309036
0.0312792
0.0314624
0.0314226
0.0319411
0.0315843
0.0320345
0.0309092
0.0308591
0.0308734
0.0305819
0.0309396
0.0311106
0.0310624
0.0315761
0.0312164
0.0316615
0.030193
0.0307647
0.0309818
0.0307475
0.0311267
0.0313036
0.0312571
0.0317686
0.0314131
0.0318482
0.0288728
0.0304205
0.0308917
0.0307232
0.0311248
0.0313072
0.0312613
0.0317706
0.0314169
0.0318462
0.0292492
0.0304046
0.0307558
0.0305544
0.0309439
0.0311194
0.0310694
0.0315758
0.0312218
0.03165
0.0307781
0.0311833
0.031294
0.0310116
0.0313654
0.0315247
0.0314676
0.0319678
0.0316166
0.032036
0.0307536
0.0309109
0.0309381
0.0306169
0.0309556
0.0311081
0.0310474
0.0315502
0.0311948
0.0316168
0.029348
0.0307655
0.0311175
0.0309066
0.0312783
0.0314415
0.0313869
0.0318846
0.031534
0.031972
0.013071
0.013177
0.0131757
0.0131998
0.0131527
0.012754
0.0121637
0.0100745
-0.00127698
-0.0146755
0.0130259
0.0131497
0.0131519
0.0131956
0.0132156
0.0129804
0.0127201
0.0113318
0.00126473
-0.0137984
0.013061
0.013186
0.0132109
0.0132845
0.0133767
0.0133228
0.0132749
0.0128298
0.00584436
-0.000977468
0.0130075
0.0131254
0.0131581
0.0132403
0.0133762
0.0135098
0.0137357
0.0142926
0.010618
0.0108325
0.0130086
0.0131177
0.0131612
0.0132615
0.0134383
0.0137304
0.0141801
0.01535
0.0137222
0.0170473
0.0130034
0.0130989
0.0131421
0.0132416
0.0133964
0.0137093
0.0141066
0.0152838
0.0147773
0.0193764
0.0129495
0.013024
0.0130579
0.0131328
0.013213
0.0134097
0.0134295
0.0142886
0.0129656
0.0123522
0.0129861
0.0130461
0.0130726
0.0131305
0.0131565
0.0132191
0.01289
0.0135011
0.00871484
-0.000655957
0.0129538
0.0130075
0.0130318
0.0130778
0.0130867
0.0130785
0.0126708
0.0131577
0.00630289
-0.0049706
0.0129391
0.0129574
0.0129787
0.0130132
0.0130233
0.0129944
0.0127534
0.0131828
0.0072611
2.31354e-05
0.0114989
0.0114742
0.0113199
0.011079
0.0105988
0.00940228
0.00723643
0.00406438
-0.00613081
-0.0214374
0.0114824
0.0114899
0.0113586
0.0111715
0.0108101
0.00985277
0.00806892
0.00551715
-0.0041422
-0.0217124
0.0115344
0.0115544
0.0114602
0.0113289
0.0110723
0.0103677
0.00893537
0.00736287
-0.000131238
-0.0119417
0.0115126
0.0115399
0.0114734
0.0113877
0.0112258
0.0108186
0.00987058
0.00928723
0.00394847
-0.00266469
0.0115408
0.011575
0.0115411
0.0115112
0.0114469
0.0113185
0.0108346
0.0108865
0.00680454
0.00281632
0.0115642
0.0115972
0.0115806
0.0115813
0.0115513
0.0115703
0.011301
0.0115869
0.0090592
0.00817865
0.0115391
0.0115594
0.0115459
0.0115415
0.0114798
0.0114753
0.0109619
0.0112597
0.0100043
0.00796529
0.0115867
0.0115955
0.0115813
0.0115646
0.0114677
0.0113443
0.010387
0.0107198
0.00820122
0.000404074
0.0115776
0.0115843
0.0115726
0.0115456
0.011441
0.0112298
0.0100655
0.0104278
0.00625718
-0.00419726
0.0115692
0.0115403
0.0115302
0.0114918
0.0113986
0.0111534
0.010151
0.0104997
0.00647973
-0.00208444
0.00993602
0.00979888
0.00954111
0.00911899
0.00841373
0.00706448
0.00461433
0.00202199
-0.00288977
-0.0104357
0.00994395
0.00984968
0.00962564
0.00927444
0.00870025
0.00757994
0.00539314
0.00320535
-0.00159244
-0.0115589
0.0100093
0.00993418
0.00975203
0.00946562
0.00898817
0.00807521
0.00612582
0.00468977
0.00111438
-0.0054808
0.0100155
0.00995909
0.00981593
0.00959664
0.00922199
0.00857579
0.00704987
0.00636696
0.00369213
-0.000241903
0.010069
0.0100332
0.00993685
0.00979901
0.00954216
0.00916766
0.00812797
0.00791393
0.00511487
0.00154447
0.0101194
0.010095
0.0100315
0.00995265
0.00977294
0.00961591
0.0089752
0.0089904
0.00692001
0.00561622
0.0101232
0.010097
0.0100508
0.00999089
0.00983256
0.00979098
0.00914351
0.00931905
0.00943771
0.00950249
0.0101824
0.0101504
0.0101129
0.0100507
0.00989608
0.00985697
0.00886729
0.00936502
0.0104263
0.00861076
0.0101954
0.0101669
0.0101385
0.0100703
0.00993096
0.00986403
0.00864502
0.00940297
0.0100066
0.00661848
0.0101961
0.0101331
0.0101121
0.0100323
0.00991919
0.00981768
0.0087251
0.00952327
0.00982522
0.00686901
0.00842601
0.0082161
0.00792556
0.0074494
0.00672398
0.00567432
0.00382463
0.00182985
-0.000792323
-0.00447217
0.00845129
0.00828959
0.0080357
0.00763428
0.00703285
0.00618925
0.00448252
0.00277238
0.000350964
-0.00524163
0.00852319
0.00838244
0.00816706
0.00782683
0.00730336
0.00660739
0.00498963
0.00394007
0.00275028
-0.000104587
0.00854983
0.00843395
0.00825816
0.0079902
0.00755652
0.00703446
0.00566041
0.00528239
0.00479488
0.00359793
0.00862126
0.00853428
0.0084076
0.00822713
0.00789717
0.00753756
0.00648734
0.00648159
0.00522854
0.00296721
0.00869169
0.00862576
0.00853926
0.00843145
0.00818724
0.00801677
0.00737522
0.00745319
0.00589156
0.0045409
0.00871962
0.00866256
0.00860505
0.00853413
0.00834197
0.00838005
0.00790813
0.00794864
0.00808462
0.00852789
0.00878773
0.00873127
0.00869213
0.00862904
0.00846999
0.00864807
0.00799139
0.00825767
0.00993897
0.0102931
0.00881939
0.00877214
0.00874912
0.00868479
0.00855934
0.00880003
0.00795159
0.00850764
0.0104275
0.010095
0.0088298
0.00875113
0.00874097
0.00866419
0.00857768
0.00879275
0.00802027
0.00868269
0.0103063
0.0099364
0.00698869
0.00674411
0.0064687
0.00602411
0.00534367
0.00453833
0.00325006
0.00142344
-0.00129675
-0.00452957
0.00702214
0.00682751
0.00658911
0.00621995
0.00565794
0.00507114
0.00388552
0.00225669
-0.000203095
-0.00492484
0.00709375
0.00691936
0.0067144
0.00640143
0.00591308
0.00547908
0.00433607
0.00332492
0.00229014
0.000242282
0.00713208
0.00698481
0.00681386
0.00656808
0.00616485
0.00586132
0.00482299
0.00448848
0.00457706
0.00425645
0.00721179
0.00709592
0.00696568
0.00679551
0.00647617
0.00622716
0.0053022
0.00537936
0.0049614
0.00337121
0.00729254
0.00720224
0.00710902
0.00700727
0.00675679
0.00660156
0.00598079
0.00609096
0.00479715
0.0031879
0.00733687
0.0072628
0.007203
0.0071439
0.00693543
0.00697906
0.00660151
0.00640376
0.00579523
0.00542803
0.00740905
0.00733982
0.00730458
0.007258
0.00707402
0.00731782
0.00687417
0.0065831
0.00706796
0.00699779
0.00745385
0.00739832
0.00738448
0.00733955
0.00718377
0.00755103
0.00695665
0.0068146
0.00767627
0.00728921
0.00747587
0.00739112
0.00739495
0.00733459
0.007222
0.00757786
0.00701172
0.00702213
0.00776077
0.00721309
0.00562619
0.0053715
0.00512351
0.00473228
0.00408383
0.00332428
0.00234633
0.000821006
-0.00182112
-0.00478566
0.00565926
0.00545464
0.00524458
0.00493113
0.00439579
0.00387521
0.00298974
0.00150844
-0.00107212
-0.00547338
0.00572542
0.0055406
0.00536172
0.00510284
0.00464789
0.00432633
0.00348888
0.00244931
0.00112316
-0.000915986
0.00576768
0.00561101
0.00546054
0.00526213
0.00490396
0.00474046
0.0039347
0.00347445
0.00354601
0.00340905
0.00584615
0.00571966
0.00559781
0.00545708
0.00517744
0.00502854
0.00417881
0.00417884
0.00426638
0.0032146
0.00592675
0.00582563
0.00573129
0.00564505
0.00541413
0.00526883
0.00461025
0.00472275
0.00386194
0.0023948
0.005978
0.00589571
0.00583155
0.00578374
0.00556042
0.00553508
0.00514171
0.00485225
0.00392495
0.00307563
0.00604687
0.00596973
0.00593004
0.00589334
0.00565565
0.0058036
0.00542864
0.00482827
0.00440335
0.00376264
0.00609827
0.00603531
0.00601751
0.00598214
0.00574519
0.00602786
0.00554362
0.00494878
0.00483592
0.00401979
0.00612981
0.00603965
0.00604194
0.00598597
0.00578642
0.0060714
0.00557564
0.00513603
0.00507029
0.00410777
0.00434454
0.00408342
0.00385987
0.00352698
0.00294407
0.00220397
0.00147709
0.00056623
-0.00114842
-0.00317211
0.00435695
0.00414218
0.00395644
0.00370105
0.0032123
0.00269876
0.00202944
0.000991923
-0.000969184
-0.00451425
0.00441219
0.00421727
0.00406213
0.00385865
0.00344248
0.00315004
0.0025294
0.00166756
0.000446294
-0.00130855
0.0044519
0.00428579
0.00415629
0.00400528
0.0036896
0.00360872
0.00299504
0.0024559
0.00246911
0.00250181
0.00452104
0.00438233
0.00427189
0.00415921
0.00392347
0.00388374
0.00313168
0.00297847
0.00334881
0.00280383
0.00459224
0.00447581
0.00438197
0.00430709
0.00411168
0.00402564
0.00336742
0.00345057
0.00306329
0.00201297
0.00464135
0.00454216
0.00446952
0.00442644
0.0042092
0.00414437
0.00375019
0.00354813
0.00279795
0.00199916
0.0047008
0.00460307
0.00454888
0.00451618
0.00424524
0.0042802
0.00397575
0.00345884
0.0028927
0.00221891
0.00475315
0.0046679
0.00463238
0.00460363
0.00430411
0.00445733
0.00409655
0.00352604
0.0032349
0.002503
0.00480808
0.00469792
0.00468362
0.00463123
0.00436023
0.00453275
0.0041422
0.00369833
0.00356624
0.00275621
0.0030949
0.00285333
0.00266726
0.00241156
0.001968
0.00134485
0.000880377
0.000625767
-2.89151e-05
-0.000955259
0.00308983
0.00288852
0.00273543
0.0025496
0.00216507
0.00171883
0.00126714
0.000774711
-0.000294826
-0.00276389
0.0031352
0.00295212
0.00282653
0.00268267
0.00233736
0.00208878
0.00167709
0.00112293
0.000253269
-0.0010262
0.00316778
0.00301305
0.00291091
0.00280735
0.00254186
0.00253705
0.00213143
0.00159164
0.00152191
0.0016669
0.00322211
0.00309089
0.00300213
0.00291855
0.0027255
0.00280847
0.0022166
0.00188875
0.00223849
0.00196374
0.00327786
0.00316464
0.00308409
0.00302441
0.00287243
0.00289522
0.00231742
0.00230905
0.00213473
0.00139969
0.00331853
0.00321919
0.00314963
0.00311846
0.0029365
0.00290055
0.00256367
0.00246963
0.00195364
0.00135008
0.0033627
0.00325989
0.00320049
0.00318417
0.00293201
0.00292075
0.00272058
0.00243864
0.00205108
0.00157466
0.00340613
0.00331222
0.00326602
0.00326148
0.00296521
0.00304873
0.00284738
0.00251858
0.00241699
0.00198566
0.00347056
0.00335507
0.00333044
0.00330284
0.00302724
0.00314925
0.00292003
0.00267266
0.00276334
0.00231014
0.00205696
0.00174994
0.00163532
0.00147977
0.00123829
0.000835354
0.000612571
0.00072392
0.000738968
0.000620779
0.00190481
0.00158788
0.00150115
0.00139809
0.00117239
0.00087957
0.000621142
0.000511382
0.00010502
-0.00118403
0.00194356
0.00164787
0.00157758
0.00149982
0.00126948
0.00110346
0.000878132
0.000619953
8.67335e-05
-0.000534537
0.00196586
0.00169276
0.00164031
0.00158825
0.00139291
0.00144016
0.00124646
0.000800685
0.000634145
0.000955332
0.00199994
0.00174438
0.00170157
0.00165342
0.00150134
0.00165956
0.00128737
0.00087117
0.00104229
0.000987218
0.00203505
0.00179248
0.00175276
0.00171568
0.0016035
0.001715
0.00129381
0.00119935
0.00106087
0.000651557
0.00206238
0.00183011
0.00179243
0.00178022
0.00165285
0.00166916
0.00142743
0.0014032
0.00107809
0.000782421
0.00208636
0.00184814
0.00181254
0.00182011
0.00163667
0.00162704
0.00152126
0.00142771
0.00127755
0.00115892
0.00210704
0.00186821
0.00184107
0.00187051
0.00164586
0.00170729
0.00163463
0.00150119
0.00161213
0.00164482
0.00230648
0.00208774
0.0020741
0.00208536
0.00187847
0.00198696
0.00190508
0.00180624
0.00202373
0.00195489
0.000337468
0.000420473
0.000384915
0.000312381
0.000244331
7.10841e-05
-3.35768e-05
0.000141009
0.000229188
0.000291197
0.000509048
0.000659327
0.000626399
0.000578671
0.000505991
0.000376457
0.000259582
0.000316973
0.000306327
-0.000595273
0.000539567
0.000688949
0.000663679
0.000628841
0.000527974
0.000447407
0.000364051
0.00033539
0.000124526
-0.000411113
0.000532254
0.000689312
0.000673586
0.000652504
0.000542805
0.000590827
0.000569756
0.000336376
0.000154352
0.000122505
0.000544705
0.000707855
0.00069828
0.000672765
0.000568603
0.000710291
0.000578918
0.000272604
0.000282662
-2.24172e-06
0.000558378
0.000726535
0.000717394
0.000692564
0.000617405
0.000739306
0.00053164
0.000456097
0.000327603
-0.000174881
0.000571426
0.000745517
0.000732127
0.00072299
0.000653779
0.000692221
0.000568223
0.000604017
0.000369765
-3.26572e-05
0.000595317
0.000767333
0.000749787
0.000758122
0.000666187
0.000663418
0.000626969
0.00066641
0.000524332
0.000154299
0.000588918
0.000769605
0.000750985
0.000779874
0.000662269
0.000695584
0.000696297
0.000703612
0.000710855
0.000334954
0.000430122
0.000547867
0.000545014
0.00056602
0.000448028
0.000514962
0.000491545
0.000463252
0.000560447
0.0002831
0.026869
0.0212956
0.0258733
0.022738
0.0201157
0.0189026
0.0179583
0.0176398
0.0172788
0.0170212
0.0240293
0.0195087
0.0248047
0.0219426
0.0197053
0.0185893
0.0177712
0.0174873
0.0171594
0.0168933
0.022796
0.0190916
0.0243861
0.0217472
0.0195364
0.0185133
0.0177655
0.0174952
0.0171815
0.0169425
0.0212867
0.0185993
0.0241023
0.0214412
0.0192566
0.018307
0.0176062
0.017341
0.0170383
0.01681
0.0223001
0.0194773
0.0241093
0.0212551
0.0191164
0.0182164
0.0175526
0.0173048
0.0170152
0.0168146
0.02528
0.0209612
0.0240963
0.0210923
0.0190543
0.0181621
0.0175082
0.0172673
0.016982
0.0167962
0.0252804
0.0211926
0.0237737
0.0207455
0.018886
0.0180025
0.0173617
0.0171389
0.0168542
0.0166917
0.023275
0.0209515
0.0234038
0.0205786
0.0189278
0.0180679
0.0174495
0.0172344
0.0169518
0.0168025
0.0226658
0.0207931
0.0231738
0.0205106
0.0189076
0.0179982
0.0173764
0.0171529
0.0168584
0.0167083
0.025904
0.0216188
0.0233971
0.0207411
0.018955
0.0179943
0.0173657
0.0171489
0.0168478
0.016741
-0.00975258
0.0050875
0.0169243
0.0166976
0.0165903
0.0164375
0.0159065
0.0157639
0.0155449
0.0153135
-0.0103668
0.00440738
0.0163793
0.0161433
0.0162645
0.0161694
0.0157482
0.0156246
0.0154384
0.0151973
-0.00888299
0.00542607
0.0166309
0.0162398
0.0162357
0.0161834
0.0157858
0.0156595
0.0154725
0.0152548
-0.00705612
0.00660282
0.0170251
0.0162414
0.01614
0.0160921
0.0156938
0.0155518
0.0153641
0.0151528
-0.00284227
0.00903564
0.0177031
0.0164527
0.0162323
0.0161237
0.0157053
0.0155538
0.0153632
0.0151728
0.00326248
0.0119334
0.0183791
0.0167601
0.0164316
0.0162004
0.0157395
0.0155709
0.0153631
0.0151816
0.00657261
0.0135058
0.0186932
0.0168621
0.0165006
0.0161574
0.0156701
0.0154936
0.0152738
0.0151072
0.00709219
0.014155
0.0187415
0.0169943
0.0166657
0.0162728
0.0157872
0.0156068
0.0153781
0.0152213
0.00693587
0.0141018
0.0186879
0.0171059
0.0167293
0.0162651
0.0157697
0.0155725
0.0153232
0.0151617
0.00875038
0.0144517
0.0189391
0.0174128
0.0168127
0.0162841
0.0157776
0.0155771
0.0153172
0.0151959
-0.00657735
0.00388147
0.0112326
0.0114758
0.0131231
0.0137059
0.0136156
0.0137153
0.0136636
0.0135053
-0.0064148
0.00381415
0.0110894
0.0111519
0.0129132
0.013512
0.0135009
0.0136027
0.0135731
0.0134046
-0.00364993
0.00564424
0.0118382
0.0115322
0.0130563
0.0136367
0.0135969
0.013669
0.0136291
0.0134748
-0.000367741
0.00763564
0.0127069
0.0118558
0.0131787
0.0136791
0.0135838
0.0136163
0.0135616
0.0134055
0.00445629
0.0104138
0.0137598
0.0124406
0.0135111
0.0138459
0.0136738
0.0136689
0.0135905
0.013446
0.0101331
0.0131855
0.0147406
0.013136
0.0139415
0.0140523
0.0137949
0.0137431
0.0136327
0.0134842
0.012871
0.014564
0.015329
0.0135854
0.0142042
0.0141228
0.0138061
0.0137261
0.0135832
0.0134423
0.0130694
0.0150659
0.0155849
0.0139293
0.0144513
0.0142844
0.0139562
0.0138577
0.0136974
0.013562
0.0123141
0.0148045
0.015639
0.0141354
0.0145489
0.0143243
0.0139876
0.0138621
0.0136817
0.0135333
0.01299
0.0147838
0.0159072
0.0144648
0.0146371
0.0143624
0.0140133
0.0138828
0.0136814
0.0135742
0.00162659
0.00653614
0.00942198
0.00898916
0.010778
0.0112959
0.0114197
0.0116636
0.0117276
0.0116532
0.00237275
0.0068934
0.00953794
0.00883853
0.0106758
0.0111793
0.0113512
0.0115769
0.0116583
0.0115677
0.00557655
0.00897222
0.0105078
0.00939325
0.0109543
0.0113995
0.0114965
0.011678
0.0117355
0.0116506
0.00880257
0.0108984
0.0114736
0.00988898
0.0112296
0.0115474
0.0115514
0.0116763
0.0117069
0.0116116
0.0126039
0.0130765
0.0124684
0.0106311
0.0116939
0.011807
0.0117054
0.0117735
0.0117673
0.0116721
0.0165292
0.0149131
0.0133117
0.0114439
0.012212
0.012087
0.0118893
0.011898
0.0118441
0.0117376
0.0178118
0.0155365
0.0137885
0.0119691
0.0125287
0.0122192
0.0119624
0.0119256
0.0118344
0.0117248
0.0173071
0.0156548
0.013998
0.0123092
0.0127556
0.0123922
0.0121274
0.012068
0.0119556
0.0118479
0.0161827
0.0152787
0.0140411
0.0124616
0.0128171
0.0124508
0.0121863
0.0121024
0.0119675
0.0118463
0.0162578
0.015106
0.0142922
0.012735
0.0128763
0.0124996
0.0122292
0.0121326
0.0119812
0.0118958
0.00346027
0.00677589
0.00838785
0.00773873
0.00913753
0.00929351
0.00945996
0.00971497
0.00982137
0.00981435
0.00449747
0.007339
0.00862595
0.00769322
0.00911222
0.00923611
0.0094241
0.00964917
0.00976471
0.00973792
0.00754584
0.00927114
0.00958834
0.00829729
0.00946046
0.00951251
0.0095996
0.00977157
0.00985808
0.00982907
0.010038
0.010697
0.0103893
0.00879931
0.00979012
0.00971209
0.00969473
0.00980636
0.00986084
0.00981379
0.0124533
0.0120163
0.0110999
0.0095007
0.0102598
0.0100001
0.00987993
0.00993271
0.00994293
0.00988888
0.0147476
0.01292
0.0116488
0.0102284
0.0107303
0.0102847
0.0100895
0.010081
0.0100468
0.00997275
0.0150528
0.0129828
0.0119248
0.0106601
0.01099
0.010423
0.0101878
0.0101386
0.0100625
0.00998243
0.0144794
0.0130065
0.0120604
0.0108933
0.0111394
0.0105763
0.010347
0.0102774
0.0101834
0.010105
0.0136799
0.0128278
0.0121087
0.0109494
0.0111462
0.0106356
0.0104154
0.010323
0.0102197
0.010122
0.0137789
0.0127707
0.0123664
0.0111534
0.0111762
0.0106943
0.0104677
0.0103709
0.0102451
0.0101861
0.00256953
0.00557481
0.00691373
0.00636041
0.00752799
0.0074689
0.00766713
0.00786856
0.00797283
0.00801871
0.00361764
0.00615013
0.00715818
0.0063524
0.0075385
0.00744183
0.00764331
0.00780683
0.00791878
0.00794063
0.00621285
0.00774085
0.00798351
0.00691776
0.00789749
0.00773295
0.00782234
0.00793743
0.00801845
0.00803283
0.00785797
0.00858853
0.0085288
0.00733162
0.00820713
0.00793352
0.00792664
0.00798969
0.00803947
0.00803176
0.009119
0.00917896
0.00893772
0.00790294
0.00860388
0.00819755
0.00810886
0.00812219
0.00813204
0.00811203
0.0102872
0.00944101
0.00923956
0.00847926
0.00896254
0.00844083
0.00830727
0.00827453
0.00824279
0.00820379
0.0101521
0.00925134
0.00938512
0.00878689
0.00913108
0.00855475
0.0084057
0.00833594
0.00827486
0.00822554
0.00989222
0.00939529
0.0095068
0.00892549
0.00920908
0.00867931
0.00854131
0.00845983
0.00838775
0.00834041
0.0096727
0.00952665
0.00960366
0.00892797
0.00918991
0.00873711
0.00860466
0.00851224
0.00843206
0.00837061
0.0100147
0.00967364
0.00990409
0.00910582
0.00922326
0.00881621
0.00867442
0.00857286
0.0084826
0.00845314
0.00237053
0.0046754
0.00540116
0.00481354
0.00584972
0.0057101
0.00595543
0.00609548
0.00619345
0.0063158
0.00323583
0.0051112
0.00554179
0.00475712
0.0058254
0.00564944
0.00588645
0.00598872
0.00609345
0.00619374
0.00527639
0.00630073
0.00618098
0.00524077
0.00615669
0.00592162
0.00604774
0.0061126
0.00618891
0.00627933
0.00616097
0.00663382
0.00647888
0.00553717
0.00640655
0.00608809
0.0061365
0.00616464
0.00621548
0.00628244
0.00657907
0.00670066
0.00665461
0.00596605
0.00670048
0.00629924
0.00629189
0.00628687
0.00630312
0.00635796
0.00702989
0.0065809
0.00680125
0.00639698
0.00693707
0.00648339
0.00645923
0.00641999
0.00641092
0.0064455
0.00673467
0.00631462
0.00688539
0.00660281
0.00702499
0.00656751
0.00653965
0.00647791
0.00644436
0.00647097
0.00680092
0.0065962
0.00701799
0.00668613
0.00706285
0.00666927
0.00664915
0.00658087
0.00654205
0.00657363
0.00700094
0.00693705
0.00715651
0.00667972
0.00705158
0.00673177
0.00670681
0.00662738
0.0065946
0.00660721
0.00752652
0.00724947
0.00753004
0.00690715
0.00715441
0.00687955
0.00682939
0.00675219
0.00670248
0.00674583
0.00259754
0.0040136
0.00403376
0.00333992
0.004223
0.00400097
0.00426814
0.00434296
0.0044247
0.00459374
0.00322039
0.00428034
0.00406117
0.00323257
0.00416314
0.00390761
0.00416037
0.00420158
0.00429187
0.00444244
0.00472109
0.00509482
0.0045281
0.00363275
0.00445558
0.00414863
0.00429877
0.00431743
0.00438354
0.00452398
0.00499933
0.00503886
0.00463588
0.00381903
0.0046318
0.00426469
0.00435977
0.00435855
0.00440581
0.00452412
0.00486565
0.00478451
0.00466428
0.00412114
0.00481825
0.00441262
0.00447601
0.00445634
0.00447905
0.00458572
0.00489974
0.00447542
0.00473165
0.0044284
0.0049437
0.00453698
0.00460139
0.00456408
0.00456891
0.00466071
0.00456832
0.0042105
0.00478792
0.00455522
0.00497019
0.00459459
0.00466144
0.00460602
0.0045986
0.00468183
0.00483349
0.00455682
0.00491073
0.0045981
0.00498427
0.00467613
0.00473996
0.00468341
0.00467648
0.00476457
0.00519212
0.00494203
0.00503296
0.00458007
0.00497835
0.00473098
0.00477639
0.0047179
0.00471413
0.00478844
0.00570448
0.00527903
0.0054193
0.00483718
0.00513405
0.00492527
0.0049379
0.00487772
0.00486403
0.0049587
0.00277395
0.00312605
0.00282858
0.00219733
0.00286251
0.0025729
0.00280639
0.002817
0.00282082
0.00332691
0.00271491
0.00283323
0.002382
0.00167371
0.00240405
0.00208181
0.00230689
0.00229102
0.00229236
0.0028369
0.0037177
0.0033921
0.0027523
0.00204076
0.00269421
0.00233185
0.00247217
0.00245104
0.00243618
0.00296035
0.00362171
0.00309721
0.00273728
0.00212284
0.00278546
0.00238655
0.0024969
0.00247074
0.00244519
0.00295096
0.00327263
0.00274049
0.00270295
0.00230781
0.00287058
0.0024707
0.00256831
0.00253637
0.00249402
0.00299248
0.00317073
0.00241687
0.00274455
0.00250005
0.00290482
0.00254057
0.00264781
0.00260698
0.00255814
0.00304462
0.0029047
0.00219903
0.00278487
0.00256051
0.00289111
0.00257602
0.00268271
0.00263186
0.00257668
0.0030565
0.00322922
0.00252573
0.00287304
0.00257334
0.00289514
0.00263784
0.00273276
0.00268516
0.00263081
0.00311666
0.00349657
0.00275657
0.00287329
0.00247242
0.00282594
0.00261155
0.00268297
0.00263453
0.00258331
0.00306916
0.0042113
0.00341158
0.00357503
0.00309739
0.00337101
0.00318948
0.00322288
0.00317727
0.00312829
0.00357358
0.000165437
0.000959944
0.000650051
0.000252802
0.000669987
0.000416535
0.00058798
0.000589149
0.000617013
0.000242317
0.00081179
0.00148411
0.00109486
0.000689081
0.00114148
0.000868226
0.00102968
0.00102766
0.00107356
0.000620537
0.00129139
0.00165035
0.00123182
0.000846186
0.00126065
0.000961664
0.00107372
0.00107622
0.00110783
0.000661177
0.0010204
0.00136638
0.00115562
0.000816632
0.00124251
0.000925557
0.00102938
0.00103368
0.00105955
0.000611149
0.000710908
0.00114932
0.00113799
0.000902347
0.00125407
0.000955914
0.0010558
0.00106049
0.00107755
0.000626781
0.000599392
0.000972447
0.00118476
0.000992149
0.00123549
0.000982256
0.00108791
0.00108902
0.00110543
0.000650356
0.000443389
0.000867395
0.00121841
0.00100761
0.00121062
0.0010003
0.00109986
0.00109643
0.00111153
0.000651025
0.000738186
0.00112236
0.00129512
0.00104287
0.00125215
0.00107668
0.00116102
0.00116311
0.00118007
0.000718496
0.000918102
0.00129054
0.00130267
0.00100758
0.00124871
0.00109563
0.00116108
0.00116642
0.00119142
0.000710489
0.000555135
0.00083267
0.000937797
0.00059815
0.000810398
0.000683357
0.000719686
0.000725194
0.00073226
0.000330247
)
;

boundaryField
{
    inlet1
    {
        type            zeroGradient;
    }
    inlet2
    {
        type            zeroGradient;
    }
    outlet1
    {
        type            fixedValue;
        value           uniform 0;
    }
    outlet2
    {
        type            fixedValue;
        value           uniform 0;
    }
    fixedWalls
    {
        type            zeroGradient;
    }
}


// ************************************************************************* //
