/*--------------------------------*- C++ -*----------------------------------*\
  =========                 |
  \\      /  F ield         | OpenFOAM: The Open Source CFD Toolbox
   \\    /   O peration     | Website:  https://openfoam.org
    \\  /    A nd           | Version:  6
     \\/     M anipulation  |
\*---------------------------------------------------------------------------*/
FoamFile
{
    version     2.0;
    format      ascii;
    class       volScalarField;
    location    "0.125";
    object      T;
}
// * * * * * * * * * * * * * * * * * * * * * * * * * * * * * * * * * * * * * //

dimensions      [0 0 0 1 0 0 0];

internalField   nonuniform List<scalar> 
7000
(
101.176
101.176
101.176
101.176
101.176
101.176
101.175
101.175
101.175
101.175
101.176
101.176
101.176
101.176
101.175
101.175
101.175
101.175
101.175
101.175
101.176
101.176
101.176
101.175
101.175
101.175
101.175
101.175
101.175
101.175
101.176
101.176
101.175
101.175
101.175
101.175
101.175
101.175
101.175
101.175
101.176
101.176
101.175
101.175
101.175
101.175
101.175
101.175
101.175
101.175
101.176
101.176
101.175
101.175
101.175
101.175
101.175
101.175
101.175
101.175
101.176
101.176
101.175
101.175
101.175
101.175
101.175
101.175
101.175
101.175
101.176
101.176
101.176
101.175
101.175
101.175
101.175
101.175
101.175
101.175
101.176
101.176
101.176
101.175
101.175
101.175
101.175
101.175
101.175
101.175
101.176
101.176
101.176
101.176
101.176
101.175
101.175
101.175
101.175
101.175
83.8844
83.8842
83.884
83.8839
83.8837
83.8836
83.8834
83.8833
83.8832
83.8832
83.8842
83.884
83.8838
83.8837
83.8835
83.8834
83.8833
83.8831
83.883
83.883
83.8841
83.8839
83.8837
83.8836
83.8834
83.8833
83.8831
83.883
83.8829
83.883
83.884
83.8838
83.8836
83.8835
83.8834
83.8832
83.8831
83.8829
83.8829
83.8829
83.8839
83.8837
83.8836
83.8834
83.8833
83.8832
83.883
83.8829
83.8828
83.8829
83.8839
83.8837
83.8836
83.8834
83.8833
83.8832
83.883
83.8829
83.8829
83.8829
83.884
83.8838
83.8836
83.8835
83.8834
83.8832
83.8831
83.883
83.8829
83.8829
83.884
83.8838
83.8837
83.8836
83.8834
83.8833
83.8832
83.883
83.883
83.883
83.8841
83.8839
83.8838
83.8836
83.8835
83.8834
83.8833
83.8831
83.8831
83.8831
83.8842
83.884
83.8839
83.8838
83.8836
83.8835
83.8834
83.8833
83.8832
83.8832
67.6207
67.6204
67.6202
67.6199
67.6196
67.6193
67.6189
67.6185
67.6182
67.6181
67.6204
67.6202
67.6199
67.6196
67.6194
67.619
67.6187
67.6183
67.618
67.6179
67.6203
67.62
67.6197
67.6195
67.6192
67.6189
67.6185
67.6181
67.6178
67.6178
67.6202
67.6199
67.6196
67.6194
67.6191
67.6187
67.6184
67.618
67.6177
67.6177
67.6201
67.6198
67.6196
67.6193
67.619
67.6187
67.6183
67.618
67.6177
67.6176
67.6201
67.6198
67.6196
67.6193
67.619
67.6187
67.6183
67.618
67.6177
67.6177
67.6201
67.6199
67.6196
67.6194
67.6191
67.6188
67.6184
67.6181
67.6178
67.6177
67.6202
67.6199
67.6197
67.6195
67.6192
67.6189
67.6185
67.6182
67.6179
67.6179
67.6203
67.6201
67.6199
67.6196
67.6194
67.619
67.6187
67.6183
67.6181
67.618
67.6205
67.6203
67.62
67.6198
67.6196
67.6192
67.6189
67.6185
67.6183
67.6182
52.9342
52.9338
52.9335
52.933
52.9325
52.9318
52.9309
52.9299
52.9291
52.9286
52.9339
52.9335
52.9332
52.9327
52.9322
52.9315
52.9306
52.9296
52.9288
52.9284
52.9337
52.9333
52.9329
52.9325
52.932
52.9313
52.9304
52.9295
52.9286
52.9283
52.9335
52.9332
52.9328
52.9324
52.9319
52.9312
52.9303
52.9293
52.9285
52.9282
52.9335
52.9331
52.9327
52.9323
52.9318
52.9311
52.9302
52.9293
52.9285
52.9281
52.9335
52.9331
52.9328
52.9323
52.9318
52.9311
52.9303
52.9293
52.9285
52.9282
52.9335
52.9332
52.9328
52.9324
52.9319
52.9312
52.9303
52.9294
52.9286
52.9282
52.9337
52.9333
52.933
52.9325
52.932
52.9313
52.9305
52.9296
52.9288
52.9284
52.9338
52.9335
52.9331
52.9327
52.9322
52.9315
52.9307
52.9298
52.929
52.9286
52.934
52.9337
52.9334
52.933
52.9325
52.9318
52.931
52.93
52.9292
52.9289
40.1988
40.1983
40.1978
40.1971
40.1961
40.1946
40.1927
40.1904
40.1883
40.187
40.1984
40.198
40.1975
40.1968
40.1958
40.1943
40.1924
40.1901
40.188
40.1867
40.1982
40.1978
40.1973
40.1966
40.1956
40.1941
40.1922
40.1899
40.1878
40.1866
40.1981
40.1976
40.1971
40.1964
40.1954
40.194
40.1921
40.1898
40.1877
40.1865
40.198
40.1976
40.1971
40.1964
40.1954
40.1939
40.192
40.1898
40.1876
40.1864
40.198
40.1976
40.1971
40.1964
40.1954
40.194
40.192
40.1898
40.1877
40.1865
40.1981
40.1977
40.1971
40.1965
40.1955
40.194
40.1921
40.1899
40.1878
40.1866
40.1982
40.1978
40.1973
40.1966
40.1956
40.1942
40.1923
40.1901
40.188
40.1867
40.1984
40.198
40.1975
40.1968
40.1959
40.1944
40.1925
40.1903
40.1882
40.187
40.1986
40.1983
40.1978
40.1971
40.1962
40.1948
40.1929
40.1906
40.1885
40.1873
29.5911
29.5906
29.5899
29.5887
29.5869
29.5841
29.58
29.5749
29.5697
29.5663
29.5908
29.5903
29.5896
29.5884
29.5866
29.5838
29.5797
29.5746
29.5695
29.5661
29.5906
29.5901
29.5894
29.5882
29.5864
29.5836
29.5795
29.5745
29.5693
29.5659
29.5905
29.59
29.5892
29.5881
29.5863
29.5835
29.5794
29.5743
29.5692
29.5658
29.5904
29.5899
29.5892
29.588
29.5862
29.5834
29.5794
29.5743
29.5691
29.5658
29.5904
29.5899
29.5892
29.588
29.5862
29.5834
29.5794
29.5743
29.5692
29.5658
29.5905
29.59
29.5893
29.5881
29.5863
29.5835
29.5795
29.5744
29.5693
29.5659
29.5906
29.5901
29.5894
29.5883
29.5865
29.5837
29.5797
29.5746
29.5695
29.5661
29.5908
29.5904
29.5897
29.5885
29.5867
29.5839
29.5799
29.5749
29.5697
29.5664
29.5911
29.5906
29.59
29.5889
29.5871
29.5843
29.5802
29.5752
29.57
29.5667
21.1018
21.1012
21.1001
21.0983
21.0951
21.0899
21.0818
21.0709
21.0588
21.05
21.1016
21.1009
21.0999
21.098
21.0948
21.0896
21.0816
21.0707
21.0586
21.0498
21.1014
21.1007
21.0997
21.0978
21.0947
21.0894
21.0814
21.0705
21.0584
21.0497
21.1012
21.1006
21.0996
21.0977
21.0945
21.0893
21.0813
21.0704
21.0583
21.0496
21.1012
21.1006
21.0995
21.0977
21.0945
21.0893
21.0812
21.0703
21.0583
21.0496
21.1012
21.1006
21.0995
21.0977
21.0945
21.0893
21.0813
21.0704
21.0583
21.0496
21.1013
21.1007
21.0996
21.0978
21.0946
21.0894
21.0814
21.0705
21.0584
21.0497
21.1014
21.1008
21.0998
21.0979
21.0948
21.0895
21.0815
21.0707
21.0586
21.0499
21.1016
21.101
21.1
21.0982
21.095
21.0898
21.0818
21.0709
21.0588
21.0501
21.1018
21.1013
21.1003
21.0985
21.0953
21.0901
21.0821
21.0712
21.0592
21.0504
14.5713
14.5705
14.569
14.5662
14.561
14.5519
14.5368
14.5145
14.487
14.4644
14.5711
14.5703
14.5688
14.566
14.5608
14.5516
14.5366
14.5143
14.4869
14.4642
14.5709
14.5702
14.5687
14.5658
14.5606
14.5515
14.5364
14.5142
14.4867
14.4641
14.5708
14.5701
14.5686
14.5657
14.5606
14.5514
14.5363
14.5141
14.4867
14.464
14.5708
14.57
14.5685
14.5657
14.5605
14.5514
14.5363
14.514
14.4866
14.464
14.5708
14.57
14.5685
14.5657
14.5605
14.5514
14.5363
14.5141
14.4867
14.4641
14.5709
14.5701
14.5686
14.5658
14.5606
14.5515
14.5364
14.5142
14.4868
14.4642
14.571
14.5702
14.5688
14.566
14.5608
14.5516
14.5366
14.5143
14.4869
14.4643
14.5711
14.5704
14.569
14.5662
14.561
14.5518
14.5368
14.5145
14.4871
14.4645
14.5713
14.5707
14.5692
14.5664
14.5613
14.5521
14.5371
14.5148
14.4874
14.4648
9.74033
9.73942
9.73742
9.7334
9.72556
9.71087
9.68474
9.64189
9.58111
9.52029
9.74015
9.73924
9.73724
9.73322
9.72539
9.7107
9.68457
9.64173
9.58097
9.52018
9.74002
9.73911
9.73711
9.73309
9.72526
9.71058
9.68446
9.64162
9.58087
9.52009
9.73994
9.73903
9.73704
9.73302
9.72519
9.7105
9.68439
9.64156
9.58081
9.52004
9.73991
9.739
9.73701
9.73299
9.72516
9.71048
9.68437
9.64154
9.5808
9.52003
9.73993
9.73902
9.73703
9.73301
9.72519
9.71051
9.6844
9.64157
9.58083
9.52006
9.73999
9.73908
9.73709
9.73308
9.72526
9.71058
9.68447
9.64165
9.58091
9.52014
9.74009
9.73919
9.73721
9.7332
9.72538
9.71071
9.6846
9.64177
9.58103
9.52027
9.74024
9.73935
9.73738
9.73338
9.72556
9.71089
9.68478
9.64195
9.58121
9.52044
9.74041
9.73956
9.7376
9.73361
9.72579
9.71112
9.68501
9.64218
9.58144
9.52067
6.30202
6.30097
6.2985
6.29331
6.28273
6.26173
6.22129
6.14653
6.01863
5.84425
6.30189
6.30083
6.29837
6.29318
6.2826
6.2616
6.22116
6.14641
6.01853
5.84418
6.30179
6.30074
6.29827
6.29308
6.2825
6.26151
6.22108
6.14633
6.01846
5.84412
6.30173
6.30068
6.29822
6.29303
6.28245
6.26146
6.22103
6.14628
6.01842
5.84408
6.30171
6.30066
6.2982
6.29301
6.28243
6.26144
6.22101
6.14627
6.01841
5.84407
6.30172
6.30067
6.29821
6.29303
6.28245
6.26147
6.22104
6.1463
6.01843
5.8441
6.30177
6.30073
6.29827
6.29308
6.28251
6.26153
6.2211
6.14636
6.0185
5.84416
6.30186
6.30082
6.29836
6.29318
6.28261
6.26163
6.2212
6.14646
6.01859
5.84425
6.30198
6.30094
6.2985
6.29332
6.28275
6.26177
6.22134
6.1466
6.01873
5.84439
6.30212
6.30111
6.29868
6.2935
6.28294
6.26196
6.22153
6.14678
6.01891
5.84456
3.9464
3.94528
3.94254
3.93661
3.9242
3.89863
3.84628
3.73818
3.50615
2.96076
3.9463
3.94518
3.94244
3.93651
3.92411
3.89854
3.8462
3.7381
3.50607
2.96071
3.94623
3.94511
3.94237
3.93645
3.92404
3.89847
3.84613
3.73805
3.50603
2.96067
3.94619
3.94507
3.94233
3.93641
3.924
3.89843
3.8461
3.73801
3.506
2.96065
3.94618
3.94506
3.94232
3.93639
3.92399
3.89843
3.84609
3.73801
3.506
2.96065
3.94619
3.94507
3.94233
3.93641
3.92401
3.89844
3.84611
3.73803
3.50601
2.96067
3.94623
3.94511
3.94238
3.93645
3.92405
3.89849
3.84616
3.73807
3.50606
2.96071
3.9463
3.94518
3.94245
3.93653
3.92413
3.89857
3.84623
3.73815
3.50613
2.96077
3.94639
3.94528
3.94255
3.93664
3.92424
3.89868
3.84634
3.73825
3.50623
2.96085
3.94649
3.94541
3.94269
3.93678
3.92438
3.89882
3.84648
3.73839
3.50636
2.96096
2.39203
2.39094
2.38824
2.38235
2.37004
2.3448
2.2939
2.19269
1.99463
1.62087
2.39196
2.39088
2.38817
2.38229
2.36997
2.34473
2.29384
2.19264
1.99458
1.62084
2.39192
2.39083
2.38812
2.38224
2.36993
2.34469
2.2938
2.1926
1.99455
1.62081
2.39189
2.3908
2.3881
2.38221
2.3699
2.34467
2.29378
2.19258
1.99453
1.6208
2.39188
2.39079
2.38809
2.38221
2.3699
2.34466
2.29377
2.19258
1.99453
1.6208
2.39189
2.3908
2.3881
2.38222
2.36991
2.34467
2.29379
2.19259
1.99454
1.62081
2.39192
2.39083
2.38813
2.38225
2.36994
2.34471
2.29382
2.19263
1.99457
1.62084
2.39197
2.39088
2.38818
2.38231
2.37
2.34476
2.29388
2.19268
1.99462
1.62088
2.39203
2.39096
2.38826
2.38238
2.37008
2.34484
2.29395
2.19275
1.99469
1.62094
2.39211
2.39105
2.38836
2.38249
2.37018
2.34494
2.29405
2.19285
1.99478
1.62101
1.40361
1.40265
1.40028
1.39515
1.38463
1.36366
1.32317
1.2479
1.11528
0.902115
1.40356
1.40261
1.40023
1.39511
1.38459
1.36362
1.32313
1.24786
1.11525
0.902092
1.40353
1.40258
1.4002
1.39508
1.38456
1.36359
1.32311
1.24784
1.11523
0.902076
1.40351
1.40256
1.40018
1.39506
1.38454
1.36357
1.32309
1.24783
1.11522
0.902068
1.40351
1.40255
1.40018
1.39506
1.38454
1.36357
1.32309
1.24783
1.11522
0.902068
1.40351
1.40256
1.40019
1.39507
1.38455
1.36358
1.3231
1.24784
1.11523
0.902077
1.40353
1.40258
1.40021
1.39509
1.38457
1.36361
1.32312
1.24786
1.11525
0.902094
1.40357
1.40262
1.40025
1.39513
1.38461
1.36364
1.32316
1.24789
1.11529
0.902121
1.40361
1.40267
1.4003
1.39518
1.38466
1.3637
1.32321
1.24794
1.11533
0.902159
1.40367
1.40274
1.40037
1.39525
1.38473
1.36377
1.32328
1.24801
1.11539
0.902209
0.797517
0.79676
0.794878
0.790899
0.782936
0.767638
0.739513
0.690548
0.611421
0.497137
0.797488
0.796732
0.79485
0.790871
0.782909
0.767612
0.739488
0.690526
0.611403
0.497122
0.797469
0.796712
0.794831
0.790852
0.78289
0.767594
0.739472
0.690511
0.611391
0.497112
0.797457
0.796701
0.79482
0.790841
0.78288
0.767585
0.739463
0.690504
0.611384
0.497107
0.797454
0.796698
0.794817
0.790839
0.782878
0.767583
0.739462
0.690503
0.611384
0.497108
0.79746
0.796704
0.794823
0.790846
0.782885
0.76759
0.73947
0.69051
0.611391
0.497113
0.797474
0.796719
0.794839
0.790862
0.782901
0.767606
0.739485
0.690525
0.611404
0.497125
0.797497
0.796743
0.794864
0.790887
0.782927
0.767632
0.73951
0.690549
0.611425
0.497143
0.797528
0.796776
0.794898
0.790923
0.782963
0.767667
0.739545
0.690581
0.611455
0.497167
0.797565
0.79682
0.794944
0.790969
0.783009
0.767713
0.739589
0.690623
0.611493
0.497199
0.438919
0.438367
0.437009
0.434198
0.428737
0.41863
0.400891
0.371713
0.327618
0.268352
0.438901
0.43835
0.436992
0.434182
0.428721
0.418614
0.400876
0.3717
0.327607
0.268343
0.438889
0.438338
0.43698
0.43417
0.42871
0.418604
0.400867
0.371691
0.3276
0.268337
0.438883
0.438331
0.436974
0.434164
0.428704
0.418598
0.400862
0.371687
0.327596
0.268335
0.438881
0.43833
0.436973
0.434163
0.428703
0.418598
0.400861
0.371687
0.327596
0.268335
0.438885
0.438334
0.436977
0.434167
0.428708
0.418602
0.400866
0.371692
0.3276
0.268339
0.438894
0.438343
0.436987
0.434178
0.428718
0.418613
0.400876
0.371701
0.327609
0.268346
0.438909
0.438359
0.437003
0.434194
0.428734
0.418629
0.400892
0.371716
0.327622
0.268357
0.438929
0.43838
0.437025
0.434217
0.428757
0.418651
0.400914
0.371736
0.327641
0.268373
0.438953
0.438408
0.437054
0.434246
0.428787
0.41868
0.400942
0.371762
0.327664
0.268393
0.234065
0.233692
0.232788
0.230956
0.2275
0.221325
0.210926
0.194612
0.171198
0.141262
0.234054
0.233682
0.232778
0.230947
0.227491
0.221316
0.210917
0.194605
0.171192
0.141257
0.234047
0.233675
0.232771
0.23094
0.227484
0.22131
0.210912
0.1946
0.171188
0.141254
0.234043
0.233671
0.232767
0.230936
0.227481
0.221307
0.210909
0.194597
0.171186
0.141252
0.234043
0.233671
0.232767
0.230936
0.227481
0.221307
0.210909
0.194597
0.171186
0.141252
0.234045
0.233673
0.232769
0.230939
0.227484
0.22131
0.210912
0.1946
0.171188
0.141255
0.234051
0.233679
0.232775
0.230945
0.22749
0.221316
0.210918
0.194606
0.171194
0.141259
0.23406
0.233689
0.232785
0.230955
0.2275
0.221326
0.210928
0.194615
0.171202
0.141266
0.234073
0.233702
0.232799
0.230969
0.227514
0.221339
0.210941
0.194627
0.171213
0.141275
0.234087
0.233719
0.232817
0.230987
0.227532
0.221357
0.210958
0.194643
0.171227
0.141287
0.120996
0.120762
0.120199
0.119086
0.117042
0.113504
0.107756
0.0990882
0.0871394
0.0724096
0.12099
0.120756
0.120194
0.119081
0.117036
0.113499
0.107752
0.099084
0.0871358
0.0724066
0.120986
0.120752
0.12019
0.119077
0.117033
0.113495
0.107749
0.0990813
0.0871335
0.0724047
0.120984
0.12075
0.120188
0.119075
0.117031
0.113493
0.107747
0.09908
0.0871324
0.0724039
0.120984
0.12075
0.120188
0.119075
0.117031
0.113493
0.107747
0.0990801
0.0871326
0.0724041
0.120985
0.120751
0.12019
0.119077
0.117033
0.113495
0.107749
0.0990819
0.0871342
0.0724055
0.120989
0.120755
0.120193
0.11908
0.117037
0.113499
0.107753
0.0990853
0.0871373
0.0724081
0.120994
0.120761
0.120199
0.119086
0.117042
0.113505
0.107758
0.0990905
0.0871419
0.0724122
0.121002
0.120768
0.120207
0.119095
0.117051
0.113513
0.107766
0.0990977
0.0871484
0.0724177
0.12101
0.120778
0.120218
0.119105
0.117061
0.113523
0.107776
0.0991068
0.0871566
0.0724247
0.0606572
0.0605185
0.0601901
0.059553
0.0584121
0.0564938
0.0534749
0.0490723
0.0432057
0.0361928
0.0606541
0.0605154
0.0601871
0.05955
0.0584092
0.0564911
0.0534724
0.04907
0.0432038
0.0361911
0.0606519
0.0605133
0.060185
0.059548
0.0584073
0.0564893
0.0534708
0.0490686
0.0432025
0.0361901
0.0606508
0.0605122
0.060184
0.059547
0.0584064
0.0564884
0.05347
0.0490679
0.043202
0.0361897
0.0606507
0.0605121
0.0601839
0.059547
0.0584064
0.0564885
0.0534701
0.049068
0.0432021
0.0361898
0.0606517
0.0605131
0.0601849
0.059548
0.0584075
0.0564896
0.0534712
0.049069
0.043203
0.0361906
0.0606537
0.0605152
0.060187
0.0595502
0.0584097
0.0564917
0.0534732
0.049071
0.0432048
0.0361921
0.0606568
0.0605184
0.0601903
0.0595536
0.058413
0.056495
0.0534764
0.0490739
0.0432074
0.0361944
0.060661
0.0605228
0.0601949
0.0595582
0.0584176
0.0564995
0.0534807
0.0490779
0.043211
0.0361975
0.0606659
0.0605285
0.0602009
0.0595643
0.0584236
0.0565053
0.0534863
0.0490831
0.0432157
0.0362015
0.0295035
0.0294259
0.0292444
0.0288989
0.0282946
0.0273052
0.0257932
0.0236591
0.0209207
0.0177991
0.0295018
0.0294242
0.0292428
0.0288974
0.0282931
0.0273038
0.0257919
0.0236579
0.0209196
0.0177983
0.0295007
0.0294232
0.0292417
0.0288963
0.0282922
0.0273029
0.0257911
0.0236572
0.020919
0.0177977
0.0295002
0.0294226
0.0292412
0.0288958
0.0282917
0.0273024
0.0257907
0.0236568
0.0209187
0.0177975
0.0295002
0.0294226
0.0292412
0.0288958
0.0282917
0.0273025
0.0257907
0.0236569
0.0209188
0.0177976
0.0295007
0.0294231
0.0292417
0.0288964
0.0282923
0.0273031
0.0257913
0.0236575
0.0209193
0.017798
0.0295018
0.0294243
0.0292429
0.0288976
0.0282935
0.0273043
0.0257925
0.0236585
0.0209203
0.0177989
0.0295035
0.0294261
0.0292447
0.0288995
0.0282954
0.0273061
0.0257942
0.0236601
0.0209217
0.0178002
0.0295058
0.0294285
0.0292473
0.028902
0.0282979
0.0273085
0.0257966
0.0236623
0.0209237
0.0178019
0.0295085
0.0294316
0.0292505
0.0289053
0.0283011
0.0273117
0.0257996
0.0236651
0.0209262
0.0178041
0.0139302
0.0138889
0.0137935
0.0136152
0.0133102
0.0128235
0.0121022
0.0111247
0.00995501
0.00885158
0.0139293
0.0138881
0.0137927
0.0136145
0.0133095
0.0128228
0.0121016
0.0111241
0.00995449
0.00885112
0.0139288
0.0138875
0.0137922
0.0136139
0.013309
0.0128223
0.0121011
0.0111237
0.00995416
0.00885083
0.0139285
0.0138872
0.0137919
0.0136137
0.0133088
0.0128221
0.0121009
0.0111236
0.00995402
0.00885072
0.0139285
0.0138873
0.0137919
0.0136137
0.0133088
0.0128222
0.012101
0.0111236
0.00995408
0.00885078
0.0139288
0.0138876
0.0137922
0.013614
0.0133091
0.0128225
0.0121013
0.0111239
0.00995437
0.00885105
0.0139294
0.0138882
0.0137929
0.0136147
0.0133098
0.0128231
0.0121019
0.0111245
0.00995489
0.00885153
0.0139303
0.0138891
0.0137938
0.0136157
0.0133107
0.0128241
0.0121028
0.0111253
0.00995567
0.00885224
0.0139315
0.0138904
0.0137952
0.013617
0.0133121
0.0128254
0.0121041
0.0111265
0.00995671
0.00885319
0.013933
0.0138921
0.0137969
0.0136187
0.0133138
0.012827
0.0121057
0.011128
0.00995805
0.00885439
1.45662
0.74406
0.403197
0.262301
0.257136
0.388623
0.720737
1.40961
2.78244
5.53639
1.45659
0.744041
0.403183
0.262288
0.257119
0.388596
0.720692
1.40954
2.78231
5.53617
1.45657
0.744028
0.403174
0.262279
0.257108
0.388578
0.720662
1.40949
2.78223
5.53603
1.45656
0.744021
0.403169
0.262275
0.257101
0.388567
0.720643
1.40945
2.78218
5.53595
1.45656
0.744021
0.403169
0.262273
0.257099
0.388562
0.720636
1.40944
2.78216
5.53592
1.45657
0.744028
0.403173
0.262276
0.2571
0.388564
0.720637
1.40945
2.78217
5.53594
1.45659
0.744042
0.403182
0.262282
0.257105
0.38857
0.720647
1.40946
2.7822
5.53599
1.45663
0.744063
0.403195
0.262291
0.257113
0.38858
0.720664
1.40949
2.78225
5.53609
1.45668
0.744092
0.403213
0.262303
0.257124
0.388593
0.720685
1.40953
2.78232
5.53621
1.45674
0.744126
0.403233
0.262317
0.257136
0.388608
0.720707
1.40957
2.78239
5.53634
1.00329
0.575206
0.333469
0.226701
0.226429
0.339189
0.613907
1.15574
2.1428
3.80716
1.00327
0.575189
0.333457
0.226689
0.226414
0.339166
0.613869
1.15568
2.1427
3.80701
1.00325
0.575179
0.333449
0.226681
0.226404
0.33915
0.613842
1.15564
2.14263
3.80691
1.00324
0.575173
0.333445
0.226677
0.226398
0.33914
0.613826
1.15561
2.14259
3.80685
1.00324
0.575173
0.333445
0.226676
0.226395
0.339137
0.61382
1.1556
2.14258
3.80682
1.00325
0.575179
0.333449
0.226678
0.226397
0.339138
0.613822
1.1556
2.14258
3.80684
1.00327
0.575191
0.333456
0.226684
0.226402
0.339144
0.613831
1.15562
2.14261
3.80688
1.0033
0.57521
0.333468
0.226692
0.226409
0.339153
0.613846
1.15565
2.14266
3.80696
1.00334
0.575235
0.333485
0.226704
0.22642
0.339167
0.613867
1.15568
2.14272
3.80706
1.00339
0.575268
0.333506
0.226719
0.226434
0.339184
0.613894
1.15573
2.1428
3.80719
0.618604
0.388035
0.241826
0.174015
0.178272
0.263388
0.460536
0.826637
1.437
2.34193
0.618587
0.388023
0.241817
0.174006
0.17826
0.26337
0.460507
0.826591
1.43693
2.34183
0.618576
0.388015
0.241811
0.174
0.178252
0.263357
0.460487
0.826559
1.43688
2.34176
0.61857
0.388012
0.241807
0.173996
0.178247
0.26335
0.460474
0.82654
1.43685
2.34172
0.618571
0.388012
0.241807
0.173995
0.178246
0.263347
0.460469
0.826532
1.43684
2.3417
0.618577
0.388016
0.24181
0.173997
0.178247
0.263348
0.460471
0.826535
1.43685
2.34171
0.61859
0.388025
0.241817
0.174002
0.178251
0.263353
0.460479
0.826547
1.43687
2.34174
0.61861
0.38804
0.241826
0.174009
0.178258
0.263361
0.460492
0.826569
1.4369
2.3418
0.618639
0.388059
0.24184
0.174019
0.178267
0.263373
0.46051
0.8266
1.43695
2.34188
0.618676
0.388085
0.241857
0.174032
0.178279
0.263389
0.460535
0.826639
1.43702
2.34198
0.360101
0.240923
0.159934
0.121642
0.127743
0.185818
0.313449
0.537648
0.885662
1.35932
0.36009
0.240915
0.159928
0.121635
0.127734
0.185805
0.313429
0.537617
0.885617
1.35926
0.360083
0.24091
0.159923
0.12163
0.127728
0.185796
0.313414
0.537595
0.885585
1.35922
0.360079
0.240907
0.159921
0.121628
0.127725
0.18579
0.313406
0.537582
0.885565
1.35919
0.360079
0.240907
0.159921
0.121627
0.127724
0.185788
0.313402
0.537576
0.885558
1.35918
0.360084
0.24091
0.159923
0.121629
0.127725
0.185789
0.313404
0.537579
0.885562
1.35919
0.360093
0.240917
0.159928
0.121632
0.127728
0.185793
0.31341
0.537588
0.885577
1.35921
0.360106
0.240927
0.159935
0.121638
0.127733
0.1858
0.31342
0.537605
0.885603
1.35925
0.360126
0.240941
0.159945
0.121646
0.127741
0.18581
0.313434
0.537628
0.885639
1.3593
0.36015
0.240959
0.159958
0.121656
0.127751
0.185822
0.313454
0.537658
0.885687
1.35937
0.201114
0.141054
0.0987047
0.0788526
0.0845964
0.121159
0.197653
0.325821
0.514205
0.756599
0.201107
0.141049
0.0987003
0.078848
0.0845904
0.12115
0.197639
0.325801
0.514177
0.756562
0.201103
0.141045
0.0986973
0.0788448
0.0845862
0.121144
0.19763
0.325787
0.514157
0.756536
0.2011
0.141044
0.0986958
0.0788431
0.0845838
0.121141
0.197624
0.325779
0.514145
0.75652
0.201101
0.141044
0.0986958
0.0788428
0.084583
0.121139
0.197622
0.325775
0.514141
0.756514
0.201104
0.141046
0.0986974
0.0788439
0.0845838
0.12114
0.197623
0.325777
0.514144
0.756519
0.20111
0.141051
0.0987007
0.0788464
0.0845862
0.121143
0.197627
0.325784
0.514154
0.756533
0.201118
0.141057
0.0987057
0.0788505
0.0845902
0.121148
0.197635
0.325795
0.514171
0.756558
0.201131
0.141067
0.0987126
0.0788561
0.0845958
0.121155
0.197645
0.325812
0.514196
0.756594
0.201147
0.141078
0.0987215
0.0788634
0.0846031
0.121164
0.197659
0.325833
0.514229
0.756641
0.10842
0.0788325
0.0576345
0.0480193
0.0524238
0.0739876
0.117149
0.186693
0.284777
0.406328
0.108416
0.0788292
0.0576317
0.0480163
0.0524199
0.073982
0.117141
0.186681
0.28476
0.406307
0.108413
0.0788271
0.0576298
0.0480143
0.0524173
0.0739781
0.117135
0.186673
0.284748
0.406291
0.108412
0.0788261
0.0576289
0.0480132
0.0524157
0.0739757
0.117131
0.186667
0.284741
0.406282
0.108412
0.0788263
0.0576289
0.048013
0.0524152
0.0739749
0.11713
0.186666
0.284739
0.406279
0.108414
0.0788278
0.05763
0.0480138
0.0524158
0.0739755
0.117131
0.186667
0.284741
0.406282
0.108418
0.0788306
0.0576321
0.0480155
0.0524175
0.0739775
0.117134
0.186671
0.284747
0.406291
0.108423
0.0788348
0.0576354
0.0480182
0.0524203
0.073981
0.117139
0.186679
0.284758
0.406307
0.108431
0.0788407
0.0576399
0.048022
0.0524241
0.0739859
0.117146
0.18669
0.284774
0.406329
0.108441
0.0788482
0.0576457
0.0480269
0.0524291
0.0739923
0.117155
0.186704
0.284795
0.406358
0.056621
0.042391
0.0321669
0.0277791
0.0307549
0.0428173
0.0660265
0.10222
0.151656
0.211306
0.0566186
0.042389
0.0321652
0.0277772
0.0307525
0.0428139
0.0660215
0.102213
0.151647
0.211294
0.0566171
0.0423878
0.0321641
0.027776
0.0307509
0.0428115
0.066018
0.102208
0.15164
0.211286
0.0566164
0.0423872
0.0321635
0.0277753
0.0307499
0.0428101
0.0660159
0.102205
0.151636
0.21128
0.0566166
0.0423874
0.0321636
0.0277752
0.0307497
0.0428096
0.0660152
0.102204
0.151635
0.211279
0.0566178
0.0423883
0.0321642
0.0277757
0.0307501
0.0428101
0.0660158
0.102205
0.151636
0.211281
0.0566199
0.04239
0.0321656
0.0277768
0.0307512
0.0428114
0.0660177
0.102208
0.15164
0.211286
0.0566232
0.0423926
0.0321676
0.0277786
0.030753
0.0428137
0.0660209
0.102213
0.151647
0.211296
0.0566277
0.0423961
0.0321704
0.027781
0.0307555
0.0428169
0.0660255
0.102219
0.151657
0.211309
0.0566335
0.0424007
0.032174
0.0277841
0.0307588
0.042821
0.0660314
0.102228
0.15167
0.211327
0.0288304
0.0221827
0.0174165
0.015529
0.0173929
0.0239026
0.0359764
0.054258
0.0785237
0.107078
0.0288291
0.0221816
0.0174155
0.0155279
0.0173915
0.0239006
0.0359736
0.054254
0.0785183
0.107071
0.0288282
0.0221809
0.0174148
0.0155272
0.0173905
0.0238992
0.0359715
0.0542512
0.0785146
0.107066
0.0288279
0.0221806
0.0174145
0.0155268
0.0173899
0.0238984
0.0359704
0.0542495
0.0785124
0.107063
0.028828
0.0221807
0.0174145
0.0155267
0.0173898
0.0238981
0.03597
0.054249
0.0785118
0.107063
0.0288287
0.0221813
0.0174149
0.0155271
0.0173901
0.0238984
0.0359704
0.0542496
0.0785126
0.107064
0.0288299
0.0221823
0.0174157
0.0155278
0.0173908
0.0238993
0.0359716
0.0542513
0.0785151
0.107067
0.0288318
0.0221838
0.017417
0.0155288
0.0173919
0.0239007
0.0359736
0.0542542
0.0785191
0.107073
0.0288344
0.0221859
0.0174187
0.0155303
0.0173935
0.0239027
0.0359764
0.0542583
0.0785249
0.10708
0.0288377
0.0221885
0.0174208
0.0155323
0.0173955
0.0239053
0.03598
0.0542636
0.0785323
0.107091
0.0147112
0.0117461
0.00957453
0.00881059
0.00997174
0.0135283
0.0198794
0.0291846
0.0410631
0.0543084
0.0147104
0.0117454
0.00957391
0.00880991
0.00997087
0.0135271
0.0198777
0.0291823
0.0410601
0.0543048
0.01471
0.011745
0.00957352
0.00880946
0.00997028
0.0135263
0.0198765
0.0291807
0.041058
0.0543022
0.0147098
0.0117449
0.00957334
0.00880923
0.00996995
0.0135258
0.0198759
0.0291798
0.0410568
0.0543007
0.0147099
0.0117449
0.00957337
0.00880921
0.00996988
0.0135257
0.0198756
0.0291795
0.0410565
0.0543004
0.0147103
0.0117452
0.00957363
0.00880942
0.00997007
0.0135259
0.0198759
0.0291799
0.041057
0.0543011
0.014711
0.0117459
0.00957413
0.00880987
0.00997053
0.0135264
0.0198767
0.029181
0.0410585
0.0543031
0.0147121
0.0117468
0.00957489
0.00881055
0.00997125
0.0135273
0.0198779
0.0291828
0.0410609
0.0543062
0.0147136
0.011748
0.00957592
0.00881149
0.00997225
0.0135286
0.0198797
0.0291852
0.0410643
0.0543107
0.0147154
0.0117495
0.00957721
0.00881267
0.00997352
0.0135302
0.0198819
0.0291884
0.0410687
0.0543164
0.0085744
0.00731354
0.0062159
0.00588509
0.00671809
0.00901639
0.0129769
0.0185641
0.0252357
0.0314218
0.00857398
0.00731317
0.00621554
0.00588467
0.00671755
0.00901564
0.0129759
0.0185627
0.025234
0.0314198
0.00857371
0.00731291
0.00621528
0.00588437
0.00671716
0.00901509
0.0129751
0.0185617
0.0252327
0.0314183
0.00857359
0.00731281
0.00621516
0.00588421
0.00671694
0.00901477
0.0129747
0.0185611
0.025232
0.0314174
0.00857366
0.00731286
0.00621519
0.00588421
0.00671689
0.00901469
0.0129746
0.0185609
0.0252318
0.0314172
0.00857393
0.00731309
0.00621538
0.00588437
0.00671704
0.00901485
0.0129748
0.0185612
0.0252322
0.0314177
0.0085744
0.00731351
0.00621574
0.00588469
0.00671738
0.00901526
0.0129753
0.018562
0.0252332
0.031419
0.00857511
0.00731413
0.00621628
0.00588519
0.00671791
0.00901592
0.0129762
0.0185632
0.0252349
0.0314211
0.00857605
0.00731496
0.00621699
0.00588586
0.00671863
0.00901683
0.0129775
0.0185649
0.0252372
0.0314239
0.0085772
0.00731597
0.00621788
0.00588668
0.00671952
0.00901795
0.012979
0.0185671
0.02524
0.0314275
11.2956
13.3834
14.2714
14.685
14.8852
14.983
15.0305
15.0532
15.0637
15.0679
11.2952
13.383
14.271
14.6845
14.8847
14.9825
15.03
15.0528
15.0633
15.0676
11.295
13.3827
14.2707
14.6842
14.8844
14.9823
15.0298
15.0525
15.0631
15.0674
11.2949
13.3826
14.2705
14.6841
14.8843
14.9821
15.0296
15.0524
15.0629
15.0673
11.2948
13.3825
14.2705
14.684
14.8842
14.9821
15.0296
15.0523
15.0629
15.0673
11.2948
13.3826
14.2705
14.6841
14.8843
14.9821
15.0296
15.0524
15.063
15.0673
11.2949
13.3827
14.2707
14.6842
14.8844
14.9823
15.0298
15.0526
15.0632
15.0675
11.2951
13.3829
14.2709
14.6845
14.8847
14.9826
15.0301
15.0529
15.0635
15.0678
11.2954
13.3832
14.2712
14.6848
14.8851
14.9829
15.0305
15.0533
15.0639
15.0682
11.2956
13.3835
14.2716
14.6853
14.8855
14.9834
15.0309
15.0537
15.0643
15.0687
6.17882
7.61154
8.37009
8.75744
8.95216
9.04871
9.09584
9.11838
9.12876
9.13292
6.17861
7.6113
8.36982
8.75716
8.95187
9.04843
9.09556
9.11811
9.12851
9.13273
6.17846
7.61113
8.36964
8.75697
8.95168
9.04824
9.09537
9.11793
9.12834
9.13258
6.17838
7.61103
8.36953
8.75686
8.95157
9.04813
9.09527
9.11783
9.12825
9.1325
6.17835
7.61099
8.36949
8.75682
8.95153
9.0481
9.09524
9.1178
9.12824
9.13248
6.17836
7.61102
8.36952
8.75686
8.95158
9.04814
9.09529
9.11786
9.12829
9.13254
6.17843
7.6111
8.36962
8.75697
8.95169
9.04827
9.09542
9.11799
9.12843
9.13268
6.17855
7.61125
8.36979
8.75716
8.95189
9.04847
9.09562
9.1182
9.12864
9.13289
6.17871
7.61146
8.37003
8.75741
8.95216
9.04874
9.0959
9.11848
9.12892
9.13318
6.17892
7.61173
8.37034
8.75774
8.9525
9.0491
9.09626
9.11884
9.12929
9.13354
3.43567
4.25451
4.76293
5.0512
5.20616
5.28639
5.32667
5.34629
5.35542
5.35908
3.43554
4.25436
4.76277
5.05103
5.20598
5.28622
5.3265
5.34612
5.35526
5.35896
3.43545
4.25425
4.76265
5.05091
5.20586
5.28609
5.32637
5.346
5.35515
5.35887
3.4354
4.25419
4.76258
5.05083
5.20579
5.28602
5.32631
5.34594
5.35509
5.35881
3.43538
4.25417
4.76256
5.05081
5.20576
5.286
5.32629
5.34592
5.35509
5.35881
3.43539
4.25419
4.76258
5.05084
5.20579
5.28603
5.32633
5.34596
5.35513
5.35885
3.43544
4.25425
4.76265
5.05091
5.20588
5.28612
5.32641
5.34605
5.35522
5.35894
3.43552
4.25434
4.76277
5.05104
5.20601
5.28626
5.32656
5.3462
5.35537
5.35909
3.43563
4.25449
4.76293
5.05122
5.2062
5.28645
5.32675
5.3464
5.35557
5.35929
3.43578
4.25467
4.76315
5.05145
5.20644
5.28671
5.32701
5.34666
5.35583
5.35956
1.89119
2.33142
2.63522
2.82289
2.93059
2.98914
3.01961
3.03486
3.04208
3.045
1.89111
2.33133
2.63512
2.82279
2.93048
2.98903
3.01951
3.03475
3.04199
3.04493
1.89106
2.33127
2.63505
2.82271
2.9304
2.98895
3.01943
3.03468
3.04192
3.04487
1.89103
2.33123
2.63501
2.82267
2.93036
2.98891
3.01939
3.03464
3.04188
3.04484
1.89101
2.33122
2.635
2.82266
2.93034
2.98889
3.01938
3.03463
3.04188
3.04484
1.89102
2.33123
2.63501
2.82267
2.93036
2.98892
3.0194
3.03466
3.04191
3.04487
1.89105
2.33127
2.63506
2.82272
2.93042
2.98897
3.01946
3.03472
3.04197
3.04493
1.89111
2.33133
2.63513
2.82281
2.93051
2.98907
3.01956
3.03482
3.04207
3.04503
1.89118
2.33143
2.63524
2.82293
2.93063
2.9892
3.01969
3.03495
3.0422
3.04517
1.89128
2.33155
2.63538
2.82308
2.9308
2.98937
3.01987
3.03513
3.04238
3.04534
1.0195
1.24861
1.41822
1.53016
1.59813
1.63683
1.65774
1.66851
1.67372
1.67585
1.01946
1.24856
1.41816
1.5301
1.59806
1.63676
1.65767
1.66844
1.67366
1.67581
1.01942
1.24852
1.41812
1.53006
1.59802
1.63672
1.65763
1.6684
1.67362
1.67577
1.0194
1.24849
1.41809
1.53003
1.59799
1.63669
1.6576
1.66838
1.6736
1.67576
1.0194
1.24849
1.41809
1.53002
1.59799
1.63669
1.6576
1.66837
1.6736
1.67575
1.0194
1.2485
1.4181
1.53004
1.598
1.6367
1.65761
1.66839
1.67362
1.67577
1.01942
1.24852
1.41812
1.53007
1.59804
1.63674
1.65765
1.66843
1.67366
1.67581
1.01946
1.24856
1.41817
1.53012
1.59809
1.6368
1.65771
1.66849
1.67372
1.67588
1.01951
1.24862
1.41824
1.5302
1.59817
1.63688
1.6578
1.66858
1.67381
1.67597
1.01957
1.2487
1.41833
1.5303
1.59828
1.63699
1.65791
1.66869
1.67392
1.67608
0.535855
0.652074
0.742335
0.805002
0.844875
0.86853
0.881766
0.888784
0.892259
0.893697
0.535829
0.652043
0.742301
0.804966
0.844837
0.868492
0.881728
0.888747
0.892226
0.893673
0.53581
0.652021
0.742277
0.804941
0.844811
0.868465
0.881702
0.888722
0.892203
0.893654
0.535799
0.652008
0.742263
0.804926
0.844796
0.868451
0.881688
0.888709
0.892192
0.893644
0.535795
0.652005
0.74226
0.804923
0.844793
0.868448
0.881686
0.888708
0.892191
0.893644
0.535799
0.65201
0.742267
0.804931
0.844802
0.868458
0.881697
0.88872
0.892203
0.893656
0.535812
0.652025
0.742284
0.804951
0.844824
0.868481
0.881721
0.888744
0.892228
0.893682
0.535832
0.652051
0.742314
0.804983
0.844858
0.868517
0.881758
0.888782
0.892267
0.893721
0.535861
0.652086
0.742355
0.805029
0.844907
0.868569
0.881811
0.888836
0.892321
0.893775
0.5359
0.652134
0.74241
0.805089
0.844972
0.868635
0.88188
0.888905
0.892391
0.893846
0.274199
0.331672
0.377857
0.411205
0.43326
0.44682
0.454653
0.458921
0.461082
0.461988
0.274184
0.331655
0.377839
0.411185
0.433239
0.446799
0.454632
0.458901
0.461063
0.461974
0.274174
0.331643
0.377825
0.411171
0.433224
0.446785
0.454618
0.458887
0.461051
0.461964
0.274168
0.331636
0.377818
0.411163
0.433216
0.446777
0.45461
0.45888
0.461044
0.461958
0.274166
0.331634
0.377816
0.411161
0.433215
0.446775
0.45461
0.45888
0.461045
0.461959
0.274169
0.331638
0.37782
0.411166
0.43322
0.446782
0.454616
0.458887
0.461052
0.461967
0.274176
0.331647
0.377831
0.411178
0.433233
0.446795
0.45463
0.458901
0.461067
0.461982
0.274188
0.331662
0.377848
0.411197
0.433254
0.446817
0.454653
0.458924
0.46109
0.462005
0.274205
0.331683
0.377872
0.411224
0.433283
0.446847
0.454684
0.458956
0.461122
0.462037
0.274228
0.33171
0.377904
0.411259
0.43332
0.446886
0.454724
0.458997
0.461163
0.462079
0.136778
0.164316
0.187067
0.204035
0.215632
0.222989
0.227362
0.229805
0.231068
0.231605
0.13677
0.164307
0.187056
0.204024
0.21562
0.222977
0.22735
0.229794
0.231058
0.231598
0.136765
0.1643
0.187049
0.204016
0.215613
0.222969
0.227343
0.229787
0.231051
0.231592
0.136761
0.164297
0.187045
0.204012
0.215608
0.222965
0.227339
0.229783
0.231048
0.231589
0.13676
0.164296
0.187045
0.204011
0.215608
0.222965
0.227339
0.229783
0.231048
0.23159
0.136762
0.164298
0.187047
0.204014
0.215611
0.222969
0.227342
0.229787
0.231053
0.231594
0.136766
0.164303
0.187053
0.204021
0.215618
0.222976
0.227351
0.229796
0.231061
0.231603
0.136773
0.164311
0.187063
0.204032
0.21563
0.222989
0.227363
0.229809
0.231074
0.231616
0.136783
0.164323
0.187077
0.204047
0.215646
0.223006
0.227381
0.229827
0.231093
0.231635
0.136796
0.164339
0.187095
0.204067
0.215668
0.223028
0.227404
0.22985
0.231116
0.231658
0.0670951
0.0794839
0.0901539
0.0983981
0.104214
0.108012
0.110329
0.111655
0.112353
0.112653
0.0670909
0.0794791
0.0901486
0.0983925
0.104208
0.108006
0.110323
0.111649
0.112348
0.11265
0.0670879
0.0794757
0.0901449
0.0983886
0.104204
0.108002
0.110319
0.111645
0.112344
0.112647
0.0670862
0.0794738
0.0901429
0.0983865
0.104202
0.107999
0.110317
0.111643
0.112343
0.112646
0.0670858
0.0794735
0.0901426
0.0983862
0.104202
0.107999
0.110317
0.111643
0.112343
0.112646
0.0670868
0.0794747
0.090144
0.0983879
0.104204
0.108001
0.110319
0.111646
0.112345
0.112649
0.0670892
0.0794776
0.0901474
0.0983916
0.104208
0.108006
0.110324
0.11165
0.11235
0.112653
0.0670931
0.0794822
0.0901527
0.0983976
0.104214
0.108012
0.110331
0.111657
0.112357
0.112661
0.0670986
0.0794888
0.0901602
0.0984059
0.104223
0.108022
0.110341
0.111667
0.112367
0.112671
0.0671057
0.0794973
0.09017
0.0984167
0.104235
0.108034
0.110353
0.11168
0.11238
0.112684
0.0332683
0.037781
0.042373
0.0461603
0.0489388
0.0508085
0.051979
0.0526634
0.0530305
0.0531905
0.0332661
0.0377785
0.0423703
0.0461574
0.0489358
0.0508055
0.0519759
0.0526604
0.0530278
0.0531887
0.0332646
0.0377768
0.0423685
0.0461555
0.0489338
0.0508034
0.0519739
0.0526585
0.0530261
0.0531873
0.0332637
0.0377759
0.0423675
0.0461544
0.0489328
0.0508024
0.051973
0.0526576
0.0530253
0.0531866
0.0332635
0.0377758
0.0423673
0.0461544
0.0489327
0.0508024
0.051973
0.0526578
0.0530256
0.0531869
0.0332641
0.0377764
0.0423682
0.0461553
0.0489338
0.0508036
0.0519742
0.0526591
0.0530269
0.0531883
0.0332655
0.037778
0.0423699
0.0461573
0.0489359
0.0508059
0.0519767
0.0526616
0.0530294
0.0531909
0.0332677
0.0377805
0.0423728
0.0461604
0.0489393
0.0508094
0.0519804
0.0526654
0.0530333
0.0531948
0.0332707
0.037784
0.0423768
0.0461648
0.048944
0.0508144
0.0519855
0.0526706
0.0530386
0.0532001
0.0332747
0.0377886
0.0423819
0.0461705
0.0489501
0.0508208
0.0519921
0.0526773
0.0530454
0.0532069
386.306
386.306
386.306
386.306
386.306
386.307
386.307
386.307
386.307
386.307
386.306
386.306
386.306
386.306
386.306
386.306
386.307
386.307
386.307
386.307
386.306
386.306
386.306
386.306
386.306
386.306
386.306
386.306
386.307
386.307
386.306
386.306
386.306
386.306
386.306
386.306
386.306
386.306
386.307
386.307
386.306
386.306
386.306
386.306
386.306
386.306
386.306
386.306
386.307
386.307
386.306
386.306
386.306
386.306
386.306
386.306
386.306
386.306
386.307
386.307
386.306
386.306
386.306
386.306
386.306
386.306
386.306
386.306
386.307
386.307
386.306
386.306
386.306
386.306
386.306
386.306
386.306
386.307
386.307
386.307
386.306
386.306
386.306
386.306
386.306
386.306
386.306
386.307
386.307
386.307
386.306
386.306
386.306
386.306
386.306
386.306
386.307
386.307
386.307
386.307
320.282
320.282
320.282
320.282
320.283
320.283
320.284
320.284
320.285
320.285
320.281
320.281
320.281
320.282
320.282
320.283
320.283
320.284
320.284
320.284
320.281
320.281
320.281
320.281
320.282
320.282
320.283
320.283
320.284
320.284
320.28
320.28
320.28
320.281
320.281
320.282
320.282
320.283
320.283
320.284
320.28
320.28
320.28
320.281
320.281
320.282
320.282
320.283
320.283
320.284
320.28
320.28
320.28
320.281
320.281
320.282
320.282
320.283
320.283
320.284
320.28
320.28
320.28
320.281
320.281
320.282
320.282
320.283
320.283
320.284
320.281
320.28
320.281
320.281
320.282
320.282
320.283
320.283
320.284
320.284
320.281
320.281
320.281
320.281
320.282
320.283
320.283
320.284
320.284
320.285
320.281
320.281
320.281
320.282
320.282
320.283
320.284
320.284
320.285
320.285
258.179
258.179
258.18
258.181
258.183
258.184
258.185
258.186
258.187
258.187
258.178
258.178
258.179
258.18
258.182
258.183
258.184
258.185
258.186
258.187
258.177
258.177
258.178
258.18
258.181
258.182
258.183
258.184
258.185
258.186
258.177
258.177
258.178
258.179
258.181
258.182
258.183
258.184
258.185
258.186
258.177
258.177
258.178
258.179
258.18
258.182
258.183
258.184
258.185
258.186
258.177
258.177
258.178
258.179
258.18
258.182
258.183
258.184
258.185
258.186
258.177
258.177
258.178
258.179
258.181
258.182
258.183
258.184
258.185
258.186
258.177
258.177
258.178
258.18
258.181
258.182
258.184
258.185
258.185
258.186
258.178
258.178
258.179
258.18
258.182
258.183
258.184
258.185
258.186
258.187
258.178
258.178
258.18
258.181
258.182
258.184
258.185
258.186
258.187
258.188
202.092
202.093
202.096
202.1
202.103
202.106
202.108
202.109
202.111
202.112
202.091
202.092
202.095
202.099
202.102
202.105
202.107
202.108
202.11
202.111
202.09
202.091
202.094
202.098
202.101
202.104
202.106
202.108
202.109
202.11
202.089
202.091
202.094
202.097
202.101
202.103
202.106
202.107
202.109
202.11
202.089
202.09
202.094
202.097
202.101
202.103
202.105
202.107
202.108
202.11
202.089
202.09
202.094
202.097
202.101
202.103
202.105
202.107
202.108
202.11
202.089
202.091
202.094
202.097
202.101
202.104
202.106
202.107
202.109
202.11
202.09
202.091
202.094
202.098
202.101
202.104
202.106
202.108
202.109
202.111
202.09
202.092
202.095
202.099
202.102
202.105
202.107
202.109
202.11
202.112
202.091
202.093
202.096
202.1
202.103
202.106
202.108
202.11
202.111
202.113
153.442
153.446
153.454
153.463
153.47
153.476
153.48
153.482
153.484
153.486
153.44
153.445
153.453
153.462
153.469
153.475
153.479
153.481
153.483
153.485
153.44
153.444
153.452
153.461
153.468
153.474
153.478
153.481
153.483
153.484
153.439
153.444
153.452
153.46
153.468
153.473
153.477
153.48
153.482
153.484
153.439
153.443
153.452
153.46
153.468
153.473
153.477
153.48
153.482
153.484
153.439
153.443
153.452
153.46
153.468
153.473
153.477
153.48
153.482
153.484
153.439
153.444
153.452
153.461
153.468
153.474
153.478
153.48
153.482
153.484
153.44
153.444
153.452
153.461
153.469
153.474
153.478
153.481
153.483
153.485
153.44
153.445
153.453
153.462
153.47
153.475
153.479
153.482
153.484
153.486
153.441
153.446
153.454
153.463
153.471
153.476
153.48
153.483
153.485
153.487
112.89
112.902
112.922
112.942
112.957
112.968
112.975
112.98
112.982
112.984
112.888
112.901
112.921
112.941
112.956
112.967
112.974
112.978
112.981
112.983
112.888
112.901
112.92
112.94
112.955
112.966
112.973
112.978
112.981
112.983
112.887
112.9
112.92
112.939
112.955
112.966
112.973
112.977
112.98
112.982
112.887
112.9
112.92
112.939
112.955
112.966
112.973
112.977
112.98
112.982
112.887
112.9
112.92
112.939
112.955
112.966
112.973
112.977
112.98
112.982
112.887
112.9
112.92
112.94
112.955
112.966
112.973
112.978
112.981
112.983
112.888
112.901
112.921
112.94
112.956
112.967
112.974
112.978
112.981
112.983
112.888
112.901
112.921
112.941
112.957
112.968
112.975
112.979
112.982
112.984
112.889
112.903
112.923
112.942
112.958
112.969
112.976
112.981
112.984
112.986
80.3725
80.406
80.4522
80.4939
80.5248
80.5449
80.5571
80.5642
80.5683
80.5705
80.3715
80.405
80.4512
80.4929
80.5238
80.5439
80.5562
80.5633
80.5674
80.5698
80.3708
80.4043
80.4505
80.4922
80.523
80.5432
80.5555
80.5626
80.5668
80.5693
80.3703
80.4038
80.45
80.4918
80.5226
80.5428
80.5551
80.5622
80.5664
80.5689
80.3701
80.4036
80.4498
80.4916
80.5224
80.5426
80.5549
80.5621
80.5663
80.5688
80.3702
80.4037
80.4499
80.4917
80.5225
80.5427
80.555
80.5622
80.5665
80.569
80.3704
80.404
80.4502
80.492
80.5229
80.5431
80.5554
80.5626
80.5669
80.5694
80.371
80.4045
80.4508
80.4926
80.5235
80.5437
80.5561
80.5633
80.5675
80.5701
80.3717
80.4053
80.4516
80.4935
80.5244
80.5446
80.557
80.5642
80.5684
80.571
80.3725
80.4063
80.4527
80.4946
80.5256
80.5458
80.5581
80.5654
80.5696
80.5722
55.2268
55.3135
55.4185
55.5037
55.5614
55.5965
55.6165
55.6273
55.6331
55.6359
55.226
55.3127
55.4176
55.5029
55.5606
55.5957
55.6157
55.6266
55.6323
55.6353
55.2254
55.3121
55.417
55.5023
55.56
55.5951
55.6151
55.626
55.6318
55.6349
55.225
55.3117
55.4167
55.5019
55.5596
55.5948
55.6148
55.6257
55.6316
55.6346
55.2249
55.3115
55.4165
55.5018
55.5595
55.5946
55.6146
55.6256
55.6315
55.6346
55.2249
55.3116
55.4166
55.5018
55.5596
55.5947
55.6148
55.6257
55.6316
55.6347
55.2252
55.3119
55.4169
55.5022
55.5599
55.5951
55.6151
55.6261
55.632
55.6351
55.2256
55.3124
55.4174
55.5027
55.5604
55.5956
55.6157
55.6267
55.6326
55.6357
55.2263
55.3131
55.4181
55.5035
55.5612
55.5964
55.6165
55.6275
55.6334
55.6365
55.227
55.314
55.4191
55.5045
55.5623
55.5975
55.6176
55.6285
55.6345
55.6376
36.3485
36.5812
36.8136
36.9775
37.0775
37.1337
37.1638
37.1792
37.1869
37.1904
36.3479
36.5805
36.813
36.9769
37.0768
37.1331
37.1631
37.1786
37.1863
37.19
36.3474
36.5801
36.8125
36.9764
37.0764
37.1326
37.1627
37.1782
37.1859
37.1896
36.3471
36.5798
36.8122
36.9761
37.0761
37.1323
37.1624
37.1779
37.1857
37.1894
36.347
36.5797
36.8121
36.976
37.076
37.1322
37.1623
37.1778
37.1857
37.1894
36.3471
36.5797
36.8122
36.9761
37.0761
37.1323
37.1624
37.178
37.1858
37.1895
36.3473
36.58
36.8124
36.9764
37.0763
37.1326
37.1627
37.1783
37.1861
37.1898
36.3477
36.5804
36.8129
36.9768
37.0768
37.1331
37.1632
37.1788
37.1866
37.1903
36.3482
36.581
36.8135
36.9775
37.0775
37.1338
37.1639
37.1795
37.1873
37.191
36.3489
36.5817
36.8143
36.9783
37.0784
37.1347
37.1648
37.1804
37.1882
37.1919
22.3106
22.9779
23.4672
23.7531
23.9078
23.9882
24.0287
24.0486
24.0581
24.0622
22.3102
22.9775
23.4667
23.7527
23.9074
23.9877
24.0282
24.0482
24.0577
24.0619
22.3098
22.9771
23.4664
23.7523
23.907
23.9874
24.0279
24.0479
24.0574
24.0617
22.3096
22.9769
23.4662
23.7521
23.9068
23.9871
24.0277
24.0477
24.0572
24.0615
22.3095
22.9768
23.4661
23.752
23.9067
23.9871
24.0276
24.0476
24.0572
24.0615
22.3096
22.9769
23.4662
23.7521
23.9068
23.9872
24.0277
24.0477
24.0573
24.0616
22.3097
22.9771
23.4664
23.7523
23.907
23.9874
24.028
24.048
24.0576
24.0618
22.31
22.9774
23.4667
23.7527
23.9074
23.9878
24.0283
24.0484
24.058
24.0622
22.3104
22.9778
23.4672
23.7532
23.9079
23.9883
24.0289
24.0489
24.0585
24.0628
22.311
22.9785
23.4679
23.7539
23.9087
23.9891
24.0297
24.0497
24.0593
24.0636
0.00638776
0.00636682
0.006319
0.00623112
0.00608397
0.00585508
0.00552657
0.00510084
0.00462832
0.00425128
0.00638735
0.00636642
0.0063186
0.00623074
0.0060836
0.00585473
0.00552625
0.00510054
0.00462807
0.00425109
0.00638708
0.00636615
0.00631834
0.00623049
0.00608336
0.00585451
0.00552604
0.00510036
0.00462791
0.00425095
0.00638695
0.00636603
0.00631822
0.00623037
0.00608325
0.00585441
0.00552595
0.00510029
0.00462784
0.0042509
0.00638696
0.00636604
0.00631823
0.00623039
0.00608328
0.00585444
0.00552599
0.00510032
0.00462788
0.00425094
0.00638712
0.0063662
0.0063184
0.00623056
0.00608345
0.00585461
0.00552616
0.00510048
0.00462803
0.00425108
0.00638743
0.00636652
0.00631873
0.00623089
0.00608378
0.00585494
0.00552647
0.00510078
0.00462831
0.00425134
0.0063879
0.006367
0.00631922
0.00623139
0.00608427
0.00585542
0.00552693
0.00510121
0.00462871
0.00425171
0.00638852
0.00636766
0.0063199
0.00623208
0.00608495
0.00585608
0.00552756
0.0051018
0.00462925
0.00425222
0.00638926
0.00636851
0.00632078
0.00623296
0.00608582
0.00585692
0.00552836
0.00510255
0.00462994
0.00425285
0.00284624
0.00283608
0.00281312
0.00277163
0.00270357
0.00260035
0.00245685
0.00227875
0.00209345
0.00196046
0.00284605
0.00283589
0.00281294
0.00277145
0.0027034
0.00260019
0.0024567
0.00227861
0.00209333
0.00196037
0.00284592
0.00283577
0.00281281
0.00277133
0.00270328
0.00260008
0.0024566
0.00227852
0.00209325
0.00196031
0.00284586
0.00283571
0.00281276
0.00277128
0.00270323
0.00260004
0.00245656
0.00227849
0.00209322
0.00196029
0.00284587
0.00283572
0.00281277
0.00277129
0.00270325
0.00260006
0.00245658
0.00227851
0.00209325
0.00196031
0.00284595
0.0028358
0.00281285
0.00277138
0.00270334
0.00260014
0.00245667
0.00227859
0.00209332
0.00196038
0.00284611
0.00283596
0.00281302
0.00277154
0.0027035
0.0026003
0.00245682
0.00227874
0.00209346
0.00196052
0.00284634
0.0028362
0.00281326
0.00277179
0.00270375
0.00260054
0.00245705
0.00227895
0.00209366
0.00196071
0.00284665
0.00283652
0.0028136
0.00277213
0.00270408
0.00260087
0.00245736
0.00227924
0.00209393
0.00196096
0.00284702
0.00283694
0.00281403
0.00277256
0.00270451
0.00260128
0.00245775
0.00227961
0.00209428
0.00196129
0.00123296
0.00122823
0.00121765
0.00119883
0.00116858
0.0011238
0.00106339
0.000991292
0.000920091
0.0008724
0.00123287
0.00122815
0.00121757
0.00119875
0.0011685
0.00112372
0.00106332
0.000991228
0.000920036
0.000872363
0.00123282
0.00122809
0.00121751
0.0011987
0.00116845
0.00112367
0.00106328
0.000991189
0.000920002
0.000872336
0.00123279
0.00122806
0.00121749
0.00119867
0.00116842
0.00112365
0.00106326
0.000991174
0.00091999
0.000872327
0.0012328
0.00122807
0.0012175
0.00119868
0.00116843
0.00112366
0.00106327
0.000991186
0.000920002
0.000872339
0.00123284
0.00122811
0.00121754
0.00119872
0.00116848
0.00112371
0.00106331
0.000991226
0.000920041
0.000872376
0.00123291
0.00122819
0.00121762
0.0011988
0.00116855
0.00112378
0.00106339
0.000991296
0.000920108
0.000872441
0.00123302
0.0012283
0.00121773
0.00119892
0.00116867
0.0011239
0.0010635
0.0009914
0.000920206
0.000872535
0.00123317
0.00122846
0.00121789
0.00119908
0.00116883
0.00112405
0.00106364
0.00099154
0.000920337
0.00087266
0.00123335
0.00122866
0.0012181
0.00119929
0.00116904
0.00112425
0.00106383
0.000991717
0.000920502
0.000872818
0.000519527
0.000517409
0.000512719
0.000504501
0.000491537
0.000472788
0.000448193
0.000419819
0.000392933
0.000375745
0.000519488
0.00051737
0.000512681
0.000504463
0.000491501
0.000472755
0.000448162
0.00041979
0.000392909
0.000375728
0.000519462
0.000517345
0.000512657
0.00050444
0.000491479
0.000472734
0.000448142
0.000419773
0.000392894
0.000375717
0.000519451
0.000517334
0.000512646
0.00050443
0.00049147
0.000472725
0.000448135
0.000419767
0.000392889
0.000375713
0.000519454
0.000517338
0.00051265
0.000504435
0.000491475
0.000472731
0.000448141
0.000419773
0.000392896
0.00037572
0.000519473
0.000517357
0.00051267
0.000504455
0.000491495
0.000472751
0.00044816
0.000419792
0.000392914
0.000375737
0.000519509
0.000517393
0.000512706
0.000504491
0.000491532
0.000472787
0.000448195
0.000419825
0.000392945
0.000375768
0.000519561
0.000517446
0.000512761
0.000504546
0.000491586
0.00047284
0.000448246
0.000419874
0.000392991
0.000375812
0.000519629
0.000517519
0.000512835
0.000504621
0.00049166
0.000472911
0.000448315
0.000419939
0.000393053
0.000375872
0.000519711
0.000517612
0.000512931
0.000504717
0.000491754
0.000473003
0.000448402
0.000420021
0.00039313
0.000375946
0.000213045
0.000212131
0.000210127
0.000206664
0.000201299
0.000193704
0.000183988
0.000173103
0.000163121
0.000156944
0.000213028
0.000212115
0.00021011
0.000206648
0.000201283
0.000193689
0.000183975
0.00017309
0.00016311
0.000156937
0.000213017
0.000212104
0.0002101
0.000206638
0.000201274
0.00019368
0.000183966
0.000173083
0.000163104
0.000156932
0.000213013
0.000212099
0.000210096
0.000206634
0.00020127
0.000193677
0.000183963
0.000173081
0.000163102
0.000156931
0.000213015
0.000212101
0.000210098
0.000206636
0.000201272
0.00019368
0.000183966
0.000173084
0.000163105
0.000156934
0.000213023
0.00021211
0.000210107
0.000206645
0.000201282
0.000193689
0.000183975
0.000173092
0.000163114
0.000156942
0.000213039
0.000212126
0.000210123
0.000206662
0.000201298
0.000193705
0.000183991
0.000173107
0.000163128
0.000156956
0.000213063
0.000212151
0.000210148
0.000206686
0.000201323
0.000193729
0.000184014
0.000173129
0.000163149
0.000156977
0.000213094
0.000212183
0.000210181
0.00020672
0.000201356
0.000193761
0.000184045
0.000173159
0.000163177
0.000157004
0.000213131
0.000212225
0.000210224
0.000206763
0.000201398
0.000193802
0.000184084
0.000173196
0.000163212
0.000157037
8.50723e-05
8.46915e-05
8.38638e-05
8.24529e-05
8.03035e-05
7.73202e-05
7.35887e-05
6.9511e-05
6.58682e-05
6.3667e-05
8.50651e-05
8.46844e-05
8.38568e-05
8.24461e-05
8.0297e-05
7.73141e-05
7.3583e-05
6.95058e-05
6.58637e-05
6.36641e-05
8.50606e-05
8.468e-05
8.38525e-05
8.24419e-05
8.0293e-05
7.73104e-05
7.35795e-05
6.95027e-05
6.58611e-05
6.36621e-05
8.50587e-05
8.46781e-05
8.38508e-05
8.24403e-05
8.02916e-05
7.73091e-05
7.35784e-05
6.95018e-05
6.58605e-05
6.36616e-05
8.50597e-05
8.46791e-05
8.38518e-05
8.24415e-05
8.02928e-05
7.73103e-05
7.35797e-05
6.95032e-05
6.58619e-05
6.36631e-05
8.50636e-05
8.46831e-05
8.38558e-05
8.24456e-05
8.02969e-05
7.73144e-05
7.35837e-05
6.95071e-05
6.58657e-05
6.36668e-05
8.50706e-05
8.46902e-05
8.38631e-05
8.24528e-05
8.03041e-05
7.73215e-05
7.35906e-05
6.95137e-05
6.58721e-05
6.36731e-05
8.50809e-05
8.47008e-05
8.38738e-05
8.24636e-05
8.03148e-05
7.73319e-05
7.36007e-05
6.95233e-05
6.58813e-05
6.3682e-05
8.50944e-05
8.47149e-05
8.38884e-05
8.24782e-05
8.03292e-05
7.73459e-05
7.36141e-05
6.95361e-05
6.58935e-05
6.36939e-05
8.51105e-05
8.47331e-05
8.39071e-05
8.24969e-05
8.03476e-05
7.73637e-05
7.36311e-05
6.95523e-05
6.59089e-05
6.37089e-05
3.3111e-05
3.29574e-05
3.26265e-05
3.20696e-05
3.12342e-05
3.00954e-05
2.86992e-05
2.72057e-05
2.58994e-05
2.51241e-05
3.3108e-05
3.29545e-05
3.26237e-05
3.20668e-05
3.12316e-05
3.00929e-05
2.86969e-05
2.72035e-05
2.58975e-05
2.51229e-05
3.31062e-05
3.29527e-05
3.26219e-05
3.20651e-05
3.12299e-05
3.00914e-05
2.86955e-05
2.72023e-05
2.58965e-05
2.51221e-05
3.31055e-05
3.2952e-05
3.26213e-05
3.20645e-05
3.12294e-05
3.00909e-05
2.86951e-05
2.7202e-05
2.58963e-05
2.5122e-05
3.31059e-05
3.29525e-05
3.26218e-05
3.2065e-05
3.12299e-05
3.00915e-05
2.86957e-05
2.72026e-05
2.58969e-05
2.51227e-05
3.31076e-05
3.29542e-05
3.26235e-05
3.20668e-05
3.12317e-05
3.00932e-05
2.86974e-05
2.72043e-05
2.58986e-05
2.51243e-05
3.31106e-05
3.29573e-05
3.26266e-05
3.20699e-05
3.12348e-05
3.00963e-05
2.87003e-05
2.72071e-05
2.59013e-05
2.5127e-05
3.3115e-05
3.29617e-05
3.26312e-05
3.20745e-05
3.12393e-05
3.01007e-05
2.87046e-05
2.72112e-05
2.59052e-05
2.51308e-05
3.31207e-05
3.29677e-05
3.26373e-05
3.20807e-05
3.12454e-05
3.01066e-05
2.87103e-05
2.72166e-05
2.59105e-05
2.51359e-05
3.31276e-05
3.29754e-05
3.26452e-05
3.20886e-05
3.12532e-05
3.01142e-05
2.87175e-05
2.72235e-05
2.5917e-05
2.51423e-05
1.26129e-05
1.25527e-05
1.24239e-05
1.22098e-05
1.18932e-05
1.14688e-05
1.09576e-05
1.04209e-05
9.95954e-06
9.68959e-06
1.26117e-05
1.25515e-05
1.24228e-05
1.22087e-05
1.18922e-05
1.14678e-05
1.09567e-05
1.042e-05
9.95879e-06
9.68912e-06
1.2611e-05
1.25508e-05
1.24221e-05
1.2208e-05
1.18915e-05
1.14672e-05
1.09561e-05
1.04195e-05
9.95838e-06
9.68881e-06
1.26107e-05
1.25505e-05
1.24218e-05
1.22078e-05
1.18913e-05
1.1467e-05
1.0956e-05
1.04194e-05
9.95831e-06
9.68877e-06
1.26109e-05
1.25507e-05
1.24221e-05
1.2208e-05
1.18916e-05
1.14673e-05
1.09563e-05
1.04197e-05
9.95859e-06
9.68906e-06
1.26117e-05
1.25515e-05
1.24228e-05
1.22087e-05
1.18923e-05
1.1468e-05
1.0957e-05
1.04204e-05
9.95929e-06
9.68975e-06
1.26129e-05
1.25527e-05
1.24241e-05
1.221e-05
1.18936e-05
1.14693e-05
1.09582e-05
1.04216e-05
9.96044e-06
9.69088e-06
1.26147e-05
1.25546e-05
1.2426e-05
1.22119e-05
1.18955e-05
1.14711e-05
1.096e-05
1.04233e-05
9.96208e-06
9.69249e-06
1.26171e-05
1.25571e-05
1.24285e-05
1.22145e-05
1.1898e-05
1.14735e-05
1.09623e-05
1.04255e-05
9.96426e-06
9.69461e-06
1.26199e-05
1.25603e-05
1.24318e-05
1.22177e-05
1.19012e-05
1.14766e-05
1.09653e-05
1.04284e-05
9.96699e-06
9.69728e-06
4.84053e-06
4.81681e-06
4.76655e-06
4.68393e-06
4.56353e-06
4.40464e-06
4.21648e-06
4.02216e-06
3.85769e-06
3.76259e-06
4.84004e-06
4.81634e-06
4.76609e-06
4.68348e-06
4.5631e-06
4.40423e-06
4.21609e-06
4.0218e-06
3.85738e-06
3.76239e-06
4.83976e-06
4.81606e-06
4.76581e-06
4.68321e-06
4.56285e-06
4.40399e-06
4.21587e-06
4.02161e-06
3.85722e-06
3.76227e-06
4.83965e-06
4.81596e-06
4.76572e-06
4.68313e-06
4.56277e-06
4.40393e-06
4.21582e-06
4.02157e-06
3.8572e-06
3.76226e-06
4.83975e-06
4.81606e-06
4.76582e-06
4.68324e-06
4.56288e-06
4.40404e-06
4.21594e-06
4.02169e-06
3.85732e-06
3.76239e-06
4.84005e-06
4.81636e-06
4.76614e-06
4.68355e-06
4.5632e-06
4.40436e-06
4.21624e-06
4.02199e-06
3.85762e-06
3.76269e-06
4.84058e-06
4.8169e-06
4.76668e-06
4.6841e-06
4.56374e-06
4.40489e-06
4.21676e-06
4.02249e-06
3.85811e-06
3.76317e-06
4.84134e-06
4.81768e-06
4.76747e-06
4.68489e-06
4.56452e-06
4.40565e-06
4.2175e-06
4.02321e-06
3.8588e-06
3.76384e-06
4.84233e-06
4.81871e-06
4.76853e-06
4.68595e-06
4.56557e-06
4.40667e-06
4.21848e-06
4.02415e-06
3.85971e-06
3.76474e-06
4.8435e-06
4.82002e-06
4.76987e-06
4.68729e-06
4.56689e-06
4.40795e-06
4.21971e-06
4.02533e-06
3.86084e-06
3.76585e-06
2.26205e-06
2.25076e-06
2.22696e-06
2.18828e-06
2.13266e-06
2.06036e-06
1.97605e-06
1.89031e-06
1.81872e-06
1.77773e-06
2.26184e-06
2.25055e-06
2.22676e-06
2.18808e-06
2.13247e-06
2.06018e-06
1.97588e-06
1.89016e-06
1.81859e-06
1.77766e-06
2.26171e-06
2.25042e-06
2.22663e-06
2.18796e-06
2.13235e-06
2.06007e-06
1.97578e-06
1.89007e-06
1.81851e-06
1.7776e-06
2.26166e-06
2.25038e-06
2.22659e-06
2.18792e-06
2.13232e-06
2.06004e-06
1.97576e-06
1.89005e-06
1.81851e-06
1.7776e-06
2.26171e-06
2.25043e-06
2.22665e-06
2.18798e-06
2.13238e-06
2.0601e-06
1.97583e-06
1.89012e-06
1.81858e-06
1.77767e-06
2.26187e-06
2.25059e-06
2.22681e-06
2.18814e-06
2.13255e-06
2.06026e-06
1.97599e-06
1.89028e-06
1.81873e-06
1.77783e-06
2.26214e-06
2.25086e-06
2.22709e-06
2.18842e-06
2.13282e-06
2.06053e-06
1.97625e-06
1.89053e-06
1.81898e-06
1.77807e-06
2.26253e-06
2.25126e-06
2.22749e-06
2.18882e-06
2.13322e-06
2.06092e-06
1.97663e-06
1.8909e-06
1.81933e-06
1.77842e-06
2.26302e-06
2.25177e-06
2.22801e-06
2.18935e-06
2.13374e-06
2.06143e-06
1.97712e-06
1.89137e-06
1.81979e-06
1.77887e-06
2.26358e-06
2.2524e-06
2.22866e-06
2.19e-06
2.13438e-06
2.06205e-06
1.97771e-06
1.89194e-06
1.82034e-06
1.77941e-06
0.0160582
0.0175725
0.0194258
0.0210768
0.0223433
0.0232232
0.0237882
0.0241258
0.02431
0.0243913
0.016057
0.0175713
0.0194245
0.0210754
0.0223419
0.0232217
0.0237868
0.0241243
0.0243087
0.0243904
0.0160562
0.0175705
0.0194236
0.0210744
0.0223409
0.0232207
0.0237858
0.0241234
0.0243079
0.0243897
0.0160558
0.01757
0.0194231
0.0210739
0.0223404
0.0232203
0.0237853
0.024123
0.0243075
0.0243894
0.0160557
0.01757
0.0194231
0.0210739
0.0223404
0.0232203
0.0237854
0.0241231
0.0243077
0.0243896
0.0160561
0.0175703
0.0194235
0.0210744
0.022341
0.0232209
0.023786
0.0241238
0.0243084
0.0243903
0.0160568
0.0175712
0.0194244
0.0210754
0.0223421
0.0232221
0.0237873
0.0241251
0.0243097
0.0243916
0.016058
0.0175725
0.0194259
0.021077
0.0223438
0.0232239
0.0237892
0.024127
0.0243117
0.0243936
0.0160596
0.0175743
0.0194279
0.0210793
0.0223462
0.0232264
0.0237918
0.0241297
0.0243144
0.0243964
0.0160616
0.0175766
0.0194306
0.0210822
0.0223493
0.0232297
0.0237951
0.0241331
0.0243178
0.0243999
0.00742688
0.00795433
0.00867881
0.00936914
0.00992256
0.0103195
0.010581
0.0107404
0.0108289
0.0108684
0.00742632
0.00795374
0.00867818
0.00936848
0.00992187
0.0103188
0.0105803
0.0107397
0.0108283
0.010868
0.00742594
0.00795334
0.00867776
0.00936804
0.00992142
0.0103183
0.0105798
0.0107393
0.0108279
0.0108677
0.00742573
0.00795313
0.00867754
0.00936781
0.00992119
0.0103181
0.0105796
0.0107391
0.0108278
0.0108676
0.00742572
0.00795312
0.00867754
0.00936782
0.00992121
0.0103182
0.0105796
0.0107392
0.0108279
0.0108677
0.0074259
0.00795332
0.00867776
0.00936807
0.00992149
0.0103185
0.01058
0.0107395
0.0108282
0.010868
0.00742629
0.00795374
0.00867823
0.00936859
0.00992205
0.0103191
0.0105806
0.0107402
0.0108289
0.0108687
0.00742689
0.0079544
0.00867896
0.00936939
0.00992291
0.01032
0.0105815
0.0107411
0.0108299
0.0108697
0.00742771
0.0079553
0.00867997
0.00937049
0.00992409
0.0103212
0.0105828
0.0107425
0.0108312
0.010871
0.00742869
0.00795647
0.00868128
0.00937192
0.00992561
0.0103228
0.0105845
0.0107442
0.0108329
0.0108728
0.00331114
0.00349863
0.00377605
0.00405518
0.00428809
0.00446033
0.00457661
0.00464897
0.00468978
0.0047082
0.00331088
0.00349835
0.00377576
0.00405488
0.00428777
0.00446001
0.00457628
0.00464866
0.0046895
0.00470801
0.0033107
0.00349817
0.00377556
0.00405468
0.00428756
0.0044598
0.00457608
0.00464847
0.00468933
0.00470787
0.00331061
0.00349807
0.00377547
0.00405458
0.00428746
0.00445971
0.00457599
0.00464839
0.00468926
0.00470782
0.00331061
0.00349807
0.00377547
0.00405459
0.00428748
0.00445973
0.00457602
0.00464842
0.00468931
0.00470787
0.0033107
0.00349817
0.00377558
0.00405471
0.00428762
0.00445988
0.00457618
0.00464859
0.00468948
0.00470805
0.00331089
0.00349838
0.00377581
0.00405496
0.00428789
0.00446016
0.00457647
0.0046489
0.0046898
0.00470837
0.00331119
0.0034987
0.00377616
0.00405535
0.0042883
0.0044606
0.00457693
0.00464936
0.00469027
0.00470884
0.00331159
0.00349914
0.00377665
0.00405587
0.00428886
0.00446119
0.00457754
0.00464999
0.00469091
0.00470949
0.00331207
0.00349971
0.00377727
0.00405656
0.00428959
0.00446195
0.00457833
0.0046508
0.00469172
0.00471031
0.00142791
0.00149507
0.0015995
0.0017092
0.00180399
0.00187611
0.00192593
0.00195755
0.00197566
0.00198392
0.00142779
0.00149495
0.00159937
0.00170907
0.00180385
0.00187596
0.00192579
0.00195741
0.00197553
0.00198383
0.00142771
0.00149486
0.00159929
0.00170898
0.00180376
0.00187587
0.0019257
0.00195733
0.00197546
0.00198377
0.00142767
0.00149482
0.00159924
0.00170894
0.00180372
0.00187583
0.00192566
0.00195729
0.00197543
0.00198375
0.00142767
0.00149482
0.00159925
0.00170894
0.00180373
0.00187584
0.00192568
0.00195731
0.00197545
0.00198378
0.00142772
0.00149487
0.0015993
0.001709
0.00180379
0.00187591
0.00192575
0.00195739
0.00197553
0.00198386
0.00142781
0.00149497
0.00159941
0.00170912
0.00180392
0.00187605
0.00192589
0.00195754
0.00197568
0.00198401
0.00142795
0.00149512
0.00159957
0.0017093
0.00180411
0.00187625
0.0019261
0.00195775
0.0019759
0.00198423
0.00142814
0.00149533
0.0015998
0.00170954
0.00180437
0.00187652
0.00192639
0.00195804
0.0019762
0.00198453
0.00142836
0.00149559
0.00160009
0.00170986
0.00180471
0.00187687
0.00192675
0.00195841
0.00197657
0.00198491
0.00059694
0.000620972
0.000659647
0.000701677
0.000739099
0.000768308
0.000788934
0.000802262
0.000810007
0.000813577
0.000596888
0.000620919
0.000659591
0.000701619
0.000739038
0.000768246
0.000788871
0.000802202
0.000809953
0.000813542
0.000596853
0.000620883
0.000659554
0.00070158
0.000738999
0.000768206
0.000788833
0.000802165
0.000809921
0.000813516
0.000596836
0.000620866
0.000659536
0.000701563
0.000738981
0.00076819
0.000788817
0.000802152
0.00080991
0.000813508
0.000596838
0.000620868
0.000659539
0.000701567
0.000738987
0.000768196
0.000788826
0.000802162
0.000809922
0.000813521
0.000596859
0.000620891
0.000659564
0.000701594
0.000739017
0.000768229
0.00078886
0.000802198
0.00080996
0.00081356
0.000596902
0.000620936
0.000659613
0.000701648
0.000739074
0.000768289
0.000788923
0.000802263
0.000810026
0.000813627
0.000596967
0.000621005
0.000659688
0.000701728
0.00073916
0.00076838
0.000789017
0.00080236
0.000810125
0.000813727
0.000597053
0.000621099
0.00065979
0.000701839
0.000739278
0.000768503
0.000789145
0.000802491
0.000810258
0.000813861
0.000597156
0.000621219
0.000659922
0.000701981
0.000739428
0.000768661
0.000789308
0.000802658
0.000810427
0.000814032
0.000242308
0.000250848
0.000264933
0.000280659
0.000295024
0.000306495
0.00031476
0.000320192
0.000323393
0.000324883
0.000242286
0.000250825
0.000264909
0.000280635
0.000294998
0.000306469
0.000314734
0.000320167
0.00032337
0.000324869
0.000242271
0.00025081
0.000264894
0.000280619
0.000294982
0.000306453
0.000314718
0.000320152
0.000323357
0.000324858
0.000242265
0.000250803
0.000264887
0.000280612
0.000294975
0.000306446
0.000314711
0.000320146
0.000323353
0.000324855
0.000242266
0.000250805
0.000264888
0.000280614
0.000294978
0.00030645
0.000314716
0.000320151
0.000323358
0.000324861
0.000242276
0.000250815
0.0002649
0.000280626
0.000294991
0.000306464
0.000314731
0.000320168
0.000323375
0.000324878
0.000242295
0.000250835
0.000264921
0.00028065
0.000295016
0.000306491
0.000314759
0.000320196
0.000323405
0.000324908
0.000242324
0.000250866
0.000264954
0.000280685
0.000295054
0.00030653
0.0003148
0.000320238
0.000323448
0.000324951
0.000242362
0.000250907
0.000264999
0.000280733
0.000295105
0.000306584
0.000314855
0.000320295
0.000323505
0.00032501
0.000242407
0.00025096
0.000265057
0.000280795
0.000295171
0.000306653
0.000314926
0.000320368
0.000323579
0.000325084
9.56613e-05
9.86632e-05
0.000103706
0.000109461
0.000114833
0.000119211
0.000122423
0.000124569
0.00012585
0.000126452
9.56522e-05
9.86539e-05
0.000103696
0.000109451
0.000114822
0.0001192
0.000122413
0.000124559
0.00012584
0.000126446
9.56462e-05
9.86478e-05
0.00010369
0.000109444
0.000114816
0.000119194
0.000122406
0.000124552
0.000125835
0.000126442
9.56435e-05
9.8645e-05
0.000103687
0.000109441
0.000114813
0.000119191
0.000122404
0.00012455
0.000125833
0.00012644
9.56442e-05
9.86458e-05
0.000103688
0.000109442
0.000114814
0.000119193
0.000122406
0.000124553
0.000125836
0.000126443
9.56485e-05
9.86504e-05
0.000103693
0.000109448
0.00011482
0.000119199
0.000122412
0.00012456
0.000125843
0.000126451
9.56568e-05
9.86591e-05
0.000103703
0.000109458
0.000114831
0.00011921
0.000122424
0.000124572
0.000125856
0.000126463
9.56692e-05
9.86721e-05
0.000103717
0.000109473
0.000114847
0.000119227
0.000122442
0.00012459
0.000125874
0.000126482
9.56856e-05
9.86898e-05
0.000103736
0.000109493
0.000114869
0.00011925
0.000122465
0.000124614
0.000125899
0.000126506
9.57052e-05
9.87125e-05
0.00010376
0.00010952
0.000114896
0.000119279
0.000122495
0.000124645
0.00012593
0.000126538
3.69054e-05
3.79493e-05
3.97283e-05
4.17948e-05
4.37606e-05
4.53923e-05
4.66098e-05
4.74351e-05
4.79339e-05
4.81706e-05
3.69017e-05
3.79456e-05
3.97244e-05
4.17908e-05
4.37564e-05
4.5388e-05
4.66055e-05
4.7431e-05
4.79302e-05
4.81682e-05
3.68993e-05
3.79431e-05
3.97219e-05
4.17882e-05
4.37538e-05
4.53854e-05
4.66029e-05
4.74286e-05
4.79281e-05
4.81666e-05
3.68983e-05
3.79421e-05
3.97208e-05
4.17871e-05
4.37528e-05
4.53844e-05
4.66021e-05
4.74279e-05
4.79276e-05
4.81662e-05
3.68986e-05
3.79425e-05
3.97213e-05
4.17877e-05
4.37534e-05
4.53852e-05
4.66029e-05
4.74289e-05
4.79287e-05
4.81675e-05
3.69005e-05
3.79444e-05
3.97234e-05
4.179e-05
4.37559e-05
4.53878e-05
4.66058e-05
4.74318e-05
4.79318e-05
4.81706e-05
3.6904e-05
3.79481e-05
3.97273e-05
4.17942e-05
4.37604e-05
4.53925e-05
4.66107e-05
4.74369e-05
4.7937e-05
4.81758e-05
3.69092e-05
3.79536e-05
3.97331e-05
4.18004e-05
4.3767e-05
4.53995e-05
4.66179e-05
4.74443e-05
4.79445e-05
4.81835e-05
3.69161e-05
3.7961e-05
3.97411e-05
4.18089e-05
4.3776e-05
4.54089e-05
4.66276e-05
4.74543e-05
4.79547e-05
4.81937e-05
3.69243e-05
3.79704e-05
3.97513e-05
4.18198e-05
4.37875e-05
4.54209e-05
4.664e-05
4.74669e-05
4.79675e-05
4.82067e-05
1.43343e-05
1.47017e-05
1.53354e-05
1.60831e-05
1.68065e-05
1.74173e-05
1.78805e-05
1.81991e-05
1.8394e-05
1.84873e-05
1.43328e-05
1.47002e-05
1.53338e-05
1.60814e-05
1.68048e-05
1.74155e-05
1.78787e-05
1.81974e-05
1.83925e-05
1.84863e-05
1.43318e-05
1.46992e-05
1.53328e-05
1.60804e-05
1.68037e-05
1.74145e-05
1.78777e-05
1.81964e-05
1.83916e-05
1.84857e-05
1.43314e-05
1.46988e-05
1.53324e-05
1.608e-05
1.68034e-05
1.74141e-05
1.78774e-05
1.81962e-05
1.83915e-05
1.84856e-05
1.43316e-05
1.4699e-05
1.53326e-05
1.60802e-05
1.68037e-05
1.74145e-05
1.78778e-05
1.81966e-05
1.8392e-05
1.84861e-05
1.43324e-05
1.46999e-05
1.53335e-05
1.60812e-05
1.68047e-05
1.74156e-05
1.7879e-05
1.81979e-05
1.83933e-05
1.84874e-05
1.43339e-05
1.47014e-05
1.53352e-05
1.6083e-05
1.68066e-05
1.74176e-05
1.7881e-05
1.82e-05
1.83954e-05
1.84896e-05
1.43361e-05
1.47037e-05
1.53377e-05
1.60856e-05
1.68094e-05
1.74205e-05
1.78841e-05
1.82031e-05
1.83986e-05
1.84928e-05
1.4339e-05
1.47068e-05
1.5341e-05
1.60892e-05
1.68131e-05
1.74244e-05
1.78881e-05
1.82073e-05
1.84028e-05
1.84971e-05
1.43424e-05
1.47108e-05
1.53452e-05
1.60937e-05
1.68179e-05
1.74294e-05
1.78932e-05
1.82125e-05
1.84081e-05
1.85024e-05
6.77378e-06
6.93209e-06
7.20777e-06
7.53751e-06
7.86155e-06
8.1395e-06
8.35352e-06
8.5028e-06
8.59517e-06
8.63969e-06
6.7731e-06
6.9314e-06
7.20705e-06
7.53677e-06
7.86079e-06
8.13873e-06
8.35276e-06
8.50206e-06
8.59452e-06
8.63931e-06
6.77265e-06
6.93094e-06
7.20658e-06
7.53629e-06
7.8603e-06
8.13825e-06
8.35229e-06
8.50163e-06
8.59415e-06
8.63903e-06
6.77246e-06
6.93075e-06
7.2064e-06
7.53611e-06
7.86013e-06
8.13809e-06
8.35214e-06
8.50152e-06
8.59408e-06
8.639e-06
6.77257e-06
6.93087e-06
7.20653e-06
7.53626e-06
7.8603e-06
8.13828e-06
8.35237e-06
8.50176e-06
8.59435e-06
8.63929e-06
6.773e-06
6.93132e-06
7.20701e-06
7.53678e-06
7.86085e-06
8.13886e-06
8.35298e-06
8.50241e-06
8.59502e-06
8.63998e-06
6.77377e-06
6.93212e-06
7.20786e-06
7.53768e-06
7.86181e-06
8.13988e-06
8.35404e-06
8.5035e-06
8.59613e-06
8.6411e-06
6.7749e-06
6.9333e-06
7.20912e-06
7.53902e-06
7.86323e-06
8.14135e-06
8.35557e-06
8.50507e-06
8.59773e-06
8.64271e-06
6.77636e-06
6.93486e-06
7.21079e-06
7.5408e-06
7.8651e-06
8.14331e-06
8.35759e-06
8.50714e-06
8.59983e-06
8.64484e-06
6.77802e-06
6.93678e-06
7.21285e-06
7.54298e-06
7.86739e-06
8.14569e-06
8.36005e-06
8.50965e-06
8.60239e-06
8.64742e-06
)
;

boundaryField
{
    inlet1
    {
        type            fixedValue;
        value           uniform 10;
    }
    inlet2
    {
        type            fixedValue;
        value           uniform 20;
    }
    outlet1
    {
        type            zeroGradient;
    }
    outlet2
    {
        type            zeroGradient;
    }
    fixedWalls
    {
        type            zeroGradient;
    }
}


// ************************************************************************* //
