/*--------------------------------*- C++ -*----------------------------------*\
  =========                 |
  \\      /  F ield         | OpenFOAM: The Open Source CFD Toolbox
   \\    /   O peration     | Website:  https://openfoam.org
    \\  /    A nd           | Version:  6
     \\/     M anipulation  |
\*---------------------------------------------------------------------------*/
FoamFile
{
    version     2.0;
    format      ascii;
    class       volScalarField;
    location    "0.185";
    object      T;
}
// * * * * * * * * * * * * * * * * * * * * * * * * * * * * * * * * * * * * * //

dimensions      [0 0 0 1 0 0 0];

internalField   nonuniform List<scalar> 
7000
(
102.759
102.759
102.759
102.758
102.758
102.758
102.757
102.756
102.756
102.756
102.759
102.759
102.759
102.758
102.758
102.757
102.757
102.756
102.756
102.756
102.759
102.759
102.759
102.758
102.758
102.757
102.757
102.756
102.756
102.756
102.759
102.759
102.759
102.758
102.758
102.757
102.757
102.756
102.756
102.756
102.759
102.759
102.759
102.758
102.758
102.757
102.757
102.756
102.756
102.756
102.759
102.759
102.759
102.758
102.758
102.757
102.757
102.756
102.756
102.756
102.759
102.759
102.759
102.758
102.758
102.757
102.757
102.756
102.756
102.756
102.759
102.759
102.759
102.758
102.758
102.757
102.757
102.756
102.756
102.756
102.759
102.759
102.759
102.758
102.758
102.757
102.757
102.756
102.756
102.756
102.759
102.759
102.759
102.758
102.758
102.757
102.757
102.756
102.756
102.756
88.4742
88.4738
88.4731
88.4721
88.4708
88.4692
88.4675
88.4657
88.4643
88.4635
88.4741
88.4737
88.473
88.472
88.4707
88.4691
88.4674
88.4656
88.4642
88.4634
88.474
88.4736
88.473
88.472
88.4707
88.4691
88.4673
88.4656
88.4642
88.4634
88.474
88.4736
88.4729
88.4719
88.4706
88.469
88.4672
88.4655
88.4641
88.4634
88.4739
88.4736
88.4729
88.4719
88.4706
88.469
88.4672
88.4655
88.4641
88.4633
88.4739
88.4735
88.4729
88.4719
88.4706
88.469
88.4672
88.4655
88.4641
88.4633
88.474
88.4736
88.4729
88.4719
88.4706
88.469
88.4672
88.4655
88.4641
88.4634
88.474
88.4736
88.4729
88.472
88.4707
88.4691
88.4673
88.4656
88.4642
88.4634
88.474
88.4736
88.473
88.472
88.4707
88.4691
88.4673
88.4656
88.4642
88.4635
88.4741
88.4737
88.473
88.4721
88.4708
88.4692
88.4674
88.4657
88.4643
88.4635
74.7646
74.7639
74.7626
74.7607
74.7581
74.7548
74.7511
74.7473
74.7443
74.7425
74.7645
74.7637
74.7625
74.7605
74.7579
74.7546
74.7509
74.7472
74.7441
74.7424
74.7644
74.7636
74.7624
74.7604
74.7578
74.7545
74.7508
74.7471
74.744
74.7423
74.7643
74.7636
74.7623
74.7604
74.7577
74.7545
74.7508
74.747
74.744
74.7423
74.7642
74.7635
74.7622
74.7603
74.7577
74.7544
74.7507
74.747
74.744
74.7423
74.7642
74.7635
74.7622
74.7603
74.7577
74.7544
74.7507
74.747
74.744
74.7423
74.7643
74.7636
74.7623
74.7604
74.7577
74.7545
74.7508
74.7471
74.744
74.7423
74.7643
74.7636
74.7623
74.7604
74.7578
74.7545
74.7508
74.7471
74.7441
74.7424
74.7644
74.7637
74.7624
74.7605
74.7579
74.7546
74.7509
74.7472
74.7442
74.7425
74.7645
74.7638
74.7625
74.7606
74.758
74.7547
74.751
74.7473
74.7443
74.7426
61.9623
61.9611
61.959
61.9556
61.9509
61.9449
61.9379
61.9306
61.9245
61.9209
61.9621
61.9609
61.9588
61.9554
61.9508
61.9447
61.9377
61.9305
61.9243
61.9208
61.962
61.9608
61.9586
61.9553
61.9506
61.9446
61.9376
61.9304
61.9242
61.9207
61.9619
61.9607
61.9586
61.9552
61.9505
61.9445
61.9375
61.9303
61.9241
61.9206
61.9618
61.9607
61.9585
61.9552
61.9505
61.9445
61.9375
61.9302
61.9241
61.9206
61.9618
61.9607
61.9585
61.9552
61.9505
61.9445
61.9375
61.9303
61.9241
61.9206
61.9619
61.9607
61.9586
61.9552
61.9505
61.9445
61.9375
61.9303
61.9242
61.9207
61.9619
61.9608
61.9586
61.9553
61.9506
61.9446
61.9376
61.9304
61.9243
61.9208
61.962
61.9609
61.9587
61.9554
61.9507
61.9447
61.9377
61.9305
61.9244
61.9209
61.9621
61.961
61.9589
61.9556
61.9509
61.9449
61.9379
61.9307
61.9245
61.921
50.3292
50.3274
50.324
50.3185
50.3105
50.3
50.2872
50.2736
50.2615
50.2543
50.329
50.3272
50.3238
50.3183
50.3103
50.2998
50.2871
50.2734
50.2614
50.2542
50.3288
50.3271
50.3236
50.3181
50.3102
50.2997
50.2869
50.2733
50.2612
50.2541
50.3287
50.327
50.3235
50.318
50.3101
50.2996
50.2868
50.2732
50.2612
50.254
50.3287
50.3269
50.3235
50.318
50.3101
50.2995
50.2868
50.2732
50.2611
50.254
50.3287
50.3269
50.3235
50.318
50.3101
50.2995
50.2868
50.2732
50.2612
50.254
50.3287
50.327
50.3235
50.318
50.3101
50.2996
50.2869
50.2732
50.2612
50.2541
50.3288
50.3271
50.3236
50.3181
50.3102
50.2997
50.287
50.2733
50.2613
50.2542
50.3289
50.3272
50.3238
50.3183
50.3104
50.2998
50.2871
50.2735
50.2615
50.2543
50.329
50.3273
50.3239
50.3185
50.3106
50.3
50.2873
50.2737
50.2617
50.2545
40.0424
40.0398
40.0346
40.0259
40.013
39.9952
39.9727
39.9475
39.924
39.9093
40.0422
40.0396
40.0344
40.0257
40.0128
39.995
39.9725
39.9473
39.9238
39.9091
40.042
40.0395
40.0342
40.0256
40.0127
39.9949
39.9724
39.9471
39.9237
39.909
40.0419
40.0394
40.0341
40.0255
40.0126
39.9948
39.9723
39.947
39.9236
39.9089
40.0419
40.0393
40.0341
40.0254
40.0125
39.9948
39.9723
39.947
39.9236
39.9089
40.0419
40.0393
40.0341
40.0254
40.0125
39.9948
39.9723
39.947
39.9236
39.9089
40.0419
40.0394
40.0341
40.0255
40.0126
39.9948
39.9723
39.9471
39.9237
39.909
40.042
40.0395
40.0342
40.0256
40.0127
39.9949
39.9725
39.9472
39.9238
39.9091
40.0421
40.0396
40.0344
40.0257
40.0129
39.9951
39.9726
39.9474
39.924
39.9093
40.0423
40.0398
40.0346
40.0259
40.0131
39.9953
39.9728
39.9476
39.9242
39.9095
31.1896
31.1859
31.1783
31.1653
31.1452
31.1163
31.0778
31.0318
30.9861
30.9553
31.1894
31.1857
31.1781
31.1651
31.145
31.1161
31.0776
31.0316
30.9859
30.9552
31.1892
31.1856
31.1779
31.1649
31.1449
31.116
31.0774
31.0315
30.9858
30.9551
31.1891
31.1855
31.1778
31.1648
31.1448
31.1159
31.0774
31.0314
30.9857
30.955
31.1891
31.1854
31.1778
31.1648
31.1447
31.1158
31.0773
31.0314
30.9857
30.955
31.1891
31.1854
31.1778
31.1648
31.1448
31.1159
31.0773
31.0314
30.9857
30.955
31.1891
31.1855
31.1778
31.1649
31.1448
31.1159
31.0774
31.0315
30.9858
30.9551
31.1892
31.1856
31.1779
31.165
31.1449
31.116
31.0775
31.0316
30.9859
30.9552
31.1893
31.1857
31.1781
31.1651
31.1451
31.1162
31.0777
31.0317
30.9861
30.9553
31.1895
31.1859
31.1783
31.1654
31.1453
31.1164
31.0779
31.032
30.9863
30.9556
23.7738
23.769
23.7584
23.7399
23.7102
23.6654
23.6019
23.5201
23.4308
23.3636
23.7736
23.7688
23.7582
23.7397
23.71
23.6652
23.6017
23.52
23.4306
23.3635
23.7735
23.7686
23.758
23.7396
23.7099
23.6651
23.6016
23.5198
23.4305
23.3634
23.7734
23.7685
23.758
23.7395
23.7098
23.665
23.6015
23.5198
23.4304
23.3633
23.7734
23.7685
23.7579
23.7394
23.7098
23.665
23.6015
23.5198
23.4304
23.3633
23.7734
23.7685
23.7579
23.7395
23.7098
23.665
23.6015
23.5198
23.4304
23.3633
23.7734
23.7686
23.758
23.7395
23.7099
23.6651
23.6016
23.5198
23.4305
23.3634
23.7735
23.7687
23.7581
23.7396
23.71
23.6652
23.6017
23.52
23.4306
23.3635
23.7737
23.7688
23.7582
23.7398
23.7101
23.6653
23.6019
23.5201
23.4308
23.3637
23.7738
23.769
23.7584
23.74
23.7104
23.6655
23.6021
23.5203
23.431
23.3639
17.7268
17.7206
17.7069
17.6822
17.6412
17.5759
17.4769
17.3367
17.1622
17.0055
17.7266
17.7204
17.7067
17.682
17.641
17.5757
17.4767
17.3366
17.162
17.0054
17.7265
17.7203
17.7066
17.6819
17.6409
17.5756
17.4766
17.3365
17.162
17.0053
17.7264
17.7202
17.7065
17.6819
17.6408
17.5755
17.4766
17.3364
17.1619
17.0052
17.7264
17.7202
17.7065
17.6818
17.6408
17.5755
17.4765
17.3364
17.1619
17.0052
17.7264
17.7202
17.7065
17.6818
17.6408
17.5755
17.4766
17.3364
17.1619
17.0052
17.7265
17.7203
17.7065
17.6819
17.6409
17.5756
17.4766
17.3365
17.162
17.0053
17.7265
17.7204
17.7066
17.682
17.641
17.5757
17.4767
17.3366
17.1621
17.0054
17.7267
17.7205
17.7068
17.6821
17.6411
17.5759
17.4769
17.3367
17.1622
17.0056
17.7268
17.7207
17.707
17.6823
17.6413
17.576
17.4771
17.3369
17.1624
17.0057
12.9262
12.9189
12.9023
12.8719
12.8196
12.7324
12.5906
12.3668
12.0346
11.633
12.926
12.9187
12.9021
12.8717
12.8194
12.7323
12.5905
12.3667
12.0345
11.6329
12.9259
12.9186
12.902
12.8716
12.8193
12.7322
12.5904
12.3666
12.0344
11.6328
12.9259
12.9185
12.902
12.8716
12.8193
12.7321
12.5904
12.3666
12.0343
11.6328
12.9258
12.9185
12.902
12.8715
12.8192
12.7321
12.5904
12.3666
12.0343
11.6328
12.9259
12.9185
12.902
12.8716
12.8193
12.7321
12.5904
12.3666
12.0343
11.6328
12.9259
12.9186
12.902
12.8716
12.8193
12.7322
12.5904
12.3667
12.0344
11.6329
12.926
12.9187
12.9021
12.8717
12.8194
12.7323
12.5905
12.3667
12.0345
11.633
12.9261
12.9188
12.9022
12.8718
12.8195
12.7324
12.5907
12.3669
12.0346
11.6331
12.9262
12.9189
12.9024
12.872
12.8197
12.7326
12.5908
12.367
12.0348
11.6332
9.21542
9.20738
9.18901
9.15481
9.09477
8.99154
8.81459
8.50639
7.94231
6.78846
9.2153
9.20726
9.18889
9.15469
9.09465
8.99143
8.81448
8.5063
7.94222
6.78839
9.21522
9.20718
9.18881
9.15461
9.09457
8.99135
8.81441
8.50623
7.94216
6.78835
9.21516
9.20712
9.18876
9.15456
9.09453
8.9913
8.81437
8.50619
7.94213
6.78832
9.21514
9.2071
9.18874
9.15454
9.09451
8.99129
8.81435
8.50618
7.94212
6.78831
9.21515
9.20711
9.18875
9.15455
9.09452
8.99131
8.81437
8.5062
7.94214
6.78833
9.21519
9.20716
9.18879
9.1546
9.09457
8.99135
8.81442
8.50625
7.94219
6.78837
9.21526
9.20723
9.18887
9.15468
9.09465
8.99143
8.8145
8.50632
7.94226
6.78843
9.21536
9.20733
9.18898
9.15479
9.09477
8.99155
8.81461
8.50643
7.94236
6.78852
9.21547
9.20747
9.18912
9.15494
9.09491
8.99169
8.81476
8.50657
7.94249
6.78864
6.4223
6.41417
6.39554
6.36078
6.29969
6.19472
6.01602
5.7123
5.19538
4.32627
6.4222
6.41407
6.39544
6.36069
6.2996
6.19463
6.01594
5.71222
5.19531
4.32622
6.42213
6.414
6.39538
6.36063
6.29954
6.19457
6.01588
5.71217
5.19527
4.32618
6.42209
6.41396
6.39534
6.36059
6.2995
6.19453
6.01585
5.71214
5.19524
4.32616
6.42207
6.41395
6.39532
6.36057
6.29949
6.19452
6.01584
5.71214
5.19524
4.32616
6.42208
6.41396
6.39533
6.36059
6.2995
6.19454
6.01585
5.71215
5.19525
4.32617
6.42212
6.41399
6.39537
6.36063
6.29954
6.19458
6.01589
5.71219
5.19529
4.3262
6.42218
6.41405
6.39544
6.36069
6.29961
6.19465
6.01596
5.71225
5.19535
4.32625
6.42226
6.41414
6.39553
6.36078
6.2997
6.19474
6.01605
5.71234
5.19543
4.32632
6.42235
6.41425
6.39565
6.36091
6.29982
6.19486
6.01617
5.71245
5.19553
4.32641
4.37473
4.36715
4.34983
4.31777
4.26213
4.16848
4.01429
3.76636
3.38136
2.82233
4.37465
4.36707
4.34976
4.3177
4.26206
4.16841
4.01423
3.7663
3.38131
2.82229
4.3746
4.36702
4.34971
4.31765
4.26202
4.16837
4.01419
3.76626
3.38128
2.82226
4.37457
4.36699
4.34968
4.31762
4.26199
4.16834
4.01417
3.76624
3.38126
2.82225
4.37456
4.36698
4.34967
4.31761
4.26198
4.16833
4.01416
3.76624
3.38126
2.82224
4.37457
4.36699
4.34968
4.31762
4.26199
4.16835
4.01417
3.76625
3.38127
2.82226
4.37459
4.36702
4.34971
4.31766
4.26202
4.16838
4.01421
3.76628
3.3813
2.82228
4.37464
4.36707
4.34976
4.31771
4.26208
4.16843
4.01426
3.76633
3.38134
2.82232
4.3747
4.36714
4.34983
4.31778
4.26215
4.16851
4.01433
3.7664
3.3814
2.82237
4.37478
4.36723
4.34993
4.31788
4.26225
4.1686
4.01442
3.76649
3.38149
2.82244
2.9126
2.90604
2.89117
2.86402
2.81784
2.74232
2.62291
2.44143
2.18046
1.83678
2.91254
2.90599
2.89112
2.86397
2.81779
2.74227
2.62287
2.44139
2.18043
1.83675
2.9125
2.90595
2.89108
2.86393
2.81776
2.74224
2.62284
2.44136
2.1804
1.83673
2.91248
2.90593
2.89106
2.86391
2.81774
2.74222
2.62282
2.44134
2.18039
1.83671
2.91247
2.90592
2.89105
2.86391
2.81773
2.74222
2.62282
2.44134
2.18039
1.83671
2.91248
2.90593
2.89106
2.86391
2.81774
2.74223
2.62283
2.44135
2.1804
1.83672
2.9125
2.90595
2.89109
2.86394
2.81777
2.74225
2.62285
2.44138
2.18042
1.83674
2.91254
2.90599
2.89113
2.86398
2.81781
2.74229
2.62289
2.44141
2.18045
1.83677
2.91259
2.90604
2.89118
2.86404
2.81787
2.74235
2.62295
2.44147
2.1805
1.83681
2.91265
2.90611
2.89126
2.86411
2.81794
2.74242
2.62302
2.44153
2.18056
1.83687
1.89533
1.89004
1.87814
1.85676
1.82124
1.76488
1.67922
1.55533
1.38755
1.18069
1.8953
1.89
1.8781
1.85672
1.8212
1.76485
1.67919
1.5553
1.38752
1.18067
1.89527
1.88997
1.87808
1.8567
1.82117
1.76483
1.67917
1.55528
1.3875
1.18066
1.89525
1.88996
1.87806
1.85668
1.82116
1.76481
1.67916
1.55527
1.38749
1.18065
1.89525
1.88995
1.87806
1.85668
1.82116
1.76481
1.67916
1.55527
1.38749
1.18065
1.89525
1.88996
1.87806
1.85669
1.82117
1.76482
1.67917
1.55528
1.3875
1.18065
1.89527
1.88998
1.87808
1.85671
1.82118
1.76484
1.67918
1.55529
1.38752
1.18067
1.8953
1.89001
1.87811
1.85674
1.82122
1.76487
1.67921
1.55532
1.38754
1.18069
1.89534
1.89005
1.87815
1.85678
1.82126
1.76491
1.67925
1.55536
1.38758
1.18072
1.89538
1.8901
1.87821
1.85684
1.82131
1.76497
1.67931
1.55541
1.38762
1.18076
1.20558
1.20155
1.1926
1.17678
1.15111
1.11156
1.05356
0.973099
0.869114
0.74682
1.20555
1.20152
1.19257
1.17676
1.15108
1.11154
1.05354
0.973078
0.869096
0.746804
1.20553
1.20151
1.19255
1.17674
1.15107
1.11152
1.05352
0.973064
0.869083
0.746793
1.20552
1.20149
1.19254
1.17673
1.15106
1.11152
1.05351
0.973057
0.869077
0.746788
1.20552
1.20149
1.19254
1.17673
1.15106
1.11151
1.05351
0.973057
0.869077
0.746787
1.20552
1.2015
1.19254
1.17673
1.15106
1.11152
1.05352
0.973063
0.869082
0.746793
1.20554
1.20151
1.19256
1.17675
1.15108
1.11153
1.05353
0.973076
0.869094
0.746803
1.20556
1.20153
1.19258
1.17677
1.1511
1.11156
1.05355
0.973096
0.869113
0.74682
1.20558
1.20156
1.19261
1.1768
1.15113
1.11159
1.05358
0.973123
0.869138
0.746842
1.20562
1.2016
1.19265
1.17684
1.15117
1.11163
1.05362
0.973159
0.86917
0.746871
0.749642
0.74674
0.740357
0.729273
0.711676
0.685301
0.647824
0.597672
0.535296
0.464636
0.749623
0.746721
0.740339
0.729255
0.711659
0.685285
0.647809
0.597658
0.535283
0.464625
0.74961
0.746708
0.740326
0.729243
0.711648
0.685274
0.647799
0.597649
0.535275
0.464618
0.749602
0.746701
0.740319
0.729236
0.711641
0.685268
0.647793
0.597644
0.535271
0.464614
0.7496
0.746699
0.740317
0.729235
0.71164
0.685267
0.647793
0.597644
0.535271
0.464614
0.749604
0.746703
0.740322
0.72924
0.711645
0.685272
0.647798
0.597649
0.535275
0.464618
0.749614
0.746713
0.740332
0.72925
0.711655
0.685282
0.647807
0.597658
0.535283
0.464625
0.749628
0.746728
0.740347
0.729266
0.711671
0.685297
0.647822
0.597672
0.535296
0.464637
0.749648
0.746749
0.740369
0.729288
0.711693
0.685319
0.647843
0.597691
0.535314
0.464653
0.749671
0.746776
0.740398
0.729317
0.711721
0.685346
0.647869
0.597716
0.535337
0.464673
0.455739
0.453747
0.449412
0.442005
0.430493
0.413672
0.390468
0.360444
0.324477
0.285365
0.455726
0.453735
0.4494
0.441994
0.430482
0.413661
0.390458
0.360434
0.324469
0.285358
0.455718
0.453727
0.449392
0.441986
0.430474
0.413654
0.390451
0.360428
0.324463
0.285352
0.455713
0.453722
0.449387
0.441981
0.43047
0.41365
0.390448
0.360425
0.324461
0.28535
0.455712
0.453721
0.449386
0.441981
0.430469
0.41365
0.390448
0.360425
0.324461
0.28535
0.455715
0.453724
0.449389
0.441984
0.430473
0.413653
0.390451
0.360428
0.324464
0.285353
0.455721
0.453731
0.449396
0.441991
0.43048
0.41366
0.390458
0.360435
0.32447
0.285358
0.455731
0.453741
0.449407
0.442002
0.430491
0.413671
0.390468
0.360444
0.324479
0.285366
0.455745
0.453756
0.449422
0.442017
0.430506
0.413686
0.390482
0.360458
0.324491
0.285377
0.45576
0.453774
0.449442
0.442037
0.430525
0.413704
0.3905
0.360474
0.324506
0.285391
0.270925
0.269618
0.2668
0.26206
0.254842
0.244557
0.230796
0.213669
0.194248
0.174967
0.270917
0.26961
0.266792
0.262052
0.254834
0.24455
0.230789
0.213663
0.194243
0.174962
0.270912
0.269604
0.266787
0.262047
0.25483
0.244545
0.230785
0.213659
0.194239
0.174958
0.270908
0.269602
0.266784
0.262045
0.254827
0.244543
0.230783
0.213657
0.194237
0.174957
0.270908
0.269601
0.266784
0.262044
0.254827
0.244543
0.230783
0.213657
0.194238
0.174957
0.27091
0.269603
0.266786
0.262047
0.254829
0.244545
0.230785
0.213659
0.19424
0.174959
0.270914
0.269608
0.26679
0.262051
0.254834
0.24455
0.23079
0.213663
0.194244
0.174963
0.270921
0.269615
0.266798
0.262059
0.254841
0.244557
0.230797
0.21367
0.19425
0.174968
0.27093
0.269624
0.266808
0.262069
0.254851
0.244567
0.230806
0.213679
0.194258
0.174976
0.270941
0.269637
0.266821
0.262082
0.254864
0.244579
0.230818
0.21369
0.194268
0.174985
0.157517
0.156694
0.154935
0.15202
0.147672
0.141634
0.13383
0.124618
0.115254
0.10895
0.157512
0.156689
0.15493
0.152016
0.147667
0.141629
0.133826
0.124614
0.115251
0.108946
0.157509
0.156685
0.154926
0.152012
0.147664
0.141626
0.133823
0.124612
0.115248
0.108944
0.157507
0.156683
0.154925
0.152011
0.147662
0.141625
0.133822
0.124611
0.115247
0.108943
0.157507
0.156683
0.154924
0.152011
0.147662
0.141625
0.133822
0.124611
0.115247
0.108943
0.157508
0.156685
0.154926
0.152012
0.147664
0.141627
0.133823
0.124612
0.115249
0.108945
0.157511
0.156688
0.154929
0.152015
0.147667
0.14163
0.133826
0.124615
0.115251
0.108947
0.157516
0.156692
0.154934
0.15202
0.147672
0.141634
0.133831
0.12462
0.115255
0.108951
0.157522
0.156699
0.15494
0.152027
0.147678
0.141641
0.133837
0.124625
0.115261
0.108956
0.157528
0.156707
0.154949
0.152035
0.147687
0.141649
0.133844
0.124633
0.115268
0.108963
3.91426
2.41666
1.65358
1.36942
1.48294
2.02665
3.14567
5.14055
8.58212
14.6077
3.91421
2.41662
1.65355
1.36938
1.48289
2.02659
3.14558
5.14042
8.58193
14.6074
3.91417
2.41659
1.65352
1.36936
1.48285
2.02654
3.14552
5.14032
8.5818
14.6072
3.91415
2.41657
1.6535
1.36934
1.48283
2.02651
3.14547
5.14026
8.58172
14.6071
3.91415
2.41657
1.6535
1.36933
1.48282
2.0265
3.14545
5.14024
8.58168
14.607
3.91416
2.41658
1.65351
1.36934
1.48283
2.0265
3.14546
5.14024
8.58168
14.607
3.91419
2.4166
1.65352
1.36935
1.48284
2.02651
3.14547
5.14027
8.58173
14.6071
3.91424
2.41663
1.65355
1.36937
1.48286
2.02654
3.14551
5.14032
8.5818
14.6072
3.9143
2.41668
1.65358
1.3694
1.48289
2.02657
3.14555
5.14038
8.5819
14.6074
3.91437
2.41672
1.65362
1.36943
1.48292
2.02661
3.1456
5.14045
8.58201
14.6075
3.00037
2.02834
1.46032
1.24432
1.35974
1.84629
2.81801
4.47975
7.13715
11.1309
3.00033
2.0283
1.46029
1.24429
1.35969
1.84623
2.81793
4.47963
7.13699
11.1307
3.0003
2.02827
1.46026
1.24426
1.35966
1.84619
2.81787
4.47955
7.13687
11.1305
3.00028
2.02826
1.46025
1.24425
1.35964
1.84616
2.81783
4.47949
7.1368
11.1304
3.00028
2.02826
1.46025
1.24424
1.35964
1.84615
2.81781
4.47947
7.13677
11.1304
3.00029
2.02827
1.46025
1.24424
1.35964
1.84615
2.81781
4.47947
7.13677
11.1304
3.00031
2.02828
1.46027
1.24426
1.35965
1.84616
2.81783
4.4795
7.13681
11.1304
3.00035
2.02831
1.46029
1.24428
1.35967
1.84619
2.81786
4.47955
7.13688
11.1305
3.00041
2.02836
1.46032
1.24431
1.3597
1.84622
2.81791
4.47961
7.13698
11.1307
3.00048
2.02841
1.46036
1.24434
1.35974
1.84627
2.81797
4.4797
7.13711
11.1309
2.12571
1.54619
1.17818
1.04235
1.15311
1.54949
2.30748
3.5392
5.36592
7.82327
2.12568
1.54616
1.17815
1.04231
1.15308
1.54944
2.30741
3.5391
5.36579
7.8231
2.12565
1.54614
1.17813
1.04229
1.15305
1.54941
2.30736
3.53903
5.3657
7.82298
2.12564
1.54613
1.17812
1.04228
1.15303
1.54938
2.30733
3.53899
5.36564
7.82291
2.12564
1.54613
1.17812
1.04227
1.15302
1.54937
2.30731
3.53897
5.36562
7.82288
2.12565
1.54613
1.17812
1.04228
1.15303
1.54937
2.30731
3.53897
5.36562
7.82289
2.12567
1.54615
1.17813
1.04229
1.15304
1.54939
2.30733
3.539
5.36566
7.82293
2.1257
1.54618
1.17815
1.04231
1.15306
1.54941
2.30736
3.53904
5.36572
7.82302
2.12575
1.54621
1.17818
1.04233
1.15309
1.54944
2.30741
3.5391
5.36581
7.82314
2.1258
1.54626
1.17822
1.04237
1.15312
1.54949
2.30747
3.53919
5.36592
7.8233
1.44795
1.11146
0.890584
0.817157
0.914588
1.21426
1.76157
2.60978
3.79467
5.27996
1.44793
1.11144
0.890561
0.817131
0.914557
1.21421
1.76152
2.60971
3.79458
5.27983
1.44791
1.11142
0.890545
0.817113
0.914534
1.21418
1.76148
2.60965
3.79451
5.27975
1.4479
1.11141
0.890535
0.817102
0.91452
1.21417
1.76145
2.60962
3.79447
5.27969
1.4479
1.11141
0.890533
0.817099
0.914515
1.21416
1.76144
2.6096
3.79445
5.27967
1.4479
1.11142
0.890537
0.817102
0.914517
1.21416
1.76144
2.60961
3.79445
5.27968
1.44792
1.11143
0.890548
0.817112
0.914527
1.21417
1.76146
2.60963
3.79448
5.27972
1.44795
1.11145
0.890566
0.817128
0.914544
1.21419
1.76149
2.60967
3.79453
5.27978
1.44798
1.11148
0.890591
0.817151
0.914569
1.21422
1.76152
2.60972
3.7946
5.27988
1.44803
1.11152
0.890624
0.817182
0.914601
1.21426
1.76158
2.60979
3.7947
5.28001
0.959102
0.766694
0.64073
0.606899
0.685764
0.899354
1.27287
1.82883
2.57152
3.46221
0.959082
0.766675
0.640711
0.606878
0.68574
0.899322
1.27282
1.82878
2.57145
3.46212
0.959069
0.766663
0.640699
0.606864
0.685722
0.8993
1.27279
1.82874
2.57139
3.46206
0.959062
0.766656
0.640692
0.606856
0.685712
0.899285
1.27277
1.82871
2.57136
3.46202
0.959061
0.766655
0.64069
0.606853
0.685707
0.899279
1.27277
1.8287
2.57135
3.462
0.959067
0.76666
0.640694
0.606856
0.685709
0.899281
1.27277
1.82871
2.57135
3.46201
0.959079
0.76667
0.640703
0.606864
0.685718
0.899291
1.27278
1.82872
2.57138
3.46204
0.959099
0.766687
0.640717
0.606878
0.685732
0.899308
1.2728
1.82875
2.57142
3.46209
0.959126
0.76671
0.640737
0.606897
0.685753
0.899333
1.27283
1.8288
2.57147
3.46217
0.95916
0.766739
0.640763
0.606922
0.68578
0.899366
1.27288
1.82885
2.57155
3.46226
0.620577
0.512347
0.4435
0.431492
0.491116
0.63648
0.880812
1.23245
1.68669
2.21602
0.620562
0.512334
0.443487
0.431477
0.491097
0.636457
0.880782
1.23241
1.68664
2.21596
0.620553
0.512325
0.443477
0.431466
0.491084
0.63644
0.880759
1.23238
1.68661
2.21591
0.620548
0.51232
0.443472
0.43146
0.491076
0.636429
0.880746
1.23236
1.68658
2.21589
0.620547
0.512319
0.443471
0.431458
0.491073
0.636425
0.88074
1.23235
1.68657
2.21587
0.620552
0.512323
0.443474
0.43146
0.491075
0.636427
0.880742
1.23236
1.68658
2.21588
0.620561
0.512331
0.443481
0.431467
0.491082
0.636434
0.880752
1.23237
1.6866
2.2159
0.620575
0.512343
0.443492
0.431477
0.491093
0.636448
0.880769
1.23239
1.68663
2.21594
0.620595
0.512361
0.443507
0.431493
0.49111
0.636468
0.880795
1.23243
1.68667
2.216
0.62062
0.512383
0.443527
0.431512
0.491131
0.636494
0.880828
1.23247
1.68673
2.21607
0.393906
0.3345
0.298594
0.297254
0.340171
0.43585
0.590876
0.807495
1.07976
1.39012
0.393896
0.334491
0.298584
0.297243
0.340158
0.435832
0.590854
0.807467
1.07973
1.39008
0.393889
0.334484
0.298577
0.297235
0.340148
0.43582
0.590838
0.807447
1.0797
1.39005
0.393885
0.334481
0.298573
0.29723
0.340142
0.435813
0.590828
0.807435
1.07969
1.39003
0.393885
0.33448
0.298572
0.297229
0.34014
0.43581
0.590824
0.80743
1.07968
1.39003
0.393889
0.334483
0.298575
0.297231
0.340142
0.435812
0.590826
0.807432
1.07968
1.39003
0.393895
0.334489
0.29858
0.297236
0.340147
0.435818
0.590834
0.807442
1.0797
1.39005
0.393906
0.334498
0.298588
0.297244
0.340156
0.435828
0.590847
0.80746
1.07972
1.39008
0.39392
0.334511
0.2986
0.297256
0.340169
0.435843
0.590866
0.807485
1.07975
1.39012
0.393938
0.334527
0.298615
0.29727
0.340185
0.435863
0.590891
0.807517
1.07979
1.39017
0.247739
0.216733
0.199376
0.202723
0.232995
0.295181
0.392306
0.523991
0.684643
0.862615
0.247732
0.216726
0.199368
0.202714
0.232985
0.295169
0.392291
0.523971
0.684619
0.862586
0.247727
0.216722
0.199364
0.202709
0.232978
0.29516
0.39228
0.523957
0.684602
0.862566
0.247725
0.216719
0.199361
0.202706
0.232974
0.295155
0.392273
0.523949
0.684592
0.862554
0.247725
0.216719
0.19936
0.202705
0.232972
0.295153
0.39227
0.523946
0.684588
0.86255
0.247727
0.216721
0.199362
0.202706
0.232974
0.295154
0.392272
0.523948
0.684591
0.862554
0.247732
0.216725
0.199366
0.20271
0.232978
0.295159
0.392278
0.523955
0.6846
0.862566
0.247739
0.216732
0.199372
0.202716
0.232985
0.295167
0.392288
0.523968
0.684617
0.862586
0.247749
0.216741
0.199381
0.202725
0.232994
0.295178
0.392302
0.523986
0.68464
0.862615
0.247762
0.216753
0.199392
0.202736
0.233006
0.295193
0.392321
0.52401
0.684669
0.862651
0.159153
0.145157
0.138113
0.143408
0.165459
0.207332
0.270182
0.352232
0.447511
0.54531
0.159148
0.145152
0.138107
0.143402
0.165451
0.207323
0.270171
0.352218
0.447494
0.545291
0.159145
0.145149
0.138104
0.143398
0.165446
0.207317
0.270163
0.352208
0.447483
0.545277
0.159143
0.145147
0.138102
0.143396
0.165443
0.207313
0.270158
0.352202
0.447476
0.545269
0.159143
0.145147
0.138102
0.143395
0.165442
0.207311
0.270156
0.3522
0.447473
0.545267
0.159145
0.145149
0.138103
0.143396
0.165443
0.207313
0.270158
0.352202
0.447476
0.54527
0.159148
0.145152
0.138106
0.143399
0.165447
0.207317
0.270163
0.352208
0.447483
0.545279
0.159154
0.145157
0.138111
0.143404
0.165452
0.207323
0.27017
0.352217
0.447495
0.545293
0.159161
0.145164
0.138117
0.143411
0.165459
0.207332
0.270181
0.352231
0.447512
0.545313
0.15917
0.145172
0.138125
0.143419
0.165469
0.207343
0.270195
0.352248
0.447533
0.545339
0.114435
0.110773
0.108878
0.114974
0.133046
0.165386
0.212296
0.271097
0.334286
0.385844
0.114432
0.11077
0.108874
0.11497
0.13304
0.165379
0.212288
0.271088
0.334275
0.385832
0.114429
0.110767
0.108871
0.114967
0.133036
0.165374
0.212281
0.27108
0.334266
0.385822
0.114428
0.110766
0.10887
0.114965
0.133034
0.165371
0.212278
0.271076
0.334261
0.385816
0.114428
0.110766
0.10887
0.114965
0.133033
0.16537
0.212276
0.271074
0.334259
0.385815
0.114429
0.110767
0.108871
0.114966
0.133034
0.165372
0.212278
0.271076
0.334262
0.385817
0.114432
0.11077
0.108874
0.114968
0.133037
0.165375
0.212282
0.271081
0.334268
0.385824
0.114436
0.110774
0.108878
0.114972
0.133042
0.16538
0.212288
0.271089
0.334277
0.385835
0.114442
0.11078
0.108883
0.114978
0.133048
0.165388
0.212298
0.2711
0.334291
0.385851
0.114449
0.110786
0.10889
0.114985
0.133056
0.165397
0.212309
0.271114
0.334308
0.385871
25.7731
30.2559
32.445
33.6388
34.3228
34.7211
34.9524
35.0839
35.1545
35.1852
25.7727
30.2554
32.4445
33.6383
34.3223
34.7206
34.9518
35.0834
35.154
35.1848
25.7724
30.2551
32.4442
33.6379
34.3219
34.7202
34.9515
35.0831
35.1537
35.1846
25.7722
30.2549
32.444
33.6377
34.3217
34.72
34.9513
35.0829
35.1535
35.1844
25.7722
30.2549
32.4439
33.6377
34.3217
34.72
34.9512
35.0828
35.1535
35.1844
25.7722
30.2549
32.4439
33.6377
34.3217
34.72
34.9513
35.0829
35.1536
35.1845
25.7723
30.255
32.4441
33.6378
34.3219
34.7202
34.9515
35.0831
35.1538
35.1847
25.7725
30.2552
32.4443
33.6381
34.3222
34.7205
34.9518
35.0834
35.1541
35.185
25.7727
30.2555
32.4447
33.6385
34.3225
34.7209
34.9522
35.0838
35.1545
35.1854
25.773
30.2559
32.4451
33.6389
34.323
34.7213
34.9527
35.0843
35.155
35.1859
16.3555
19.7563
21.7708
22.9505
23.6427
24.0483
24.2839
24.4177
24.4893
24.5205
16.3552
19.7559
21.7704
22.9501
23.6423
24.0479
24.2835
24.4173
24.4889
24.5202
16.355
19.7557
21.7702
22.9499
23.642
24.0476
24.2832
24.417
24.4887
24.52
16.3549
19.7556
21.77
22.9497
23.6419
24.0475
24.2831
24.4169
24.4886
24.5199
16.3548
19.7555
21.77
22.9497
23.6418
24.0474
24.283
24.4169
24.4885
24.5198
16.3548
19.7555
21.77
22.9497
23.6419
24.0475
24.2831
24.4169
24.4886
24.5199
16.3549
19.7556
21.7701
22.9498
23.642
24.0476
24.2832
24.4171
24.4888
24.5201
16.355
19.7558
21.7703
22.9501
23.6422
24.0479
24.2835
24.4173
24.489
24.5203
16.3552
19.7561
21.7706
22.9504
23.6425
24.0482
24.2838
24.4177
24.4894
24.5207
16.3555
19.7564
21.771
22.9508
23.643
24.0486
24.2843
24.4181
24.4898
24.5211
10.6221
12.8317
14.3408
15.3074
15.9061
16.2686
16.4834
16.607
16.6736
16.7027
10.6219
12.8315
14.3406
15.3072
15.9058
16.2683
16.4831
16.6067
16.6733
16.7025
10.6218
12.8313
14.3404
15.307
15.9056
16.2681
16.4829
16.6065
16.6732
16.7024
10.6217
12.8312
14.3403
15.3069
15.9055
16.268
16.4828
16.6064
16.6731
16.7023
10.6216
12.8312
14.3403
15.3068
15.9055
16.268
16.4828
16.6064
16.673
16.7023
10.6217
12.8312
14.3403
15.3069
15.9055
16.268
16.4828
16.6064
16.6731
16.7023
10.6217
12.8313
14.3404
15.307
15.9056
16.2681
16.483
16.6065
16.6732
16.7024
10.6218
12.8314
14.3405
15.3071
15.9058
16.2683
16.4832
16.6067
16.6734
16.7027
10.622
12.8316
14.3408
15.3074
15.9061
16.2686
16.4834
16.607
16.6737
16.7029
10.6222
12.8319
14.3411
15.3077
15.9064
16.2689
16.4838
16.6074
16.6741
16.7033
6.87938
8.25524
9.28578
9.99653
10.4615
10.7544
10.933
11.0378
11.095
11.1202
6.87924
8.25507
9.2856
9.99634
10.4613
10.7542
10.9328
11.0376
11.0948
11.1201
6.87913
8.25495
9.28547
9.99621
10.4612
10.7541
10.9326
11.0374
11.0947
11.12
6.87907
8.25488
9.28539
9.99612
10.4611
10.754
10.9326
11.0373
11.0946
11.1199
6.87904
8.25485
9.28536
9.99609
10.4611
10.754
10.9325
11.0373
11.0946
11.1199
6.87905
8.25486
9.28538
9.99612
10.4611
10.754
10.9326
11.0374
11.0947
11.12
6.8791
8.25492
9.28545
9.9962
10.4612
10.7541
10.9327
11.0375
11.0948
11.1201
6.87919
8.25503
9.28557
9.99633
10.4613
10.7543
10.9328
11.0376
11.0949
11.1202
6.87931
8.25518
9.28574
9.99652
10.4615
10.7545
10.9331
11.0378
11.0952
11.1204
6.87948
8.25538
9.28597
9.99676
10.4618
10.7547
10.9333
11.0381
11.0954
11.1207
4.39881
5.23959
5.90812
6.39601
6.73078
6.94985
7.08744
7.17002
7.2159
7.2363
4.3987
5.23948
5.90799
6.39588
6.73064
6.94971
7.0873
7.16988
7.21577
7.2362
4.39863
5.23939
5.9079
6.39578
6.73054
6.94961
7.0872
7.16978
7.21568
7.23612
4.39858
5.23934
5.90785
6.39572
6.73048
6.94955
7.08714
7.16973
7.21563
7.23608
4.39857
5.23932
5.90783
6.3957
6.73046
6.94953
7.08713
7.16972
7.21562
7.23607
4.39858
5.23934
5.90784
6.39572
6.73048
6.94956
7.08716
7.16975
7.21566
7.23611
4.39861
5.23938
5.9079
6.39578
6.73055
6.94963
7.08723
7.16983
7.21574
7.23619
4.39868
5.23946
5.90799
6.39588
6.73066
6.94974
7.08735
7.16995
7.21586
7.23631
4.39877
5.23957
5.90811
6.39602
6.73081
6.9499
7.08751
7.17012
7.21603
7.23648
4.3989
5.23972
5.90828
6.39621
6.731
6.9501
7.08772
7.17033
7.21625
7.2367
2.76641
3.27244
3.69117
4.0101
4.23775
4.39192
4.49154
4.55271
4.58728
4.6028
2.76634
3.27236
3.69109
4.01001
4.23765
4.39182
4.49144
4.55261
4.58718
4.60274
2.76628
3.2723
3.69102
4.00994
4.23759
4.39175
4.49137
4.55254
4.58712
4.60268
2.76625
3.27226
3.69099
4.0099
4.23755
4.39171
4.49133
4.55251
4.58709
4.60265
2.76624
3.27225
3.69097
4.00989
4.23753
4.3917
4.49132
4.5525
4.58709
4.60265
2.76625
3.27226
3.69099
4.00991
4.23755
4.39172
4.49135
4.55253
4.58711
4.60268
2.76628
3.2723
3.69103
4.00995
4.2376
4.39177
4.4914
4.55258
4.58717
4.60274
2.76633
3.27235
3.69109
4.01002
4.23768
4.39185
4.49149
4.55267
4.58726
4.60283
2.76639
3.27243
3.69118
4.01012
4.23779
4.39197
4.49161
4.55279
4.58739
4.60296
2.76648
3.27254
3.6913
4.01026
4.23793
4.39211
4.49176
4.55295
4.58755
4.60312
1.71022
2.009
2.26345
2.46382
2.61164
2.71479
2.78323
2.82617
2.85084
2.86204
1.71017
2.00895
2.26339
2.46376
2.61157
2.71473
2.78316
2.8261
2.85078
2.862
1.71014
2.00891
2.26335
2.46371
2.61152
2.71468
2.78311
2.82606
2.85074
2.86196
1.71012
2.00889
2.26332
2.46369
2.6115
2.71465
2.78309
2.82603
2.85072
2.86194
1.71011
2.00888
2.26331
2.46368
2.61149
2.71465
2.78308
2.82603
2.85071
2.86194
1.71012
2.00889
2.26332
2.46369
2.6115
2.71466
2.7831
2.82605
2.85073
2.86196
1.71014
2.00891
2.26335
2.46372
2.61154
2.7147
2.78314
2.82609
2.85078
2.862
1.71017
2.00895
2.2634
2.46377
2.61159
2.71476
2.7832
2.82615
2.85084
2.86207
1.71022
2.00901
2.26346
2.46384
2.61167
2.71484
2.78328
2.82624
2.85093
2.86216
1.71028
2.00908
2.26355
2.46394
2.61177
2.71494
2.78339
2.82635
2.85104
2.86227
1.0427
1.21326
1.36253
1.4837
1.57578
1.64182
1.68671
1.71546
1.73224
1.73993
1.04266
1.21323
1.36249
1.48366
1.57573
1.64178
1.68667
1.71541
1.7322
1.73991
1.04264
1.2132
1.36246
1.48363
1.5757
1.64175
1.68664
1.71538
1.73217
1.73988
1.04263
1.21319
1.36245
1.48361
1.57569
1.64173
1.68662
1.71537
1.73216
1.73987
1.04262
1.21318
1.36244
1.48361
1.57568
1.64173
1.68662
1.71537
1.73216
1.73987
1.04263
1.21319
1.36245
1.48361
1.57569
1.64174
1.68663
1.71538
1.73217
1.73989
1.04264
1.2132
1.36247
1.48364
1.57572
1.64176
1.68666
1.71541
1.7322
1.73992
1.04267
1.21323
1.3625
1.48367
1.57576
1.6418
1.6867
1.71545
1.73225
1.73996
1.0427
1.21327
1.36255
1.48372
1.57581
1.64186
1.68676
1.71551
1.73231
1.74002
1.04274
1.21332
1.3626
1.48378
1.57588
1.64193
1.68683
1.71559
1.73238
1.7401
0.633813
0.723253
0.806051
0.876106
0.931124
0.97169
0.999916
1.01835
1.02927
1.03433
0.633792
0.723229
0.806025
0.87608
0.931096
0.971661
0.999887
1.01832
1.02925
1.03431
0.633777
0.723213
0.806008
0.876061
0.931077
0.971641
0.999867
1.0183
1.02923
1.0343
0.633768
0.723204
0.805998
0.876051
0.931066
0.971631
0.999857
1.01829
1.02922
1.03429
0.633766
0.723201
0.805995
0.876048
0.931064
0.971629
0.999856
1.01829
1.02922
1.03429
0.63377
0.723206
0.806001
0.876055
0.931071
0.971637
0.999865
1.0183
1.02923
1.0343
0.63378
0.723217
0.806014
0.876069
0.931088
0.971654
0.999883
1.01832
1.02925
1.03432
0.633797
0.723236
0.806035
0.876093
0.931113
0.971682
0.999912
1.01835
1.02928
1.03435
0.63382
0.723263
0.806065
0.876126
0.931148
0.971719
0.99995
1.01839
1.02932
1.0344
0.63385
0.723297
0.806104
0.876168
0.931193
0.971766
1
1.01844
1.02937
1.03445
0.391761
0.427599
0.469261
0.507546
0.538997
0.562922
0.579978
0.591336
0.598166
0.601359
0.391747
0.427585
0.469245
0.507529
0.53898
0.562904
0.57996
0.591318
0.598149
0.601348
0.391738
0.427574
0.469234
0.507517
0.538968
0.562892
0.579948
0.591306
0.598139
0.601339
0.391732
0.427568
0.469227
0.507511
0.538961
0.562886
0.579942
0.5913
0.598134
0.601334
0.39173
0.427567
0.469226
0.50751
0.53896
0.562885
0.579942
0.591301
0.598134
0.601335
0.391733
0.42757
0.46923
0.507514
0.538965
0.56289
0.579948
0.591307
0.598141
0.601342
0.39174
0.427578
0.469239
0.507524
0.538976
0.562902
0.57996
0.59132
0.598154
0.601355
0.391752
0.427591
0.469253
0.507539
0.538993
0.562919
0.579978
0.591339
0.598173
0.601375
0.391768
0.427609
0.469272
0.507561
0.539015
0.562944
0.580003
0.591365
0.5982
0.601402
0.391789
0.427631
0.469298
0.507588
0.539045
0.562974
0.580035
0.591397
0.598233
0.601436
392.341
392.341
392.343
392.345
392.347
392.349
392.35
392.351
392.352
392.352
392.341
392.341
392.343
392.345
392.347
392.349
392.35
392.351
392.352
392.352
392.34
392.341
392.343
392.345
392.347
392.348
392.35
392.351
392.352
392.352
392.34
392.341
392.343
392.345
392.347
392.348
392.35
392.351
392.352
392.352
392.34
392.341
392.343
392.345
392.347
392.348
392.35
392.351
392.352
392.352
392.34
392.341
392.343
392.345
392.347
392.348
392.35
392.351
392.352
392.352
392.34
392.341
392.343
392.345
392.347
392.348
392.35
392.351
392.352
392.352
392.34
392.341
392.343
392.345
392.347
392.348
392.35
392.351
392.352
392.352
392.34
392.341
392.343
392.345
392.347
392.348
392.35
392.351
392.352
392.352
392.34
392.341
392.343
392.345
392.347
392.349
392.35
392.351
392.352
392.352
337.77
337.773
337.778
337.785
337.792
337.798
337.803
337.806
337.809
337.81
337.77
337.773
337.778
337.784
337.791
337.797
337.802
337.806
337.808
337.81
337.769
337.772
337.778
337.784
337.791
337.797
337.802
337.806
337.808
337.81
337.769
337.772
337.777
337.784
337.791
337.797
337.802
337.806
337.808
337.809
337.769
337.772
337.777
337.784
337.791
337.797
337.802
337.805
337.808
337.809
337.769
337.772
337.777
337.784
337.791
337.797
337.802
337.805
337.808
337.809
337.769
337.772
337.777
337.784
337.791
337.797
337.802
337.806
337.808
337.809
337.769
337.772
337.777
337.784
337.791
337.797
337.802
337.806
337.808
337.81
337.77
337.772
337.778
337.784
337.791
337.797
337.802
337.806
337.808
337.81
337.77
337.773
337.778
337.785
337.791
337.797
337.802
337.806
337.809
337.81
285.381
285.387
285.399
285.413
285.427
285.44
285.45
285.457
285.462
285.464
285.38
285.387
285.398
285.412
285.427
285.439
285.449
285.456
285.461
285.464
285.38
285.386
285.398
285.412
285.426
285.439
285.449
285.456
285.461
285.463
285.38
285.386
285.398
285.412
285.426
285.439
285.449
285.456
285.461
285.463
285.379
285.386
285.398
285.412
285.426
285.438
285.448
285.456
285.461
285.463
285.379
285.386
285.397
285.412
285.426
285.438
285.448
285.456
285.461
285.463
285.38
285.386
285.398
285.412
285.426
285.439
285.449
285.456
285.461
285.463
285.38
285.386
285.398
285.412
285.426
285.439
285.449
285.456
285.461
285.464
285.38
285.386
285.398
285.412
285.427
285.439
285.449
285.457
285.461
285.464
285.38
285.387
285.399
285.413
285.427
285.44
285.45
285.457
285.462
285.464
236.425
236.439
236.462
236.49
236.517
236.54
236.558
236.57
236.578
236.583
236.425
236.438
236.461
236.489
236.516
236.539
236.557
236.57
236.578
236.582
236.424
236.437
236.461
236.489
236.516
236.539
236.556
236.569
236.577
236.582
236.424
236.437
236.461
236.488
236.515
236.538
236.556
236.569
236.577
236.581
236.424
236.437
236.46
236.488
236.515
236.538
236.556
236.569
236.577
236.581
236.424
236.437
236.46
236.488
236.515
236.538
236.556
236.569
236.577
236.581
236.424
236.437
236.461
236.488
236.515
236.538
236.556
236.569
236.577
236.582
236.424
236.437
236.461
236.489
236.516
236.539
236.557
236.569
236.578
236.582
236.424
236.438
236.461
236.489
236.516
236.539
236.557
236.57
236.578
236.582
236.425
236.438
236.462
236.49
236.517
236.54
236.558
236.57
236.579
236.583
191.879
191.907
191.953
192.005
192.054
192.094
192.125
192.146
192.159
192.165
191.878
191.906
191.952
192.004
192.053
192.094
192.124
192.145
192.158
192.165
191.878
191.905
191.952
192.004
192.053
192.093
192.123
192.145
192.158
192.164
191.878
191.905
191.951
192.003
192.052
192.093
192.123
192.144
192.157
192.164
191.877
191.905
191.951
192.003
192.052
192.093
192.123
192.144
192.157
192.164
191.877
191.905
191.951
192.003
192.052
192.093
192.123
192.144
192.157
192.164
191.877
191.905
191.951
192.004
192.052
192.093
192.123
192.144
192.158
192.164
191.878
191.905
191.951
192.004
192.053
192.093
192.124
192.145
192.158
192.165
191.878
191.906
191.952
192.004
192.053
192.094
192.124
192.145
192.159
192.165
191.879
191.906
191.953
192.005
192.054
192.095
192.125
192.146
192.159
192.166
152.378
152.435
152.525
152.622
152.708
152.776
152.826
152.859
152.879
152.889
152.377
152.434
152.524
152.621
152.707
152.776
152.825
152.858
152.878
152.888
152.377
152.433
152.523
152.62
152.707
152.775
152.824
152.858
152.878
152.888
152.376
152.433
152.523
152.62
152.706
152.775
152.824
152.857
152.877
152.887
152.376
152.433
152.523
152.62
152.706
152.775
152.824
152.857
152.877
152.887
152.376
152.433
152.523
152.62
152.706
152.775
152.824
152.857
152.877
152.887
152.376
152.433
152.523
152.62
152.707
152.775
152.824
152.857
152.878
152.888
152.377
152.433
152.523
152.621
152.707
152.775
152.825
152.858
152.878
152.888
152.377
152.434
152.524
152.621
152.708
152.776
152.825
152.859
152.879
152.889
152.378
152.435
152.525
152.622
152.708
152.777
152.826
152.859
152.88
152.889
118.187
118.305
118.481
118.658
118.806
118.917
118.994
119.044
119.073
119.087
118.186
118.304
118.48
118.657
118.805
118.916
118.993
119.043
119.072
119.086
118.185
118.304
118.48
118.657
118.805
118.916
118.993
119.043
119.072
119.086
118.185
118.304
118.479
118.656
118.804
118.915
118.992
119.042
119.072
119.086
118.185
118.303
118.479
118.656
118.804
118.915
118.992
119.042
119.072
119.086
118.185
118.303
118.479
118.656
118.804
118.915
118.992
119.042
119.072
119.086
118.185
118.304
118.479
118.656
118.804
118.916
118.993
119.042
119.072
119.086
118.185
118.304
118.48
118.657
118.805
118.916
118.993
119.043
119.072
119.086
118.186
118.304
118.48
118.657
118.806
118.917
118.994
119.044
119.073
119.087
118.186
118.305
118.481
118.658
118.806
118.917
118.995
119.044
119.074
119.088
89.1928
89.4519
89.7966
90.1116
90.3559
90.5283
90.6421
90.7131
90.7536
90.7722
89.1921
89.4512
89.7959
90.1109
90.3552
90.5276
90.6415
90.7124
90.753
90.7717
89.1916
89.4507
89.7954
90.1104
90.3547
90.5271
90.641
90.7119
90.7526
90.7713
89.1912
89.4504
89.7951
90.1101
90.3544
90.5268
90.6407
90.7116
90.7523
90.7711
89.1911
89.4503
89.7949
90.11
90.3543
90.5266
90.6406
90.7116
90.7522
90.771
89.1911
89.4503
89.7949
90.11
90.3543
90.5267
90.6406
90.7116
90.7523
90.7711
89.1913
89.4505
89.7952
90.1103
90.3546
90.527
90.6409
90.7119
90.7526
90.7714
89.1916
89.4508
89.7955
90.1107
90.355
90.5274
90.6413
90.7124
90.7531
90.7719
89.1921
89.4514
89.7961
90.1112
90.3556
90.528
90.642
90.713
90.7537
90.7725
89.1927
89.4521
89.7969
90.112
90.3564
90.5288
90.6428
90.7138
90.7545
90.7733
64.9003
65.5066
66.181
66.7219
67.1033
67.3545
67.5124
67.6071
67.6598
67.6834
64.8997
65.506
66.1804
66.7213
67.1027
67.3539
67.5118
67.6065
67.6592
67.683
64.8993
65.5055
66.18
66.7208
67.1023
67.3535
67.5113
67.6061
67.6589
67.6827
64.899
65.5053
66.1797
66.7206
67.102
67.3532
67.5111
67.6058
67.6586
67.6825
64.8989
65.5051
66.1796
66.7205
67.1019
67.3531
67.511
67.6057
67.6586
67.6824
64.8989
65.5052
66.1796
66.7205
67.1019
67.3532
67.5111
67.6058
67.6587
67.6825
64.8991
65.5054
66.1798
66.7207
67.1022
67.3534
67.5113
67.6061
67.6589
67.6828
64.8994
65.5057
66.1802
66.7211
67.1026
67.3538
67.5117
67.6065
67.6593
67.6832
64.8998
65.5062
66.1807
66.7216
67.1031
67.3544
67.5123
67.6071
67.6599
67.6838
64.9003
65.5068
66.1814
66.7224
67.1039
67.3552
67.5131
67.6079
67.6607
67.6846
44.3519
45.909
47.1956
48.0608
48.6078
48.9437
49.1449
49.2619
49.3255
49.3536
44.3515
45.9086
47.1952
48.0603
48.6074
48.9432
49.1445
49.2614
49.3251
49.3533
44.3512
45.9082
47.1948
48.0599
48.607
48.9428
49.1441
49.2611
49.3248
49.353
44.3509
45.908
47.1946
48.0597
48.6068
48.9426
49.1439
49.2609
49.3246
49.3529
44.3508
45.9079
47.1945
48.0596
48.6067
48.9425
49.1438
49.2608
49.3245
49.3528
44.3509
45.9079
47.1945
48.0597
48.6067
48.9426
49.1439
49.2609
49.3246
49.3529
44.351
45.9081
47.1947
48.0598
48.6069
48.9428
49.1441
49.2611
49.3248
49.3531
44.3513
45.9084
47.195
48.0602
48.6073
48.9432
49.1445
49.2615
49.3252
49.3535
44.3516
45.9088
47.1955
48.0607
48.6078
48.9437
49.145
49.262
49.3257
49.3541
44.3521
45.9094
47.1961
48.0613
48.6085
48.9444
49.1458
49.2627
49.3265
49.3548
0.0895851
0.0890852
0.0880277
0.0863015
0.0837762
0.0803595
0.0760916
0.0712903
0.0667413
0.0638307
0.089582
0.0890821
0.0880247
0.0862986
0.0837735
0.0803568
0.0760891
0.0712879
0.0667391
0.063829
0.0895799
0.0890801
0.0880227
0.0862967
0.0837716
0.0803551
0.0760875
0.0712864
0.0667378
0.0638277
0.0895788
0.089079
0.0880217
0.0862957
0.0837707
0.0803543
0.0760867
0.0712857
0.0667372
0.0638272
0.0895787
0.0890789
0.0880216
0.0862957
0.0837708
0.0803543
0.0760868
0.0712859
0.0667373
0.0638273
0.0895796
0.0890799
0.0880226
0.0862967
0.0837718
0.0803554
0.0760878
0.0712868
0.0667382
0.0638282
0.0895815
0.0890818
0.0880246
0.0862987
0.0837738
0.0803573
0.0760897
0.0712887
0.06674
0.06383
0.0895844
0.0890847
0.0880276
0.0863017
0.0837768
0.0803603
0.0760926
0.0712914
0.0667426
0.0638325
0.0895881
0.0890887
0.0880317
0.0863059
0.0837809
0.0803643
0.0760964
0.0712951
0.0667461
0.0638359
0.0895925
0.0890938
0.0880371
0.0863112
0.0837861
0.0803694
0.0761013
0.0712997
0.0667504
0.0638401
0.0498491
0.0495563
0.0489426
0.0479547
0.0465371
0.0446655
0.0423997
0.0399512
0.0377438
0.0363877
0.0498472
0.0495545
0.0489408
0.047953
0.0465354
0.0446639
0.0423982
0.0399499
0.0377426
0.0363867
0.049846
0.0495533
0.0489396
0.0479519
0.0465343
0.0446629
0.0423972
0.039949
0.0377418
0.0363861
0.0498454
0.0495527
0.048939
0.0479513
0.0465338
0.0446624
0.0423968
0.0399486
0.0377414
0.0363858
0.0498453
0.0495527
0.048939
0.0479513
0.0465339
0.0446625
0.0423969
0.0399487
0.0377416
0.0363859
0.0498459
0.0495533
0.0489396
0.047952
0.0465345
0.0446631
0.0423975
0.0399493
0.0377422
0.0363865
0.0498471
0.0495545
0.0489409
0.0479532
0.0465358
0.0446643
0.0423987
0.0399505
0.0377433
0.0363876
0.0498489
0.0495563
0.0489427
0.0479551
0.0465376
0.0446662
0.0424005
0.0399522
0.0377449
0.0363892
0.0498512
0.0495588
0.0489453
0.0479577
0.0465402
0.0446686
0.0424029
0.0399544
0.0377471
0.0363913
0.0498539
0.0495619
0.0489485
0.0479609
0.0465434
0.0446717
0.0424058
0.0399573
0.0377498
0.0363939
0.0271447
0.0269789
0.0266342
0.0260867
0.0253151
0.0243192
0.0231464
0.0219203
0.0208547
0.0202197
0.0271436
0.0269778
0.0266331
0.0260857
0.0253141
0.0243182
0.0231455
0.0219195
0.020854
0.0202191
0.0271429
0.0269771
0.0266324
0.0260851
0.0253135
0.0243177
0.023145
0.021919
0.0208536
0.0202188
0.0271426
0.0269768
0.0266321
0.0260847
0.0253132
0.0243174
0.0231447
0.0219188
0.0208534
0.0202186
0.0271426
0.0269768
0.0266321
0.0260848
0.0253133
0.0243174
0.0231448
0.0219189
0.0208535
0.0202187
0.0271429
0.0269772
0.0266325
0.0260852
0.0253137
0.0243178
0.0231452
0.0219193
0.0208538
0.0202191
0.0271437
0.0269779
0.0266333
0.0260859
0.0253144
0.0243186
0.0231459
0.02192
0.0208545
0.0202198
0.0271447
0.026979
0.0266344
0.0260871
0.0253155
0.0243197
0.023147
0.021921
0.0208555
0.0202207
0.0271461
0.0269805
0.0266359
0.0260886
0.0253171
0.0243212
0.0231484
0.0219224
0.0208568
0.020222
0.0271478
0.0269824
0.0266379
0.0260906
0.025319
0.024323
0.0231502
0.0219241
0.0208585
0.0202236
0.0144685
0.0143774
0.0141897
0.0138952
0.013487
0.0129708
0.0123774
0.0117735
0.0112631
0.0109658
0.0144679
0.0143768
0.0141891
0.0138946
0.0134865
0.0129703
0.0123769
0.0117731
0.0112627
0.0109655
0.0144675
0.0143764
0.0141887
0.0138943
0.0134861
0.0129699
0.0123766
0.0117728
0.0112625
0.0109653
0.0144673
0.0143763
0.0141885
0.0138941
0.013486
0.0129698
0.0123764
0.0117727
0.0112624
0.0109652
0.0144673
0.0143763
0.0141885
0.0138941
0.013486
0.0129698
0.0123765
0.0117727
0.0112625
0.0109653
0.0144675
0.0143765
0.0141888
0.0138944
0.0134862
0.0129701
0.0123767
0.011773
0.0112627
0.0109655
0.0144679
0.0143769
0.0141892
0.0138948
0.0134867
0.0129705
0.0123771
0.0117734
0.0112631
0.0109659
0.0144686
0.0143776
0.0141899
0.0138955
0.0134873
0.0129712
0.0123778
0.011774
0.0112637
0.0109665
0.0144694
0.0143784
0.0141908
0.0138964
0.0134882
0.012972
0.0123786
0.0117748
0.0112645
0.0109672
0.0144703
0.0143796
0.0141919
0.0138975
0.0134894
0.0129731
0.0123797
0.0117758
0.0112654
0.0109682
0.00755106
0.00750253
0.00740317
0.00724915
0.00703883
0.00677764
0.00648355
0.00619089
0.00594883
0.00581015
0.00755072
0.00750219
0.00740285
0.00724883
0.00703852
0.00677736
0.00648328
0.00619063
0.0059486
0.00581
0.0075505
0.00750198
0.00740264
0.00724863
0.00703833
0.00677717
0.00648311
0.00619048
0.00594847
0.00580989
0.0075504
0.00750188
0.00740254
0.00724854
0.00703825
0.0067771
0.00648304
0.00619042
0.00594842
0.00580985
0.00755041
0.00750189
0.00740256
0.00724856
0.00703827
0.00677713
0.00648307
0.00619046
0.00594846
0.00580989
0.00755054
0.00750203
0.0074027
0.0072487
0.00703841
0.00677727
0.00648321
0.0061906
0.0059486
0.00581003
0.00755079
0.00750228
0.00740295
0.00724896
0.00703867
0.00677752
0.00648346
0.00619084
0.00594883
0.00581026
0.00755115
0.00750265
0.00740333
0.00724934
0.00703905
0.0067779
0.00648383
0.00619119
0.00594918
0.0058106
0.00755162
0.00750315
0.00740385
0.00724986
0.00703956
0.00677839
0.00648431
0.00619165
0.00594963
0.00581104
0.00755217
0.00750378
0.0074045
0.00725051
0.0070402
0.00677902
0.00648491
0.00619223
0.00595018
0.00581159
0.00386136
0.00383619
0.003785
0.00370649
0.00360074
0.00347151
0.00332857
0.00318892
0.00307537
0.00301117
0.00386118
0.00383601
0.00378483
0.00370632
0.00360057
0.00347135
0.00332842
0.00318878
0.00307525
0.00301108
0.00386106
0.00383589
0.00378472
0.00370621
0.00360047
0.00347125
0.00332833
0.00318869
0.00307518
0.00301103
0.00386101
0.00383584
0.00378467
0.00370617
0.00360043
0.00347121
0.00332829
0.00318866
0.00307516
0.00301101
0.00386102
0.00383585
0.00378468
0.00370618
0.00360044
0.00347123
0.00332831
0.00318869
0.00307518
0.00301104
0.00386109
0.00383593
0.00378476
0.00370626
0.00360052
0.00347131
0.00332839
0.00318877
0.00307526
0.00301111
0.00386123
0.00383607
0.0037849
0.00370641
0.00360067
0.00347146
0.00332853
0.00318891
0.0030754
0.00301125
0.00386143
0.00383628
0.00378512
0.00370662
0.00360088
0.00347167
0.00332874
0.0031891
0.00307559
0.00301144
0.0038617
0.00383655
0.0037854
0.00370691
0.00360117
0.00347195
0.00332901
0.00318936
0.00307584
0.00301169
0.003862
0.00383691
0.00378577
0.00370727
0.00360153
0.00347229
0.00332934
0.00318969
0.00307616
0.003012
0.00193938
0.00192663
0.00190087
0.00186174
0.00180968
0.00174696
0.00167866
0.00161295
0.00156026
0.00153077
0.00193928
0.00192653
0.00190078
0.00186165
0.00180959
0.00174688
0.00167858
0.00161287
0.00156019
0.00153072
0.00193922
0.00192647
0.00190072
0.00186159
0.00180953
0.00174683
0.00167853
0.00161283
0.00156016
0.00153069
0.00193919
0.00192644
0.00190069
0.00186157
0.00180951
0.00174681
0.00167851
0.00161281
0.00156014
0.00153069
0.0019392
0.00192645
0.0019007
0.00186158
0.00180952
0.00174682
0.00167853
0.00161283
0.00156016
0.0015307
0.00193924
0.00192649
0.00190074
0.00186162
0.00180957
0.00174687
0.00167857
0.00161287
0.0015602
0.00153075
0.00193932
0.00192657
0.00190082
0.0018617
0.00180965
0.00174694
0.00167865
0.00161295
0.00156028
0.00153082
0.00193943
0.00192669
0.00190094
0.00186182
0.00180977
0.00174706
0.00167876
0.00161306
0.00156039
0.00153093
0.00193957
0.00192684
0.0019011
0.00186198
0.00180992
0.00174721
0.00167891
0.0016132
0.00156053
0.00153106
0.00193974
0.00192703
0.0019013
0.00186218
0.00181012
0.0017474
0.00167909
0.00161338
0.0015607
0.00153123
0.000966561
0.000960186
0.000947385
0.000928112
0.00090276
0.000872615
0.000840227
0.000809484
0.000785118
0.000771594
0.000966509
0.000960135
0.000947335
0.000928063
0.000902713
0.00087257
0.000840185
0.000809444
0.000785083
0.000771571
0.000966477
0.000960103
0.000947304
0.000928034
0.000902685
0.000872543
0.00084016
0.000809421
0.000785063
0.000771555
0.000966463
0.000960089
0.000947291
0.000928022
0.000902674
0.000872533
0.000840151
0.000809414
0.000785058
0.000771552
0.000966468
0.000960094
0.000947297
0.000928028
0.000902681
0.000872541
0.000840159
0.000809423
0.000785067
0.000771562
0.000966491
0.000960118
0.000947321
0.000928053
0.000902706
0.000872566
0.000840184
0.000809448
0.000785092
0.000771586
0.000966534
0.000960162
0.000947365
0.000928097
0.00090275
0.000872609
0.000840227
0.00080949
0.000785134
0.000771628
0.000966595
0.000960224
0.000947429
0.000928161
0.000902814
0.000872672
0.000840288
0.00080955
0.000785192
0.000771685
0.000966673
0.000960306
0.000947514
0.000928246
0.000902898
0.000872754
0.000840368
0.000809628
0.000785268
0.00077176
0.000966763
0.00096041
0.000947621
0.000928353
0.000903003
0.000872857
0.000840468
0.000809724
0.000785362
0.000771853
0.000499641
0.00049635
0.000489781
0.000479976
0.000467219
0.000452235
0.000436339
0.000421432
0.000409739
0.000403296
0.000499612
0.000496321
0.000489753
0.000479949
0.000467193
0.00045221
0.000436316
0.00042141
0.000409719
0.000403283
0.000499595
0.000496304
0.000489737
0.000479933
0.000467178
0.000452196
0.000436302
0.000421398
0.000409709
0.000403275
0.000499588
0.000496297
0.00048973
0.000479927
0.000467172
0.000452191
0.000436298
0.000421395
0.000409707
0.000403273
0.000499591
0.000496301
0.000489734
0.000479931
0.000467177
0.000452195
0.000436303
0.0004214
0.000409712
0.00040328
0.000499605
0.000496315
0.000489748
0.000479946
0.000467191
0.00045221
0.000436318
0.000421415
0.000409727
0.000403294
0.000499629
0.000496339
0.000489773
0.000479971
0.000467216
0.000452235
0.000436342
0.000421439
0.000409751
0.000403318
0.000499663
0.000496375
0.000489809
0.000480007
0.000467252
0.00045227
0.000436377
0.000421472
0.000409784
0.000403351
0.000499707
0.000496421
0.000489856
0.000480055
0.0004673
0.000452316
0.000436422
0.000421516
0.000409827
0.000403393
0.000499756
0.000496478
0.000489915
0.000480114
0.000467358
0.000452373
0.000436477
0.00042157
0.000409879
0.000403444
0.000313126
0.000311075
0.000306995
0.000300949
0.000293153
0.000284087
0.00027457
0.000265732
0.000258855
0.000255088
0.00031311
0.000311059
0.00030698
0.000300934
0.000293138
0.000284073
0.000274557
0.000265719
0.000258845
0.000255082
0.0003131
0.000311048
0.000306969
0.000300924
0.000293129
0.000284065
0.000274549
0.000265712
0.000258839
0.000255077
0.000313095
0.000311044
0.000306966
0.000300921
0.000293126
0.000284062
0.000274546
0.00026571
0.000258837
0.000255077
0.000313098
0.000311047
0.000306968
0.000300924
0.000293129
0.000284065
0.00027455
0.000265714
0.000258842
0.000255081
0.000313107
0.000311057
0.000306978
0.000300933
0.000293139
0.000284075
0.00027456
0.000265724
0.000258852
0.000255091
0.000313124
0.000311073
0.000306995
0.000300951
0.000293156
0.000284092
0.000274577
0.000265741
0.000258868
0.000255107
0.000313147
0.000311097
0.000307019
0.000300975
0.00029318
0.000284116
0.0002746
0.000265763
0.00025889
0.000255129
0.000313176
0.000311127
0.000307051
0.000301006
0.000293211
0.000284147
0.00027463
0.000265793
0.000258919
0.000255158
0.000313208
0.000311164
0.000307089
0.000301045
0.000293249
0.000284183
0.000274665
0.000265827
0.000258953
0.000255191
0.233642
0.248269
0.268386
0.288427
0.305703
0.319286
0.329214
0.335954
0.340066
0.342007
0.233633
0.24826
0.268377
0.288417
0.305692
0.319275
0.329203
0.335943
0.340056
0.342
0.233627
0.248254
0.26837
0.28841
0.305684
0.319268
0.329196
0.335936
0.34005
0.341994
0.233623
0.24825
0.268366
0.288406
0.305681
0.319264
0.329192
0.335933
0.340047
0.341992
0.233622
0.24825
0.268366
0.288406
0.30568
0.319264
0.329192
0.335933
0.340048
0.341993
0.233624
0.248252
0.268368
0.288409
0.305684
0.319267
0.329196
0.335937
0.340052
0.341997
0.233629
0.248257
0.268374
0.288415
0.30569
0.319274
0.329204
0.335945
0.34006
0.342006
0.233637
0.248265
0.268383
0.288425
0.305701
0.319286
0.329215
0.335957
0.340073
0.342018
0.233647
0.248277
0.268395
0.288438
0.305715
0.319301
0.329231
0.335974
0.340089
0.342035
0.23366
0.248291
0.268411
0.288455
0.305734
0.31932
0.329252
0.335995
0.34011
0.342057
0.134636
0.140944
0.150524
0.160707
0.169882
0.177333
0.182915
0.186777
0.189167
0.190305
0.13463
0.140938
0.150518
0.1607
0.169875
0.177327
0.182908
0.186771
0.189161
0.190301
0.134627
0.140934
0.150514
0.160696
0.169871
0.177322
0.182904
0.186767
0.189157
0.190298
0.134624
0.140932
0.150512
0.160694
0.169869
0.17732
0.182902
0.186765
0.189156
0.190296
0.134624
0.140932
0.150512
0.160694
0.169869
0.17732
0.182902
0.186765
0.189156
0.190297
0.134625
0.140933
0.150514
0.160696
0.169871
0.177322
0.182905
0.186768
0.189159
0.1903
0.134629
0.140937
0.150517
0.1607
0.169875
0.177327
0.18291
0.186773
0.189164
0.190305
0.134633
0.140942
0.150523
0.160706
0.169882
0.177334
0.182917
0.18678
0.189172
0.190313
0.13464
0.140949
0.150531
0.160714
0.169891
0.177343
0.182927
0.18679
0.189182
0.190323
0.134647
0.140958
0.15054
0.160725
0.169902
0.177355
0.182939
0.186803
0.189195
0.190336
0.075349
0.0781589
0.0826929
0.0877543
0.0924925
0.0964564
0.0994962
0.101638
0.102982
0.103627
0.0753458
0.0781556
0.0826894
0.0877507
0.0924888
0.0964526
0.0994923
0.101634
0.102978
0.103625
0.0753436
0.0781534
0.0826871
0.0877483
0.0924863
0.0964501
0.0994899
0.101632
0.102976
0.103623
0.0753424
0.0781522
0.0826859
0.0877471
0.0924851
0.0964489
0.0994887
0.101631
0.102975
0.103622
0.0753422
0.078152
0.0826858
0.087747
0.0924851
0.096449
0.0994889
0.101631
0.102976
0.103623
0.0753431
0.078153
0.0826868
0.0877482
0.0924864
0.0964504
0.0994904
0.101633
0.102977
0.103624
0.0753451
0.0781551
0.082689
0.0877506
0.092489
0.0964532
0.0994933
0.101636
0.102981
0.103628
0.0753481
0.0781582
0.0826925
0.0877543
0.0924929
0.0964574
0.0994977
0.101641
0.102985
0.103632
0.075352
0.0781625
0.0826972
0.0877594
0.0924983
0.096463
0.0995036
0.101647
0.102991
0.103638
0.0753566
0.078168
0.0827031
0.0877658
0.0925051
0.0964702
0.099511
0.101654
0.102999
0.103646
0.0410694
0.042342
0.0444758
0.0469474
0.0493358
0.0513873
0.0529949
0.0541473
0.0548794
0.055234
0.0410676
0.0423401
0.0444739
0.0469454
0.0493337
0.0513852
0.0529927
0.0541452
0.0548775
0.0552327
0.0410663
0.0423388
0.0444725
0.046944
0.0493323
0.0513838
0.0529913
0.0541438
0.0548763
0.0552317
0.0410656
0.0423382
0.0444719
0.0469433
0.0493316
0.0513831
0.0529907
0.0541433
0.0548758
0.0552313
0.0410656
0.0423381
0.0444718
0.0469433
0.0493317
0.0513832
0.0529908
0.0541435
0.0548761
0.0552316
0.0410662
0.0423387
0.0444725
0.0469441
0.0493325
0.051384
0.0529917
0.0541444
0.0548771
0.0552326
0.0410673
0.04234
0.0444738
0.0469455
0.049334
0.0513857
0.0529935
0.0541463
0.054879
0.0552345
0.0410691
0.0423419
0.0444759
0.0469477
0.0493363
0.0513882
0.052996
0.0541489
0.0548817
0.0552373
0.0410715
0.0423444
0.0444786
0.0469507
0.0493395
0.0513915
0.0529995
0.0541525
0.0548853
0.055241
0.0410742
0.0423477
0.0444822
0.0469544
0.0493435
0.0513957
0.0530038
0.0541569
0.0548898
0.0552456
0.0218406
0.0224204
0.0234178
0.0246057
0.025784
0.0268196
0.0276471
0.0282497
0.0286372
0.0288263
0.0218395
0.0224193
0.0234167
0.0246045
0.0257828
0.0268184
0.0276458
0.0282485
0.0286361
0.0288256
0.0218388
0.0224186
0.0234159
0.0246038
0.025782
0.0268176
0.0276451
0.0282478
0.0286355
0.0288251
0.0218385
0.0224183
0.0234156
0.0246034
0.0257817
0.0268173
0.0276447
0.0282475
0.0286352
0.0288249
0.0218385
0.0224182
0.0234156
0.0246035
0.0257817
0.0268173
0.0276448
0.0282476
0.0286354
0.0288251
0.0218388
0.0224186
0.023416
0.0246039
0.0257822
0.0268178
0.0276454
0.0282482
0.028636
0.0288257
0.0218395
0.0224193
0.0234167
0.0246047
0.0257831
0.0268188
0.0276464
0.0282493
0.0286371
0.0288268
0.0218405
0.0224204
0.0234179
0.024606
0.0257844
0.0268202
0.0276479
0.0282508
0.0286386
0.0288283
0.0218419
0.0224219
0.0234195
0.0246077
0.0257862
0.0268221
0.0276498
0.0282528
0.0286407
0.0288304
0.0218435
0.0224238
0.0234216
0.0246098
0.0257885
0.0268245
0.0276523
0.0282554
0.0286433
0.0288331
0.0113507
0.0116147
0.012077
0.0126395
0.0132095
0.0137206
0.0141361
0.0144431
0.0146427
0.0147408
0.0113501
0.0116141
0.0120764
0.0126389
0.0132089
0.0137199
0.0141354
0.0144424
0.0146421
0.0147404
0.0113497
0.0116137
0.012076
0.0126385
0.0132085
0.0137195
0.014135
0.014442
0.0146417
0.0147401
0.0113495
0.0116135
0.0120758
0.0126383
0.0132083
0.0137193
0.0141348
0.0144419
0.0146416
0.01474
0.0113495
0.0116135
0.0120758
0.0126383
0.0132083
0.0137194
0.0141349
0.014442
0.0146417
0.0147401
0.0113497
0.0116137
0.012076
0.0126385
0.0132086
0.0137197
0.0141352
0.0144423
0.0146421
0.0147405
0.0113501
0.0116141
0.0120765
0.012639
0.0132091
0.0137202
0.0141358
0.0144429
0.0146427
0.0147411
0.0113507
0.0116148
0.0120771
0.0126397
0.0132099
0.013721
0.0141366
0.0144438
0.0146435
0.014742
0.0113515
0.0116156
0.012078
0.0126407
0.0132109
0.0137221
0.0141377
0.0144449
0.0146447
0.0147432
0.0113524
0.0116167
0.0120792
0.0126419
0.0132122
0.0137234
0.0141391
0.0144463
0.0146461
0.0147446
0.00578284
0.00590258
0.00611504
0.00637793
0.00664911
0.00689643
0.00710062
0.0072535
0.0073539
0.00740362
0.00578253
0.00590227
0.00611472
0.0063776
0.00664877
0.00689608
0.00710027
0.00725316
0.00735359
0.00740341
0.00578233
0.00590206
0.00611451
0.00637738
0.00664856
0.00689586
0.00710006
0.00725295
0.00735341
0.00740326
0.00578223
0.00590196
0.00611441
0.00637728
0.00664846
0.00689577
0.00709997
0.00725288
0.00735335
0.00740322
0.00578224
0.00590197
0.00611442
0.0063773
0.00664848
0.0068958
0.00710001
0.00725293
0.00735342
0.00740328
0.00578235
0.00590209
0.00611455
0.00637744
0.00664864
0.00689596
0.00710019
0.00725312
0.00735361
0.00740348
0.00578257
0.00590232
0.0061148
0.00637771
0.00664892
0.00689626
0.0071005
0.00725344
0.00735394
0.00740382
0.0057829
0.00590267
0.00611517
0.0063781
0.00664933
0.0068967
0.00710095
0.00725391
0.00735442
0.00740431
0.00578333
0.00590313
0.00611566
0.00637862
0.00664989
0.00689728
0.00710155
0.00725453
0.00735505
0.00740495
0.00578383
0.00590372
0.00611629
0.00637929
0.00665059
0.00689801
0.00710231
0.0072553
0.00735584
0.00740575
0.00292003
0.0029744
0.00307187
0.00319412
0.00332216
0.0034407
0.00353995
0.00361517
0.00366504
0.0036899
0.00291986
0.00297423
0.00307169
0.00319395
0.00332198
0.00344051
0.00353976
0.00361499
0.00366488
0.00368979
0.00291975
0.00297412
0.00307158
0.00319383
0.00332186
0.0034404
0.00353965
0.00361488
0.00366478
0.00368971
0.0029197
0.00297407
0.00307153
0.00319378
0.00332181
0.00344035
0.00353961
0.00361484
0.00366475
0.00368969
0.00291971
0.00297408
0.00307154
0.0031938
0.00332183
0.00344037
0.00353964
0.00361487
0.00366479
0.00368973
0.00291978
0.00297415
0.00307162
0.00319387
0.00332192
0.00344046
0.00353973
0.00361498
0.0036649
0.00368984
0.0029199
0.00297428
0.00307175
0.00319402
0.00332207
0.00344063
0.0035399
0.00361515
0.00366508
0.00369002
0.00292008
0.00297447
0.00307195
0.00319424
0.0033223
0.00344086
0.00354015
0.00361541
0.00366534
0.00369029
0.00292032
0.00297472
0.00307223
0.00319452
0.0033226
0.00344118
0.00354048
0.00361575
0.00366568
0.00369063
0.00292059
0.00297504
0.00307257
0.00319488
0.00332298
0.00344157
0.00354088
0.00361616
0.00366611
0.00369107
0.00152854
0.00155423
0.00160067
0.00165963
0.00172221
0.00178096
0.00183081
0.00186902
0.0018946
0.00190742
0.00152844
0.00155413
0.00160058
0.00165953
0.00172211
0.00178086
0.0018307
0.00186892
0.00189451
0.00190736
0.00152839
0.00155407
0.00160052
0.00165947
0.00172205
0.0017808
0.00183064
0.00186887
0.00189446
0.00190732
0.00152836
0.00155405
0.00160049
0.00165944
0.00172202
0.00178077
0.00183062
0.00186885
0.00189444
0.00190731
0.00152837
0.00155405
0.0016005
0.00165945
0.00172203
0.00178079
0.00183064
0.00186887
0.00189447
0.00190734
0.0015284
0.00155409
0.00160054
0.0016595
0.00172208
0.00178084
0.00183069
0.00186893
0.00189453
0.0019074
0.00152848
0.00155417
0.00160062
0.00165958
0.00172217
0.00178093
0.00183079
0.00186903
0.00189463
0.00190751
0.00152858
0.00155428
0.00160074
0.0016597
0.0017223
0.00178107
0.00183093
0.00186917
0.00189478
0.00190766
0.00152871
0.00155442
0.00160089
0.00165987
0.00172247
0.00178124
0.00183111
0.00186936
0.00189497
0.00190785
0.00152886
0.0015546
0.00160108
0.00166007
0.00172268
0.00178146
0.00183134
0.00186959
0.0018952
0.00190809
0.000967897
0.000982829
0.00100999
0.00104479
0.00108213
0.00111759
0.001148
0.00117154
0.00118741
0.00119541
0.000967845
0.000982776
0.00100994
0.00104474
0.00108208
0.00111753
0.00114794
0.00117148
0.00118736
0.00119538
0.000967809
0.00098274
0.0010099
0.0010447
0.00108204
0.00111749
0.0011479
0.00117145
0.00118733
0.00119536
0.000967793
0.000982724
0.00100989
0.00104468
0.00108202
0.00111748
0.00114789
0.00117144
0.00118732
0.00119535
0.000967798
0.000982729
0.00100989
0.00104469
0.00108203
0.00111749
0.0011479
0.00117145
0.00118734
0.00119537
0.000967824
0.000982757
0.00100992
0.00104472
0.00108207
0.00111752
0.00114794
0.00117149
0.00118738
0.00119541
0.000967874
0.000982808
0.00100998
0.00104478
0.00108213
0.00111759
0.00114801
0.00117156
0.00118745
0.00119549
0.000967944
0.000982882
0.00101005
0.00104486
0.00108221
0.00111768
0.0011481
0.00117166
0.00118755
0.00119559
0.000968032
0.000982977
0.00101016
0.00104497
0.00108232
0.0011178
0.00114822
0.00117178
0.00118768
0.00119571
0.000968129
0.000983092
0.00101028
0.0010451
0.00108246
0.00111794
0.00114837
0.00117193
0.00118783
0.00119587
)
;

boundaryField
{
    inlet1
    {
        type            fixedValue;
        value           uniform 10;
    }
    inlet2
    {
        type            fixedValue;
        value           uniform 20;
    }
    outlet1
    {
        type            zeroGradient;
    }
    outlet2
    {
        type            zeroGradient;
    }
    fixedWalls
    {
        type            zeroGradient;
    }
}


// ************************************************************************* //
