/*--------------------------------*- C++ -*----------------------------------*\
  =========                 |
  \\      /  F ield         | OpenFOAM: The Open Source CFD Toolbox
   \\    /   O peration     | Website:  https://openfoam.org
    \\  /    A nd           | Version:  6
     \\/     M anipulation  |
\*---------------------------------------------------------------------------*/
FoamFile
{
    version     2.0;
    format      ascii;
    class       volScalarField;
    location    "0.88";
    object      T;
}
// * * * * * * * * * * * * * * * * * * * * * * * * * * * * * * * * * * * * * //

dimensions      [0 0 0 1 0 0 0];

internalField   nonuniform List<scalar> 
7000
(
106.584
106.583
106.58
106.577
106.572
106.568
106.563
106.559
106.556
106.554
106.584
106.583
106.58
106.577
106.572
106.568
106.563
106.559
106.556
106.554
106.584
106.583
106.58
106.577
106.572
106.568
106.563
106.559
106.556
106.554
106.584
106.583
106.58
106.577
106.572
106.568
106.563
106.559
106.556
106.554
106.584
106.583
106.58
106.577
106.572
106.568
106.563
106.559
106.556
106.554
106.584
106.583
106.58
106.577
106.572
106.568
106.563
106.559
106.556
106.554
106.584
106.583
106.58
106.577
106.572
106.568
106.563
106.559
106.556
106.554
106.584
106.583
106.58
106.577
106.572
106.568
106.563
106.559
106.556
106.554
106.584
106.583
106.58
106.577
106.572
106.568
106.563
106.559
106.556
106.554
106.584
106.583
106.58
106.577
106.572
106.568
106.563
106.559
106.556
106.554
99.7731
99.7691
99.7615
99.7507
99.7376
99.7232
99.7089
99.6962
99.6867
99.6815
99.773
99.7691
99.7615
99.7507
99.7376
99.7232
99.7089
99.6962
99.6867
99.6815
99.773
99.7691
99.7615
99.7507
99.7376
99.7232
99.7089
99.6962
99.6867
99.6815
99.773
99.7691
99.7615
99.7507
99.7376
99.7232
99.7089
99.6962
99.6867
99.6815
99.773
99.7691
99.7615
99.7507
99.7376
99.7232
99.7089
99.6962
99.6867
99.6815
99.773
99.7691
99.7615
99.7507
99.7376
99.7232
99.7089
99.6962
99.6867
99.6815
99.773
99.7691
99.7615
99.7507
99.7376
99.7232
99.7089
99.6962
99.6867
99.6815
99.773
99.7691
99.7615
99.7507
99.7376
99.7232
99.7089
99.6962
99.6867
99.6815
99.773
99.7691
99.7615
99.7507
99.7376
99.7232
99.7089
99.6962
99.6867
99.6815
99.773
99.7691
99.7615
99.7507
99.7376
99.7232
99.7089
99.6962
99.6867
99.6815
93.0238
93.0171
93.0042
92.9858
92.9633
92.9384
92.9135
92.8912
92.8743
92.8651
93.0237
93.0171
93.0041
92.9858
92.9633
92.9384
92.9135
92.8912
92.8743
92.8651
93.0237
93.0171
93.0041
92.9858
92.9633
92.9384
92.9135
92.8912
92.8742
92.8651
93.0237
93.0171
93.0041
92.9858
92.9633
92.9384
92.9135
92.8912
92.8742
92.8651
93.0237
93.017
93.0041
92.9858
92.9633
92.9384
92.9135
92.8912
92.8742
92.8651
93.0237
93.017
93.0041
92.9858
92.9633
92.9384
92.9135
92.8912
92.8742
92.8651
93.0237
93.017
93.0041
92.9858
92.9633
92.9384
92.9135
92.8912
92.8742
92.8651
93.0237
93.017
93.0041
92.9858
92.9633
92.9384
92.9135
92.8912
92.8742
92.8651
93.0237
93.0171
93.0041
92.9858
92.9633
92.9384
92.9135
92.8912
92.8742
92.8651
93.0237
93.0171
93.0041
92.9858
92.9633
92.9384
92.9135
92.8912
92.8743
92.8651
86.3767
86.3672
86.3486
86.3221
86.2894
86.2527
86.2155
86.1817
86.1557
86.1414
86.3767
86.3671
86.3486
86.3221
86.2893
86.2527
86.2155
86.1817
86.1556
86.1414
86.3767
86.3671
86.3486
86.3221
86.2893
86.2527
86.2155
86.1817
86.1556
86.1414
86.3766
86.3671
86.3486
86.3221
86.2893
86.2527
86.2155
86.1816
86.1556
86.1414
86.3766
86.3671
86.3486
86.3221
86.2893
86.2527
86.2155
86.1816
86.1556
86.1414
86.3766
86.3671
86.3486
86.3221
86.2893
86.2527
86.2155
86.1816
86.1556
86.1414
86.3766
86.3671
86.3486
86.3221
86.2893
86.2527
86.2155
86.1816
86.1556
86.1414
86.3766
86.3671
86.3486
86.3221
86.2893
86.2527
86.2155
86.1816
86.1556
86.1414
86.3766
86.3671
86.3486
86.3221
86.2893
86.2527
86.2155
86.1817
86.1556
86.1414
86.3767
86.3671
86.3486
86.3221
86.2893
86.2527
86.2155
86.1817
86.1556
86.1414
79.8712
79.8587
79.8343
79.7991
79.755
79.7049
79.6529
79.6046
79.5665
79.5453
79.8711
79.8586
79.8342
79.799
79.755
79.7049
79.6529
79.6046
79.5665
79.5453
79.8711
79.8586
79.8342
79.799
79.7549
79.7048
79.6529
79.6046
79.5665
79.5453
79.8711
79.8586
79.8342
79.799
79.7549
79.7048
79.6529
79.6045
79.5665
79.5453
79.8711
79.8586
79.8342
79.799
79.7549
79.7048
79.6529
79.6045
79.5665
79.5452
79.8711
79.8586
79.8342
79.799
79.7549
79.7048
79.6529
79.6045
79.5665
79.5452
79.8711
79.8586
79.8342
79.799
79.7549
79.7048
79.6529
79.6045
79.5665
79.5452
79.8711
79.8586
79.8342
79.799
79.7549
79.7048
79.6529
79.6046
79.5665
79.5453
79.8711
79.8586
79.8342
79.799
79.7549
79.7048
79.6529
79.6046
79.5665
79.5453
79.8711
79.8586
79.8342
79.799
79.755
79.7049
79.6529
79.6046
79.5665
79.5453
73.5448
73.5294
73.4991
73.4549
73.3986
73.3331
73.2632
73.1959
73.1408
73.109
73.5448
73.5294
73.4991
73.4549
73.3986
73.3331
73.2632
73.1958
73.1408
73.109
73.5448
73.5294
73.4991
73.4549
73.3985
73.3331
73.2631
73.1958
73.1407
73.109
73.5447
73.5293
73.499
73.4548
73.3985
73.3331
73.2631
73.1958
73.1407
73.109
73.5447
73.5293
73.499
73.4548
73.3985
73.333
73.2631
73.1958
73.1407
73.109
73.5447
73.5293
73.499
73.4548
73.3985
73.333
73.2631
73.1958
73.1407
73.109
73.5447
73.5293
73.499
73.4548
73.3985
73.333
73.2631
73.1958
73.1407
73.109
73.5447
73.5293
73.499
73.4548
73.3985
73.3331
73.2631
73.1958
73.1407
73.109
73.5448
73.5294
73.4991
73.4549
73.3986
73.3331
73.2631
73.1958
73.1408
73.109
73.5448
73.5294
73.4991
73.4549
73.3986
73.3331
73.2632
73.1958
73.1408
73.109
67.4331
67.4151
67.3794
67.3266
67.2578
67.1754
67.0837
66.9907
66.9101
66.8607
67.433
67.4151
67.3794
67.3265
67.2578
67.1753
67.0836
66.9907
66.91
66.8607
67.433
67.415
67.3793
67.3265
67.2577
67.1753
67.0836
66.9907
66.91
66.8607
67.433
67.415
67.3793
67.3265
67.2577
67.1753
67.0836
66.9906
66.91
66.8607
67.433
67.415
67.3793
67.3265
67.2577
67.1753
67.0836
66.9906
66.91
66.8606
67.433
67.415
67.3793
67.3265
67.2577
67.1753
67.0836
66.9906
66.91
66.8606
67.433
67.415
67.3793
67.3265
67.2577
67.1753
67.0836
66.9906
66.91
66.8607
67.433
67.415
67.3793
67.3265
67.2577
67.1753
67.0836
66.9906
66.91
66.8607
67.433
67.415
67.3793
67.3265
67.2577
67.1753
67.0836
66.9907
66.91
66.8607
67.433
67.4151
67.3794
67.3265
67.2578
67.1753
67.0836
66.9907
66.91
66.8607
61.5684
61.5486
61.5089
61.4491
61.3693
61.2698
61.1529
61.0253
60.9037
60.821
61.5684
61.5486
61.5088
61.4491
61.3692
61.2698
61.1529
61.0253
60.9037
60.821
61.5684
61.5485
61.5088
61.4491
61.3692
61.2697
61.1528
61.0253
60.9037
60.8209
61.5683
61.5485
61.5088
61.449
61.3692
61.2697
61.1528
61.0252
60.9036
60.8209
61.5683
61.5485
61.5088
61.449
61.3692
61.2697
61.1528
61.0252
60.9036
60.8209
61.5683
61.5485
61.5088
61.449
61.3692
61.2697
61.1528
61.0252
60.9036
60.8209
61.5683
61.5485
61.5088
61.449
61.3692
61.2697
61.1528
61.0252
60.9036
60.8209
61.5683
61.5485
61.5088
61.449
61.3692
61.2697
61.1528
61.0253
60.9037
60.8209
61.5684
61.5485
61.5088
61.4491
61.3692
61.2697
61.1528
61.0253
60.9037
60.821
61.5684
61.5486
61.5088
61.4491
61.3693
61.2698
61.1529
61.0253
60.9037
60.821
55.9796
55.9592
55.9182
55.8553
55.7687
55.6557
55.5132
55.341
55.1514
54.995
55.9795
55.9592
55.9181
55.8552
55.7686
55.6557
55.5132
55.341
55.1513
54.995
55.9795
55.9592
55.9181
55.8552
55.7686
55.6556
55.5132
55.3409
55.1513
54.995
55.9795
55.9591
55.9181
55.8552
55.7686
55.6556
55.5131
55.3409
55.1513
54.9949
55.9795
55.9591
55.9181
55.8552
55.7686
55.6556
55.5131
55.3409
55.1512
54.9949
55.9795
55.9591
55.918
55.8552
55.7686
55.6556
55.5131
55.3409
55.1512
54.9949
55.9795
55.9591
55.9181
55.8552
55.7686
55.6556
55.5131
55.3409
55.1513
54.9949
55.9795
55.9591
55.9181
55.8552
55.7686
55.6556
55.5132
55.3409
55.1513
54.9949
55.9795
55.9592
55.9181
55.8552
55.7686
55.6556
55.5132
55.341
55.1513
54.995
55.9795
55.9592
55.9181
55.8552
55.7687
55.6557
55.5132
55.341
55.1514
54.995
50.6905
50.6717
50.6334
50.5739
50.4894
50.3735
50.2146
49.9949
49.6957
49.3494
50.6905
50.6717
50.6334
50.5738
50.4894
50.3735
50.2146
49.9949
49.6957
49.3494
50.6904
50.6716
50.6334
50.5738
50.4894
50.3734
50.2145
49.9948
49.6956
49.3493
50.6904
50.6716
50.6333
50.5738
50.4893
50.3734
50.2145
49.9948
49.6956
49.3493
50.6904
50.6716
50.6333
50.5738
50.4893
50.3734
50.2145
49.9948
49.6956
49.3493
50.6904
50.6716
50.6333
50.5738
50.4893
50.3734
50.2145
49.9948
49.6956
49.3493
50.6904
50.6716
50.6333
50.5738
50.4893
50.3734
50.2145
49.9948
49.6956
49.3493
50.6904
50.6716
50.6333
50.5738
50.4893
50.3734
50.2145
49.9948
49.6956
49.3493
50.6905
50.6717
50.6334
50.5738
50.4894
50.3734
50.2145
49.9948
49.6957
49.3493
50.6905
50.6717
50.6334
50.5739
50.4894
50.3735
50.2146
49.9949
49.6957
49.3494
45.7196
45.7049
45.675
45.6279
45.5598
45.462
45.316
45.0811
44.6551
43.7391
45.7196
45.7049
45.6749
45.6279
45.5597
45.4619
45.316
45.081
44.655
43.739
45.7196
45.7049
45.6749
45.6278
45.5597
45.4619
45.3159
45.081
44.6549
43.7389
45.7195
45.7048
45.6749
45.6278
45.5597
45.4618
45.3159
45.0809
44.6549
43.7389
45.7195
45.7048
45.6748
45.6278
45.5597
45.4618
45.3159
45.0809
44.6549
43.7389
45.7195
45.7048
45.6748
45.6278
45.5597
45.4618
45.3159
45.0809
44.6549
43.7389
45.7195
45.7048
45.6748
45.6278
45.5597
45.4618
45.3159
45.0809
44.6549
43.7389
45.7195
45.7048
45.6749
45.6278
45.5597
45.4619
45.3159
45.0809
44.6549
43.7389
45.7196
45.7049
45.6749
45.6279
45.5597
45.4619
45.316
45.081
44.655
43.739
45.7196
45.7049
45.6749
45.6279
45.5598
45.4619
45.316
45.081
44.655
43.739
41.0788
41.071
41.0554
41.0314
40.9972
40.9473
40.8699
40.7397
40.5092
40.1095
41.0787
41.0709
41.0553
41.0314
40.9971
40.9473
40.8698
40.7396
40.5091
40.1095
41.0787
41.0709
41.0553
41.0313
40.9971
40.9472
40.8698
40.7396
40.5091
40.1094
41.0787
41.0709
41.0552
41.0313
40.997
40.9472
40.8697
40.7395
40.509
40.1094
41.0786
41.0708
41.0552
41.0313
40.997
40.9472
40.8697
40.7395
40.509
40.1094
41.0786
41.0708
41.0552
41.0313
40.997
40.9472
40.8697
40.7395
40.509
40.1093
41.0786
41.0708
41.0552
41.0313
40.997
40.9472
40.8697
40.7395
40.509
40.1094
41.0787
41.0709
41.0553
41.0313
40.997
40.9472
40.8698
40.7395
40.509
40.1094
41.0787
41.0709
41.0553
41.0313
40.9971
40.9472
40.8698
40.7396
40.5091
40.1094
41.0787
41.0709
41.0553
41.0314
40.9971
40.9473
40.8698
40.7396
40.5092
40.1095
36.773
36.7745
36.7787
36.7871
36.8021
36.8255
36.8584
36.9015
36.9621
37.0807
36.773
36.7745
36.7786
36.7871
36.8021
36.8255
36.8583
36.9014
36.9621
37.0807
36.7729
36.7744
36.7786
36.787
36.802
36.8254
36.8583
36.9014
36.962
37.0806
36.7729
36.7744
36.7785
36.787
36.802
36.8254
36.8582
36.9014
36.962
37.0806
36.7729
36.7744
36.7785
36.787
36.802
36.8254
36.8582
36.9013
36.962
37.0805
36.7729
36.7744
36.7785
36.787
36.802
36.8254
36.8582
36.9013
36.962
37.0805
36.7729
36.7744
36.7785
36.787
36.802
36.8254
36.8582
36.9014
36.962
37.0806
36.7729
36.7744
36.7786
36.787
36.802
36.8254
36.8583
36.9014
36.962
37.0806
36.7729
36.7745
36.7786
36.7871
36.8021
36.8255
36.8583
36.9014
36.962
37.0806
36.773
36.7745
36.7786
36.7871
36.8021
36.8255
36.8583
36.9015
36.9621
37.0807
32.8009
32.8133
32.8406
32.8874
32.9608
33.0707
33.2311
33.4629
33.8018
34.316
32.8008
32.8133
32.8406
32.8874
32.9608
33.0707
33.2311
33.4628
33.8017
34.3159
32.8008
32.8132
32.8406
32.8873
32.9607
33.0706
33.231
33.4628
33.8017
34.3158
32.8007
32.8132
32.8405
32.8873
32.9607
33.0706
33.231
33.4628
33.8016
34.3158
32.8007
32.8132
32.8405
32.8873
32.9607
33.0706
33.231
33.4627
33.8016
34.3158
32.8007
32.8132
32.8405
32.8873
32.9607
33.0706
33.231
33.4627
33.8016
34.3158
32.8007
32.8132
32.8405
32.8873
32.9607
33.0706
33.231
33.4628
33.8016
34.3158
32.8008
32.8132
32.8405
32.8873
32.9607
33.0706
33.231
33.4628
33.8016
34.3158
32.8008
32.8133
32.8406
32.8874
32.9607
33.0707
33.2311
33.4628
33.8017
34.3159
32.8008
32.8133
32.8406
32.8874
32.9608
33.0707
33.2311
33.4629
33.8018
34.3159
29.1553
29.1791
29.2305
29.3169
29.4504
29.648
29.934
30.3418
30.9184
31.7303
29.1552
29.179
29.2304
29.3169
29.4503
29.6479
29.9339
30.3417
30.9183
31.7302
29.1552
29.179
29.2304
29.3168
29.4503
29.6479
29.9339
30.3417
30.9183
31.7301
29.1551
29.179
29.2304
29.3168
29.4502
29.6479
29.9338
30.3416
30.9182
31.7301
29.1551
29.179
29.2304
29.3168
29.4502
29.6479
29.9338
30.3416
30.9182
31.7301
29.1551
29.179
29.2304
29.3168
29.4502
29.6479
29.9338
30.3416
30.9182
31.7301
29.1551
29.179
29.2304
29.3168
29.4502
29.6479
29.9338
30.3416
30.9182
31.7301
29.1551
29.179
29.2304
29.3168
29.4503
29.6479
29.9339
30.3416
30.9183
31.7301
29.1552
29.179
29.2304
29.3169
29.4503
29.6479
29.9339
30.3417
30.9183
31.7302
29.1552
29.1791
29.2305
29.3169
29.4503
29.648
29.934
30.3418
30.9184
31.7302
25.8248
25.8592
25.9328
26.0557
26.2439
26.5206
26.9179
27.4781
28.2537
29.3038
25.8247
25.8591
25.9328
26.0557
26.2438
26.5205
26.9178
27.478
28.2536
29.3038
25.8247
25.8591
25.9327
26.0556
26.2438
26.5205
26.9178
27.478
28.2536
29.3037
25.8247
25.8591
25.9327
26.0556
26.2437
26.5204
26.9177
27.4779
28.2535
29.3037
25.8247
25.859
25.9327
26.0556
26.2437
26.5204
26.9177
27.4779
28.2535
29.3036
25.8247
25.859
25.9327
26.0556
26.2437
26.5204
26.9177
27.4779
28.2535
29.3036
25.8247
25.8591
25.9327
26.0556
26.2437
26.5204
26.9177
27.4779
28.2535
29.3037
25.8247
25.8591
25.9327
26.0556
26.2438
26.5205
26.9178
27.478
28.2535
29.3037
25.8247
25.8591
25.9328
26.0557
26.2438
26.5205
26.9178
27.478
28.2536
29.3037
25.8247
25.8592
25.9328
26.0557
26.2439
26.5206
26.9179
27.4781
28.2537
29.3038
22.7953
22.8382
22.9298
23.0819
23.3135
23.6526
24.1383
24.8219
25.7649
27.0278
22.7952
22.8382
22.9298
23.0818
23.3134
23.6526
24.1382
24.8218
25.7648
27.0277
22.7952
22.8382
22.9297
23.0818
23.3134
23.6525
24.1382
24.8217
25.7648
27.0277
22.7952
22.8381
22.9297
23.0818
23.3133
23.6525
24.1382
24.8217
25.7647
27.0277
22.7952
22.8381
22.9297
23.0818
23.3133
23.6525
24.1382
24.8217
25.7647
27.0276
22.7952
22.8381
22.9297
23.0818
23.3133
23.6525
24.1382
24.8217
25.7647
27.0276
22.7952
22.8381
22.9297
23.0818
23.3133
23.6525
24.1382
24.8217
25.7647
27.0277
22.7952
22.8381
22.9297
23.0818
23.3134
23.6525
24.1382
24.8217
25.7648
27.0277
22.7952
22.8382
22.9298
23.0818
23.3134
23.6526
24.1382
24.8218
25.7648
27.0277
22.7953
22.8382
22.9298
23.0819
23.3135
23.6526
24.1383
24.8218
25.7649
27.0278
20.0513
20.0999
20.2033
20.3739
20.6326
21.0104
21.5522
22.3207
23.3985
24.8752
20.0513
20.0999
20.2032
20.3739
20.6326
21.0104
21.5521
22.3206
23.3985
24.8751
20.0512
20.0999
20.2032
20.3738
20.6325
21.0103
21.5521
22.3206
23.3984
24.8751
20.0512
20.0998
20.2031
20.3738
20.6325
21.0103
21.5521
22.3206
23.3984
24.875
20.0512
20.0998
20.2031
20.3738
20.6325
21.0103
21.552
22.3205
23.3984
24.875
20.0512
20.0998
20.2031
20.3738
20.6325
21.0103
21.552
22.3205
23.3984
24.875
20.0512
20.0998
20.2031
20.3738
20.6325
21.0103
21.5521
22.3206
23.3984
24.875
20.0512
20.0999
20.2032
20.3738
20.6325
21.0103
21.5521
22.3206
23.3984
24.8751
20.0513
20.0999
20.2032
20.3739
20.6326
21.0104
21.5521
22.3206
23.3985
24.8751
20.0513
20.0999
20.2032
20.3739
20.6326
21.0104
21.5522
22.3207
23.3985
24.8752
17.5775
17.6284
17.7361
17.9128
18.1788
18.5649
19.1182
19.9117
21.0625
22.7537
17.5774
17.6284
17.736
17.9128
18.1787
18.5649
19.1181
19.9116
21.0624
22.7537
17.5774
17.6283
17.736
17.9127
18.1787
18.5648
19.1181
19.9116
21.0624
22.7536
17.5774
17.6283
17.736
17.9127
18.1787
18.5648
19.1181
19.9115
21.0624
22.7536
17.5774
17.6283
17.736
17.9127
18.1786
18.5648
19.1181
19.9115
21.0623
22.7536
17.5774
17.6283
17.736
17.9127
18.1786
18.5648
19.1181
19.9115
21.0623
22.7536
17.5774
17.6283
17.736
17.9127
18.1787
18.5648
19.1181
19.9115
21.0624
22.7536
17.5774
17.6283
17.736
17.9127
18.1787
18.5648
19.1181
19.9116
21.0624
22.7536
17.5774
17.6283
17.736
17.9128
18.1787
18.5649
19.1182
19.9116
21.0624
22.7537
17.5775
17.6284
17.7361
17.9128
18.1788
18.5649
19.1182
19.9117
21.0625
22.7537
15.3595
15.4093
15.514
15.6842
15.9367
16.2976
16.8063
17.5288
18.5963
20.3525
15.3594
15.4093
15.514
15.6841
15.9367
16.2975
16.8063
17.5287
18.5963
20.3525
15.3594
15.4092
15.514
15.6841
15.9366
16.2975
16.8063
17.5287
18.5962
20.3524
15.3594
15.4092
15.5139
15.6841
15.9366
16.2975
16.8062
17.5287
18.5962
20.3524
15.3594
15.4092
15.5139
15.6841
15.9366
16.2975
16.8062
17.5287
18.5962
20.3524
15.3594
15.4092
15.5139
15.6841
15.9366
16.2975
16.8062
17.5287
18.5962
20.3524
15.3594
15.4092
15.5139
15.6841
15.9366
16.2975
16.8062
17.5287
18.5962
20.3524
15.3594
15.4092
15.514
15.6841
15.9366
16.2975
16.8063
17.5287
18.5963
20.3524
15.3594
15.4093
15.514
15.6841
15.9367
16.2976
16.8063
17.5287
18.5963
20.3525
15.3594
15.4093
15.514
15.6842
15.9367
16.2976
16.8064
17.5288
18.5964
20.3525
41.2806
41.0298
42.3596
45.0717
49.1614
54.7531
62.1069
71.684
84.3223
101.704
41.2805
41.0297
42.3595
45.0716
49.1613
54.753
62.1068
71.6839
84.3221
101.704
41.2805
41.0297
42.3594
45.0716
49.1612
54.7529
62.1067
71.6838
84.3221
101.704
41.2804
41.0296
42.3594
45.0715
49.1611
54.7528
62.1066
71.6837
84.322
101.704
41.2804
41.0296
42.3593
45.0715
49.1611
54.7528
62.1066
71.6837
84.322
101.704
41.2804
41.0296
42.3593
45.0715
49.1611
54.7528
62.1066
71.6837
84.3219
101.704
41.2804
41.0296
42.3594
45.0715
49.1611
54.7528
62.1066
71.6837
84.322
101.704
41.2805
41.0296
42.3594
45.0715
49.1612
54.7529
62.1067
71.6837
84.322
101.704
41.2805
41.0297
42.3594
45.0716
49.1612
54.7529
62.1067
71.6838
84.3221
101.704
41.2806
41.0297
42.3595
45.0716
49.1613
54.753
62.1068
71.6839
84.3222
101.704
39.5737
40.001
41.5744
44.3333
48.3373
53.7048
60.63
69.3976
80.3766
93.8661
39.5736
40.0009
41.5743
44.3332
48.3372
53.7047
60.6299
69.3975
80.3764
93.866
39.5735
40.0008
41.5742
44.3331
48.3371
53.7046
60.6298
69.3974
80.3763
93.8659
39.5735
40.0008
41.5742
44.3331
48.3371
53.7046
60.6297
69.3974
80.3763
93.8658
39.5735
40.0007
41.5742
44.333
48.337
53.7046
60.6297
69.3973
80.3763
93.8658
39.5735
40.0007
41.5742
44.333
48.337
53.7046
60.6297
69.3973
80.3762
93.8658
39.5735
40.0008
41.5742
44.3331
48.3371
53.7046
60.6297
69.3974
80.3763
93.8658
39.5735
40.0008
41.5742
44.3331
48.3371
53.7046
60.6298
69.3974
80.3763
93.8659
39.5736
40.0008
41.5743
44.3332
48.3372
53.7047
60.6298
69.3975
80.3764
93.866
39.5736
40.0009
41.5743
44.3332
48.3373
53.7048
60.6299
69.3976
80.3765
93.8661
37.4135
38.381
40.202
42.9887
46.8271
51.812
58.0561
65.6742
74.7185
84.9953
37.4134
38.381
40.2019
42.9886
46.827
51.8119
58.0559
65.6741
74.7184
84.9952
37.4133
38.3809
40.2018
42.9886
46.8269
51.8118
58.0559
65.674
74.7183
84.9951
37.4133
38.3808
40.2018
42.9885
46.8269
51.8117
58.0558
65.6739
74.7183
84.995
37.4133
38.3808
40.2018
42.9885
46.8268
51.8117
58.0558
65.6739
74.7182
84.995
37.4133
38.3808
40.2018
42.9885
46.8268
51.8117
58.0558
65.6739
74.7182
84.995
37.4133
38.3808
40.2018
42.9885
46.8269
51.8117
58.0558
65.6739
74.7182
84.995
37.4133
38.3809
40.2018
42.9885
46.8269
51.8118
58.0558
65.674
74.7183
84.995
37.4134
38.3809
40.2019
42.9886
46.827
51.8118
58.0559
65.674
74.7184
84.9951
37.4135
38.381
40.202
42.9887
46.8271
51.8119
58.056
65.6742
74.7185
84.9952
35.1357
36.4658
38.4626
41.2307
44.8461
49.3708
54.8512
61.2966
68.6251
76.5662
35.1356
36.4657
38.4625
41.2306
44.846
49.3707
54.8511
61.2965
68.625
76.5661
35.1356
36.4657
38.4624
41.2305
44.8459
49.3706
54.851
61.2964
68.6249
76.566
35.1355
36.4656
38.4624
41.2305
44.8459
49.3705
54.8509
61.2963
68.6249
76.5659
35.1355
36.4656
38.4624
41.2304
44.8458
49.3705
54.8509
61.2963
68.6249
76.5659
35.1355
36.4656
38.4624
41.2304
44.8458
49.3705
54.8509
61.2963
68.6248
76.5659
35.1355
36.4656
38.4624
41.2304
44.8458
49.3705
54.8509
61.2963
68.6249
76.5659
35.1356
36.4656
38.4624
41.2305
44.8459
49.3706
54.851
61.2964
68.6249
76.566
35.1356
36.4657
38.4625
41.2306
44.846
49.3706
54.8511
61.2964
68.625
76.566
35.1357
36.4658
38.4626
41.2306
44.8461
49.3707
54.8512
61.2966
68.6251
76.5662
32.8685
34.4431
36.55
39.2615
42.6288
46.6813
51.4209
56.804
62.7128
68.9183
32.8684
34.443
36.5499
39.2615
42.6287
46.6812
51.4208
56.8039
62.7127
68.9182
32.8684
34.443
36.5498
39.2614
42.6286
46.6812
51.4207
56.8038
62.7126
68.9181
32.8683
34.4429
36.5497
39.2613
42.6286
46.6811
51.4206
56.8037
62.7126
68.918
32.8683
34.4429
36.5497
39.2613
42.6285
46.6811
51.4206
56.8037
62.7125
68.918
32.8683
34.4429
36.5497
39.2613
42.6285
46.6811
51.4206
56.8037
62.7125
68.918
32.8683
34.4429
36.5497
39.2613
42.6286
46.6811
51.4206
56.8037
62.7126
68.918
32.8684
34.443
36.5498
39.2614
42.6286
46.6811
51.4207
56.8038
62.7126
68.9181
32.8684
34.443
36.5498
39.2614
42.6287
46.6812
51.4207
56.8039
62.7127
68.9181
32.8685
34.4431
36.5499
39.2615
42.6288
46.6813
51.4209
56.804
62.7128
68.9183
30.6858
32.4461
34.6283
37.2699
40.3954
44.0081
48.0814
52.5484
57.2916
62.1396
30.6857
32.446
34.6282
37.2698
40.3953
44.008
48.0813
52.5483
57.2915
62.1395
30.6857
32.446
34.6282
37.2698
40.3952
44.0079
48.0812
52.5482
57.2914
62.1394
30.6856
32.4459
34.6281
37.2697
40.3952
44.0078
48.0812
52.5481
57.2913
62.1393
30.6856
32.4459
34.6281
37.2697
40.3951
44.0078
48.0811
52.5481
57.2913
62.1393
30.6856
32.4459
34.6281
37.2697
40.3951
44.0078
48.0811
52.5481
57.2913
62.1393
30.6856
32.4459
34.6281
37.2697
40.3952
44.0078
48.0812
52.5481
57.2913
62.1393
30.6856
32.446
34.6282
37.2698
40.3952
44.0079
48.0812
52.5482
57.2914
62.1394
30.6857
32.446
34.6282
37.2698
40.3953
44.008
48.0813
52.5483
57.2915
62.1395
30.6858
32.4461
34.6283
37.2699
40.3954
44.0081
48.0814
52.5484
57.2916
62.1396
28.642
30.5816
32.8392
35.4234
38.3393
41.5721
45.0768
48.7725
52.5455
56.2665
28.6419
30.5815
32.8391
35.4233
38.3392
41.572
45.0767
48.7724
52.5454
56.2664
28.6418
30.5814
32.839
35.4232
38.3391
41.5719
45.0766
48.7723
52.5453
56.2663
28.6418
30.5814
32.839
35.4232
38.3391
41.5719
45.0766
48.7723
52.5452
56.2663
28.6418
30.5814
32.839
35.4232
38.339
41.5719
45.0765
48.7723
52.5452
56.2662
28.6418
30.5814
32.839
35.4232
38.339
41.5719
45.0765
48.7723
52.5452
56.2662
28.6418
30.5814
32.839
35.4232
38.3391
41.5719
45.0766
48.7723
52.5452
56.2663
28.6418
30.5814
32.839
35.4232
38.3391
41.5719
45.0766
48.7723
52.5453
56.2663
28.6419
30.5815
32.8391
35.4233
38.3392
41.572
45.0767
48.7724
52.5454
56.2664
28.6419
30.5816
32.8392
35.4234
38.3393
41.5721
45.0768
48.7725
52.5455
56.2665
26.7833
28.9477
31.3102
33.8693
36.6257
39.5567
42.6033
45.6679
48.6221
51.3417
26.7832
28.9476
31.3102
33.8692
36.6256
39.5566
42.6032
45.6678
48.622
51.3416
26.7832
28.9475
31.3101
33.8691
36.6256
39.5565
42.6031
45.6677
48.6219
51.3415
26.7831
28.9475
31.3101
33.8691
36.6255
39.5564
42.6031
45.6676
48.6219
51.3415
26.7831
28.9475
31.31
33.8691
36.6255
39.5564
42.603
45.6676
48.6218
51.3415
26.7831
28.9475
31.31
33.8691
36.6255
39.5564
42.603
45.6676
48.6218
51.3415
26.7831
28.9475
31.3101
33.8691
36.6255
39.5564
42.6031
45.6676
48.6219
51.3415
26.7832
28.9475
31.3101
33.8691
36.6256
39.5565
42.6031
45.6677
48.6219
51.3416
26.7832
28.9476
31.3102
33.8692
36.6257
39.5566
42.6032
45.6678
48.622
51.3416
26.7833
28.9477
31.3102
33.8693
36.6258
39.5567
42.6033
45.6679
48.6221
51.3418
25.1697
27.6572
30.1661
32.737
35.3924
38.1127
40.828
43.4145
45.6948
47.4645
25.1696
27.6571
30.166
32.7369
35.3924
38.1126
40.8279
43.4144
45.6947
47.4644
25.1696
27.6571
30.1659
32.7368
35.3923
38.1125
40.8278
43.4144
45.6946
47.4644
25.1695
27.657
30.1659
32.7368
35.3922
38.1125
40.8278
43.4143
45.6945
47.4643
25.1695
27.657
30.1659
32.7368
35.3922
38.1124
40.8278
43.4143
45.6945
47.4643
25.1695
27.657
30.1659
32.7368
35.3922
38.1124
40.8278
43.4143
45.6945
47.4643
25.1695
27.657
30.1659
32.7368
35.3923
38.1125
40.8278
43.4143
45.6946
47.4643
25.1696
27.6571
30.166
32.7369
35.3923
38.1125
40.8279
43.4144
45.6946
47.4644
25.1696
27.6571
30.166
32.7369
35.3924
38.1126
40.8279
43.4145
45.6947
47.4645
25.1697
27.6572
30.1661
32.737
35.3925
38.1127
40.828
43.4146
45.6948
47.4646
23.9744
26.8796
29.536
32.1352
34.7452
37.3567
39.8928
42.2024
44.031
44.9433
23.9743
26.8796
29.536
32.1352
34.7452
37.3566
39.8928
42.2023
44.0309
44.9432
23.9743
26.8795
29.5359
32.1351
34.7451
37.3565
39.8927
42.2023
44.0308
44.9431
23.9743
26.8795
29.5359
32.1351
34.7451
37.3565
39.8927
42.2022
44.0308
44.9431
23.9742
26.8795
29.5359
32.135
34.745
37.3565
39.8926
42.2022
44.0308
44.9431
23.9742
26.8795
29.5359
32.135
34.745
37.3565
39.8926
42.2022
44.0308
44.9431
23.9743
26.8795
29.5359
32.1351
34.7451
37.3565
39.8927
42.2022
44.0308
44.9431
23.9743
26.8795
29.5359
32.1351
34.7451
37.3565
39.8927
42.2023
44.0309
44.9431
23.9743
26.8796
29.536
32.1352
34.7452
37.3566
39.8928
42.2024
44.0309
44.9432
23.9744
26.8797
29.5361
32.1353
34.7453
37.3567
39.8929
42.2025
44.031
44.9433
127.738
140.197
147.891
153.315
157.354
160.404
162.675
164.293
165.334
165.845
127.738
140.197
147.891
153.315
157.354
160.404
162.675
164.293
165.334
165.845
127.738
140.197
147.891
153.315
157.354
160.404
162.675
164.293
165.334
165.844
127.738
140.197
147.891
153.315
157.354
160.404
162.675
164.293
165.334
165.844
127.738
140.197
147.891
153.315
157.354
160.404
162.675
164.293
165.334
165.844
127.738
140.197
147.891
153.315
157.354
160.404
162.675
164.293
165.334
165.844
127.738
140.197
147.891
153.315
157.354
160.404
162.675
164.293
165.334
165.844
127.738
140.197
147.891
153.315
157.354
160.404
162.675
164.293
165.334
165.844
127.738
140.197
147.891
153.315
157.354
160.404
162.675
164.293
165.334
165.845
127.738
140.197
147.891
153.315
157.354
160.404
162.675
164.293
165.334
165.845
109.206
120.4
128.355
134.162
138.496
141.751
144.161
145.87
146.967
147.503
109.205
120.4
128.355
134.162
138.496
141.751
144.161
145.87
146.967
147.503
109.205
120.4
128.355
134.161
138.496
141.751
144.161
145.87
146.967
147.503
109.205
120.4
128.355
134.161
138.496
141.751
144.161
145.87
146.967
147.503
109.205
120.4
128.355
134.161
138.496
141.751
144.161
145.87
146.967
147.503
109.205
120.4
128.355
134.161
138.496
141.751
144.161
145.87
146.967
147.503
109.205
120.4
128.355
134.161
138.496
141.751
144.161
145.87
146.967
147.503
109.205
120.4
128.355
134.161
138.496
141.751
144.161
145.87
146.967
147.503
109.205
120.4
128.355
134.162
138.496
141.751
144.161
145.87
146.967
147.503
109.206
120.4
128.355
134.162
138.496
141.751
144.161
145.87
146.967
147.503
95.6482
104.685
111.822
117.343
121.588
124.823
127.235
128.951
130.054
130.594
95.648
104.685
111.822
117.343
121.588
124.823
127.235
128.951
130.054
130.594
95.648
104.685
111.822
117.343
121.588
124.823
127.235
128.951
130.054
130.594
95.6479
104.685
111.821
117.343
121.588
124.823
127.235
128.951
130.054
130.594
95.6479
104.685
111.821
117.343
121.588
124.823
127.235
128.951
130.054
130.594
95.6479
104.685
111.821
117.343
121.588
124.823
127.235
128.951
130.054
130.594
95.6479
104.685
111.821
117.343
121.588
124.823
127.235
128.951
130.054
130.594
95.6479
104.685
111.822
117.343
121.588
124.823
127.235
128.951
130.054
130.594
95.648
104.685
111.822
117.343
121.588
124.823
127.235
128.951
130.054
130.594
95.6481
104.685
111.822
117.343
121.588
124.823
127.235
128.951
130.054
130.594
84.5413
91.7208
97.7652
102.674
106.574
109.609
111.903
113.548
114.611
115.133
84.5412
91.7207
97.7651
102.674
106.574
109.609
111.903
113.548
114.611
115.133
84.5411
91.7206
97.765
102.674
106.574
109.609
111.902
113.548
114.611
115.133
84.541
91.7205
97.7649
102.674
106.574
109.609
111.902
113.548
114.611
115.133
84.541
91.7205
97.7649
102.674
106.574
109.609
111.902
113.548
114.611
115.133
84.541
91.7205
97.7649
102.674
106.574
109.609
111.902
113.548
114.611
115.133
84.541
91.7205
97.7649
102.674
106.574
109.609
111.902
113.548
114.611
115.133
84.5411
91.7206
97.765
102.674
106.574
109.609
111.902
113.548
114.611
115.133
84.5412
91.7207
97.765
102.674
106.574
109.609
111.903
113.548
114.611
115.133
84.5413
91.7208
97.7652
102.674
106.574
109.609
111.903
113.548
114.611
115.133
75.0638
80.741
85.7074
89.8891
93.3096
96.0306
98.1193
99.6342
100.62
101.105
75.0637
80.7408
85.7072
89.889
93.3095
96.0304
98.1192
99.6341
100.62
101.105
75.0636
80.7407
85.7071
89.8889
93.3094
96.0303
98.1191
99.634
100.62
101.105
75.0635
80.7407
85.7071
89.8888
93.3093
96.0303
98.119
99.634
100.62
101.105
75.0635
80.7406
85.707
89.8888
93.3093
96.0302
98.119
99.6339
100.62
101.105
75.0635
80.7406
85.707
89.8888
93.3093
96.0302
98.119
99.6339
100.62
101.105
75.0635
80.7407
85.7071
89.8888
93.3093
96.0303
98.119
99.634
100.62
101.105
75.0636
80.7407
85.7071
89.8889
93.3094
96.0303
98.1191
99.6341
100.62
101.105
75.0637
80.7408
85.7072
89.889
93.3095
96.0304
98.1192
99.6342
100.62
101.105
75.0638
80.741
85.7074
89.8891
93.3096
96.0306
98.1193
99.6343
100.62
101.106
66.8825
71.3156
75.2917
78.7348
81.6244
83.9724
85.8048
87.1499
88.0321
88.4688
66.8823
71.3155
75.2916
78.7347
81.6243
83.9723
85.8047
87.1497
88.032
88.4687
66.8822
71.3154
75.2915
78.7346
81.6242
83.9722
85.8046
87.1497
88.0319
88.4686
66.8822
71.3153
75.2914
78.7345
81.6241
83.9721
85.8045
87.1496
88.0318
88.4686
66.8822
71.3153
75.2914
78.7345
81.6241
83.9721
85.8045
87.1496
88.0318
88.4685
66.8822
71.3153
75.2914
78.7345
81.6241
83.9721
85.8045
87.1496
88.0318
88.4685
66.8822
71.3153
75.2914
78.7345
81.6241
83.9722
85.8045
87.1496
88.0319
88.4686
66.8823
71.3154
75.2915
78.7346
81.6242
83.9722
85.8046
87.1497
88.0319
88.4687
66.8823
71.3155
75.2916
78.7347
81.6243
83.9723
85.8047
87.1498
88.032
88.4688
66.8825
71.3156
75.2917
78.7348
81.6244
83.9725
85.8048
87.1499
88.0322
88.4689
59.8289
63.1803
66.255
68.9912
71.3476
73.3049
74.8591
76.0149
76.7798
77.1604
59.8287
63.1802
66.2548
68.991
71.3475
73.3048
74.859
76.0148
76.7797
77.1603
59.8286
63.1801
66.2548
68.9909
71.3474
73.3047
74.8589
76.0147
76.7796
77.1602
59.8286
63.18
66.2547
68.9909
71.3473
73.3046
74.8589
76.0147
76.7796
77.1602
59.8286
63.18
66.2547
68.9909
71.3473
73.3046
74.8588
76.0147
76.7795
77.1602
59.8286
63.18
66.2547
68.9909
71.3473
73.3046
74.8588
76.0147
76.7795
77.1602
59.8286
63.18
66.2547
68.9909
71.3474
73.3046
74.8589
76.0147
76.7796
77.1602
59.8287
63.1801
66.2548
68.991
71.3474
73.3047
74.859
76.0148
76.7797
77.1603
59.8287
63.1802
66.2549
68.9911
71.3475
73.3048
74.8591
76.0149
76.7798
77.1604
59.8289
63.1803
66.255
68.9912
71.3476
73.3049
74.8592
76.015
76.7799
77.1605
53.7911
56.1398
58.3862
60.4667
62.3182
63.8959
65.1735
66.1372
66.7812
67.1034
53.791
56.1396
58.3861
60.4666
62.318
63.8958
65.1734
66.1371
66.7811
67.1033
53.7909
56.1396
58.386
60.4665
62.3179
63.8957
65.1733
66.137
66.781
67.1033
53.7909
56.1395
58.386
60.4664
62.3179
63.8957
65.1733
66.137
66.781
67.1032
53.7909
56.1395
58.3859
60.4664
62.3179
63.8957
65.1732
66.137
66.7809
67.1032
53.7909
56.1395
58.3859
60.4664
62.3179
63.8957
65.1733
66.137
66.7809
67.1032
53.7909
56.1395
58.386
60.4665
62.3179
63.8957
65.1733
66.137
66.781
67.1033
53.791
56.1396
58.386
60.4665
62.318
63.8958
65.1734
66.1371
66.7811
67.1033
53.791
56.1397
58.3861
60.4666
62.3181
63.8959
65.1735
66.1372
66.7812
67.1034
53.7912
56.1398
58.3862
60.4667
62.3182
63.896
65.1736
66.1373
66.7813
67.1036
48.6437
50.0011
51.4923
52.9884
54.3869
55.6183
56.6382
57.4198
57.9476
58.2133
48.6436
50.001
51.4922
52.9883
54.3868
55.6181
56.6381
57.4197
57.9475
58.2133
48.6435
50.0009
51.4921
52.9882
54.3867
55.6181
56.638
57.4196
57.9474
58.2132
48.6435
50.0009
51.492
52.9882
54.3867
55.618
56.6379
57.4196
57.9474
58.2132
48.6434
50.0008
51.492
52.9881
54.3866
55.618
56.6379
57.4196
57.9474
58.2131
48.6434
50.0008
51.492
52.9882
54.3867
55.618
56.6379
57.4196
57.9474
58.2131
48.6435
50.0009
51.492
52.9882
54.3867
55.618
56.638
57.4196
57.9474
58.2132
48.6435
50.0009
51.4921
52.9882
54.3868
55.6181
56.638
57.4197
57.9475
58.2133
48.6436
50.001
51.4922
52.9883
54.3868
55.6182
56.6381
57.4198
57.9476
58.2134
48.6437
50.0011
51.4923
52.9885
54.387
55.6183
56.6382
57.4199
57.9477
58.2135
44.0899
44.5068
45.378
46.3988
47.4199
48.3545
49.1482
49.7668
50.1892
50.4032
44.0898
44.5067
45.3779
46.3987
47.4198
48.3543
49.1481
49.7667
50.1891
50.4031
44.0898
44.5067
45.3778
46.3986
47.4197
48.3543
49.148
49.7666
50.189
50.4031
44.0897
44.5066
45.3778
46.3986
47.4197
48.3542
49.1479
49.7666
50.189
50.403
44.0897
44.5066
45.3777
46.3986
47.4197
48.3542
49.1479
49.7666
50.189
50.403
44.0897
44.5066
45.3777
46.3986
47.4197
48.3542
49.1479
49.7666
50.189
50.403
44.0897
44.5066
45.3778
46.3986
47.4197
48.3542
49.148
49.7666
50.189
50.4031
44.0898
44.5067
45.3778
46.3987
47.4198
48.3543
49.148
49.7667
50.1891
50.4031
44.0899
44.5068
45.3779
46.3987
47.4199
48.3544
49.1481
49.7668
50.1892
50.4032
44.09
44.5069
45.378
46.3989
47.42
48.3545
49.1482
49.7669
50.1893
50.4033
406.228
406.247
406.283
406.331
406.386
406.441
406.491
406.532
406.561
406.576
406.228
406.247
406.283
406.331
406.386
406.441
406.491
406.532
406.561
406.576
406.228
406.247
406.283
406.331
406.386
406.441
406.491
406.532
406.561
406.576
406.228
406.247
406.283
406.331
406.386
406.441
406.491
406.532
406.561
406.576
406.228
406.247
406.283
406.331
406.386
406.441
406.491
406.532
406.561
406.576
406.228
406.247
406.283
406.331
406.386
406.441
406.491
406.532
406.561
406.576
406.228
406.247
406.283
406.331
406.386
406.441
406.491
406.532
406.561
406.576
406.228
406.247
406.283
406.331
406.386
406.441
406.491
406.532
406.561
406.576
406.228
406.247
406.283
406.331
406.386
406.441
406.491
406.532
406.561
406.576
406.228
406.247
406.283
406.331
406.386
406.441
406.491
406.532
406.561
406.576
378.72
378.781
378.894
379.045
379.214
379.384
379.538
379.665
379.754
379.801
378.72
378.781
378.894
379.045
379.214
379.384
379.538
379.665
379.754
379.801
378.72
378.781
378.894
379.045
379.214
379.384
379.538
379.665
379.754
379.801
378.72
378.781
378.894
379.045
379.214
379.384
379.538
379.665
379.754
379.8
378.72
378.781
378.894
379.045
379.214
379.384
379.538
379.665
379.754
379.8
378.72
378.781
378.894
379.045
379.214
379.384
379.538
379.665
379.754
379.8
378.72
378.781
378.894
379.045
379.214
379.384
379.538
379.665
379.754
379.8
378.72
378.781
378.894
379.045
379.214
379.384
379.538
379.665
379.754
379.801
378.72
378.781
378.894
379.045
379.214
379.384
379.538
379.665
379.754
379.801
378.72
378.781
378.894
379.045
379.214
379.384
379.538
379.665
379.754
379.801
351.32
351.432
351.638
351.909
352.212
352.513
352.786
353.008
353.163
353.244
351.32
351.432
351.638
351.909
352.212
352.513
352.786
353.007
353.163
353.244
351.32
351.432
351.638
351.909
352.212
352.513
352.786
353.007
353.163
353.244
351.32
351.432
351.638
351.909
352.212
352.513
352.786
353.007
353.163
353.244
351.32
351.432
351.638
351.909
352.212
352.513
352.786
353.007
353.163
353.244
351.32
351.432
351.638
351.909
352.212
352.513
352.786
353.007
353.163
353.244
351.32
351.432
351.638
351.909
352.212
352.513
352.786
353.007
353.163
353.244
351.32
351.432
351.638
351.909
352.212
352.513
352.786
353.007
353.163
353.244
351.32
351.432
351.638
351.909
352.212
352.513
352.786
353.007
353.163
353.244
351.32
351.432
351.638
351.909
352.212
352.513
352.786
353.008
353.163
353.244
324.087
324.266
324.595
325.022
325.491
325.953
326.366
326.699
326.932
327.051
324.086
324.266
324.595
325.022
325.491
325.953
326.366
326.699
326.932
327.051
324.086
324.266
324.595
325.021
325.491
325.953
326.366
326.699
326.932
327.051
324.086
324.266
324.595
325.021
325.491
325.953
326.366
326.699
326.932
327.051
324.086
324.266
324.595
325.021
325.491
325.953
326.366
326.699
326.931
327.051
324.086
324.266
324.595
325.021
325.491
325.953
326.366
326.699
326.931
327.051
324.086
324.266
324.595
325.021
325.491
325.953
326.366
326.699
326.932
327.051
324.086
324.266
324.595
325.021
325.491
325.953
326.366
326.699
326.932
327.051
324.086
324.266
324.595
325.021
325.491
325.953
326.366
326.699
326.932
327.051
324.086
324.266
324.595
325.022
325.491
325.953
326.366
326.699
326.932
327.051
297.054
297.334
297.836
298.475
299.164
299.828
300.413
300.88
301.203
301.368
297.054
297.334
297.836
298.475
299.164
299.828
300.413
300.88
301.203
301.368
297.054
297.333
297.836
298.475
299.164
299.828
300.413
300.88
301.203
301.368
297.054
297.333
297.836
298.475
299.164
299.828
300.413
300.88
301.203
301.368
297.054
297.333
297.836
298.475
299.164
299.828
300.413
300.88
301.203
301.367
297.054
297.333
297.836
298.475
299.164
299.828
300.413
300.88
301.203
301.367
297.054
297.333
297.836
298.475
299.164
299.828
300.413
300.88
301.203
301.368
297.054
297.333
297.836
298.475
299.164
299.828
300.413
300.88
301.203
301.368
297.054
297.333
297.836
298.475
299.164
299.828
300.413
300.88
301.203
301.368
297.054
297.334
297.836
298.475
299.164
299.828
300.413
300.88
301.203
301.368
270.22
270.656
271.419
272.36
273.343
274.268
275.066
275.692
276.121
276.338
270.22
270.656
271.419
272.359
273.343
274.268
275.066
275.692
276.121
276.338
270.22
270.656
271.419
272.359
273.343
274.268
275.066
275.692
276.121
276.338
270.219
270.656
271.419
272.359
273.343
274.268
275.066
275.692
276.121
276.338
270.219
270.656
271.419
272.359
273.343
274.268
275.066
275.692
276.121
276.338
270.219
270.656
271.419
272.359
273.343
274.268
275.066
275.692
276.121
276.338
270.219
270.656
271.419
272.359
273.343
274.268
275.066
275.692
276.121
276.338
270.219
270.656
271.419
272.359
273.343
274.268
275.066
275.692
276.121
276.338
270.22
270.656
271.419
272.359
273.343
274.268
275.066
275.692
276.121
276.338
270.22
270.656
271.419
272.359
273.343
274.268
275.066
275.692
276.121
276.339
243.513
244.217
245.391
246.77
248.153
249.41
250.466
251.279
251.83
252.107
243.513
244.217
245.391
246.77
248.152
249.409
250.465
251.279
251.83
252.107
243.513
244.217
245.391
246.77
248.152
249.409
250.465
251.279
251.83
252.107
243.513
244.217
245.391
246.77
248.152
249.409
250.465
251.279
251.83
252.107
243.513
244.217
245.391
246.77
248.152
249.409
250.465
251.279
251.83
252.107
243.513
244.217
245.391
246.77
248.152
249.409
250.465
251.279
251.83
252.107
243.513
244.217
245.391
246.77
248.152
249.409
250.465
251.279
251.83
252.107
243.513
244.217
245.391
246.77
248.152
249.409
250.465
251.279
251.83
252.107
243.513
244.217
245.391
246.77
248.152
249.409
250.465
251.279
251.83
252.107
243.513
244.217
245.391
246.77
248.153
249.41
250.466
251.279
251.83
252.107
216.742
217.951
219.803
221.824
223.738
225.405
226.764
227.789
228.472
228.814
216.742
217.951
219.802
221.824
223.737
225.405
226.764
227.789
228.472
228.814
216.742
217.951
219.802
221.823
223.737
225.405
226.764
227.788
228.472
228.814
216.742
217.951
219.802
221.823
223.737
225.405
226.764
227.788
228.472
228.813
216.742
217.951
219.802
221.823
223.737
225.405
226.764
227.788
228.472
228.813
216.742
217.951
219.802
221.823
223.737
225.405
226.764
227.788
228.472
228.813
216.742
217.951
219.802
221.823
223.737
225.405
226.764
227.788
228.472
228.814
216.742
217.951
219.802
221.823
223.737
225.405
226.764
227.788
228.472
228.814
216.742
217.951
219.802
221.824
223.737
225.405
226.764
227.789
228.472
228.814
216.742
217.951
219.803
221.824
223.738
225.405
226.764
227.789
228.472
228.814
189.467
191.75
194.754
197.698
200.287
202.432
204.121
205.367
206.187
206.593
189.466
191.749
194.754
197.698
200.287
202.432
204.121
205.367
206.187
206.593
189.466
191.749
194.754
197.698
200.286
202.432
204.121
205.367
206.187
206.593
189.466
191.749
194.754
197.698
200.286
202.431
204.121
205.367
206.186
206.593
189.466
191.749
194.754
197.698
200.286
202.431
204.121
205.367
206.186
206.593
189.466
191.749
194.754
197.698
200.286
202.431
204.121
205.367
206.186
206.593
189.466
191.749
194.754
197.698
200.286
202.431
204.121
205.367
206.187
206.593
189.466
191.749
194.754
197.698
200.286
202.432
204.121
205.367
206.187
206.593
189.466
191.749
194.754
197.698
200.287
202.432
204.121
205.367
206.187
206.593
189.466
191.749
194.754
197.698
200.287
202.432
204.121
205.367
206.187
206.593
160.665
165.586
170.531
174.696
178.053
180.692
182.705
184.159
185.103
185.568
160.665
165.586
170.53
174.696
178.053
180.692
182.705
184.159
185.103
185.568
160.665
165.586
170.53
174.696
178.053
180.692
182.704
184.159
185.103
185.568
160.665
165.586
170.53
174.696
178.053
180.692
182.704
184.159
185.103
185.568
160.665
165.585
170.53
174.696
178.053
180.692
182.704
184.159
185.103
185.568
160.665
165.585
170.53
174.696
178.053
180.692
182.704
184.159
185.103
185.568
160.665
165.585
170.53
174.696
178.053
180.692
182.704
184.159
185.103
185.568
160.665
165.586
170.53
174.696
178.053
180.692
182.704
184.159
185.103
185.568
160.665
165.586
170.53
174.696
178.053
180.692
182.705
184.159
185.103
185.568
160.665
165.586
170.531
174.696
178.053
180.692
182.705
184.159
185.103
185.568
13.3846
13.4305
13.5262
13.6794
13.9019
14.2097
14.6228
15.1611
15.8254
16.5028
13.3845
13.4305
13.5262
13.6794
13.9018
14.2097
14.6228
15.1611
15.8253
16.5028
13.3845
13.4304
13.5262
13.6794
13.9018
14.2096
14.6227
15.1611
15.8253
16.5028
13.3845
13.4304
13.5262
13.6793
13.9018
14.2096
14.6227
15.161
15.8253
16.5027
13.3845
13.4304
13.5261
13.6793
13.9018
14.2096
14.6227
15.161
15.8253
16.5027
13.3845
13.4304
13.5261
13.6793
13.9018
14.2096
14.6227
15.161
15.8253
16.5027
13.3845
13.4304
13.5262
13.6793
13.9018
14.2096
14.6227
15.1611
15.8253
16.5028
13.3845
13.4304
13.5262
13.6794
13.9018
14.2096
14.6227
15.1611
15.8253
16.5028
13.3845
13.4305
13.5262
13.6794
13.9018
14.2097
14.6228
15.1611
15.8254
16.5028
13.3845
13.4305
13.5262
13.6794
13.9019
14.2097
14.6228
15.1612
15.8254
16.5029
11.6417
11.6819
11.7648
11.8951
12.0791
12.3238
12.6332
13.0005
13.3893
13.6926
11.6417
11.6819
11.7648
11.895
12.0791
12.3238
12.6331
13.0005
13.3893
13.6926
11.6417
11.6819
11.7648
11.895
12.079
12.3237
12.6331
13.0005
13.3892
13.6925
11.6417
11.6819
11.7647
11.895
12.079
12.3237
12.6331
13.0004
13.3892
13.6925
11.6416
11.6818
11.7647
11.895
12.079
12.3237
12.6331
13.0004
13.3892
13.6925
11.6416
11.6818
11.7647
11.895
12.079
12.3237
12.6331
13.0004
13.3892
13.6925
11.6417
11.6819
11.7647
11.895
12.079
12.3237
12.6331
13.0005
13.3892
13.6925
11.6417
11.6819
11.7648
11.895
12.0791
12.3237
12.6331
13.0005
13.3893
13.6926
11.6417
11.6819
11.7648
11.895
12.0791
12.3238
12.6331
13.0005
13.3893
13.6926
11.6417
11.6819
11.7648
11.8951
12.0791
12.3238
12.6332
13.0006
13.3893
13.6926
10.1213
10.1549
10.2235
10.3292
10.4744
10.6598
10.8812
11.1239
11.3536
11.5072
10.1213
10.1549
10.2235
10.3292
10.4744
10.6597
10.8811
11.1239
11.3535
11.5072
10.1212
10.1549
10.2235
10.3292
10.4744
10.6597
10.8811
11.1239
11.3535
11.5072
10.1212
10.1549
10.2234
10.3292
10.4743
10.6597
10.8811
11.1238
11.3535
11.5072
10.1212
10.1548
10.2234
10.3292
10.4743
10.6597
10.8811
11.1238
11.3535
11.5072
10.1212
10.1548
10.2234
10.3292
10.4743
10.6597
10.8811
11.1238
11.3535
11.5072
10.1212
10.1549
10.2234
10.3292
10.4743
10.6597
10.8811
11.1238
11.3535
11.5072
10.1212
10.1549
10.2235
10.3292
10.4744
10.6597
10.8811
11.1239
11.3535
11.5072
10.1213
10.1549
10.2235
10.3292
10.4744
10.6597
10.8811
11.1239
11.3536
11.5072
10.1213
10.1549
10.2235
10.3293
10.4744
10.6598
10.8812
11.1239
11.3536
11.5073
8.81442
8.84157
8.89632
8.97916
9.08985
9.22599
9.38085
9.54026
9.67972
9.76512
8.81439
8.84154
8.89629
8.97913
9.08981
9.22596
9.38081
9.54023
9.67969
9.76509
8.81437
8.84151
8.89626
8.9791
9.08979
9.22593
9.38079
9.5402
9.67967
9.76507
8.81435
8.84149
8.89624
8.97909
9.08977
9.22592
9.38077
9.54019
9.67965
9.76506
8.81434
8.84149
8.89624
8.97908
9.08976
9.22591
9.38076
9.54018
9.67965
9.76505
8.81434
8.84149
8.89624
8.97908
9.08977
9.22591
9.38077
9.54018
9.67965
9.76506
8.81435
8.84149
8.89625
8.97909
9.08978
9.22592
9.38078
9.54019
9.67966
9.76507
8.81436
8.84151
8.89626
8.97911
9.08979
9.22594
9.3808
9.54022
9.67968
9.76509
8.81439
8.84153
8.89629
8.97913
9.08982
9.22597
9.38083
9.54025
9.67971
9.76512
8.81441
8.84157
8.89632
8.97917
9.08986
9.22601
9.38087
9.54029
9.67976
9.76516
7.7129
7.73422
7.77679
7.8401
7.92264
8.02094
8.12833
8.23367
8.32098
8.37172
7.71287
7.73419
7.77676
7.84007
7.92261
8.02091
8.1283
8.23364
8.32095
8.3717
7.71284
7.73416
7.77673
7.84005
7.92259
8.02089
8.12828
8.23362
8.32093
8.37168
7.71283
7.73415
7.77672
7.84003
7.92257
8.02087
8.12826
8.2336
8.32092
8.37167
7.71282
7.73414
7.77671
7.84002
7.92257
8.02087
8.12826
8.2336
8.32091
8.37166
7.71282
7.73414
7.77671
7.84003
7.92257
8.02087
8.12826
8.2336
8.32092
8.37167
7.71283
7.73415
7.77672
7.84003
7.92258
8.02088
8.12827
8.23361
8.32093
8.37168
7.71284
7.73416
7.77674
7.84005
7.92259
8.0209
8.12829
8.23363
8.32095
8.3717
7.71286
7.73419
7.77676
7.84008
7.92262
8.02093
8.12832
8.23366
8.32098
8.37173
7.71289
7.73422
7.77679
7.84011
7.92266
8.02096
8.12835
8.2337
8.32102
8.37177
6.80899
6.82546
6.85805
6.90579
6.9667
7.0373
7.11196
7.18257
7.23893
7.27065
6.80896
6.82543
6.85802
6.90576
6.96667
7.03727
7.11193
7.18254
7.2389
7.27063
6.80894
6.82541
6.858
6.90573
6.96665
7.03725
7.11191
7.18252
7.23888
7.27061
6.80893
6.8254
6.85799
6.90572
6.96664
7.03724
7.1119
7.1825
7.23887
7.2706
6.80892
6.82539
6.85798
6.90571
6.96663
7.03723
7.11189
7.1825
7.23887
7.27059
6.80892
6.82539
6.85798
6.90571
6.96663
7.03723
7.1119
7.1825
7.23887
7.2706
6.80893
6.8254
6.85799
6.90572
6.96664
7.03724
7.11191
7.18251
7.23888
7.27061
6.80894
6.82541
6.858
6.90574
6.96666
7.03726
7.11192
7.18253
7.2389
7.27063
6.80896
6.82543
6.85803
6.90576
6.96668
7.03729
7.11195
7.18256
7.23893
7.27066
6.80898
6.82546
6.85806
6.9058
6.96672
7.03732
7.11198
7.18259
7.23896
7.27069
6.0956
6.10829
6.13321
6.16923
6.21437
6.26551
6.31821
6.36668
6.40435
6.42512
6.09557
6.10827
6.13319
6.1692
6.21434
6.26549
6.31818
6.36665
6.40433
6.4251
6.09555
6.10825
6.13317
6.16918
6.21432
6.26547
6.31816
6.36663
6.40431
6.42508
6.09554
6.10823
6.13315
6.16917
6.21431
6.26545
6.31815
6.36662
6.4043
6.42508
6.09553
6.10823
6.13315
6.16917
6.2143
6.26545
6.31815
6.36662
6.4043
6.42507
6.09553
6.10823
6.13315
6.16917
6.2143
6.26545
6.31815
6.36662
6.4043
6.42508
6.09554
6.10824
6.13316
6.16918
6.21431
6.26546
6.31816
6.36663
6.40431
6.42509
6.09555
6.10825
6.13317
6.16919
6.21433
6.26548
6.31818
6.36665
6.40433
6.4251
6.09557
6.10827
6.13319
6.16921
6.21435
6.2655
6.3182
6.36667
6.40435
6.42513
6.0956
6.1083
6.13322
6.16924
6.21438
6.26553
6.31823
6.36671
6.40439
6.42516
5.56653
5.57649
5.59592
5.6237
5.65799
5.69614
5.73465
5.76933
5.79578
5.81015
5.5665
5.57646
5.5959
5.62367
5.65796
5.69611
5.73462
5.76931
5.79575
5.81013
5.56648
5.57644
5.59588
5.62365
5.65795
5.6961
5.73461
5.76929
5.79574
5.81012
5.56647
5.57643
5.59586
5.62364
5.65793
5.69608
5.7346
5.76928
5.79573
5.81011
5.56646
5.57643
5.59586
5.62364
5.65793
5.69608
5.73459
5.76928
5.79572
5.81011
5.56646
5.57643
5.59586
5.62364
5.65793
5.69608
5.73459
5.76928
5.79573
5.81011
5.56647
5.57643
5.59587
5.62365
5.65794
5.69609
5.7346
5.76929
5.79574
5.81012
5.56648
5.57645
5.59588
5.62366
5.65796
5.69611
5.73462
5.76931
5.79576
5.81014
5.5665
5.57647
5.5959
5.62368
5.65798
5.69613
5.73464
5.76933
5.79578
5.81016
5.56652
5.57649
5.59593
5.62371
5.65801
5.69616
5.73467
5.76936
5.79581
5.81019
5.21676
5.22497
5.2409
5.26347
5.29103
5.32127
5.35134
5.37801
5.39807
5.40888
5.21673
5.22494
5.24087
5.26345
5.291
5.32124
5.35131
5.37798
5.39805
5.40886
5.21672
5.22493
5.24086
5.26343
5.29099
5.32123
5.3513
5.37797
5.39804
5.40885
5.21671
5.22492
5.24084
5.26342
5.29098
5.32122
5.35129
5.37796
5.39803
5.40884
5.2167
5.22491
5.24084
5.26342
5.29097
5.32121
5.35128
5.37796
5.39803
5.40884
5.2167
5.22491
5.24084
5.26342
5.29098
5.32122
5.35129
5.37796
5.39803
5.40885
5.21671
5.22492
5.24085
5.26343
5.29098
5.32123
5.35129
5.37797
5.39804
5.40886
5.21672
5.22493
5.24086
5.26344
5.291
5.32124
5.35131
5.37799
5.39806
5.40887
5.21674
5.22495
5.24088
5.26346
5.29102
5.32126
5.35133
5.37801
5.39808
5.4089
5.21676
5.22498
5.24091
5.26349
5.29105
5.32129
5.35136
5.37804
5.39811
5.40893
5.04279
5.05014
5.06437
5.08444
5.10878
5.13529
5.16142
5.18442
5.20159
5.21079
5.04277
5.05012
5.06435
5.08442
5.10876
5.13527
5.1614
5.1844
5.20157
5.21078
5.04275
5.05011
5.06434
5.08441
5.10875
5.13525
5.16139
5.18438
5.20156
5.21077
5.04274
5.0501
5.06433
5.0844
5.10874
5.13525
5.16138
5.18438
5.20155
5.21077
5.04274
5.0501
5.06433
5.0844
5.10874
5.13524
5.16138
5.18437
5.20155
5.21076
5.04274
5.0501
5.06433
5.0844
5.10874
5.13524
5.16138
5.18438
5.20156
5.21077
5.04275
5.0501
5.06433
5.08441
5.10875
5.13525
5.16139
5.18439
5.20157
5.21078
5.04276
5.05012
5.06435
5.08442
5.10876
5.13527
5.16141
5.1844
5.20158
5.21079
5.04277
5.05014
5.06437
5.08444
5.10878
5.13529
5.16143
5.18443
5.20161
5.21082
5.04279
5.05016
5.06439
5.08447
5.10881
5.13532
5.16146
5.18445
5.20163
5.21085
39.0174
39.3117
39.8714
40.5708
41.3061
42.0024
42.608
43.0878
43.419
43.5879
39.0173
39.3116
39.8713
40.5707
41.306
42.0023
42.6079
43.0877
43.4189
43.5878
39.0172
39.3115
39.8712
40.5707
41.3059
42.0022
42.6078
43.0877
43.4189
43.5877
39.0172
39.3115
39.8711
40.5706
41.3058
42.0022
42.6078
43.0876
43.4188
43.5877
39.0171
39.3115
39.8711
40.5706
41.3058
42.0021
42.6078
43.0876
43.4188
43.5877
39.0172
39.3115
39.8711
40.5706
41.3058
42.0022
42.6078
43.0876
43.4188
43.5877
39.0172
39.3115
39.8711
40.5706
41.3059
42.0022
42.6078
43.0877
43.4189
43.5877
39.0172
39.3116
39.8712
40.5707
41.3059
42.0022
42.6079
43.0877
43.4189
43.5878
39.0173
39.3116
39.8713
40.5708
41.306
42.0023
42.608
43.0878
43.419
43.5879
39.0174
39.3117
39.8714
40.5709
41.3061
42.0024
42.6081
43.0879
43.4191
43.588
34.3736
34.5758
34.952
35.4376
35.9652
36.4786
36.9343
37.3007
37.5561
37.687
34.3735
34.5757
34.9519
35.4375
35.9651
36.4785
36.9342
37.3006
37.556
37.687
34.3734
34.5756
34.9519
35.4374
35.965
36.4784
36.9341
37.3005
37.5559
37.6869
34.3733
34.5756
34.9518
35.4373
35.965
36.4784
36.9341
37.3005
37.5559
37.6869
34.3733
34.5756
34.9518
35.4373
35.965
36.4784
36.934
37.3004
37.5559
37.6869
34.3733
34.5756
34.9518
35.4373
35.965
36.4784
36.934
37.3004
37.5559
37.6869
34.3733
34.5756
34.9518
35.4374
35.965
36.4784
36.9341
37.3005
37.5559
37.6869
34.3734
34.5757
34.9519
35.4374
35.9651
36.4785
36.9341
37.3005
37.556
37.687
34.3735
34.5757
34.952
35.4375
35.9652
36.4785
36.9342
37.3006
37.5561
37.6871
34.3735
34.5758
34.9521
35.4376
35.9653
36.4786
36.9343
37.3007
37.5562
37.6872
30.2199
30.3595
30.6189
30.9601
31.3394
31.7159
32.0557
32.3324
32.5269
32.6272
30.2198
30.3594
30.6188
30.96
31.3393
31.7158
32.0556
32.3323
32.5268
32.6271
30.2198
30.3594
30.6187
30.9599
31.3392
31.7158
32.0556
32.3322
32.5268
32.6271
30.2197
30.3593
30.6187
30.9599
31.3392
31.7157
32.0555
32.3322
32.5268
32.6271
30.2197
30.3593
30.6187
30.9599
31.3392
31.7157
32.0555
32.3322
32.5267
32.627
30.2197
30.3593
30.6187
30.9599
31.3392
31.7157
32.0555
32.3322
32.5267
32.6271
30.2197
30.3593
30.6187
30.9599
31.3392
31.7158
32.0556
32.3322
32.5268
32.6271
30.2198
30.3594
30.6188
30.96
31.3392
31.7158
32.0556
32.3323
32.5268
32.6271
30.2198
30.3594
30.6188
30.96
31.3393
31.7159
32.0557
32.3324
32.5269
32.6272
30.2199
30.3595
30.6189
30.9601
31.3394
31.716
32.0558
32.3325
32.527
32.6273
26.5881
26.6856
26.8676
27.1101
27.3838
27.6598
27.9121
28.1196
28.2666
28.3427
26.588
26.6855
26.8675
27.11
27.3838
27.6597
27.912
28.1195
28.2665
28.3426
26.5879
26.6854
26.8674
27.1099
27.3837
27.6597
27.9119
28.1194
28.2664
28.3426
26.5879
26.6854
26.8674
27.1099
27.3836
27.6596
27.9119
28.1194
28.2664
28.3425
26.5879
26.6854
26.8674
27.1098
27.3836
27.6596
27.9119
28.1194
28.2664
28.3425
26.5879
26.6854
26.8674
27.1099
27.3836
27.6596
27.9119
28.1194
28.2664
28.3425
26.5879
26.6854
26.8674
27.1099
27.3837
27.6596
27.9119
28.1194
28.2664
28.3426
26.5879
26.6854
26.8674
27.1099
27.3837
27.6597
27.912
28.1195
28.2665
28.3426
26.588
26.6855
26.8675
27.11
27.3838
27.6598
27.912
28.1196
28.2666
28.3427
26.5881
26.6856
26.8676
27.1101
27.3839
27.6599
27.9121
28.1197
28.2667
28.3428
23.4897
23.5589
23.6886
23.8629
24.062
24.2649
24.4523
24.6077
24.7185
24.7761
23.4896
23.5588
23.6885
23.8628
24.0619
24.2649
24.4523
24.6077
24.7184
24.776
23.4896
23.5587
23.6884
23.8628
24.0619
24.2648
24.4522
24.6076
24.7184
24.776
23.4895
23.5587
23.6884
23.8627
24.0618
24.2648
24.4522
24.6076
24.7183
24.7759
23.4895
23.5587
23.6884
23.8627
24.0618
24.2647
24.4521
24.6076
24.7183
24.7759
23.4895
23.5587
23.6884
23.8627
24.0618
24.2648
24.4522
24.6076
24.7183
24.7759
23.4895
23.5587
23.6884
23.8627
24.0618
24.2648
24.4522
24.6076
24.7184
24.776
23.4896
23.5587
23.6884
23.8628
24.0619
24.2648
24.4522
24.6077
24.7184
24.776
23.4896
23.5588
23.6885
23.8629
24.062
24.2649
24.4523
24.6077
24.7185
24.7761
23.4897
23.5589
23.6886
23.863
24.0621
24.265
24.4524
24.6078
24.7186
24.7762
20.925
20.9749
21.069
21.1963
21.3429
21.4936
21.6338
21.7508
21.8346
21.8783
20.9249
20.9749
21.0689
21.1962
21.3428
21.4935
21.6337
21.7507
21.8346
21.8783
20.9248
20.9748
21.0689
21.1962
21.3427
21.4934
21.6336
21.7507
21.8345
21.8782
20.9248
20.9748
21.0688
21.1961
21.3427
21.4934
21.6336
21.7506
21.8345
21.8782
20.9248
20.9747
21.0688
21.1961
21.3427
21.4934
21.6336
21.7506
21.8345
21.8782
20.9248
20.9747
21.0688
21.1961
21.3427
21.4934
21.6336
21.7506
21.8345
21.8782
20.9248
20.9748
21.0688
21.1962
21.3427
21.4934
21.6336
21.7507
21.8345
21.8782
20.9248
20.9748
21.0689
21.1962
21.3428
21.4934
21.6337
21.7507
21.8346
21.8783
20.9249
20.9749
21.0689
21.1963
21.3428
21.4935
21.6337
21.7508
21.8346
21.8784
20.925
20.9749
21.069
21.1964
21.3429
21.4936
21.6338
21.7509
21.8347
21.8784
18.8879
18.9249
18.9949
19.09
19.2003
19.3143
19.4211
19.5107
19.5751
19.6088
18.8878
18.9248
18.9948
19.09
19.2002
19.3143
19.421
19.5106
19.575
19.6087
18.8877
18.9248
18.9947
19.0899
19.2002
19.3142
19.421
19.5106
19.575
19.6087
18.8877
18.9247
18.9947
19.0899
19.2001
19.3142
19.421
19.5105
19.575
19.6087
18.8877
18.9247
18.9947
19.0899
19.2001
19.3142
19.4209
19.5105
19.575
19.6087
18.8877
18.9247
18.9947
19.0899
19.2001
19.3142
19.421
19.5105
19.575
19.6087
18.8877
18.9247
18.9947
19.0899
19.2001
19.3142
19.421
19.5106
19.575
19.6087
18.8877
18.9248
18.9947
19.0899
19.2002
19.3142
19.421
19.5106
19.575
19.6087
18.8878
18.9248
18.9948
19.09
19.2003
19.3143
19.4211
19.5107
19.5751
19.6088
18.8878
18.9249
18.9949
19.0901
19.2003
19.3144
19.4212
19.5108
19.5752
19.6089
17.37
17.3986
17.4528
17.5267
17.6128
17.7022
17.7863
17.8571
17.9082
17.935
17.37
17.3986
17.4527
17.5267
17.6127
17.7021
17.7862
17.857
17.9081
17.9349
17.3699
17.3985
17.4527
17.5266
17.6126
17.7021
17.7862
17.857
17.9081
17.9349
17.3699
17.3985
17.4526
17.5266
17.6126
17.702
17.7861
17.857
17.9081
17.9348
17.3699
17.3985
17.4526
17.5266
17.6126
17.702
17.7861
17.857
17.9081
17.9348
17.3699
17.3985
17.4526
17.5266
17.6126
17.702
17.7861
17.857
17.9081
17.9349
17.3699
17.3985
17.4526
17.5266
17.6126
17.7021
17.7862
17.857
17.9081
17.9349
17.3699
17.3985
17.4527
17.5266
17.6127
17.7021
17.7862
17.857
17.9081
17.9349
17.37
17.3986
17.4527
17.5267
17.6127
17.7022
17.7863
17.8571
17.9082
17.935
17.37
17.3986
17.4528
17.5268
17.6128
17.7022
17.7863
17.8572
17.9083
17.9351
16.3635
16.387
16.4315
16.4926
16.5638
16.6381
16.7082
16.7674
16.8101
16.8326
16.3634
16.3869
16.4315
16.4925
16.5637
16.638
16.7081
16.7673
16.8101
16.8325
16.3633
16.3868
16.4314
16.4925
16.5637
16.638
16.7081
16.7673
16.81
16.8325
16.3633
16.3868
16.4314
16.4924
16.5637
16.6379
16.708
16.7672
16.81
16.8325
16.3633
16.3868
16.4314
16.4924
16.5637
16.6379
16.708
16.7672
16.81
16.8325
16.3633
16.3868
16.4314
16.4924
16.5637
16.6379
16.708
16.7672
16.81
16.8325
16.3633
16.3868
16.4314
16.4925
16.5637
16.638
16.7081
16.7673
16.8101
16.8325
16.3634
16.3869
16.4315
16.4925
16.5637
16.638
16.7081
16.7673
16.8101
16.8326
16.3634
16.3869
16.4315
16.4926
16.5638
16.6381
16.7082
16.7674
16.8102
16.8326
16.3635
16.387
16.4316
16.4926
16.5639
16.6382
16.7082
16.7674
16.8102
16.8327
15.8619
15.883
15.9231
15.978
16.0422
16.1093
16.1727
16.2263
16.2651
16.2855
15.8618
15.8829
15.923
15.9779
16.0421
16.1092
16.1726
16.2262
16.265
16.2854
15.8618
15.8829
15.923
15.9779
16.0421
16.1092
16.1726
16.2262
16.265
16.2854
15.8617
15.8828
15.9229
15.9779
16.0421
16.1092
16.1726
16.2262
16.265
16.2854
15.8617
15.8828
15.9229
15.9779
16.0421
16.1092
16.1725
16.2262
16.265
16.2854
15.8617
15.8828
15.9229
15.9779
16.0421
16.1092
16.1726
16.2262
16.265
16.2854
15.8617
15.8829
15.9229
15.9779
16.0421
16.1092
16.1726
16.2262
16.265
16.2854
15.8618
15.8829
15.923
15.9779
16.0421
16.1092
16.1726
16.2263
16.2651
16.2855
15.8618
15.8829
15.923
15.978
16.0422
16.1093
16.1727
16.2263
16.2651
16.2855
15.8619
15.883
15.9231
15.9781
16.0423
16.1094
16.1728
16.2264
16.2652
16.2856
)
;

boundaryField
{
    inlet1
    {
        type            fixedValue;
        value           uniform 10;
    }
    inlet2
    {
        type            fixedValue;
        value           uniform 20;
    }
    outlet1
    {
        type            zeroGradient;
    }
    outlet2
    {
        type            zeroGradient;
    }
    fixedWalls
    {
        type            zeroGradient;
    }
}


// ************************************************************************* //
