/*--------------------------------*- C++ -*----------------------------------*\
  =========                 |
  \\      /  F ield         | OpenFOAM: The Open Source CFD Toolbox
   \\    /   O peration     | Website:  https://openfoam.org
    \\  /    A nd           | Version:  6
     \\/     M anipulation  |
\*---------------------------------------------------------------------------*/
FoamFile
{
    version     2.0;
    format      ascii;
    class       volScalarField;
    location    "0.915";
    object      T;
}
// * * * * * * * * * * * * * * * * * * * * * * * * * * * * * * * * * * * * * //

dimensions      [0 0 0 1 0 0 0];

internalField   nonuniform List<scalar> 
7000
(
106.651
106.65
106.647
106.644
106.641
106.637
106.633
106.629
106.626
106.625
106.651
106.65
106.647
106.644
106.641
106.637
106.633
106.629
106.626
106.625
106.651
106.65
106.647
106.644
106.641
106.637
106.633
106.629
106.626
106.625
106.651
106.65
106.647
106.644
106.641
106.637
106.633
106.629
106.626
106.625
106.651
106.65
106.647
106.644
106.641
106.637
106.633
106.629
106.626
106.625
106.651
106.65
106.647
106.644
106.641
106.637
106.633
106.629
106.626
106.625
106.651
106.65
106.647
106.644
106.641
106.637
106.633
106.629
106.626
106.625
106.651
106.65
106.647
106.644
106.641
106.637
106.633
106.629
106.626
106.625
106.651
106.65
106.647
106.644
106.641
106.637
106.633
106.629
106.626
106.625
106.651
106.65
106.647
106.644
106.641
106.637
106.633
106.629
106.626
106.625
99.972
99.9686
99.962
99.9528
99.9415
99.9291
99.9167
99.9058
99.8975
99.8931
99.972
99.9686
99.962
99.9528
99.9415
99.9291
99.9167
99.9058
99.8975
99.893
99.9719
99.9686
99.962
99.9527
99.9414
99.929
99.9167
99.9057
99.8975
99.893
99.9719
99.9686
99.962
99.9527
99.9414
99.929
99.9167
99.9057
99.8975
99.893
99.9719
99.9686
99.962
99.9527
99.9414
99.929
99.9167
99.9057
99.8975
99.893
99.9719
99.9685
99.962
99.9527
99.9414
99.929
99.9167
99.9057
99.8975
99.893
99.9719
99.9685
99.962
99.9527
99.9414
99.929
99.9167
99.9057
99.8975
99.893
99.9719
99.9686
99.962
99.9527
99.9414
99.929
99.9167
99.9057
99.8975
99.893
99.9719
99.9686
99.962
99.9527
99.9414
99.929
99.9167
99.9057
99.8975
99.893
99.9719
99.9686
99.962
99.9528
99.9415
99.9291
99.9167
99.9058
99.8975
99.893
93.3524
93.3467
93.3357
93.32
93.3007
93.2793
93.2579
93.2388
93.2242
93.2163
93.3524
93.3467
93.3357
93.3199
93.3007
93.2793
93.2579
93.2387
93.2242
93.2163
93.3524
93.3467
93.3356
93.3199
93.3006
93.2793
93.2579
93.2387
93.2242
93.2163
93.3524
93.3467
93.3356
93.3199
93.3006
93.2793
93.2579
93.2387
93.2242
93.2163
93.3524
93.3467
93.3356
93.3199
93.3006
93.2793
93.2579
93.2387
93.2241
93.2163
93.3524
93.3467
93.3356
93.3199
93.3006
93.2793
93.2579
93.2387
93.2241
93.2163
93.3524
93.3467
93.3356
93.3199
93.3006
93.2793
93.2579
93.2387
93.2242
93.2163
93.3524
93.3467
93.3356
93.3199
93.3006
93.2793
93.2579
93.2387
93.2242
93.2163
93.3524
93.3467
93.3356
93.3199
93.3006
93.2793
93.2579
93.2387
93.2242
93.2163
93.3524
93.3467
93.3357
93.3199
93.3007
93.2793
93.2579
93.2387
93.2242
93.2163
86.831
86.8229
86.8071
86.7846
86.7568
86.7256
86.6938
86.6649
86.6427
86.6305
86.8309
86.8228
86.8071
86.7846
86.7567
86.7255
86.6938
86.6649
86.6426
86.6304
86.8309
86.8228
86.8071
86.7846
86.7567
86.7255
86.6938
86.6649
86.6426
86.6304
86.8309
86.8228
86.8071
86.7846
86.7567
86.7255
86.6938
86.6649
86.6426
86.6304
86.8309
86.8228
86.8071
86.7846
86.7567
86.7255
86.6938
86.6649
86.6426
86.6304
86.8309
86.8228
86.8071
86.7846
86.7567
86.7255
86.6938
86.6649
86.6426
86.6304
86.8309
86.8228
86.8071
86.7846
86.7567
86.7255
86.6938
86.6649
86.6426
86.6304
86.8309
86.8228
86.8071
86.7846
86.7567
86.7255
86.6938
86.6649
86.6426
86.6304
86.8309
86.8228
86.8071
86.7846
86.7567
86.7255
86.6938
86.6649
86.6426
86.6304
86.8309
86.8228
86.8071
86.7846
86.7567
86.7256
86.6938
86.6649
86.6427
86.6305
80.4452
80.4347
80.4143
80.3847
80.3476
80.3054
80.2615
80.2205
80.1882
80.1701
80.4452
80.4347
80.4142
80.3847
80.3476
80.3054
80.2614
80.2205
80.1882
80.1701
80.4451
80.4347
80.4142
80.3846
80.3476
80.3053
80.2614
80.2205
80.1881
80.1701
80.4451
80.4347
80.4142
80.3846
80.3475
80.3053
80.2614
80.2205
80.1881
80.1701
80.4451
80.4347
80.4142
80.3846
80.3475
80.3053
80.2614
80.2205
80.1881
80.17
80.4451
80.4346
80.4142
80.3846
80.3475
80.3053
80.2614
80.2205
80.1881
80.17
80.4451
80.4347
80.4142
80.3846
80.3475
80.3053
80.2614
80.2205
80.1881
80.17
80.4451
80.4347
80.4142
80.3846
80.3476
80.3053
80.2614
80.2205
80.1881
80.1701
80.4451
80.4347
80.4142
80.3846
80.3476
80.3053
80.2614
80.2205
80.1881
80.1701
80.4452
80.4347
80.4142
80.3847
80.3476
80.3054
80.2615
80.2205
80.1882
80.1701
74.2313
74.2186
74.1936
74.1571
74.1104
74.0559
73.9975
73.941
73.8946
73.8677
74.2313
74.2186
74.1936
74.157
74.1104
74.0559
73.9975
73.941
73.8945
73.8677
74.2312
74.2185
74.1935
74.157
74.1103
74.0559
73.9975
73.941
73.8945
73.8676
74.2312
74.2185
74.1935
74.157
74.1103
74.0559
73.9975
73.9409
73.8945
73.8676
74.2312
74.2185
74.1935
74.157
74.1103
74.0559
73.9974
73.9409
73.8945
73.8676
74.2312
74.2185
74.1935
74.157
74.1103
74.0559
73.9974
73.9409
73.8945
73.8676
74.2312
74.2185
74.1935
74.157
74.1103
74.0559
73.9975
73.9409
73.8945
73.8676
74.2312
74.2185
74.1935
74.157
74.1103
74.0559
73.9975
73.941
73.8945
73.8676
74.2312
74.2185
74.1935
74.157
74.1104
74.0559
73.9975
73.941
73.8945
73.8677
74.2312
74.2186
74.1936
74.157
74.1104
74.0559
73.9975
73.941
73.8946
73.8677
68.2232
68.2087
68.18
68.1373
68.0815
68.0141
67.9387
67.8615
67.7939
67.7523
68.2232
68.2087
68.1799
68.1373
68.0814
68.0141
67.9386
67.8615
67.7939
67.7523
68.2232
68.2087
68.1799
68.1372
68.0814
68.0141
67.9386
67.8614
67.7939
67.7523
68.2231
68.2087
68.1799
68.1372
68.0814
68.014
67.9386
67.8614
67.7939
67.7522
68.2231
68.2086
68.1799
68.1372
68.0814
68.014
67.9386
67.8614
67.7938
67.7522
68.2231
68.2086
68.1799
68.1372
68.0814
68.014
67.9386
67.8614
67.7938
67.7522
68.2231
68.2086
68.1799
68.1372
68.0814
68.014
67.9386
67.8614
67.7939
67.7522
68.2231
68.2087
68.1799
68.1372
68.0814
68.014
67.9386
67.8614
67.7939
67.7523
68.2232
68.2087
68.1799
68.1372
68.0814
68.0141
67.9386
67.8614
67.7939
67.7523
68.2232
68.2087
68.1799
68.1373
68.0814
68.0141
67.9386
67.8615
67.7939
67.7523
62.4521
62.4367
62.4058
62.3591
62.2962
62.217
62.1226
62.0181
61.9168
61.847
62.4521
62.4367
62.4058
62.3591
62.2962
62.2169
62.1226
62.018
61.9168
61.8469
62.4521
62.4367
62.4058
62.3591
62.2961
62.2169
62.1226
62.018
61.9168
61.8469
62.452
62.4367
62.4057
62.359
62.2961
62.2169
62.1225
62.018
61.9167
61.8469
62.452
62.4366
62.4057
62.359
62.2961
62.2169
62.1225
62.018
61.9167
61.8469
62.452
62.4366
62.4057
62.359
62.2961
62.2169
62.1225
62.018
61.9167
61.8469
62.452
62.4366
62.4057
62.359
62.2961
62.2169
62.1225
62.018
61.9167
61.8469
62.452
62.4367
62.4058
62.359
62.2961
62.2169
62.1225
62.018
61.9167
61.8469
62.4521
62.4367
62.4058
62.3591
62.2961
62.2169
62.1226
62.018
61.9168
61.8469
62.4521
62.4367
62.4058
62.3591
62.2962
62.217
62.1226
62.0181
61.9168
61.847
56.9456
56.9307
56.9005
56.8539
56.7888
56.7023
56.5906
56.4518
56.2945
56.1616
56.9455
56.9306
56.9004
56.8538
56.7888
56.7023
56.5906
56.4517
56.2945
56.1615
56.9455
56.9306
56.9004
56.8538
56.7887
56.7022
56.5905
56.4517
56.2944
56.1615
56.9455
56.9306
56.9004
56.8538
56.7887
56.7022
56.5905
56.4517
56.2944
56.1615
56.9454
56.9306
56.9004
56.8537
56.7887
56.7022
56.5905
56.4517
56.2944
56.1615
56.9454
56.9306
56.9004
56.8537
56.7887
56.7022
56.5905
56.4517
56.2944
56.1615
56.9454
56.9306
56.9004
56.8537
56.7887
56.7022
56.5905
56.4517
56.2944
56.1615
56.9455
56.9306
56.9004
56.8538
56.7887
56.7022
56.5905
56.4517
56.2944
56.1615
56.9455
56.9306
56.9004
56.8538
56.7888
56.7023
56.5906
56.4517
56.2945
56.1615
56.9455
56.9306
56.9004
56.8538
56.7888
56.7023
56.5906
56.4518
56.2945
56.1616
51.7264
51.7141
51.6889
51.649
51.5911
51.5086
51.3903
51.218
50.9712
50.6732
51.7264
51.7141
51.6888
51.649
51.591
51.5086
51.3903
51.218
50.9712
50.6731
51.7264
51.714
51.6888
51.6489
51.591
51.5085
51.3902
51.2179
50.9712
50.6731
51.7263
51.714
51.6888
51.6489
51.591
51.5085
51.3902
51.2179
50.9711
50.6731
51.7263
51.714
51.6888
51.6489
51.5909
51.5085
51.3902
51.2179
50.9711
50.673
51.7263
51.714
51.6887
51.6489
51.5909
51.5085
51.3902
51.2179
50.9711
50.673
51.7263
51.714
51.6888
51.6489
51.5909
51.5085
51.3902
51.2179
50.9711
50.6731
51.7263
51.714
51.6888
51.6489
51.591
51.5085
51.3902
51.2179
50.9711
50.6731
51.7264
51.714
51.6888
51.6489
51.591
51.5086
51.3902
51.2179
50.9712
50.6731
51.7264
51.7141
51.6888
51.649
51.591
51.5086
51.3903
51.218
50.9712
50.6732
46.8123
46.8051
46.7902
46.7662
46.7294
46.6719
46.5767
46.4049
46.0604
45.2615
46.8123
46.805
46.7902
46.7661
46.7293
46.6719
46.5766
46.4049
46.0604
45.2615
46.8122
46.805
46.7901
46.7661
46.7293
46.6718
46.5766
46.4048
46.0603
45.2614
46.8122
46.805
46.7901
46.766
46.7292
46.6718
46.5765
46.4048
46.0603
45.2614
46.8122
46.805
46.7901
46.766
46.7292
46.6718
46.5765
46.4048
46.0603
45.2614
46.8122
46.805
46.7901
46.766
46.7292
46.6718
46.5765
46.4048
46.0603
45.2614
46.8122
46.805
46.7901
46.766
46.7292
46.6718
46.5765
46.4048
46.0603
45.2614
46.8122
46.805
46.7901
46.7661
46.7293
46.6718
46.5766
46.4048
46.0603
45.2614
46.8122
46.805
46.7901
46.7661
46.7293
46.6719
46.5766
46.4048
46.0603
45.2614
46.8122
46.8051
46.7902
46.7661
46.7293
46.6719
46.5766
46.4049
46.0604
45.2615
42.2145
42.215
42.2163
42.2183
42.2195
42.2157
42.1966
42.1397
42.0024
41.7239
42.2144
42.215
42.2163
42.2182
42.2194
42.2157
42.1966
42.1397
42.0023
41.7238
42.2144
42.2149
42.2162
42.2182
42.2194
42.2156
42.1965
42.1396
42.0022
41.7238
42.2143
42.2149
42.2162
42.2181
42.2194
42.2156
42.1965
42.1396
42.0022
41.7237
42.2143
42.2149
42.2162
42.2181
42.2193
42.2156
42.1965
42.1396
42.0022
41.7237
42.2143
42.2149
42.2162
42.2181
42.2193
42.2156
42.1965
42.1396
42.0022
41.7237
42.2143
42.2149
42.2162
42.2181
42.2193
42.2156
42.1965
42.1396
42.0022
41.7237
42.2144
42.2149
42.2162
42.2182
42.2194
42.2156
42.1965
42.1396
42.0022
41.7238
42.2144
42.2149
42.2163
42.2182
42.2194
42.2157
42.1966
42.1397
42.0023
41.7238
42.2144
42.215
42.2163
42.2182
42.2195
42.2157
42.1966
42.1397
42.0023
41.7239
37.9378
37.9484
37.9709
38.0075
38.0611
38.1346
38.2307
38.3522
38.509
38.744
37.9377
37.9483
37.9708
38.0074
38.061
38.1346
38.2307
38.3522
38.5089
38.7439
37.9377
37.9483
37.9708
38.0074
38.061
38.1345
38.2306
38.3521
38.5089
38.7438
37.9376
37.9483
37.9707
38.0073
38.0609
38.1345
38.2306
38.3521
38.5088
38.7438
37.9376
37.9482
37.9707
38.0073
38.0609
38.1345
38.2306
38.3521
38.5088
38.7438
37.9376
37.9482
37.9707
38.0073
38.0609
38.1345
38.2306
38.3521
38.5088
38.7438
37.9376
37.9482
37.9707
38.0073
38.0609
38.1345
38.2306
38.3521
38.5088
38.7438
37.9376
37.9483
37.9708
38.0074
38.061
38.1345
38.2306
38.3521
38.5088
38.7438
37.9377
37.9483
37.9708
38.0074
38.061
38.1346
38.2306
38.3521
38.5089
38.7439
37.9377
37.9483
37.9708
38.0074
38.0611
38.1346
38.2307
38.3522
38.509
38.7439
33.9809
34.0029
34.0496
34.126
34.2401
34.4027
34.6291
34.9414
35.3766
36.0031
33.9808
34.0028
34.0495
34.126
34.24
34.4027
34.629
34.9413
35.3766
36.003
33.9808
34.0028
34.0495
34.1259
34.24
34.4026
34.629
34.9413
35.3765
36.0029
33.9807
34.0028
34.0495
34.1259
34.24
34.4026
34.6289
34.9413
35.3765
36.0029
33.9807
34.0028
34.0494
34.1259
34.2399
34.4026
34.6289
34.9413
35.3765
36.0029
33.9807
34.0028
34.0494
34.1259
34.2399
34.4026
34.6289
34.9412
35.3765
36.0029
33.9807
34.0028
34.0495
34.1259
34.24
34.4026
34.6289
34.9413
35.3765
36.0029
33.9807
34.0028
34.0495
34.1259
34.24
34.4026
34.629
34.9413
35.3765
36.0029
33.9808
34.0028
34.0495
34.126
34.24
34.4026
34.629
34.9413
35.3766
36.003
33.9808
34.0029
34.0496
34.126
34.2401
34.4027
34.6291
34.9414
35.3766
36.003
30.3372
30.3708
30.4421
30.559
30.7342
30.9857
31.3389
31.8281
32.5007
33.4227
30.3371
30.3708
30.4421
30.559
30.7341
30.9857
31.3388
31.828
32.5007
33.4226
30.3371
30.3707
30.442
30.5589
30.7341
30.9856
31.3388
31.8279
32.5006
33.4226
30.337
30.3707
30.442
30.5589
30.7341
30.9856
31.3387
31.8279
32.5006
33.4225
30.337
30.3707
30.442
30.5589
30.734
30.9856
31.3387
31.8279
32.5006
33.4225
30.337
30.3707
30.442
30.5589
30.734
30.9856
31.3387
31.8279
32.5006
33.4225
30.337
30.3707
30.442
30.5589
30.7341
30.9856
31.3387
31.8279
32.5006
33.4225
30.3371
30.3707
30.442
30.5589
30.7341
30.9856
31.3388
31.8279
32.5006
33.4225
30.3371
30.3708
30.4421
30.559
30.7341
30.9857
31.3388
31.828
32.5007
33.4226
30.3371
30.3708
30.4421
30.559
30.7342
30.9857
31.3389
31.828
32.5007
33.4227
26.9961
27.0404
27.134
27.2874
27.5173
27.848
28.3126
28.9542
29.8258
30.9859
26.9961
27.0403
27.1339
27.2873
27.5173
27.848
28.3125
28.9541
29.8257
30.9858
26.996
27.0403
27.1339
27.2873
27.5172
27.8479
28.3125
28.9541
29.8257
30.9858
26.996
27.0403
27.1338
27.2873
27.5172
27.8479
28.3125
28.9541
29.8257
30.9857
26.996
27.0402
27.1338
27.2872
27.5172
27.8479
28.3124
28.954
29.8256
30.9857
26.996
27.0402
27.1338
27.2872
27.5172
27.8479
28.3124
28.954
29.8256
30.9857
26.996
27.0402
27.1338
27.2872
27.5172
27.8479
28.3125
28.9541
29.8257
30.9857
26.996
27.0403
27.1339
27.2873
27.5172
27.8479
28.3125
28.9541
29.8257
30.9858
26.996
27.0403
27.1339
27.2873
27.5173
27.848
28.3125
28.9541
29.8257
30.9858
26.9961
27.0403
27.1339
27.2874
27.5173
27.848
28.3126
28.9542
29.8258
30.9859
23.9447
23.9973
24.1084
24.2903
24.5629
24.9549
25.5068
26.271
27.3103
28.685
23.9447
23.9973
24.1084
24.2903
24.5628
24.9549
25.5067
26.271
27.3102
28.6849
23.9447
23.9972
24.1083
24.2903
24.5628
24.9549
25.5067
26.2709
27.3102
28.6848
23.9446
23.9972
24.1083
24.2902
24.5627
24.9548
25.5067
26.2709
27.3101
28.6848
23.9446
23.9972
24.1083
24.2902
24.5627
24.9548
25.5067
26.2709
27.3101
28.6848
23.9446
23.9972
24.1083
24.2902
24.5627
24.9548
25.5067
26.2709
27.3101
28.6848
23.9446
23.9972
24.1083
24.2902
24.5627
24.9548
25.5067
26.2709
27.3101
28.6848
23.9446
23.9972
24.1083
24.2902
24.5628
24.9548
25.5067
26.2709
27.3102
28.6848
23.9447
23.9973
24.1084
24.2903
24.5628
24.9549
25.5067
26.271
27.3102
28.6849
23.9447
23.9973
24.1084
24.2903
24.5628
24.9549
25.5068
26.271
27.3103
28.6849
21.169
21.2268
21.3488
21.5479
21.8456
22.274
22.8793
23.7263
24.9
26.4922
21.169
21.2268
21.3487
21.5478
21.8455
22.2739
22.8792
23.7262
24.9
26.4921
21.169
21.2268
21.3487
21.5478
21.8455
22.2739
22.8792
23.7262
24.8999
26.4921
21.1689
21.2267
21.3487
21.5478
21.8455
22.2738
22.8792
23.7262
24.8999
26.492
21.1689
21.2267
21.3486
21.5478
21.8455
22.2738
22.8791
23.7261
24.8999
26.492
21.1689
21.2267
21.3486
21.5478
21.8455
22.2738
22.8791
23.7261
24.8999
26.492
21.1689
21.2267
21.3486
21.5478
21.8455
22.2738
22.8792
23.7262
24.8999
26.492
21.1689
21.2268
21.3487
21.5478
21.8455
22.2739
22.8792
23.7262
24.8999
26.4921
21.169
21.2268
21.3487
21.5478
21.8455
22.2739
22.8792
23.7262
24.9
26.4921
21.169
21.2268
21.3488
21.5479
21.8456
22.274
22.8793
23.7263
24.9
26.4922
18.6553
18.7148
18.8397
19.0427
19.3447
19.7774
20.3895
21.2565
22.5001
24.3111
18.6553
18.7147
18.8397
19.0427
19.3446
19.7774
20.3895
21.2564
22.5
24.3111
18.6553
18.7147
18.8396
19.0426
19.3446
19.7774
20.3894
21.2564
22.5
24.311
18.6552
18.7147
18.8396
19.0426
19.3446
19.7773
20.3894
21.2564
22.4999
24.311
18.6552
18.7147
18.8396
19.0426
19.3445
19.7773
20.3894
21.2563
22.4999
24.311
18.6552
18.7147
18.8396
19.0426
19.3445
19.7773
20.3894
21.2563
22.4999
24.311
18.6552
18.7147
18.8396
19.0426
19.3446
19.7773
20.3894
21.2564
22.4999
24.311
18.6553
18.7147
18.8396
19.0426
19.3446
19.7774
20.3894
21.2564
22.5
24.311
18.6553
18.7147
18.8396
19.0427
19.3446
19.7774
20.3895
21.2564
22.5
24.3111
18.6553
18.7148
18.8397
19.0427
19.3447
19.7774
20.3895
21.2565
22.5001
24.3111
16.3913
16.4488
16.569
16.7626
17.0471
17.449
18.009
18.795
19.9437
21.8152
16.3912
16.4487
16.5689
16.7626
17.0471
17.449
18.0089
18.7949
19.9436
21.8152
16.3912
16.4487
16.5689
16.7625
17.047
17.449
18.0089
18.7949
19.9436
21.8151
16.3912
16.4487
16.5689
16.7625
17.047
17.4489
18.0089
18.7948
19.9436
21.8151
16.3912
16.4487
16.5689
16.7625
17.047
17.4489
18.0089
18.7948
19.9436
21.8151
16.3912
16.4487
16.5689
16.7625
17.047
17.4489
18.0089
18.7948
19.9436
21.8151
16.3912
16.4487
16.5689
16.7625
17.047
17.4489
18.0089
18.7949
19.9436
21.8151
16.3912
16.4487
16.5689
16.7625
17.0471
17.449
18.0089
18.7949
19.9436
21.8151
16.3912
16.4487
16.5689
16.7626
17.0471
17.449
18.0089
18.7949
19.9437
21.8152
16.3912
16.4488
16.569
16.7626
17.0471
17.449
18.009
18.795
19.9437
21.8152
43.0202
42.9466
44.4333
47.2893
51.5117
57.2251
64.6882
74.3597
87.0733
104.505
43.0201
42.9465
44.4332
47.2892
51.5116
57.225
64.6881
74.3595
87.0732
104.504
43.0201
42.9464
44.4332
47.2891
51.5115
57.2249
64.688
74.3595
87.0731
104.504
43.02
42.9464
44.4331
47.289
51.5115
57.2249
64.688
74.3594
87.073
104.504
43.02
42.9464
44.4331
47.289
51.5114
57.2248
64.6879
74.3594
87.073
104.504
43.02
42.9463
44.4331
47.289
51.5114
57.2248
64.6879
74.3594
87.073
104.504
43.02
42.9464
44.4331
47.289
51.5115
57.2249
64.6879
74.3594
87.073
104.504
43.0201
42.9464
44.4331
47.2891
51.5115
57.2249
64.688
74.3594
87.073
104.504
43.0201
42.9464
44.4332
47.2891
51.5115
57.225
64.688
74.3595
87.0731
104.504
43.0202
42.9465
44.4332
47.2892
51.5116
57.225
64.6881
74.3596
87.0732
104.505
41.3458
41.9295
43.6517
46.5506
50.6856
56.174
63.2084
72.0715
83.1296
96.6793
41.3457
41.9295
43.6516
46.5506
50.6855
56.1739
63.2083
72.0714
83.1295
96.6792
41.3456
41.9294
43.6515
46.5505
50.6854
56.1738
63.2082
72.0713
83.1294
96.6791
41.3456
41.9293
43.6515
46.5504
50.6854
56.1738
63.2081
72.0713
83.1293
96.679
41.3456
41.9293
43.6515
46.5504
50.6854
56.1737
63.2081
72.0712
83.1293
96.679
41.3456
41.9293
43.6515
46.5504
50.6853
56.1737
63.2081
72.0712
83.1293
96.679
41.3456
41.9293
43.6515
46.5504
50.6854
56.1737
63.2081
72.0713
83.1293
96.679
41.3456
41.9294
43.6515
46.5504
50.6854
56.1738
63.2082
72.0713
83.1294
96.6791
41.3457
41.9294
43.6516
46.5505
50.6855
56.1738
63.2082
72.0714
83.1295
96.6791
41.3457
41.9295
43.6516
46.5506
50.6855
56.1739
63.2083
72.0715
83.1296
96.6792
39.2122
40.3211
42.2821
45.2041
49.1707
54.2749
60.6278
68.3425
77.4695
87.8142
39.2121
40.321
42.2821
45.204
49.1706
54.2748
60.6277
68.3424
77.4693
87.814
39.212
40.3209
42.282
45.2039
49.1705
54.2747
60.6276
68.3423
77.4693
87.8139
39.212
40.3209
42.2819
45.2039
49.1704
54.2747
60.6276
68.3422
77.4692
87.8139
39.212
40.3209
42.2819
45.2039
49.1704
54.2747
60.6275
68.3422
77.4692
87.8139
39.212
40.3209
42.2819
45.2039
49.1704
54.2747
60.6275
68.3422
77.4692
87.8139
39.212
40.3209
42.2819
45.2039
49.1704
54.2747
60.6276
68.3422
77.4692
87.8139
39.212
40.3209
42.282
45.2039
49.1705
54.2747
60.6276
68.3423
77.4692
87.8139
39.2121
40.321
42.282
45.204
49.1705
54.2748
60.6277
68.3423
77.4693
87.814
39.2121
40.3211
42.2821
45.2041
49.1706
54.2749
60.6278
68.3424
77.4694
87.8141
36.9484
38.411
40.5416
43.4407
47.1816
51.8238
57.4121
63.954
71.3668
79.3795
36.9484
38.4109
40.5415
43.4406
47.1815
51.8237
57.412
63.9539
71.3666
79.3794
36.9483
38.4109
40.5414
43.4406
47.1814
51.8236
57.4119
63.9538
71.3666
79.3793
36.9483
38.4108
40.5414
43.4405
47.1814
51.8236
57.4118
63.9537
71.3665
79.3792
36.9482
38.4108
40.5414
43.4405
47.1813
51.8236
57.4118
63.9537
71.3665
79.3792
36.9482
38.4108
40.5414
43.4405
47.1813
51.8235
57.4118
63.9537
71.3665
79.3792
36.9483
38.4108
40.5414
43.4405
47.1813
51.8236
57.4118
63.9537
71.3665
79.3792
36.9483
38.4109
40.5414
43.4405
47.1814
51.8236
57.4119
63.9538
71.3665
79.3793
36.9483
38.4109
40.5415
43.4406
47.1815
51.8237
57.4119
63.9538
71.3666
79.3794
36.9484
38.411
40.5416
43.4407
47.1816
51.8238
57.412
63.9539
71.3667
79.3795
34.6824
36.3853
38.6224
41.4623
44.9527
49.1209
53.9666
59.445
65.4374
71.7147
34.6823
36.3852
38.6223
41.4622
44.9526
49.1208
53.9665
59.4449
65.4373
71.7146
34.6823
36.3851
38.6222
41.4621
44.9526
49.1208
53.9664
59.4448
65.4372
71.7145
34.6823
36.3851
38.6222
41.4621
44.9525
49.1207
53.9664
59.4448
65.4372
71.7145
34.6822
36.3851
38.6221
41.462
44.9525
49.1207
53.9664
59.4447
65.4371
71.7145
34.6822
36.3851
38.6221
41.462
44.9525
49.1207
53.9664
59.4447
65.4371
71.7145
34.6822
36.3851
38.6222
41.4621
44.9525
49.1207
53.9664
59.4448
65.4372
71.7145
34.6823
36.3851
38.6222
41.4621
44.9525
49.1207
53.9664
59.4448
65.4372
71.7145
34.6823
36.3852
38.6223
41.4622
44.9526
49.1208
53.9665
59.4449
65.4373
71.7146
34.6824
36.3853
38.6224
41.4623
44.9527
49.1209
53.9666
59.445
65.4374
71.7147
32.489
34.3771
36.6888
39.4576
42.7049
46.4315
50.6088
55.1686
59.9925
64.9095
32.4889
34.377
36.6887
39.4575
42.7048
46.4314
50.6087
55.1685
59.9924
64.9094
32.4889
34.3769
36.6886
39.4575
42.7047
46.4313
50.6086
55.1684
59.9923
64.9093
32.4888
34.3769
36.6886
39.4574
42.7047
46.4313
50.6086
55.1683
59.9923
64.9092
32.4888
34.3769
36.6886
39.4574
42.7047
46.4312
50.6086
55.1683
59.9923
64.9092
32.4888
34.3769
36.6886
39.4574
42.7047
46.4312
50.6086
55.1683
59.9923
64.9092
32.4888
34.3769
36.6886
39.4574
42.7047
46.4313
50.6086
55.1683
59.9923
64.9092
32.4889
34.3769
36.6886
39.4575
42.7047
46.4313
50.6086
55.1684
59.9923
64.9093
32.4889
34.377
36.6887
39.4575
42.7048
46.4314
50.6087
55.1685
59.9924
64.9094
32.489
34.3771
36.6888
39.4576
42.7049
46.4315
50.6088
55.1686
59.9925
64.9095
30.4237
32.4943
34.8835
37.5957
40.6329
43.9782
47.5844
51.3693
55.2183
59.0025
30.4236
32.4942
34.8834
37.5956
40.6329
43.9781
47.5843
51.3692
55.2182
59.0023
30.4236
32.4942
34.8833
37.5955
40.6328
43.978
47.5842
51.3691
55.2181
59.0023
30.4236
32.4941
34.8833
37.5955
40.6327
43.9779
47.5841
51.369
55.218
59.0022
30.4235
32.4941
34.8833
37.5955
40.6327
43.9779
47.5841
51.369
55.218
59.0022
30.4235
32.4941
34.8833
37.5955
40.6327
43.9779
47.5841
51.369
55.218
59.0022
30.4236
32.4941
34.8833
37.5955
40.6327
43.9779
47.5841
51.369
55.218
59.0022
30.4236
32.4942
34.8833
37.5955
40.6328
43.978
47.5842
51.3691
55.2181
59.0023
30.4236
32.4942
34.8834
37.5956
40.6329
43.9781
47.5843
51.3692
55.2182
59.0024
30.4237
32.4943
34.8835
37.5957
40.6329
43.9782
47.5844
51.3693
55.2183
59.0025
28.534
30.8373
33.3364
36.0258
38.9041
41.9463
45.0919
48.2414
51.2654
54.0393
28.534
30.8372
33.3363
36.0258
38.904
41.9462
45.0918
48.2413
51.2652
54.0392
28.5339
30.8371
33.3362
36.0257
38.904
41.9462
45.0917
48.2412
51.2652
54.0391
28.5339
30.8371
33.3362
36.0257
38.9039
41.9461
45.0917
48.2412
51.2651
54.0391
28.5338
30.8371
33.3362
36.0256
38.9039
41.9461
45.0917
48.2412
51.2651
54.039
28.5338
30.8371
33.3362
36.0256
38.9039
41.9461
45.0917
48.2412
51.2651
54.039
28.5339
30.8371
33.3362
36.0257
38.9039
41.9461
45.0917
48.2412
51.2651
54.0391
28.5339
30.8371
33.3362
36.0257
38.904
41.9462
45.0917
48.2412
51.2652
54.0391
28.534
30.8372
33.3363
36.0258
38.904
41.9462
45.0918
48.2413
51.2653
54.0392
28.534
30.8373
33.3364
36.0259
38.9041
41.9463
45.0919
48.2414
51.2654
54.0393
26.8819
29.5224
32.1754
34.8802
37.6585
40.4894
43.3014
45.9687
48.3114
50.1236
26.8819
29.5223
32.1753
34.8801
37.6585
40.4893
43.3013
45.9686
48.3113
50.1235
26.8818
29.5223
32.1753
34.8801
37.6584
40.4892
43.3012
45.9685
48.3112
50.1234
26.8818
29.5222
32.1752
34.88
37.6584
40.4892
43.3012
45.9684
48.3112
50.1234
26.8818
29.5222
32.1752
34.88
37.6583
40.4892
43.3012
45.9684
48.3112
50.1233
26.8818
29.5222
32.1752
34.88
37.6583
40.4892
43.3012
45.9684
48.3112
50.1233
26.8818
29.5222
32.1752
34.88
37.6584
40.4892
43.3012
45.9685
48.3112
50.1234
26.8818
29.5223
32.1753
34.8801
37.6584
40.4892
43.3013
45.9685
48.3113
50.1234
26.8819
29.5223
32.1753
34.8802
37.6585
40.4893
43.3013
45.9686
48.3113
50.1235
26.8819
29.5224
32.1754
34.8802
37.6586
40.4894
43.3014
45.9687
48.3114
50.1236
25.6486
28.7264
31.5345
34.2706
37.0044
39.7261
42.3576
44.745
46.6301
47.5716
25.6485
28.7263
31.5344
34.2705
37.0043
39.7261
42.3575
44.7449
46.6301
47.5715
25.6485
28.7263
31.5344
34.2705
37.0043
39.726
42.3575
44.7448
46.63
47.5714
25.6484
28.7262
31.5343
34.2704
37.0042
39.726
42.3574
44.7448
46.63
47.5714
25.6484
28.7262
31.5343
34.2704
37.0042
39.726
42.3574
44.7448
46.6299
47.5713
25.6484
28.7262
31.5343
34.2704
37.0042
39.726
42.3574
44.7448
46.6299
47.5713
25.6484
28.7262
31.5343
34.2704
37.0043
39.726
42.3575
44.7448
46.63
47.5714
25.6485
28.7263
31.5344
34.2705
37.0043
39.726
42.3575
44.7449
46.63
47.5714
25.6485
28.7263
31.5344
34.2706
37.0044
39.7261
42.3576
44.7449
46.6301
47.5715
25.6486
28.7264
31.5345
34.2706
37.0045
39.7262
42.3577
44.745
46.6302
47.5716
130.548
143.028
150.747
156.196
160.26
163.331
165.621
167.253
168.304
168.819
130.547
143.028
150.746
156.196
160.26
163.331
165.62
167.253
168.304
168.819
130.547
143.027
150.746
156.196
160.26
163.331
165.62
167.252
168.304
168.819
130.547
143.027
150.746
156.196
160.26
163.331
165.62
167.252
168.304
168.819
130.547
143.027
150.746
156.196
160.26
163.331
165.62
167.252
168.304
168.819
130.547
143.027
150.746
156.196
160.26
163.331
165.62
167.252
168.304
168.819
130.547
143.027
150.746
156.196
160.26
163.331
165.62
167.252
168.304
168.819
130.547
143.027
150.746
156.196
160.26
163.331
165.62
167.252
168.304
168.819
130.547
143.028
150.746
156.196
160.26
163.331
165.62
167.253
168.304
168.819
130.548
143.028
150.746
156.196
160.26
163.331
165.621
167.253
168.304
168.819
112.06
123.29
131.279
137.117
141.48
144.76
147.19
148.915
150.022
150.564
112.059
123.29
131.279
137.117
141.479
144.759
147.19
148.915
150.022
150.564
112.059
123.29
131.279
137.117
141.479
144.759
147.19
148.915
150.022
150.564
112.059
123.29
131.279
137.117
141.479
144.759
147.19
148.915
150.022
150.564
112.059
123.29
131.279
137.117
141.479
144.759
147.19
148.915
150.022
150.564
112.059
123.29
131.279
137.117
141.479
144.759
147.19
148.915
150.022
150.564
112.059
123.29
131.279
137.117
141.479
144.759
147.19
148.915
150.022
150.564
112.059
123.29
131.279
137.117
141.479
144.759
147.19
148.915
150.022
150.564
112.059
123.29
131.279
137.117
141.479
144.759
147.19
148.915
150.022
150.564
112.059
123.29
131.279
137.117
141.48
144.76
147.19
148.915
150.022
150.564
98.5216
107.605
114.782
120.339
124.616
127.878
130.311
132.044
133.159
133.704
98.5215
107.605
114.782
120.339
124.616
127.877
130.311
132.044
133.158
133.704
98.5214
107.605
114.782
120.339
124.616
127.877
130.311
132.044
133.158
133.704
98.5213
107.605
114.782
120.339
124.616
127.877
130.311
132.044
133.158
133.704
98.5213
107.605
114.782
120.339
124.616
127.877
130.311
132.044
133.158
133.704
98.5213
107.605
114.782
120.339
124.616
127.877
130.311
132.044
133.158
133.704
98.5213
107.605
114.782
120.339
124.616
127.877
130.311
132.044
133.158
133.704
98.5213
107.605
114.782
120.339
124.616
127.877
130.311
132.044
133.158
133.704
98.5214
107.605
114.782
120.339
124.616
127.877
130.311
132.044
133.159
133.704
98.5215
107.605
114.782
120.339
124.616
127.878
130.311
132.044
133.159
133.704
87.4149
94.6458
100.734
105.682
109.615
112.678
114.994
116.657
117.732
118.259
87.4148
94.6457
100.734
105.682
109.615
112.678
114.994
116.657
117.732
118.259
87.4147
94.6456
100.734
105.682
109.615
112.678
114.994
116.657
117.731
118.259
87.4146
94.6455
100.734
105.682
109.615
112.678
114.994
116.657
117.731
118.259
87.4146
94.6455
100.734
105.682
109.614
112.678
114.994
116.657
117.731
118.259
87.4146
94.6455
100.734
105.682
109.614
112.678
114.994
116.657
117.731
118.259
87.4146
94.6455
100.734
105.682
109.615
112.678
114.994
116.657
117.731
118.259
87.4147
94.6456
100.734
105.682
109.615
112.678
114.994
116.657
117.731
118.259
87.4148
94.6457
100.734
105.682
109.615
112.678
114.994
116.657
117.732
118.259
87.4149
94.6458
100.734
105.682
109.615
112.678
114.994
116.657
117.732
118.259
77.9215
83.6509
88.6623
92.8828
96.3364
99.0852
101.196
102.729
103.726
104.217
77.9214
83.6508
88.6621
92.8826
96.3363
99.0851
101.196
102.728
103.725
104.217
77.9213
83.6507
88.662
92.8825
96.3362
99.085
101.196
102.728
103.725
104.217
77.9212
83.6506
88.662
92.8825
96.3361
99.085
101.196
102.728
103.725
104.217
77.9212
83.6506
88.662
92.8824
96.3361
99.0849
101.196
102.728
103.725
104.217
77.9212
83.6506
88.662
92.8824
96.3361
99.0849
101.196
102.728
103.725
104.217
77.9212
83.6506
88.662
92.8825
96.3362
99.085
101.196
102.728
103.725
104.217
77.9213
83.6507
88.662
92.8825
96.3362
99.085
101.196
102.728
103.725
104.217
77.9213
83.6508
88.6621
92.8826
96.3363
99.0851
101.196
102.728
103.726
104.217
77.9215
83.6509
88.6623
92.8828
96.3364
99.0853
101.197
102.729
103.726
104.217
69.7107
74.1935
78.2123
81.6922
84.6134
86.988
88.842
90.2034
91.0966
91.5389
69.7106
74.1934
78.2121
81.6921
84.6133
86.9879
88.8418
90.2033
91.0965
91.5388
69.7105
74.1933
78.2121
81.692
84.6132
86.9878
88.8417
90.2032
91.0964
91.5387
69.7104
74.1932
78.212
81.6919
84.6132
86.9878
88.8417
90.2031
91.0964
91.5387
69.7104
74.1932
78.212
81.6919
84.6131
86.9877
88.8417
90.2031
91.0964
91.5386
69.7104
74.1932
78.212
81.6919
84.6131
86.9877
88.8417
90.2031
91.0964
91.5387
69.7104
74.1932
78.212
81.692
84.6132
86.9878
88.8417
90.2032
91.0964
91.5387
69.7105
74.1933
78.2121
81.692
84.6132
86.9878
88.8418
90.2032
91.0965
91.5388
69.7106
74.1934
78.2122
81.6921
84.6133
86.9879
88.8419
90.2033
91.0966
91.5389
69.7107
74.1935
78.2123
81.6922
84.6135
86.9881
88.842
90.2035
91.0967
91.539
62.6167
66.0119
69.1244
71.8935
74.2786
76.2602
77.8343
79.0052
79.7803
80.1661
62.6166
66.0117
69.1242
71.8934
74.2785
76.2601
77.8342
79.0051
79.7802
80.166
62.6165
66.0117
69.1241
71.8933
74.2784
76.26
77.8341
79.005
79.7801
80.1659
62.6164
66.0116
69.1241
71.8933
74.2783
76.2599
77.834
79.005
79.7801
80.1659
62.6164
66.0116
69.1241
71.8932
74.2783
76.2599
77.834
79.005
79.7801
80.1659
62.6164
66.0116
69.1241
71.8932
74.2783
76.2599
77.834
79.005
79.7801
80.1659
62.6164
66.0116
69.1241
71.8933
74.2784
76.2599
77.834
79.005
79.7801
80.1659
62.6165
66.0117
69.1242
71.8933
74.2784
76.26
77.8341
79.0051
79.7802
80.166
62.6166
66.0118
69.1242
71.8934
74.2785
76.2601
77.8342
79.0052
79.7803
80.1661
62.6167
66.0119
69.1244
71.8936
74.2786
76.2602
77.8343
79.0053
79.7804
80.1662
56.5299
58.913
61.1901
63.2982
65.1742
66.7733
68.0685
69.0457
69.6989
70.0258
56.5298
58.9129
61.19
63.2981
65.1741
66.7732
68.0684
69.0456
69.6988
70.0257
56.5297
58.9128
61.1899
63.298
65.174
66.7731
68.0683
69.0456
69.6987
70.0257
56.5297
58.9128
61.1899
63.298
65.174
66.7731
68.0682
69.0455
69.6987
70.0256
56.5296
58.9128
61.1899
63.2979
65.174
66.773
68.0682
69.0455
69.6987
70.0256
56.5296
58.9128
61.1899
63.2979
65.174
66.773
68.0682
69.0455
69.6987
70.0256
56.5297
58.9128
61.1899
63.298
65.174
66.7731
68.0683
69.0455
69.6987
70.0257
56.5297
58.9129
61.19
63.298
65.1741
66.7731
68.0683
69.0456
69.6988
70.0257
56.5298
58.9129
61.19
63.2981
65.1742
66.7732
68.0684
69.0457
69.6989
70.0258
56.5299
58.9131
61.1902
63.2983
65.1743
66.7734
68.0685
69.0458
69.699
70.0259
51.3262
52.7054
54.2185
55.736
57.1545
58.4037
59.4387
60.2321
60.7679
61.0378
51.3261
52.7053
54.2184
55.7359
57.1544
58.4036
59.4386
60.232
60.7678
61.0377
51.326
52.7052
54.2183
55.7358
57.1543
58.4035
59.4385
60.2319
60.7678
61.0376
51.326
52.7052
54.2182
55.7358
57.1543
58.4035
59.4384
60.2318
60.7677
61.0376
51.326
52.7051
54.2182
55.7357
57.1542
58.4034
59.4384
60.2318
60.7677
61.0376
51.326
52.7051
54.2182
55.7357
57.1542
58.4034
59.4384
60.2318
60.7677
61.0376
51.326
52.7052
54.2182
55.7358
57.1543
58.4035
59.4385
60.2319
60.7678
61.0376
51.3261
52.7052
54.2183
55.7358
57.1543
58.4035
59.4385
60.2319
60.7678
61.0377
51.3261
52.7053
54.2184
55.7359
57.1544
58.4036
59.4386
60.232
60.7679
61.0378
51.3263
52.7054
54.2185
55.736
57.1545
58.4037
59.4387
60.2321
60.768
61.0379
46.707
47.131
48.0156
49.0519
50.0886
51.0376
51.8439
52.4724
52.9017
53.1192
46.7069
47.1309
48.0155
49.0518
50.0885
51.0375
51.8438
52.4723
52.9016
53.1191
46.7068
47.1308
48.0154
49.0517
50.0884
51.0374
51.8437
52.4723
52.9015
53.1191
46.7068
47.1308
48.0153
49.0517
50.0884
51.0374
51.8436
52.4722
52.9015
53.119
46.7067
47.1308
48.0153
49.0516
50.0883
51.0374
51.8436
52.4722
52.9015
53.119
46.7067
47.1308
48.0153
49.0516
50.0883
51.0374
51.8436
52.4722
52.9015
53.119
46.7068
47.1308
48.0154
49.0517
50.0884
51.0374
51.8437
52.4722
52.9015
53.119
46.7068
47.1308
48.0154
49.0517
50.0884
51.0375
51.8437
52.4723
52.9016
53.1191
46.7069
47.1309
48.0155
49.0518
50.0885
51.0375
51.8438
52.4724
52.9017
53.1192
46.707
47.131
48.0156
49.0519
50.0886
51.0377
51.8439
52.4725
52.9018
53.1193
406.42
406.439
406.476
406.524
406.579
406.635
406.685
406.727
406.756
406.772
406.42
406.439
406.476
406.524
406.579
406.635
406.685
406.727
406.756
406.772
406.42
406.439
406.476
406.524
406.579
406.635
406.685
406.727
406.756
406.772
406.42
406.439
406.476
406.524
406.579
406.635
406.685
406.727
406.756
406.772
406.42
406.439
406.476
406.524
406.579
406.635
406.685
406.727
406.756
406.772
406.42
406.439
406.476
406.524
406.579
406.635
406.685
406.727
406.756
406.772
406.42
406.439
406.476
406.524
406.579
406.635
406.685
406.727
406.756
406.772
406.42
406.439
406.476
406.524
406.579
406.635
406.685
406.727
406.756
406.772
406.42
406.439
406.476
406.524
406.579
406.635
406.685
406.727
406.756
406.772
406.42
406.439
406.476
406.524
406.579
406.635
406.685
406.727
406.756
406.772
379.292
379.354
379.468
379.62
379.791
379.963
380.119
380.247
380.338
380.384
379.292
379.354
379.468
379.62
379.791
379.963
380.119
380.247
380.338
380.384
379.292
379.354
379.468
379.62
379.791
379.963
380.119
380.247
380.338
380.384
379.292
379.354
379.468
379.62
379.791
379.963
380.119
380.247
380.338
380.384
379.292
379.354
379.468
379.62
379.791
379.963
380.119
380.247
380.338
380.384
379.292
379.354
379.468
379.62
379.791
379.963
380.119
380.247
380.338
380.384
379.292
379.354
379.468
379.62
379.791
379.963
380.119
380.247
380.338
380.384
379.292
379.354
379.468
379.62
379.791
379.963
380.119
380.247
380.338
380.384
379.292
379.354
379.468
379.62
379.791
379.963
380.119
380.247
380.338
380.384
379.292
379.354
379.468
379.62
379.791
379.963
380.119
380.247
380.338
380.384
352.262
352.375
352.583
352.856
353.162
353.467
353.742
353.966
354.124
354.205
352.262
352.375
352.583
352.856
353.162
353.467
353.742
353.966
354.124
354.205
352.262
352.375
352.582
352.856
353.162
353.467
353.742
353.966
354.124
354.205
352.262
352.375
352.582
352.856
353.162
353.467
353.742
353.966
354.124
354.205
352.262
352.375
352.582
352.856
353.162
353.467
353.742
353.966
354.124
354.205
352.262
352.375
352.582
352.856
353.162
353.467
353.742
353.966
354.124
354.205
352.262
352.375
352.582
352.856
353.162
353.467
353.742
353.966
354.124
354.205
352.262
352.375
352.582
352.856
353.162
353.467
353.742
353.966
354.124
354.205
352.262
352.375
352.582
352.856
353.162
353.467
353.742
353.966
354.124
354.205
352.262
352.375
352.583
352.856
353.162
353.467
353.742
353.966
354.124
354.205
325.38
325.561
325.892
326.323
326.797
327.263
327.68
328.017
328.252
328.373
325.38
325.561
325.892
326.323
326.797
327.263
327.68
328.017
328.252
328.373
325.38
325.561
325.892
326.323
326.797
327.263
327.68
328.017
328.252
328.373
325.38
325.561
325.892
326.323
326.797
327.263
327.68
328.017
328.252
328.373
325.38
325.561
325.892
326.323
326.797
327.263
327.68
328.017
328.252
328.373
325.38
325.561
325.892
326.323
326.797
327.263
327.68
328.017
328.252
328.373
325.38
325.561
325.892
326.323
326.797
327.263
327.68
328.017
328.252
328.373
325.38
325.561
325.892
326.323
326.797
327.263
327.68
328.017
328.252
328.373
325.38
325.561
325.892
326.323
326.797
327.263
327.68
328.017
328.252
328.373
325.38
325.561
325.892
326.323
326.797
327.263
327.68
328.017
328.252
328.373
298.675
298.956
299.462
300.107
300.801
301.472
302.063
302.534
302.86
303.027
298.675
298.956
299.462
300.107
300.801
301.472
302.063
302.534
302.86
303.027
298.674
298.956
299.462
300.106
300.801
301.472
302.063
302.534
302.86
303.027
298.674
298.956
299.462
300.106
300.801
301.472
302.063
302.534
302.86
303.027
298.674
298.956
299.462
300.106
300.801
301.472
302.063
302.534
302.86
303.027
298.674
298.956
299.462
300.106
300.801
301.472
302.063
302.534
302.86
303.027
298.674
298.956
299.462
300.106
300.801
301.472
302.063
302.534
302.86
303.027
298.674
298.956
299.462
300.106
300.801
301.472
302.063
302.534
302.86
303.027
298.674
298.956
299.462
300.107
300.801
301.472
302.063
302.534
302.86
303.027
298.674
298.956
299.462
300.107
300.801
301.472
302.063
302.534
302.86
303.027
272.137
272.576
273.344
274.292
275.284
276.217
277.021
277.654
278.087
278.307
272.137
272.576
273.344
274.292
275.283
276.217
277.021
277.653
278.087
278.307
272.137
272.576
273.344
274.292
275.283
276.216
277.021
277.653
278.087
278.307
272.137
272.576
273.344
274.292
275.283
276.216
277.021
277.653
278.087
278.306
272.137
272.576
273.344
274.292
275.283
276.216
277.021
277.653
278.087
278.306
272.137
272.576
273.344
274.292
275.283
276.216
277.021
277.653
278.087
278.306
272.137
272.576
273.344
274.292
275.283
276.216
277.021
277.653
278.087
278.306
272.137
272.576
273.344
274.292
275.283
276.216
277.021
277.653
278.087
278.307
272.137
272.576
273.344
274.292
275.283
276.216
277.021
277.653
278.087
278.307
272.137
272.576
273.344
274.292
275.284
276.217
277.021
277.654
278.087
278.307
245.692
246.401
247.582
248.97
250.362
251.629
252.695
253.516
254.072
254.352
245.692
246.401
247.581
248.969
250.362
251.629
252.694
253.516
254.072
254.351
245.692
246.4
247.581
248.969
250.362
251.629
252.694
253.516
254.071
254.351
245.692
246.4
247.581
248.969
250.362
251.629
252.694
253.516
254.071
254.351
245.692
246.4
247.581
248.969
250.362
251.629
252.694
253.516
254.071
254.351
245.692
246.4
247.581
248.969
250.362
251.629
252.694
253.516
254.071
254.351
245.692
246.4
247.581
248.969
250.362
251.629
252.694
253.516
254.071
254.351
245.692
246.4
247.581
248.969
250.362
251.629
252.694
253.516
254.071
254.351
245.692
246.401
247.581
248.969
250.362
251.629
252.694
253.516
254.072
254.352
245.692
246.401
247.582
248.969
250.362
251.629
252.695
253.516
254.072
254.352
219.144
220.359
222.22
224.253
226.18
227.86
229.23
230.264
230.954
231.299
219.144
220.359
222.22
224.253
226.18
227.86
229.23
230.264
230.954
231.299
219.144
220.359
222.22
224.253
226.18
227.86
229.23
230.264
230.954
231.299
219.144
220.359
222.22
224.253
226.18
227.86
229.23
230.264
230.954
231.299
219.144
220.359
222.22
224.253
226.18
227.86
229.23
230.264
230.954
231.298
219.144
220.359
222.22
224.253
226.18
227.86
229.23
230.264
230.954
231.299
219.144
220.359
222.22
224.253
226.18
227.86
229.23
230.264
230.954
231.299
219.144
220.359
222.22
224.253
226.18
227.86
229.23
230.264
230.954
231.299
219.144
220.359
222.22
224.253
226.18
227.86
229.23
230.264
230.954
231.299
219.144
220.359
222.22
224.253
226.18
227.86
229.23
230.264
230.954
231.299
192.05
194.341
197.358
200.318
202.923
205.083
206.786
208.043
208.87
209.28
192.05
194.341
197.358
200.318
202.923
205.083
206.786
208.043
208.87
209.28
192.05
194.341
197.358
200.318
202.922
205.083
206.786
208.043
208.87
209.28
192.05
194.341
197.358
200.318
202.922
205.083
206.786
208.043
208.87
209.28
192.05
194.341
197.358
200.318
202.922
205.083
206.786
208.043
208.87
209.28
192.05
194.341
197.358
200.318
202.922
205.083
206.786
208.043
208.87
209.28
192.05
194.341
197.358
200.318
202.922
205.083
206.786
208.043
208.87
209.28
192.05
194.341
197.358
200.318
202.922
205.083
206.786
208.043
208.87
209.28
192.05
194.341
197.358
200.318
202.923
205.083
206.786
208.043
208.87
209.28
192.05
194.341
197.358
200.318
202.923
205.083
206.786
208.043
208.87
209.28
163.385
168.318
173.281
177.466
180.843
183.501
185.529
186.996
187.949
188.419
163.385
168.318
173.28
177.466
180.843
183.501
185.529
186.996
187.949
188.419
163.385
168.318
173.28
177.466
180.843
183.501
185.529
186.996
187.949
188.418
163.385
168.318
173.28
177.466
180.843
183.501
185.529
186.996
187.949
188.418
163.385
168.318
173.28
177.466
180.843
183.501
185.529
186.996
187.949
188.418
163.385
168.318
173.28
177.466
180.843
183.501
185.529
186.996
187.949
188.418
163.385
168.318
173.28
177.466
180.843
183.501
185.529
186.996
187.949
188.418
163.385
168.318
173.28
177.466
180.843
183.501
185.529
186.996
187.949
188.418
163.385
168.318
173.28
177.466
180.843
183.501
185.529
186.996
187.949
188.419
163.385
168.318
173.281
177.466
180.843
183.501
185.529
186.996
187.949
188.419
14.3662
14.4188
14.528
14.7015
14.9511
15.2932
15.7476
16.3338
17.0506
17.7759
14.3661
14.4188
14.528
14.7014
14.9511
15.2932
15.7475
16.3337
17.0505
17.7759
14.3661
14.4188
14.5279
14.7014
14.9511
15.2931
15.7475
16.3337
17.0505
17.7759
14.3661
14.4187
14.5279
14.7014
14.951
15.2931
15.7475
16.3337
17.0505
17.7758
14.3661
14.4187
14.5279
14.7014
14.951
15.2931
15.7474
16.3337
17.0504
17.7758
14.3661
14.4187
14.5279
14.7014
14.951
15.2931
15.7474
16.3337
17.0504
17.7758
14.3661
14.4187
14.5279
14.7014
14.951
15.2931
15.7475
16.3337
17.0505
17.7759
14.3661
14.4188
14.5279
14.7014
14.9511
15.2931
15.7475
16.3337
17.0505
17.7759
14.3661
14.4188
14.528
14.7014
14.9511
15.2932
15.7475
16.3338
17.0505
17.7759
14.3662
14.4188
14.528
14.7015
14.9512
15.2932
15.7476
16.3338
17.0506
17.776
12.5712
12.6171
12.7113
12.8585
13.0648
13.3369
13.6778
14.0791
14.5007
14.8275
12.5711
12.617
12.7113
12.8584
13.0648
13.3368
13.6777
14.0791
14.5006
14.8274
12.5711
12.617
12.7112
12.8584
13.0648
13.3368
13.6777
14.0791
14.5006
14.8274
12.5711
12.617
12.7112
12.8584
13.0647
13.3368
13.6777
14.0791
14.5006
14.8274
12.5711
12.617
12.7112
12.8584
13.0647
13.3368
13.6777
14.079
14.5006
14.8274
12.5711
12.617
12.7112
12.8584
13.0647
13.3368
13.6777
14.079
14.5006
14.8274
12.5711
12.617
12.7112
12.8584
13.0648
13.3368
13.6777
14.0791
14.5006
14.8274
12.5711
12.617
12.7112
12.8584
13.0648
13.3368
13.6777
14.0791
14.5006
14.8274
12.5711
12.617
12.7113
12.8584
13.0648
13.3368
13.6777
14.0791
14.5007
14.8275
12.5712
12.6171
12.7113
12.8585
13.0648
13.3369
13.6778
14.0792
14.5007
14.8275
10.9987
11.037
11.1149
11.2344
11.3974
11.6039
11.8487
12.1152
12.3657
12.5325
10.9987
11.037
11.1149
11.2344
11.3973
11.6038
11.8486
12.1151
12.3657
12.5324
10.9986
11.037
11.1149
11.2343
11.3973
11.6038
11.8486
12.1151
12.3656
12.5324
10.9986
11.0369
11.1148
11.2343
11.3973
11.6038
11.8486
12.1151
12.3656
12.5324
10.9986
11.0369
11.1148
11.2343
11.3973
11.6038
11.8486
12.1151
12.3656
12.5324
10.9986
11.0369
11.1148
11.2343
11.3973
11.6038
11.8486
12.1151
12.3656
12.5324
10.9986
11.0369
11.1148
11.2343
11.3973
11.6038
11.8486
12.1151
12.3656
12.5324
10.9986
11.037
11.1149
11.2343
11.3973
11.6038
11.8486
12.1151
12.3656
12.5324
10.9986
11.037
11.1149
11.2344
11.3973
11.6038
11.8487
12.1152
12.3657
12.5325
10.9987
11.037
11.1149
11.2344
11.3974
11.6039
11.8487
12.1152
12.3657
12.5325
9.64185
9.6728
9.73505
9.82881
9.95337
10.1056
10.2777
10.4537
10.6068
10.7002
9.64182
9.67277
9.73501
9.82877
9.95333
10.1056
10.2776
10.4536
10.6068
10.7002
9.64179
9.67274
9.73499
9.82875
9.9533
10.1055
10.2776
10.4536
10.6068
10.7002
9.64177
9.67273
9.73497
9.82873
9.95329
10.1055
10.2776
10.4536
10.6068
10.7002
9.64176
9.67272
9.73496
9.82872
9.95328
10.1055
10.2776
10.4536
10.6068
10.7002
9.64176
9.67272
9.73496
9.82872
9.95328
10.1055
10.2776
10.4536
10.6068
10.7002
9.64177
9.67273
9.73497
9.82873
9.95329
10.1055
10.2776
10.4536
10.6068
10.7002
9.64179
9.67274
9.73499
9.82875
9.95331
10.1056
10.2776
10.4536
10.6068
10.7002
9.64181
9.67277
9.73502
9.82878
9.95334
10.1056
10.2776
10.4537
10.6068
10.7003
9.64184
9.6728
9.73505
9.82881
9.95338
10.1056
10.2777
10.4537
10.6069
10.7003
8.49422
8.51858
8.5671
8.63897
8.73222
8.84266
8.96265
9.07974
9.17635
9.23231
8.49419
8.51855
8.56706
8.63894
8.73218
8.84263
8.96262
9.0797
9.17632
9.23229
8.49417
8.51853
8.56704
8.63891
8.73216
8.84261
8.9626
9.07968
9.1763
9.23227
8.49415
8.51851
8.56702
8.6389
8.73214
8.84259
8.96258
9.07967
9.17628
9.23226
8.49414
8.5185
8.56702
8.63889
8.73213
8.84258
8.96257
9.07966
9.17628
9.23225
8.49414
8.5185
8.56702
8.63889
8.73214
8.84259
8.96258
9.07966
9.17628
9.23226
8.49415
8.51851
8.56703
8.6389
8.73215
8.8426
8.96259
9.07967
9.17629
9.23227
8.49416
8.51853
8.56704
8.63892
8.73216
8.84262
8.96261
9.0797
9.17631
9.23229
8.49419
8.51855
8.56707
8.63894
8.73219
8.84264
8.96264
9.07972
9.17634
9.23232
8.49421
8.51858
8.5671
8.63898
8.73223
8.84268
8.96267
9.07976
9.17638
9.23236
7.54961
7.56849
7.60577
7.66019
7.72936
7.80914
7.89312
7.97218
8.03506
8.07035
7.54958
7.56846
7.60574
7.66016
7.72932
7.80911
7.89309
7.97215
8.03503
8.07033
7.54956
7.56844
7.60572
7.66014
7.7293
7.80909
7.89306
7.97213
8.03501
8.07031
7.54954
7.56842
7.6057
7.66012
7.72929
7.80908
7.89305
7.97211
8.035
8.0703
7.54953
7.56841
7.60569
7.66012
7.72928
7.80907
7.89305
7.97211
8.03499
8.0703
7.54953
7.56842
7.6057
7.66012
7.72928
7.80907
7.89305
7.97211
8.035
8.0703
7.54954
7.56842
7.6057
7.66013
7.72929
7.80908
7.89306
7.97212
8.03501
8.07031
7.54956
7.56844
7.60572
7.66014
7.72931
7.8091
7.89308
7.97214
8.03503
8.07033
7.54958
7.56846
7.60574
7.66017
7.72934
7.80913
7.8931
7.97217
8.03506
8.07036
7.5496
7.56849
7.60578
7.6602
7.72937
7.80916
7.89314
7.97221
8.03509
8.0704
6.80217
6.81679
6.84544
6.88673
6.93829
6.99648
7.05621
7.11093
7.15334
7.17666
6.80215
6.81676
6.84541
6.8867
6.93826
6.99645
7.05618
7.1109
7.15331
7.17664
6.80212
6.81674
6.84539
6.88668
6.93824
6.99643
7.05616
7.11088
7.15329
7.17662
6.80211
6.81673
6.84537
6.88666
6.93822
6.99642
7.05614
7.11087
7.15328
7.17661
6.8021
6.81672
6.84537
6.88666
6.93822
6.99642
7.05614
7.11087
7.15328
7.17661
6.8021
6.81672
6.84537
6.88666
6.93822
6.99642
7.05614
7.11087
7.15328
7.17661
6.80211
6.81673
6.84538
6.88667
6.93823
6.99643
7.05615
7.11088
7.15329
7.17663
6.80212
6.81674
6.84539
6.88668
6.93825
6.99645
7.05617
7.1109
7.15331
7.17664
6.80214
6.81677
6.84542
6.88671
6.93827
6.99647
7.05619
7.11092
7.15334
7.17667
6.80217
6.81679
6.84545
6.88674
6.9383
6.9965
7.05623
7.11096
7.15337
7.17671
6.24671
6.25825
6.28072
6.31276
6.3522
6.39593
6.43993
6.47944
6.50948
6.52579
6.24668
6.25822
6.28069
6.31273
6.35217
6.3959
6.43991
6.47941
6.50946
6.52577
6.24666
6.2582
6.28067
6.31271
6.35215
6.39589
6.43989
6.47939
6.50944
6.52575
6.24665
6.25819
6.28066
6.3127
6.35214
6.39587
6.43988
6.47938
6.50943
6.52574
6.24664
6.25818
6.28065
6.31269
6.35213
6.39587
6.43987
6.47938
6.50943
6.52574
6.24665
6.25818
6.28065
6.3127
6.35213
6.39587
6.43987
6.47938
6.50943
6.52575
6.24665
6.25819
6.28066
6.3127
6.35214
6.39588
6.43988
6.47939
6.50944
6.52576
6.24667
6.25821
6.28068
6.31272
6.35216
6.3959
6.4399
6.47941
6.50946
6.52577
6.24668
6.25823
6.2807
6.31274
6.35218
6.39592
6.43993
6.47944
6.50949
6.5258
6.24671
6.25825
6.28073
6.31277
6.35222
6.39595
6.43996
6.47947
6.50952
6.52583
5.87895
5.88851
5.90703
5.93323
5.96512
6.00004
6.03466
6.06529
6.08829
6.10066
5.87893
5.88848
5.907
5.9332
5.9651
6.00001
6.03463
6.06526
6.08827
6.10064
5.87891
5.88847
5.90699
5.93318
5.96508
5.99999
6.03461
6.06525
6.08825
6.10063
5.8789
5.88845
5.90697
5.93317
5.96507
5.99998
6.0346
6.06524
6.08824
6.10062
5.87889
5.88845
5.90697
5.93317
5.96507
5.99998
6.0346
6.06524
6.08824
6.10062
5.87889
5.88845
5.90697
5.93317
5.96507
5.99998
6.0346
6.06524
6.08825
6.10062
5.8789
5.88846
5.90698
5.93318
5.96508
5.99999
6.03461
6.06525
6.08826
6.10063
5.87891
5.88847
5.90699
5.93319
5.96509
6.00001
6.03463
6.06527
6.08827
6.10065
5.87893
5.88849
5.90701
5.93322
5.96512
6.00003
6.03465
6.06529
6.0883
6.10068
5.87895
5.88852
5.90704
5.93325
5.96515
6.00006
6.03468
6.06532
6.08833
6.10071
5.69586
5.70446
5.72106
5.74444
5.77273
5.80348
5.83372
5.86027
5.88006
5.89066
5.69584
5.70444
5.72104
5.74442
5.77271
5.80346
5.8337
5.86025
5.88005
5.89065
5.69583
5.70442
5.72103
5.74441
5.7727
5.80344
5.83368
5.86023
5.88004
5.89064
5.69582
5.70441
5.72102
5.7444
5.77269
5.80343
5.83367
5.86023
5.88003
5.89063
5.69581
5.70441
5.72101
5.74439
5.77268
5.80343
5.83367
5.86022
5.88003
5.89063
5.69581
5.70441
5.72101
5.74439
5.77269
5.80343
5.83367
5.86023
5.88003
5.89063
5.69582
5.70442
5.72102
5.7444
5.7727
5.80344
5.83368
5.86024
5.88004
5.89065
5.69583
5.70443
5.72104
5.74442
5.77271
5.80346
5.8337
5.86025
5.88006
5.89066
5.69585
5.70445
5.72106
5.74444
5.77273
5.80348
5.83372
5.86028
5.88008
5.89069
5.69587
5.70448
5.72108
5.74447
5.77276
5.80351
5.83375
5.86031
5.88011
5.89072
41.543
41.8422
42.4108
43.1216
43.8688
44.5766
45.1924
45.6805
46.0174
46.1892
41.5429
41.8421
42.4107
43.1215
43.8687
44.5765
45.1923
45.6804
46.0173
46.1891
41.5428
41.842
42.4106
43.1214
43.8686
44.5764
45.1922
45.6803
46.0172
46.189
41.5427
41.8419
42.4106
43.1213
43.8685
44.5764
45.1922
45.6802
46.0172
46.189
41.5427
41.8419
42.4106
43.1213
43.8685
44.5764
45.1922
45.6802
46.0172
46.189
41.5427
41.8419
42.4106
43.1213
43.8685
44.5764
45.1922
45.6802
46.0172
46.189
41.5428
41.842
42.4106
43.1213
43.8686
44.5764
45.1922
45.6803
46.0172
46.189
41.5428
41.842
42.4107
43.1214
43.8686
44.5765
45.1923
45.6803
46.0173
46.1891
41.5429
41.8421
42.4107
43.1215
43.8687
44.5765
45.1924
45.6804
46.0174
46.1892
41.543
41.8422
42.4108
43.1216
43.8688
44.5767
45.1925
45.6805
46.0175
46.1893
36.7995
37.0052
37.3879
37.8817
38.4186
38.941
39.4049
39.7779
40.0381
40.1715
36.7994
37.0051
37.3878
37.8816
38.4185
38.9409
39.4048
39.7778
40.038
40.1714
36.7994
37.0051
37.3877
37.8816
38.4184
38.9408
39.4047
39.7778
40.0379
40.1713
36.7993
37.005
37.3877
37.8815
38.4183
38.9408
39.4047
39.7777
40.0379
40.1713
36.7993
37.005
37.3876
37.8815
38.4183
38.9408
39.4046
39.7777
40.0379
40.1713
36.7993
37.005
37.3876
37.8815
38.4183
38.9408
39.4046
39.7777
40.0379
40.1713
36.7993
37.005
37.3877
37.8815
38.4184
38.9408
39.4047
39.7778
40.0379
40.1713
36.7994
37.0051
37.3877
37.8816
38.4184
38.9409
39.4047
39.7778
40.038
40.1714
36.7994
37.0052
37.3878
37.8817
38.4185
38.941
39.4048
39.7779
40.038
40.1715
36.7995
37.0053
37.3879
37.8818
38.4186
38.9411
39.4049
39.778
40.0382
40.1716
32.5438
32.6859
32.95
33.2975
33.6838
34.0675
34.4139
34.6959
34.8943
34.9965
32.5437
32.6858
32.9499
33.2974
33.6837
34.0674
34.4138
34.6958
34.8942
34.9965
32.5436
32.6857
32.9499
33.2973
33.6837
34.0674
34.4137
34.6957
34.8941
34.9964
32.5436
32.6857
32.9498
33.2973
33.6836
34.0673
34.4136
34.6957
34.8941
34.9964
32.5436
32.6857
32.9498
33.2973
33.6836
34.0673
34.4136
34.6957
34.8941
34.9964
32.5436
32.6857
32.9498
33.2973
33.6836
34.0673
34.4136
34.6957
34.8941
34.9964
32.5436
32.6857
32.9498
33.2973
33.6836
34.0673
34.4137
34.6957
34.8941
34.9964
32.5436
32.6857
32.9499
33.2973
33.6837
34.0674
34.4137
34.6958
34.8942
34.9965
32.5437
32.6858
32.9499
33.2974
33.6838
34.0675
34.4138
34.6959
34.8943
34.9965
32.5438
32.6859
32.95
33.2975
33.6839
34.0676
34.4139
34.696
34.8944
34.9967
28.8121
28.9115
29.0971
29.3444
29.6236
29.9052
30.1627
30.3746
30.5246
30.6024
28.812
28.9114
29.097
29.3443
29.6236
29.9051
30.1626
30.3745
30.5246
30.6023
28.8119
28.9113
29.0969
29.3442
29.6235
29.9051
30.1626
30.3744
30.5245
30.6023
28.8119
28.9113
29.0969
29.3442
29.6234
29.905
30.1625
30.3744
30.5245
30.6022
28.8119
28.9113
29.0969
29.3441
29.6234
29.905
30.1625
30.3744
30.5245
30.6022
28.8119
28.9113
29.0969
29.3441
29.6234
29.905
30.1625
30.3744
30.5245
30.6022
28.8119
28.9113
29.0969
29.3442
29.6235
29.9051
30.1625
30.3744
30.5245
30.6023
28.8119
28.9114
29.0969
29.3442
29.6235
29.9051
30.1626
30.3744
30.5246
30.6023
28.812
28.9114
29.097
29.3443
29.6236
29.9052
30.1627
30.3745
30.5246
30.6024
28.8121
28.9115
29.0971
29.3444
29.6237
29.9053
30.1628
30.3746
30.5247
30.6025
25.6203
25.691
25.8234
26.0015
26.2049
26.4123
26.6039
26.7628
26.8761
26.935
25.6203
25.6909
25.8233
26.0014
26.2048
26.4123
26.6038
26.7627
26.876
26.9349
25.6202
25.6908
25.8233
26.0014
26.2048
26.4122
26.6038
26.7627
26.876
26.9349
25.6201
25.6908
25.8232
26.0013
26.2047
26.4122
26.6037
26.7626
26.8759
26.9348
25.6201
25.6907
25.8232
26.0013
26.2047
26.4121
26.6037
26.7626
26.8759
26.9348
25.6201
25.6907
25.8232
26.0013
26.2047
26.4122
26.6037
26.7626
26.8759
26.9348
25.6202
25.6908
25.8232
26.0013
26.2048
26.4122
26.6038
26.7627
26.876
26.9349
25.6202
25.6908
25.8233
26.0014
26.2048
26.4122
26.6038
26.7627
26.876
26.9349
25.6202
25.6909
25.8233
26.0015
26.2049
26.4123
26.6039
26.7628
26.8761
26.935
25.6203
25.691
25.8234
26.0015
26.205
26.4124
26.604
26.7629
26.8762
26.9351
22.9722
23.0233
23.1196
23.2499
23.3999
23.5542
23.6978
23.8177
23.9036
23.9484
22.9721
23.0232
23.1195
23.2498
23.3998
23.5541
23.6977
23.8176
23.9035
23.9483
22.9721
23.0232
23.1194
23.2497
23.3998
23.5541
23.6977
23.8176
23.9035
23.9483
22.972
23.0231
23.1194
23.2497
23.3997
23.554
23.6976
23.8175
23.9034
23.9482
22.972
23.0231
23.1194
23.2497
23.3997
23.554
23.6976
23.8175
23.9034
23.9482
22.972
23.0231
23.1194
23.2497
23.3997
23.554
23.6976
23.8175
23.9034
23.9482
22.972
23.0231
23.1194
23.2497
23.3998
23.554
23.6977
23.8176
23.9035
23.9483
22.9721
23.0232
23.1194
23.2498
23.3998
23.5541
23.6977
23.8176
23.9035
23.9483
22.9721
23.0232
23.1195
23.2498
23.3999
23.5542
23.6978
23.8177
23.9036
23.9484
22.9722
23.0233
23.1196
23.2499
23.4
23.5543
23.6979
23.8178
23.9037
23.9485
20.8647
20.9027
20.9745
21.0721
21.1852
21.3022
21.4118
21.5038
21.5699
21.6044
20.8646
20.9026
20.9744
21.072
21.1851
21.3021
21.4117
21.5037
21.5698
21.6044
20.8646
20.9026
20.9743
21.0719
21.185
21.3021
21.4117
21.5036
21.5698
21.6043
20.8645
20.9025
20.9743
21.0719
21.185
21.302
21.4116
21.5036
21.5697
21.6043
20.8645
20.9025
20.9743
21.0719
21.185
21.302
21.4116
21.5036
21.5697
21.6043
20.8645
20.9025
20.9743
21.0719
21.185
21.302
21.4116
21.5036
21.5697
21.6043
20.8646
20.9025
20.9743
21.0719
21.185
21.3021
21.4116
21.5036
21.5698
21.6044
20.8646
20.9026
20.9743
21.072
21.1851
21.3021
21.4117
21.5037
21.5698
21.6044
20.8646
20.9026
20.9744
21.072
21.1851
21.3022
21.4118
21.5037
21.5699
21.6045
20.8647
20.9027
20.9745
21.0721
21.1852
21.3023
21.4119
21.5038
21.57
21.6046
19.292
19.3214
19.3771
19.4531
19.5415
19.6335
19.72
19.7928
19.8454
19.8729
19.2919
19.3213
19.377
19.453
19.5414
19.6334
19.7199
19.7928
19.8453
19.8729
19.2919
19.3213
19.3769
19.4529
19.5414
19.6333
19.7198
19.7927
19.8453
19.8728
19.2918
19.3212
19.3769
19.4529
19.5414
19.6333
19.7198
19.7927
19.8453
19.8728
19.2918
19.3212
19.3769
19.4529
19.5413
19.6333
19.7198
19.7927
19.8452
19.8728
19.2918
19.3212
19.3769
19.4529
19.5413
19.6333
19.7198
19.7927
19.8453
19.8728
19.2918
19.3212
19.3769
19.4529
19.5414
19.6333
19.7198
19.7927
19.8453
19.8728
19.2919
19.3213
19.3769
19.453
19.5414
19.6334
19.7199
19.7928
19.8453
19.8729
19.2919
19.3213
19.377
19.453
19.5415
19.6334
19.72
19.7928
19.8454
19.873
19.292
19.3214
19.3771
19.4531
19.5416
19.6335
19.72
19.7929
19.8455
19.873
18.2478
18.272
18.3179
18.3808
18.4542
18.5307
18.6029
18.6639
18.708
18.7312
18.2477
18.2719
18.3178
18.3807
18.4541
18.5306
18.6028
18.6639
18.708
18.7311
18.2477
18.2719
18.3178
18.3807
18.454
18.5306
18.6028
18.6638
18.7079
18.7311
18.2476
18.2718
18.3178
18.3806
18.454
18.5306
18.6028
18.6638
18.7079
18.731
18.2476
18.2718
18.3177
18.3806
18.454
18.5305
18.6028
18.6638
18.7079
18.731
18.2476
18.2718
18.3178
18.3806
18.454
18.5305
18.6028
18.6638
18.7079
18.7311
18.2476
18.2718
18.3178
18.3807
18.454
18.5306
18.6028
18.6638
18.7079
18.7311
18.2477
18.2719
18.3178
18.3807
18.4541
18.5306
18.6028
18.6639
18.708
18.7311
18.2477
18.2719
18.3179
18.3808
18.4541
18.5307
18.6029
18.6639
18.708
18.7312
18.2478
18.272
18.318
18.3808
18.4542
18.5308
18.603
18.664
18.7081
18.7313
17.7271
17.7488
17.7902
17.8468
17.9131
17.9823
18.0477
18.103
18.143
18.1641
17.727
17.7488
17.7901
17.8468
17.913
17.9822
18.0476
18.1029
18.143
18.164
17.727
17.7487
17.7901
17.8467
17.913
17.9822
18.0476
18.1029
18.143
18.164
17.7269
17.7487
17.79
17.8467
17.9129
17.9821
18.0475
18.1029
18.1429
18.164
17.7269
17.7487
17.79
17.8467
17.9129
17.9821
18.0475
18.1029
18.1429
18.164
17.7269
17.7487
17.79
17.8467
17.9129
17.9821
18.0475
18.1029
18.1429
18.164
17.7269
17.7487
17.7901
17.8467
17.913
17.9822
18.0476
18.1029
18.143
18.164
17.727
17.7488
17.7901
17.8468
17.913
17.9822
18.0476
18.103
18.143
18.1641
17.727
17.7488
17.7902
17.8468
17.9131
17.9823
18.0477
18.103
18.1431
18.1641
17.7271
17.7489
17.7902
17.8469
17.9132
17.9824
18.0478
18.1031
18.1432
18.1642
)
;

boundaryField
{
    inlet1
    {
        type            fixedValue;
        value           uniform 10;
    }
    inlet2
    {
        type            fixedValue;
        value           uniform 20;
    }
    outlet1
    {
        type            zeroGradient;
    }
    outlet2
    {
        type            zeroGradient;
    }
    fixedWalls
    {
        type            zeroGradient;
    }
}


// ************************************************************************* //
