/*--------------------------------*- C++ -*----------------------------------*\
  =========                 |
  \\      /  F ield         | OpenFOAM: The Open Source CFD Toolbox
   \\    /   O peration     | Website:  https://openfoam.org
    \\  /    A nd           | Version:  6
     \\/     M anipulation  |
\*---------------------------------------------------------------------------*/
FoamFile
{
    version     2.0;
    format      ascii;
    class       volScalarField;
    location    "0.04";
    object      T;
}
// * * * * * * * * * * * * * * * * * * * * * * * * * * * * * * * * * * * * * //

dimensions      [0 0 0 1 0 0 0];

internalField   nonuniform List<scalar> 
7000
(
94.2072
94.2068
94.2067
94.2066
94.2065
94.2065
94.2066
94.2066
94.2068
94.2069
94.2068
94.2065
94.2063
94.2062
94.2062
94.2062
94.2062
94.2063
94.2064
94.2066
94.2067
94.2063
94.2061
94.2061
94.206
94.206
94.2061
94.2061
94.2063
94.2065
94.2066
94.2062
94.2061
94.206
94.2059
94.2059
94.206
94.2061
94.2062
94.2064
94.2065
94.2062
94.206
94.2059
94.2059
94.2059
94.2059
94.206
94.2062
94.2064
94.2065
94.2062
94.206
94.2059
94.2059
94.2059
94.206
94.206
94.2062
94.2064
94.2066
94.2062
94.2061
94.206
94.2059
94.206
94.206
94.2061
94.2062
94.2064
94.2066
94.2063
94.2061
94.2061
94.206
94.206
94.2061
94.2062
94.2063
94.2065
94.2068
94.2064
94.2063
94.2062
94.2062
94.2062
94.2062
94.2063
94.2065
94.2067
94.2069
94.2066
94.2065
94.2064
94.2064
94.2064
94.2064
94.2065
94.2067
94.2069
64.6752
64.6745
64.674
64.6738
64.6737
64.6737
64.6738
64.674
64.6743
64.6747
64.6745
64.6737
64.6733
64.6731
64.673
64.673
64.6731
64.6733
64.6737
64.6742
64.674
64.6733
64.6729
64.6727
64.6726
64.6726
64.6727
64.6729
64.6733
64.6739
64.6738
64.6731
64.6727
64.6724
64.6723
64.6724
64.6725
64.6727
64.6731
64.6737
64.6737
64.673
64.6726
64.6723
64.6723
64.6723
64.6724
64.6726
64.6731
64.6736
64.6737
64.673
64.6726
64.6724
64.6723
64.6723
64.6724
64.6727
64.6731
64.6737
64.6738
64.6731
64.6727
64.6725
64.6724
64.6724
64.6725
64.6728
64.6732
64.6738
64.674
64.6733
64.6729
64.6727
64.6726
64.6727
64.6728
64.673
64.6735
64.674
64.6743
64.6737
64.6733
64.6731
64.6731
64.6731
64.6732
64.6735
64.6739
64.6745
64.6747
64.6742
64.6739
64.6737
64.6736
64.6737
64.6738
64.674
64.6745
64.675
40.4981
40.4973
40.4968
40.4965
40.4964
40.4964
40.4965
40.4968
40.4972
40.4978
40.4973
40.4964
40.4959
40.4957
40.4956
40.4956
40.4957
40.496
40.4965
40.4973
40.4968
40.4959
40.4954
40.4952
40.4951
40.4951
40.4952
40.4956
40.4961
40.4969
40.4965
40.4957
40.4952
40.4949
40.4948
40.4948
40.495
40.4953
40.4959
40.4967
40.4964
40.4956
40.4951
40.4948
40.4947
40.4947
40.4949
40.4952
40.4958
40.4966
40.4964
40.4956
40.4951
40.4948
40.4947
40.4948
40.4949
40.4953
40.4958
40.4967
40.4965
40.4957
40.4952
40.495
40.4949
40.4949
40.4951
40.4954
40.496
40.4969
40.4968
40.496
40.4956
40.4953
40.4952
40.4953
40.4954
40.4958
40.4964
40.4972
40.4972
40.4965
40.4961
40.4959
40.4958
40.4958
40.496
40.4964
40.4969
40.4978
40.4978
40.4973
40.4969
40.4967
40.4966
40.4967
40.4969
40.4972
40.4978
40.4986
23.0904
23.0897
23.0893
23.089
23.0889
23.089
23.0891
23.0894
23.0898
23.0904
23.0897
23.089
23.0886
23.0883
23.0882
23.0882
23.0884
23.0887
23.0892
23.09
23.0893
23.0886
23.0881
23.0879
23.0878
23.0878
23.088
23.0883
23.0888
23.0897
23.089
23.0883
23.0879
23.0876
23.0876
23.0876
23.0877
23.0881
23.0887
23.0895
23.0889
23.0882
23.0878
23.0876
23.0875
23.0875
23.0877
23.088
23.0886
23.0895
23.089
23.0882
23.0878
23.0876
23.0875
23.0875
23.0877
23.0881
23.0886
23.0895
23.0891
23.0884
23.088
23.0877
23.0877
23.0877
23.0879
23.0882
23.0888
23.0897
23.0894
23.0887
23.0883
23.0881
23.088
23.0881
23.0882
23.0886
23.0892
23.09
23.0898
23.0892
23.0888
23.0887
23.0886
23.0886
23.0888
23.0892
23.0897
23.0906
23.0904
23.09
23.0897
23.0895
23.0895
23.0895
23.0897
23.09
23.0906
23.0915
11.9973
11.9968
11.9965
11.9963
11.9963
11.9963
11.9964
11.9966
11.997
11.9976
11.9968
11.9963
11.996
11.9958
11.9958
11.9958
11.9959
11.9962
11.9966
11.9973
11.9965
11.996
11.9957
11.9955
11.9955
11.9955
11.9956
11.9959
11.9963
11.9971
11.9963
11.9958
11.9955
11.9954
11.9953
11.9953
11.9955
11.9957
11.9962
11.9969
11.9963
11.9958
11.9955
11.9953
11.9952
11.9953
11.9954
11.9957
11.9962
11.9969
11.9963
11.9958
11.9955
11.9953
11.9953
11.9953
11.9954
11.9957
11.9962
11.9969
11.9964
11.9959
11.9956
11.9955
11.9954
11.9954
11.9956
11.9959
11.9963
11.9971
11.9966
11.9962
11.9959
11.9957
11.9957
11.9957
11.9959
11.9961
11.9966
11.9974
11.997
11.9966
11.9963
11.9962
11.9962
11.9962
11.9963
11.9966
11.9971
11.9979
11.9976
11.9973
11.9971
11.9969
11.9969
11.9969
11.9971
11.9974
11.9979
11.9986
5.69494
5.69462
5.69443
5.69432
5.69429
5.6943
5.69438
5.69455
5.69483
5.69522
5.69462
5.69431
5.69412
5.69401
5.69398
5.694
5.69408
5.69426
5.69456
5.69504
5.69443
5.69412
5.69393
5.69382
5.69378
5.69381
5.6939
5.69408
5.69441
5.69492
5.69432
5.69401
5.69382
5.69372
5.69368
5.69371
5.6938
5.69399
5.69433
5.69484
5.69429
5.69398
5.69378
5.69368
5.69365
5.69367
5.69377
5.69396
5.6943
5.69482
5.6943
5.694
5.69381
5.69371
5.69367
5.6937
5.69379
5.69399
5.69433
5.69486
5.69439
5.69408
5.6939
5.6938
5.69377
5.6938
5.69389
5.69409
5.69443
5.69496
5.69455
5.69426
5.69408
5.69399
5.69396
5.69399
5.69409
5.69429
5.69463
5.69516
5.69483
5.69457
5.69441
5.69433
5.6943
5.69433
5.69443
5.69463
5.69498
5.6955
5.69523
5.69505
5.69492
5.69485
5.69483
5.69486
5.69496
5.69516
5.6955
5.69603
2.47844
2.47827
2.47817
2.47811
2.47809
2.4781
2.47815
2.47825
2.47842
2.47866
2.47827
2.4781
2.478
2.47794
2.47792
2.47794
2.47799
2.47809
2.47828
2.47856
2.47817
2.478
2.4779
2.47784
2.47782
2.47784
2.47789
2.478
2.47819
2.4785
2.47811
2.47794
2.47784
2.47779
2.47777
2.47778
2.47784
2.47795
2.47815
2.47846
2.47809
2.47792
2.47782
2.47777
2.47775
2.47777
2.47782
2.47794
2.47814
2.47845
2.4781
2.47794
2.47784
2.47778
2.47777
2.47778
2.47784
2.47796
2.47816
2.47847
2.47815
2.47799
2.47789
2.47784
2.47782
2.47784
2.4779
2.47802
2.47822
2.47853
2.47826
2.4781
2.47801
2.47796
2.47794
2.47796
2.47802
2.47814
2.47834
2.47865
2.47843
2.47829
2.47821
2.47816
2.47815
2.47817
2.47823
2.47835
2.47855
2.47886
2.47868
2.47859
2.47852
2.47848
2.47847
2.47849
2.47855
2.47867
2.47887
2.47919
0.992909
0.992828
0.992778
0.992751
0.992742
0.992748
0.992771
0.992814
0.992878
0.992972
0.992828
0.992748
0.992698
0.992671
0.992662
0.992669
0.992693
0.992739
0.992811
0.992929
0.992778
0.992698
0.992648
0.992622
0.992613
0.99262
0.992646
0.992694
0.992771
0.992897
0.992751
0.992671
0.992622
0.992595
0.992587
0.992595
0.992621
0.992671
0.992751
0.99288
0.992742
0.992663
0.992613
0.992587
0.992579
0.992587
0.992614
0.992665
0.992746
0.992876
0.99275
0.992671
0.992622
0.992596
0.992589
0.992597
0.992624
0.992676
0.992757
0.992888
0.992778
0.9927
0.992652
0.992627
0.99262
0.992629
0.992657
0.992708
0.99279
0.992921
0.992834
0.992759
0.992714
0.992691
0.992684
0.992694
0.992721
0.992773
0.992855
0.992986
0.992928
0.99286
0.992821
0.9928
0.992795
0.992805
0.992833
0.992885
0.992967
0.993098
0.993064
0.993021
0.992989
0.992971
0.992967
0.992977
0.993006
0.993058
0.99314
0.993273
0.367717
0.367682
0.36766
0.367649
0.367644
0.367644
0.367644
0.367626
0.36755
0.367404
0.367682
0.367647
0.367626
0.367614
0.36761
0.36761
0.36761
0.367593
0.367521
0.367386
0.36766
0.367626
0.367604
0.367593
0.367588
0.367589
0.36759
0.367574
0.367504
0.367372
0.367649
0.367614
0.367593
0.367581
0.367577
0.367578
0.367579
0.367564
0.367496
0.367365
0.367645
0.367611
0.367589
0.367578
0.367574
0.367575
0.367576
0.367562
0.367494
0.367364
0.367649
0.367615
0.367594
0.367583
0.367579
0.36758
0.367582
0.367567
0.367499
0.36737
0.367663
0.367629
0.367609
0.367598
0.367594
0.367596
0.367597
0.367583
0.367515
0.367385
0.36769
0.367657
0.367638
0.367628
0.367625
0.367626
0.367628
0.367614
0.367546
0.367417
0.367736
0.367707
0.36769
0.367681
0.367678
0.36768
0.367682
0.367668
0.3676
0.367471
0.367802
0.367784
0.36777
0.367763
0.367761
0.367763
0.367765
0.36775
0.367683
0.367554
0.126418
0.126404
0.126395
0.12639
0.126387
0.126381
0.126353
0.126234
0.125822
0.124782
0.126404
0.12639
0.126382
0.126377
0.126374
0.126367
0.126339
0.126222
0.125811
0.124775
0.126395
0.126382
0.126373
0.126368
0.126365
0.126359
0.126331
0.126214
0.125804
0.12477
0.126391
0.126377
0.126369
0.126364
0.126361
0.126355
0.126327
0.12621
0.125801
0.124767
0.12639
0.126376
0.126368
0.126363
0.12636
0.126354
0.126326
0.12621
0.1258
0.124767
0.126391
0.126378
0.12637
0.126365
0.126362
0.126356
0.126329
0.126212
0.125803
0.12477
0.126397
0.126384
0.126376
0.126371
0.126369
0.126363
0.126335
0.126219
0.125809
0.124776
0.126409
0.126397
0.126389
0.126385
0.126382
0.126376
0.126349
0.126232
0.125823
0.12479
0.126429
0.126418
0.126411
0.126407
0.126405
0.126399
0.126372
0.126256
0.125846
0.124813
0.126459
0.126452
0.126446
0.126443
0.126441
0.126435
0.126408
0.126291
0.125882
0.124848
0.0405081
0.0405031
0.0404999
0.0404977
0.0404946
0.0404828
0.0404267
0.0401668
0.0389869
0.0336237
0.0405031
0.0404981
0.040495
0.0404928
0.0404898
0.0404779
0.040422
0.0401623
0.0389831
0.0336214
0.0405
0.0404951
0.0404919
0.0404898
0.0404867
0.040475
0.0404191
0.0401596
0.0389808
0.0336199
0.0404984
0.0404935
0.0404903
0.0404882
0.0404852
0.0404734
0.0404176
0.0401582
0.0389797
0.0336191
0.040498
0.0404931
0.0404899
0.0404878
0.0404848
0.0404731
0.0404173
0.040158
0.0389796
0.033619
0.0404988
0.0404939
0.0404908
0.0404887
0.0404857
0.040474
0.0404183
0.040159
0.0389805
0.0336198
0.0405011
0.0404963
0.0404933
0.0404913
0.0404884
0.0404767
0.040421
0.0401617
0.0389831
0.0336221
0.0405059
0.0405013
0.0404984
0.0404965
0.0404936
0.040482
0.0404263
0.0401669
0.0389882
0.0336264
0.0405138
0.0405097
0.0405073
0.0405055
0.0405027
0.0404911
0.0404354
0.040176
0.038997
0.033634
0.0405256
0.0405231
0.0405211
0.0405196
0.0405169
0.0405053
0.0404495
0.0401901
0.0390108
0.0336462
0.0121442
0.0121425
0.0121414
0.0121404
0.0121381
0.0121286
0.0120868
0.0119148
0.0112636
0.00908295
0.0121425
0.0121409
0.0121398
0.0121388
0.0121365
0.0121269
0.0120852
0.0119133
0.0112624
0.00908224
0.0121415
0.0121399
0.0121388
0.0121378
0.0121355
0.012126
0.0120842
0.0119125
0.0112617
0.00908176
0.012141
0.0121393
0.0121382
0.0121373
0.012135
0.0121254
0.0120837
0.011912
0.0112613
0.00908152
0.0121409
0.0121392
0.0121381
0.0121371
0.0121349
0.0121254
0.0120837
0.011912
0.0112613
0.00908151
0.0121412
0.0121395
0.0121384
0.0121375
0.0121352
0.0121257
0.012084
0.0119123
0.0112617
0.00908179
0.012142
0.0121404
0.0121394
0.0121384
0.0121362
0.0121267
0.012085
0.0119133
0.0112626
0.00908252
0.0121438
0.0121422
0.0121412
0.0121403
0.0121381
0.0121286
0.0120869
0.0119152
0.0112643
0.00908395
0.0121467
0.0121453
0.0121444
0.0121436
0.0121414
0.0121319
0.0120902
0.0119184
0.0112674
0.00908645
0.012151
0.0121502
0.0121495
0.0121487
0.0121465
0.012137
0.0120953
0.0119235
0.0112722
0.00909047
0.00341853
0.003418
0.00341763
0.00341719
0.00341592
0.00341073
0.00338997
0.00331389
0.00306671
0.00239712
0.00341801
0.00341749
0.00341712
0.00341668
0.00341541
0.00341023
0.00338949
0.00331344
0.00306636
0.0023969
0.00341769
0.00341717
0.0034168
0.00341637
0.0034151
0.00340992
0.00338919
0.00331318
0.00306614
0.00239676
0.00341753
0.00341701
0.00341664
0.00341621
0.00341494
0.00340977
0.00338905
0.00331304
0.00306603
0.00239669
0.0034175
0.00341698
0.00341661
0.00341618
0.00341492
0.00340974
0.00338903
0.00331303
0.00306603
0.00239669
0.0034176
0.00341709
0.00341672
0.0034163
0.00341503
0.00340986
0.00338915
0.00331315
0.00306614
0.00239678
0.0034179
0.00341739
0.00341704
0.00341662
0.00341536
0.00341019
0.00338947
0.00331347
0.00306643
0.00239702
0.00341848
0.003418
0.00341766
0.00341725
0.003416
0.00341083
0.00339011
0.0033141
0.00306701
0.00239747
0.00341947
0.00341904
0.00341874
0.00341835
0.00341711
0.00341194
0.00339122
0.00331518
0.00306801
0.00239826
0.00342093
0.00342067
0.00342043
0.00342006
0.00341882
0.00341366
0.00339293
0.00331685
0.00306958
0.00239953
0.000906544
0.00090639
0.00090627
0.000906093
0.000905529
0.000903331
0.00089521
0.000868229
0.00079059
0.000609682
0.000906395
0.000906242
0.000906123
0.000905947
0.000905383
0.000903187
0.000895072
0.000868102
0.000790489
0.000609619
0.000906303
0.000906151
0.000906032
0.000905856
0.000905293
0.000903098
0.000894987
0.000868026
0.000790427
0.000609579
0.000906256
0.000906104
0.000905985
0.00090581
0.000905247
0.000903054
0.000894945
0.000867989
0.000790398
0.00060956
0.000906248
0.000906096
0.000905978
0.000905804
0.000905241
0.000903049
0.000894941
0.000867987
0.000790398
0.000609561
0.000906283
0.000906132
0.000906015
0.000905841
0.00090528
0.000903088
0.00089498
0.000868025
0.000790433
0.000609589
0.000906376
0.000906227
0.000906113
0.000905942
0.000905381
0.000903189
0.000895082
0.000868123
0.000790523
0.000609659
0.000906559
0.000906416
0.000906307
0.00090614
0.000905581
0.00090339
0.00089528
0.000868316
0.000790698
0.000609796
0.000906868
0.000906742
0.000906644
0.000906481
0.000905925
0.000903734
0.000895622
0.000868648
0.000791001
0.000610034
0.000907327
0.000907252
0.00090717
0.000907014
0.000906459
0.000904268
0.000896152
0.000869164
0.000791477
0.000610413
0.00022717
0.000227127
0.00022709
0.000227027
0.000226815
0.000226033
0.000223335
0.000215079
0.000193507
0.0001485
0.000227129
0.000227087
0.000227051
0.000226987
0.000226776
0.000225994
0.000223298
0.000215045
0.00019348
0.000148483
0.000227104
0.000227062
0.000227026
0.000226962
0.000226751
0.00022597
0.000223275
0.000215025
0.000193464
0.000148472
0.000227092
0.00022705
0.000227013
0.00022695
0.000226739
0.000225958
0.000223264
0.000215015
0.000193456
0.000148467
0.00022709
0.000227048
0.000227012
0.000226949
0.000226738
0.000225957
0.000223263
0.000215015
0.000193457
0.000148468
0.0002271
0.000227059
0.000227023
0.00022696
0.00022675
0.000225969
0.000223275
0.000215026
0.000193467
0.000148476
0.000227128
0.000227087
0.000227052
0.000226989
0.000226779
0.000225998
0.000223304
0.000215055
0.000193492
0.000148496
0.000227181
0.000227142
0.000227108
0.000227047
0.000226837
0.000226057
0.000223362
0.00021511
0.000193542
0.000148535
0.000227272
0.000227237
0.000227206
0.000227146
0.000226938
0.000226157
0.000223461
0.000215206
0.000193629
0.000148602
0.000227406
0.000227385
0.000227359
0.000227301
0.000227093
0.000226312
0.000223614
0.000215354
0.000193764
0.00014871
5.39453e-05
5.39341e-05
5.39236e-05
5.39029e-05
5.38338e-05
5.35896e-05
5.27973e-05
5.05339e-05
4.50619e-05
3.45568e-05
5.3935e-05
5.39239e-05
5.39134e-05
5.38927e-05
5.38237e-05
5.35797e-05
5.27878e-05
5.05254e-05
4.50552e-05
3.45525e-05
5.39286e-05
5.39175e-05
5.39071e-05
5.38864e-05
5.38175e-05
5.35736e-05
5.27821e-05
5.05203e-05
4.50511e-05
3.45497e-05
5.39254e-05
5.39144e-05
5.3904e-05
5.38833e-05
5.38144e-05
5.35706e-05
5.27793e-05
5.05179e-05
4.50492e-05
3.45485e-05
5.39251e-05
5.39141e-05
5.39037e-05
5.38831e-05
5.38142e-05
5.35705e-05
5.27792e-05
5.05179e-05
4.50494e-05
3.45487e-05
5.3928e-05
5.3917e-05
5.39067e-05
5.38862e-05
5.38174e-05
5.35737e-05
5.27824e-05
5.0521e-05
4.50522e-05
3.4551e-05
5.39356e-05
5.39248e-05
5.39147e-05
5.38943e-05
5.38255e-05
5.35818e-05
5.27905e-05
5.05287e-05
4.50591e-05
3.45563e-05
5.39502e-05
5.39399e-05
5.39302e-05
5.391e-05
5.38414e-05
5.35977e-05
5.28061e-05
5.05437e-05
4.50725e-05
3.45668e-05
5.3975e-05
5.39659e-05
5.39569e-05
5.39372e-05
5.38687e-05
5.3625e-05
5.2833e-05
5.05695e-05
4.50956e-05
3.45849e-05
5.40121e-05
5.40065e-05
5.39987e-05
5.39794e-05
5.3911e-05
5.36672e-05
5.28747e-05
5.06096e-05
4.51318e-05
3.46135e-05
1.21712e-05
1.21684e-05
1.21656e-05
1.21595e-05
1.21392e-05
1.20708e-05
1.18599e-05
1.12917e-05
1.00022e-05
7.68035e-06
1.21687e-05
1.2166e-05
1.21631e-05
1.2157e-05
1.21368e-05
1.20684e-05
1.18577e-05
1.12896e-05
1.00006e-05
7.67929e-06
1.21672e-05
1.21644e-05
1.21616e-05
1.21555e-05
1.21353e-05
1.20669e-05
1.18563e-05
1.12884e-05
9.9996e-06
7.67864e-06
1.21664e-05
1.21637e-05
1.21609e-05
1.21548e-05
1.21346e-05
1.20662e-05
1.18556e-05
1.12878e-05
9.99916e-06
7.67835e-06
1.21664e-05
1.21636e-05
1.21608e-05
1.21547e-05
1.21346e-05
1.20662e-05
1.18556e-05
1.12879e-05
9.99922e-06
7.67843e-06
1.21671e-05
1.21644e-05
1.21616e-05
1.21556e-05
1.21354e-05
1.2067e-05
1.18565e-05
1.12887e-05
9.99995e-06
7.679e-06
1.21691e-05
1.21664e-05
1.21637e-05
1.21576e-05
1.21375e-05
1.20691e-05
1.18585e-05
1.12907e-05
1.00017e-05
7.68037e-06
1.21729e-05
1.21703e-05
1.21677e-05
1.21617e-05
1.21416e-05
1.20732e-05
1.18625e-05
1.12945e-05
1.00051e-05
7.68302e-06
1.21793e-05
1.2177e-05
1.21745e-05
1.21687e-05
1.21486e-05
1.20802e-05
1.18694e-05
1.13011e-05
1.0011e-05
7.68763e-06
1.21889e-05
1.21875e-05
1.21853e-05
1.21795e-05
1.21594e-05
1.2091e-05
1.18801e-05
1.13112e-05
1.00201e-05
7.69485e-06
2.61541e-06
2.61475e-06
2.61403e-06
2.61237e-06
2.60697e-06
2.58942e-06
2.53775e-06
2.40526e-06
2.11993e-06
1.63145e-06
2.61484e-06
2.61419e-06
2.61346e-06
2.61181e-06
2.60642e-06
2.58887e-06
2.53724e-06
2.4048e-06
2.11957e-06
1.63121e-06
2.61449e-06
2.61384e-06
2.61312e-06
2.61146e-06
2.60608e-06
2.58854e-06
2.53693e-06
2.40453e-06
2.11935e-06
1.63106e-06
2.61432e-06
2.61367e-06
2.61295e-06
2.6113e-06
2.60591e-06
2.58838e-06
2.53678e-06
2.4044e-06
2.11925e-06
1.631e-06
2.61431e-06
2.61367e-06
2.61295e-06
2.6113e-06
2.60592e-06
2.58839e-06
2.53679e-06
2.40441e-06
2.11928e-06
1.63102e-06
2.6145e-06
2.61386e-06
2.61315e-06
2.6115e-06
2.60612e-06
2.58859e-06
2.53699e-06
2.40461e-06
2.11945e-06
1.63116e-06
2.61498e-06
2.61435e-06
2.61365e-06
2.61201e-06
2.60663e-06
2.5891e-06
2.53749e-06
2.40509e-06
2.11987e-06
1.63149e-06
2.61591e-06
2.6153e-06
2.61462e-06
2.61299e-06
2.60762e-06
2.59009e-06
2.53846e-06
2.40601e-06
2.12069e-06
1.63213e-06
2.61747e-06
2.61693e-06
2.61629e-06
2.61469e-06
2.60933e-06
2.59179e-06
2.54013e-06
2.40759e-06
2.12209e-06
1.63324e-06
2.61981e-06
2.61947e-06
2.6189e-06
2.61732e-06
2.61196e-06
2.59441e-06
2.5427e-06
2.41004e-06
2.12428e-06
1.63497e-06
5.36464e-07
5.36317e-07
5.36142e-07
5.35727e-07
5.344e-07
5.30231e-07
5.18445e-07
4.89487e-07
4.29819e-07
3.31832e-07
5.3634e-07
5.36194e-07
5.3602e-07
5.35605e-07
5.34279e-07
5.30113e-07
5.18334e-07
4.89389e-07
4.29741e-07
3.31779e-07
5.36264e-07
5.36119e-07
5.35945e-07
5.3553e-07
5.34205e-07
5.30042e-07
5.18267e-07
4.89329e-07
4.29694e-07
3.31747e-07
5.36227e-07
5.36082e-07
5.35909e-07
5.35495e-07
5.3417e-07
5.30008e-07
5.18235e-07
4.89302e-07
4.29673e-07
3.31733e-07
5.36227e-07
5.36083e-07
5.3591e-07
5.35496e-07
5.34172e-07
5.3001e-07
5.18239e-07
4.89307e-07
4.29679e-07
3.31739e-07
5.36272e-07
5.36128e-07
5.35956e-07
5.35544e-07
5.3422e-07
5.30058e-07
5.18286e-07
4.89352e-07
4.29719e-07
3.31771e-07
5.36383e-07
5.36241e-07
5.36072e-07
5.35661e-07
5.34338e-07
5.30176e-07
5.18402e-07
4.89461e-07
4.29815e-07
3.31847e-07
5.36597e-07
5.36461e-07
5.36296e-07
5.35888e-07
5.34567e-07
5.30403e-07
5.18624e-07
4.89672e-07
4.30002e-07
3.31993e-07
5.36958e-07
5.36836e-07
5.36681e-07
5.36278e-07
5.34958e-07
5.30793e-07
5.19006e-07
4.90033e-07
4.30322e-07
3.32246e-07
5.37499e-07
5.37422e-07
5.37281e-07
5.36883e-07
5.35564e-07
5.31395e-07
5.19596e-07
4.90593e-07
4.30819e-07
3.32639e-07
1.05253e-07
1.05221e-07
1.05182e-07
1.05085e-07
1.04781e-07
1.03856e-07
1.01335e-07
9.53747e-08
8.3623e-08
6.55351e-08
1.05227e-07
1.05196e-07
1.05156e-07
1.05059e-07
1.04756e-07
1.03832e-07
1.01312e-07
9.53546e-08
8.3607e-08
6.55239e-08
1.05211e-07
1.0518e-07
1.05141e-07
1.05044e-07
1.04741e-07
1.03817e-07
1.01298e-07
9.53424e-08
8.35973e-08
6.55172e-08
1.05204e-07
1.05173e-07
1.05133e-07
1.05037e-07
1.04733e-07
1.0381e-07
1.01291e-07
9.53369e-08
8.35931e-08
6.55144e-08
1.05204e-07
1.05173e-07
1.05134e-07
1.05037e-07
1.04734e-07
1.03811e-07
1.01293e-07
9.53382e-08
8.35945e-08
6.55158e-08
1.05214e-07
1.05183e-07
1.05144e-07
1.05048e-07
1.04745e-07
1.03822e-07
1.01303e-07
9.53482e-08
8.36034e-08
6.5523e-08
1.05239e-07
1.05208e-07
1.0517e-07
1.05074e-07
1.04771e-07
1.03848e-07
1.01328e-07
9.5372e-08
8.36244e-08
6.55398e-08
1.05286e-07
1.05256e-07
1.05219e-07
1.05123e-07
1.04821e-07
1.03897e-07
1.01377e-07
9.54178e-08
8.36649e-08
6.55722e-08
1.05365e-07
1.05339e-07
1.05303e-07
1.05209e-07
1.04906e-07
1.03982e-07
1.0146e-07
9.54963e-08
8.37344e-08
6.56278e-08
1.05484e-07
1.05467e-07
1.05434e-07
1.05341e-07
1.05039e-07
1.04114e-07
1.01588e-07
9.56179e-08
8.38422e-08
6.57142e-08
0.00857643
0.00213373
0.000514568
0.00012363
4.82972e-05
0.000107136
0.000456084
0.00196119
0.00814446
0.0327378
0.00857581
0.00213356
0.000514521
0.000123614
4.82785e-05
0.000107072
0.000455843
0.00196033
0.00814155
0.0327286
0.0085754
0.00213345
0.000514493
0.000123605
4.82688e-05
0.00010704
0.000455727
0.00195992
0.00814022
0.0327246
0.00857518
0.0021334
0.00051448
0.000123601
4.82646e-05
0.000107027
0.000455677
0.00195975
0.00813966
0.0327228
0.00857518
0.0021334
0.000514482
0.000123602
4.82639e-05
0.000107023
0.000455664
0.0019597
0.00813952
0.0327223
0.00857545
0.00213348
0.000514506
0.000123609
4.82663e-05
0.000107027
0.000455678
0.00195976
0.00813973
0.032723
0.00857613
0.00213368
0.000514563
0.000123625
4.82727e-05
0.000107038
0.00045572
0.00195992
0.00814034
0.0327252
0.00857746
0.00213408
0.000514674
0.000123655
4.82843e-05
0.000107058
0.000455795
0.00196022
0.00814146
0.0327293
0.00857976
0.00213475
0.000514863
0.000123707
4.83024e-05
0.000107084
0.000455897
0.00196064
0.0081431
0.0327355
0.00858331
0.00213577
0.000515145
0.000123783
4.83263e-05
0.00010711
0.000455992
0.00196104
0.00814475
0.0327423
0.00346484
0.00106826
0.000293888
7.7392e-05
3.25943e-05
7.09989e-05
0.000283862
0.00111874
0.00407462
0.0132175
0.00346457
0.00106818
0.000293861
7.73821e-05
3.25817e-05
7.09572e-05
0.000283715
0.00111826
0.00407319
0.0132139
0.00346439
0.00106812
0.000293845
7.73764e-05
3.25751e-05
7.09358e-05
0.00028364
0.00111802
0.00407248
0.0132121
0.0034643
0.00106809
0.000293837
7.73739e-05
3.25721e-05
7.09262e-05
0.000283607
0.00111791
0.00407217
0.0132112
0.0034643
0.00106809
0.000293839
7.73744e-05
3.25716e-05
7.09237e-05
0.000283599
0.00111788
0.00407209
0.013211
0.00346443
0.00106814
0.000293854
7.73789e-05
3.25733e-05
7.09264e-05
0.000283608
0.00111792
0.00407221
0.0132114
0.00346475
0.00106825
0.00029389
7.73897e-05
3.25779e-05
7.09342e-05
0.000283636
0.00111802
0.00407255
0.0132124
0.00346537
0.00106847
0.000293959
7.74105e-05
3.25863e-05
7.09483e-05
0.000283687
0.00111821
0.00407317
0.0132142
0.00346645
0.00106886
0.00029408
7.74461e-05
3.25998e-05
7.09687e-05
0.00028376
0.00111848
0.00407413
0.0132172
0.00346818
0.00106946
0.00029427
7.75017e-05
3.26193e-05
7.09937e-05
0.000283849
0.00111882
0.00407534
0.0132211
0.00111493
0.000402397
0.000124712
3.61864e-05
1.66397e-05
3.54165e-05
0.00013169
0.000474073
0.00153387
0.00425134
0.00111483
0.000402361
0.0001247
3.61816e-05
1.66332e-05
3.53958e-05
0.000131622
0.000473869
0.00153333
0.00425017
0.00111477
0.000402339
0.000124693
3.61788e-05
1.66296e-05
3.53848e-05
0.000131586
0.000473761
0.00153305
0.00424953
0.00111474
0.000402328
0.00012469
3.61775e-05
1.6628e-05
3.53798e-05
0.000131569
0.000473713
0.00153292
0.00424922
0.00111474
0.00040233
0.000124691
3.61778e-05
1.66278e-05
3.53785e-05
0.000131565
0.000473701
0.00153288
0.00424915
0.00111479
0.00040235
0.000124698
3.61802e-05
1.66287e-05
3.53799e-05
0.00013157
0.000473717
0.00153293
0.00424928
0.00111491
0.000402399
0.000124715
3.61857e-05
1.66312e-05
3.53842e-05
0.000131584
0.000473765
0.00153308
0.00424965
0.00111514
0.000402493
0.000124748
3.61965e-05
1.6636e-05
3.5392e-05
0.000131611
0.000473854
0.00153335
0.00425034
0.00111555
0.000402659
0.000124806
3.62151e-05
1.66437e-05
3.54038e-05
0.00013165
0.00047399
0.00153377
0.00425147
0.0011162
0.000402923
0.000124898
3.62444e-05
1.66551e-05
3.54196e-05
0.000131703
0.000474176
0.00153436
0.00425312
0.000317827
0.000128483
4.3881e-05
1.38938e-05
6.94117e-06
1.44318e-05
5.01166e-05
0.000166544
0.000489449
0.00121142
0.000317797
0.00012847
4.38767e-05
1.38919e-05
6.93837e-06
1.44233e-05
5.00905e-05
0.000166471
0.000489276
0.00121108
0.000317777
0.000128463
4.38739e-05
1.38907e-05
6.93681e-06
1.44187e-05
5.00762e-05
0.000166432
0.000489179
0.00121088
0.000317768
0.000128459
4.38727e-05
1.38902e-05
6.9361e-06
1.44166e-05
5.00696e-05
0.000166413
0.000489133
0.00121078
0.00031777
0.00012846
4.38732e-05
1.38903e-05
6.93598e-06
1.4416e-05
5.00679e-05
0.000166408
0.000489122
0.00121076
0.000317786
0.000128468
4.38761e-05
1.38913e-05
6.93642e-06
1.44166e-05
5.00699e-05
0.000166415
0.00048914
0.0012108
0.000317825
0.000128485
4.38829e-05
1.38937e-05
6.93757e-06
1.44186e-05
5.0076e-05
0.000166434
0.000489192
0.00121092
0.000317902
0.00012852
4.3896e-05
1.38983e-05
6.93975e-06
1.44221e-05
5.00873e-05
0.000166469
0.00048929
0.00121115
0.000318037
0.00012858
4.3919e-05
1.39063e-05
6.94335e-06
1.44277e-05
5.0105e-05
0.000166525
0.000489449
0.00121154
0.000318252
0.000128677
4.39556e-05
1.39189e-05
6.94875e-06
1.44355e-05
5.01298e-05
0.000166606
0.000489684
0.00121212
8.32059e-05
3.65704e-05
1.35086e-05
4.61463e-06
2.48201e-06
5.0475e-06
1.64901e-05
5.11803e-05
0.000139223
0.000317014
8.31971e-05
3.65667e-05
1.35072e-05
4.61394e-06
2.48097e-06
5.0445e-06
1.64814e-05
5.11576e-05
0.000139172
0.00031692
8.31916e-05
3.65643e-05
1.35063e-05
4.61352e-06
2.48039e-06
5.04283e-06
1.64765e-05
5.11448e-05
0.000139143
0.000316864
8.3189e-05
3.65633e-05
1.35059e-05
4.61335e-06
2.48012e-06
5.04204e-06
1.64742e-05
5.11387e-05
0.000139129
0.000316837
8.31897e-05
3.65637e-05
1.35061e-05
4.6134e-06
2.48008e-06
5.04183e-06
1.64735e-05
5.11372e-05
0.000139126
0.000316831
8.31946e-05
3.65661e-05
1.35071e-05
4.61378e-06
2.48025e-06
5.04208e-06
1.64743e-05
5.11394e-05
0.000139132
0.000316843
8.32066e-05
3.65719e-05
1.35095e-05
4.61466e-06
2.4807e-06
5.04283e-06
1.64765e-05
5.11459e-05
0.000139148
0.000316879
8.32299e-05
3.65831e-05
1.3514e-05
4.61637e-06
2.48156e-06
5.04424e-06
1.64807e-05
5.11583e-05
0.00013918
0.000316949
8.32705e-05
3.66026e-05
1.3522e-05
4.61932e-06
2.483e-06
5.04649e-06
1.64875e-05
5.11784e-05
0.000139233
0.000317067
8.33351e-05
3.66337e-05
1.35346e-05
4.62397e-06
2.48518e-06
5.04973e-06
1.64972e-05
5.12081e-05
0.000139313
0.00031725
2.0335e-05
9.52259e-06
3.74931e-06
1.36779e-06
7.8464e-07
1.56346e-06
4.84089e-06
1.4178e-05
3.62272e-05
7.74421e-05
2.03327e-05
9.52155e-06
3.74889e-06
1.36757e-06
7.84302e-07
1.56252e-06
4.83828e-06
1.41716e-05
3.62137e-05
7.74183e-05
2.03312e-05
9.52091e-06
3.74863e-06
1.36743e-06
7.84109e-07
1.56198e-06
4.83678e-06
1.41679e-05
3.62056e-05
7.74037e-05
2.03306e-05
9.52062e-06
3.74853e-06
1.36738e-06
7.84018e-07
1.56172e-06
4.83606e-06
1.4166e-05
3.62017e-05
7.73964e-05
2.03308e-05
9.52076e-06
3.74859e-06
1.3674e-06
7.84004e-07
1.56165e-06
4.83587e-06
1.41656e-05
3.62007e-05
7.73947e-05
2.03322e-05
9.52148e-06
3.74891e-06
1.36752e-06
7.84065e-07
1.56174e-06
4.83611e-06
1.41663e-05
3.62025e-05
7.73983e-05
2.03355e-05
9.52318e-06
3.74964e-06
1.36781e-06
7.84222e-07
1.562e-06
4.83685e-06
1.41683e-05
3.62074e-05
7.74084e-05
2.03421e-05
9.52649e-06
3.75106e-06
1.36838e-06
7.84524e-07
1.56249e-06
4.83824e-06
1.41722e-05
3.62169e-05
7.74282e-05
2.03534e-05
9.53225e-06
3.75354e-06
1.36935e-06
7.8503e-07
1.56328e-06
4.84052e-06
1.41786e-05
3.62329e-05
7.74617e-05
2.03713e-05
9.54136e-06
3.75746e-06
1.37087e-06
7.85799e-07
1.56445e-06
4.84388e-06
1.41883e-05
3.62574e-05
7.75142e-05
4.68139e-06
2.30304e-06
9.55755e-07
3.69135e-07
2.23942e-07
4.37998e-07
1.29387e-06
3.60676e-06
8.755e-06
1.78198e-05
4.68081e-06
2.30277e-06
9.55641e-07
3.69071e-07
2.23842e-07
4.3773e-07
1.29315e-06
3.60508e-06
8.75161e-06
1.7814e-05
4.68046e-06
2.3026e-06
9.55572e-07
3.69033e-07
2.23784e-07
4.37574e-07
1.29274e-06
3.60409e-06
8.74957e-06
1.78105e-05
4.6803e-06
2.30253e-06
9.55544e-07
3.69017e-07
2.23757e-07
4.37499e-07
1.29254e-06
3.6036e-06
8.74855e-06
1.78087e-05
4.68036e-06
2.30257e-06
9.55564e-07
3.69023e-07
2.23753e-07
4.37479e-07
1.29248e-06
3.60348e-06
8.74831e-06
1.78083e-05
4.68073e-06
2.30277e-06
9.55654e-07
3.69061e-07
2.23772e-07
4.37506e-07
1.29255e-06
3.60368e-06
8.74878e-06
1.78092e-05
4.68161e-06
2.30324e-06
9.55864e-07
3.69148e-07
2.23821e-07
4.37587e-07
1.29277e-06
3.60426e-06
8.75013e-06
1.78119e-05
4.68332e-06
2.30414e-06
9.5627e-07
3.69316e-07
2.23916e-07
4.3774e-07
1.29319e-06
3.60538e-06
8.75275e-06
1.78171e-05
4.68628e-06
2.3057e-06
9.56974e-07
3.69606e-07
2.24076e-07
4.37993e-07
1.29389e-06
3.60725e-06
8.75719e-06
1.7826e-05
4.69093e-06
2.30817e-06
9.58083e-07
3.7006e-07
2.24321e-07
4.3837e-07
1.29493e-06
3.6101e-06
8.76405e-06
1.784e-05
1.02115e-06
5.22506e-07
2.26596e-07
9.19907e-08
5.85891e-08
1.12669e-07
3.19355e-07
8.53245e-07
1.98471e-06
3.88505e-06
1.02102e-06
5.22441e-07
2.26568e-07
9.19736e-08
5.8562e-08
1.12598e-07
3.19174e-07
8.52835e-07
1.98391e-06
3.88375e-06
1.02094e-06
5.22401e-07
2.2655e-07
9.19635e-08
5.85462e-08
1.12557e-07
3.19067e-07
8.5259e-07
1.98343e-06
3.88292e-06
1.0209e-06
5.22385e-07
2.26543e-07
9.19592e-08
5.85387e-08
1.12536e-07
3.19014e-07
8.52468e-07
1.98318e-06
3.8825e-06
1.02092e-06
5.22396e-07
2.26549e-07
9.19612e-08
5.85377e-08
1.12531e-07
3.19001e-07
8.52438e-07
1.98312e-06
3.88241e-06
1.02101e-06
5.22447e-07
2.26573e-07
9.19715e-08
5.85432e-08
1.12539e-07
3.19021e-07
8.52491e-07
1.98324e-06
3.88265e-06
1.02123e-06
5.22565e-07
2.26628e-07
9.19955e-08
5.85574e-08
1.12562e-07
3.19081e-07
8.52645e-07
1.98359e-06
3.88331e-06
1.02165e-06
5.22794e-07
2.26735e-07
9.20417e-08
5.85849e-08
1.12606e-07
3.19197e-07
8.52943e-07
1.98426e-06
3.88459e-06
1.02237e-06
5.23191e-07
2.26921e-07
9.21214e-08
5.86311e-08
1.12679e-07
3.19391e-07
8.53446e-07
1.98541e-06
3.88681e-06
1.02351e-06
5.23815e-07
2.27212e-07
9.22459e-08
5.8702e-08
1.12789e-07
3.19684e-07
8.54216e-07
1.98719e-06
3.8903e-06
2.12776e-07
1.12602e-07
5.07387e-08
2.15411e-08
1.43253e-08
2.71189e-08
7.40637e-08
1.90609e-07
4.2734e-07
8.09074e-07
2.12746e-07
1.12587e-07
5.07318e-08
2.15368e-08
1.43184e-08
2.71014e-08
7.40205e-08
1.90514e-07
4.27161e-07
8.08788e-07
2.12727e-07
1.12578e-07
5.07277e-08
2.15343e-08
1.43143e-08
2.70911e-08
7.39948e-08
1.90457e-07
4.27051e-07
8.08608e-07
2.1272e-07
1.12575e-07
5.07261e-08
2.15332e-08
1.43124e-08
2.7086e-08
7.3982e-08
1.90428e-07
4.26995e-07
8.08515e-07
2.12724e-07
1.12578e-07
5.07276e-08
2.15338e-08
1.43122e-08
2.70848e-08
7.39787e-08
1.90422e-07
4.26983e-07
8.08496e-07
2.12746e-07
1.1259e-07
5.07337e-08
2.15364e-08
1.43137e-08
2.70868e-08
7.39839e-08
1.90435e-07
4.27012e-07
8.08551e-07
2.12797e-07
1.12619e-07
5.07475e-08
2.15426e-08
1.43175e-08
2.7093e-08
7.39995e-08
1.90473e-07
4.27096e-07
8.08706e-07
2.12895e-07
1.12674e-07
5.0774e-08
2.15546e-08
1.43249e-08
2.71048e-08
7.40296e-08
1.90548e-07
4.27259e-07
8.09009e-07
2.13064e-07
1.12769e-07
5.08199e-08
2.15751e-08
1.43373e-08
2.71246e-08
7.40802e-08
1.90675e-07
4.27538e-07
8.09533e-07
2.13328e-07
1.12918e-07
5.08917e-08
2.1607e-08
1.43564e-08
2.71544e-08
7.41571e-08
1.90869e-07
4.27972e-07
8.10357e-07
4.81023e-08
2.687e-08
1.26297e-08
5.61268e-09
3.89437e-09
7.25583e-09
1.90953e-08
4.73174e-08
1.01871e-07
1.82789e-07
4.80953e-08
2.68664e-08
1.2628e-08
5.61155e-09
3.89247e-09
7.25112e-09
1.9084e-08
4.72935e-08
1.01828e-07
1.82724e-07
4.8091e-08
2.68642e-08
1.26269e-08
5.61084e-09
3.89132e-09
7.24828e-09
1.90771e-08
4.72788e-08
1.018e-07
1.82681e-07
4.80892e-08
2.68633e-08
1.26265e-08
5.61056e-09
3.89077e-09
7.24685e-09
1.90736e-08
4.72712e-08
1.01786e-07
1.82659e-07
4.80905e-08
2.68641e-08
1.2627e-08
5.61072e-09
3.89071e-09
7.2465e-09
1.90728e-08
4.72695e-08
1.01783e-07
1.82655e-07
4.80961e-08
2.68675e-08
1.26287e-08
5.6115e-09
3.89116e-09
7.24714e-09
1.90743e-08
4.72732e-08
1.01791e-07
1.82669e-07
4.8109e-08
2.68752e-08
1.26325e-08
5.61329e-09
3.89232e-09
7.24897e-09
1.90788e-08
4.7284e-08
1.01814e-07
1.82709e-07
4.81339e-08
2.68899e-08
1.26399e-08
5.61673e-09
3.89454e-09
7.25251e-09
1.90875e-08
4.73049e-08
1.01858e-07
1.82786e-07
4.81766e-08
2.69151e-08
1.26525e-08
5.6226e-09
3.89827e-09
7.25842e-09
1.91022e-08
4.73403e-08
1.01933e-07
1.8292e-07
4.82418e-08
2.69536e-08
1.26718e-08
5.63154e-09
3.90386e-09
7.26714e-09
1.91239e-08
4.73934e-08
1.02047e-07
1.83126e-07
0.128347
0.148833
0.153351
0.154354
0.154575
0.154626
0.154645
0.154665
0.154693
0.154726
0.12832
0.148803
0.15332
0.154323
0.154544
0.154595
0.154615
0.154635
0.154665
0.154704
0.128308
0.148789
0.153306
0.154309
0.15453
0.154581
0.154601
0.154622
0.154653
0.154694
0.128303
0.148783
0.1533
0.154302
0.154523
0.154575
0.154595
0.154616
0.154648
0.15469
0.128301
0.148781
0.153298
0.154301
0.154522
0.154573
0.154593
0.154615
0.154647
0.154689
0.128304
0.148784
0.153301
0.154304
0.154525
0.154577
0.154597
0.154619
0.154651
0.154693
0.128311
0.148793
0.15331
0.154314
0.154535
0.154587
0.154607
0.154629
0.154661
0.154703
0.128325
0.14881
0.153329
0.154333
0.154555
0.154606
0.154627
0.154648
0.154681
0.154723
0.128348
0.148838
0.15336
0.154364
0.154586
0.154639
0.154659
0.154681
0.154713
0.154756
0.128376
0.148876
0.1534
0.154406
0.154628
0.15468
0.154701
0.154723
0.154755
0.154798
0.0346495
0.0429763
0.0454667
0.0461268
0.046289
0.0463278
0.0463393
0.0463472
0.0463574
0.0463711
0.0346424
0.0429679
0.0454579
0.046118
0.0462801
0.0463189
0.0463305
0.0463387
0.0463496
0.0463653
0.0346385
0.0429632
0.045453
0.0461129
0.0462751
0.046314
0.0463256
0.046334
0.0463454
0.0463618
0.0346367
0.042961
0.0454506
0.0461106
0.0462728
0.0463116
0.0463234
0.0463319
0.0463435
0.0463602
0.0346362
0.0429604
0.0454501
0.04611
0.0462723
0.0463112
0.046323
0.0463316
0.0463433
0.04636
0.034637
0.0429615
0.0454512
0.0461113
0.0462735
0.0463124
0.0463243
0.0463329
0.0463447
0.0463615
0.0346394
0.0429645
0.0454546
0.0461147
0.0462771
0.046316
0.0463279
0.0463366
0.0463483
0.0463652
0.0346439
0.0429704
0.0454611
0.0461215
0.0462839
0.0463229
0.0463348
0.0463436
0.0463553
0.0463722
0.0346513
0.0429801
0.0454718
0.0461327
0.0462953
0.0463343
0.0463463
0.046355
0.0463668
0.0463837
0.034662
0.0429945
0.0454877
0.0461491
0.0463119
0.0463511
0.046363
0.0463718
0.0463836
0.0464006
0.00914241
0.011699
0.012644
0.0129357
0.0130158
0.0130364
0.0130422
0.0130453
0.0130488
0.0130538
0.00914044
0.0116966
0.0126415
0.0129331
0.0130133
0.0130338
0.0130397
0.0130429
0.0130466
0.0130523
0.00913928
0.0116952
0.01264
0.0129316
0.0130117
0.0130323
0.0130382
0.0130414
0.0130453
0.0130512
0.00913872
0.0116945
0.0126392
0.0129308
0.0130109
0.0130315
0.0130374
0.0130407
0.0130447
0.0130506
0.00913859
0.0116943
0.012639
0.0129306
0.0130108
0.0130314
0.0130373
0.0130406
0.0130447
0.0130506
0.00913884
0.0116946
0.0126394
0.0129311
0.0130112
0.0130318
0.0130377
0.0130411
0.0130451
0.0130511
0.00913958
0.0116956
0.0126405
0.0129322
0.0130124
0.013033
0.0130389
0.0130423
0.0130463
0.0130523
0.00914101
0.0116975
0.0126426
0.0129344
0.0130147
0.0130353
0.0130412
0.0130446
0.0130487
0.0130546
0.00914337
0.0117007
0.0126462
0.0129382
0.0130185
0.0130391
0.0130451
0.0130484
0.0130525
0.0130585
0.00914701
0.0117057
0.0126518
0.012944
0.0130243
0.013045
0.013051
0.0130544
0.0130585
0.0130645
0.00232466
0.00301535
0.00331216
0.00341555
0.00344684
0.00345548
0.00345794
0.00345907
0.00346024
0.00346187
0.00232413
0.00301471
0.00331148
0.00341486
0.00344615
0.00345479
0.00345726
0.00345841
0.00345965
0.00346147
0.00232381
0.00301431
0.00331104
0.00341442
0.0034457
0.00345434
0.00345682
0.003458
0.00345927
0.00346116
0.00232364
0.00301411
0.00331083
0.00341419
0.00344547
0.00345412
0.0034566
0.0034578
0.00345909
0.003461
0.00232361
0.00301406
0.00331078
0.00341414
0.00344543
0.00345408
0.00345657
0.00345777
0.00345908
0.00346099
0.00232368
0.00301416
0.0033109
0.00341427
0.00344556
0.00345421
0.00345671
0.00345791
0.00345922
0.00346114
0.0023239
0.00301446
0.00331123
0.00341463
0.00344592
0.00345458
0.00345707
0.00345828
0.0034596
0.00346152
0.00232433
0.00301503
0.00331188
0.00341531
0.00344663
0.00345529
0.00345779
0.003459
0.00346031
0.00346224
0.00232506
0.00301601
0.003313
0.00341649
0.00344782
0.00345649
0.003459
0.00346021
0.00346153
0.00346345
0.0023262
0.00301756
0.00331476
0.00341833
0.0034497
0.00345839
0.00346089
0.00346211
0.00346343
0.00346537
0.00056605
0.000737878
0.000820349
0.000851983
0.000862368
0.00086543
0.000866327
0.00086671
0.000867069
0.00086756
0.000565913
0.000737715
0.000820173
0.000851803
0.000862186
0.000865249
0.000866148
0.000866538
0.000866914
0.000867458
0.000565826
0.000737608
0.000820057
0.000851683
0.000862066
0.000865129
0.000866032
0.000866427
0.000866815
0.000867375
0.000565783
0.000737553
0.000819997
0.000851622
0.000862004
0.000865068
0.000865973
0.000866372
0.000866766
0.000867333
0.000565773
0.000737541
0.000819985
0.000851609
0.000861993
0.000865057
0.000865963
0.000866364
0.000866761
0.00086733
0.000565795
0.000737571
0.000820019
0.000851646
0.000862031
0.000865097
0.000866003
0.000866405
0.000866804
0.000867374
0.000565858
0.000737655
0.000820115
0.000851749
0.000862136
0.000865203
0.000866111
0.000866513
0.000866912
0.000867483
0.00056598
0.000737819
0.000820303
0.000851948
0.00086234
0.00086541
0.000866318
0.000866722
0.000867121
0.000867693
0.000566189
0.0007381
0.000820626
0.000852291
0.000862691
0.000865763
0.000866673
0.000867077
0.000867478
0.00086805
0.000566522
0.00073855
0.000821142
0.000852835
0.000863247
0.000866323
0.000867234
0.000867639
0.000868041
0.000868618
0.00013168
0.000171787
0.000192708
0.00020138
0.000204429
0.000205382
0.000205672
0.00020579
0.000205894
0.000206031
0.000131647
0.000171746
0.000192664
0.000201336
0.000204384
0.000205337
0.000205627
0.000205748
0.000205855
0.000206006
0.000131625
0.000171719
0.000192635
0.000201305
0.000204354
0.000205307
0.000205598
0.00020572
0.00020583
0.000205986
0.000131614
0.000171706
0.00019262
0.00020129
0.000204338
0.000205292
0.000205583
0.000205706
0.000205818
0.000205975
0.000131611
0.000171703
0.000192617
0.000201287
0.000204335
0.000205289
0.00020558
0.000205704
0.000205817
0.000205975
0.000131617
0.000171711
0.000192626
0.000201297
0.000204346
0.0002053
0.000205592
0.000205715
0.000205828
0.000205987
0.000131634
0.000171733
0.000192652
0.000201325
0.000204374
0.000205329
0.000205621
0.000205745
0.000205858
0.000206016
0.000131667
0.000171778
0.000192703
0.000201379
0.00020443
0.000205385
0.000205677
0.000205801
0.000205915
0.000206074
0.000131724
0.000171854
0.000192791
0.000201473
0.000204527
0.000205482
0.000205775
0.000205899
0.000206013
0.000206172
0.000131815
0.000171976
0.000192932
0.000201622
0.00020468
0.000205637
0.00020593
0.000206054
0.000206169
0.000206329
2.9256e-05
3.81202e-05
4.30508e-05
4.52285e-05
4.60399e-05
4.63068e-05
4.63908e-05
4.64247e-05
4.64525e-05
4.64886e-05
2.9248e-05
3.81107e-05
4.30406e-05
4.52179e-05
4.60292e-05
4.62961e-05
4.63803e-05
4.64146e-05
4.64434e-05
4.64829e-05
2.92428e-05
3.81044e-05
4.30336e-05
4.52107e-05
4.6022e-05
4.6289e-05
4.63733e-05
4.64079e-05
4.64375e-05
4.64781e-05
2.92402e-05
3.81011e-05
4.303e-05
4.5207e-05
4.60182e-05
4.62852e-05
4.63697e-05
4.64045e-05
4.64345e-05
4.64755e-05
2.92396e-05
3.81005e-05
4.30293e-05
4.52063e-05
4.60176e-05
4.62846e-05
4.63692e-05
4.64042e-05
4.64343e-05
4.64755e-05
2.92411e-05
3.81025e-05
4.30318e-05
4.52089e-05
4.60203e-05
4.62874e-05
4.6372e-05
4.64071e-05
4.64374e-05
4.64785e-05
2.92455e-05
3.81082e-05
4.30384e-05
4.5216e-05
4.60276e-05
4.62949e-05
4.63795e-05
4.64147e-05
4.6445e-05
4.64862e-05
2.92539e-05
3.81195e-05
4.30514e-05
4.523e-05
4.6042e-05
4.63094e-05
4.63941e-05
4.64293e-05
4.64597e-05
4.6501e-05
2.92686e-05
3.8139e-05
4.3074e-05
4.52542e-05
4.60669e-05
4.63346e-05
4.64194e-05
4.64547e-05
4.64851e-05
4.65265e-05
2.92919e-05
3.81702e-05
4.31101e-05
4.52927e-05
4.61064e-05
4.63745e-05
4.64595e-05
4.64948e-05
4.65254e-05
4.6567e-05
6.21215e-06
8.07709e-06
9.16821e-06
9.67606e-06
9.87492e-06
9.94334e-06
9.96562e-06
9.97458e-06
9.98161e-06
9.99055e-06
6.21036e-06
8.07496e-06
9.16591e-06
9.67368e-06
9.8725e-06
9.94093e-06
9.96325e-06
9.9723e-06
9.97959e-06
9.9893e-06
6.20919e-06
8.07354e-06
9.16435e-06
9.67206e-06
9.87087e-06
9.9393e-06
9.96166e-06
9.9708e-06
9.97826e-06
9.98822e-06
6.20858e-06
8.07279e-06
9.16353e-06
9.67121e-06
9.87001e-06
9.93845e-06
9.96084e-06
9.97003e-06
9.97758e-06
9.98763e-06
6.20846e-06
8.07265e-06
9.16338e-06
9.67107e-06
9.86988e-06
9.93833e-06
9.96074e-06
9.96997e-06
9.97755e-06
9.98764e-06
6.20884e-06
8.07316e-06
9.16398e-06
9.67171e-06
9.87055e-06
9.93902e-06
9.96144e-06
9.97068e-06
9.97829e-06
9.98839e-06
6.20988e-06
8.07454e-06
9.16558e-06
9.67343e-06
9.87233e-06
9.94083e-06
9.96326e-06
9.97252e-06
9.98014e-06
9.99025e-06
6.21193e-06
8.07725e-06
9.16873e-06
9.67682e-06
9.87583e-06
9.94437e-06
9.96683e-06
9.97609e-06
9.98373e-06
9.99385e-06
6.21549e-06
8.08197e-06
9.17421e-06
9.68271e-06
9.88189e-06
9.95051e-06
9.973e-06
9.98228e-06
9.98993e-06
1.00001e-05
6.22115e-06
8.0895e-06
9.18295e-06
9.69207e-06
9.89153e-06
9.96025e-06
9.98277e-06
9.99208e-06
9.99976e-06
1.001e-05
1.263e-06
1.63711e-06
1.86533e-06
1.97635e-06
2.02173e-06
2.03798e-06
2.04344e-06
2.04565e-06
2.04733e-06
2.04942e-06
1.26262e-06
1.63666e-06
1.86483e-06
1.97584e-06
2.02121e-06
2.03746e-06
2.04293e-06
2.04516e-06
2.04689e-06
2.04915e-06
1.26237e-06
1.63635e-06
1.8645e-06
1.97549e-06
2.02086e-06
2.03711e-06
2.04259e-06
2.04484e-06
2.04661e-06
2.04892e-06
1.26224e-06
1.63619e-06
1.86432e-06
1.97531e-06
2.02068e-06
2.03693e-06
2.04241e-06
2.04467e-06
2.04646e-06
2.0488e-06
1.26221e-06
1.63617e-06
1.86429e-06
1.97528e-06
2.02065e-06
2.0369e-06
2.0424e-06
2.04466e-06
2.04646e-06
2.04881e-06
1.2623e-06
1.63628e-06
1.86443e-06
1.97543e-06
2.02081e-06
2.03706e-06
2.04256e-06
2.04483e-06
2.04663e-06
2.04898e-06
1.26254e-06
1.6366e-06
1.8648e-06
1.97583e-06
2.02122e-06
2.03748e-06
2.04298e-06
2.04525e-06
2.04706e-06
2.04941e-06
1.26301e-06
1.63722e-06
1.86552e-06
1.97661e-06
2.02202e-06
2.0383e-06
2.0438e-06
2.04608e-06
2.04789e-06
2.05024e-06
1.26383e-06
1.6383e-06
1.86678e-06
1.97797e-06
2.02342e-06
2.03972e-06
2.04523e-06
2.04751e-06
2.04933e-06
2.05168e-06
1.26513e-06
1.64003e-06
1.86878e-06
1.98012e-06
2.02564e-06
2.04196e-06
2.04749e-06
2.04977e-06
2.0516e-06
2.05397e-06
2.49323e-07
3.18397e-07
3.63354e-07
3.86212e-07
3.95925e-07
3.99528e-07
4.00778e-07
4.01288e-07
4.01667e-07
4.0213e-07
2.49243e-07
3.18303e-07
3.63253e-07
3.86107e-07
3.95818e-07
3.99422e-07
4.00673e-07
4.01187e-07
4.01578e-07
4.02077e-07
2.4919e-07
3.18241e-07
3.63185e-07
3.86035e-07
3.95746e-07
3.9935e-07
4.00603e-07
4.01121e-07
4.0152e-07
4.0203e-07
2.49163e-07
3.18208e-07
3.63148e-07
3.85998e-07
3.95708e-07
3.99313e-07
4.00567e-07
4.01088e-07
4.0149e-07
4.02005e-07
2.49158e-07
3.18203e-07
3.63143e-07
3.85993e-07
3.95704e-07
3.99309e-07
4.00564e-07
4.01086e-07
4.01491e-07
4.02007e-07
2.49178e-07
3.18229e-07
3.63174e-07
3.86026e-07
3.95738e-07
3.99344e-07
4.006e-07
4.01123e-07
4.01529e-07
4.02046e-07
2.49231e-07
3.18298e-07
3.63254e-07
3.86113e-07
3.95828e-07
3.99436e-07
4.00693e-07
4.01216e-07
4.01622e-07
4.0214e-07
2.49336e-07
3.18434e-07
3.63412e-07
3.86283e-07
3.96005e-07
3.99615e-07
4.00873e-07
4.01398e-07
4.01804e-07
4.02323e-07
2.49519e-07
3.1867e-07
3.63687e-07
3.8658e-07
3.96312e-07
3.99927e-07
4.01187e-07
4.01712e-07
4.0212e-07
4.0264e-07
2.49807e-07
3.19046e-07
3.64124e-07
3.8705e-07
3.96798e-07
4.00419e-07
4.01681e-07
4.02208e-07
4.02618e-07
4.03141e-07
359.7
359.699
359.698
359.698
359.698
359.698
359.698
359.698
359.699
359.699
359.699
359.698
359.697
359.697
359.696
359.696
359.697
359.697
359.697
359.698
359.698
359.697
359.696
359.696
359.696
359.696
359.696
359.696
359.697
359.697
359.698
359.697
359.696
359.696
359.695
359.695
359.696
359.696
359.696
359.697
359.698
359.696
359.696
359.695
359.695
359.695
359.695
359.696
359.696
359.697
359.698
359.696
359.696
359.695
359.695
359.695
359.695
359.696
359.696
359.697
359.698
359.697
359.696
359.696
359.695
359.695
359.696
359.696
359.697
359.697
359.698
359.697
359.696
359.696
359.696
359.696
359.696
359.696
359.697
359.698
359.699
359.697
359.697
359.696
359.696
359.696
359.697
359.697
359.697
359.698
359.699
359.698
359.697
359.697
359.697
359.697
359.697
359.698
359.698
359.699
246.942
246.939
246.937
246.936
246.936
246.936
246.936
246.937
246.938
246.94
246.939
246.936
246.934
246.934
246.933
246.933
246.934
246.934
246.936
246.938
246.937
246.934
246.933
246.932
246.932
246.932
246.932
246.933
246.934
246.937
246.936
246.934
246.932
246.931
246.931
246.931
246.931
246.932
246.934
246.936
246.936
246.933
246.932
246.931
246.93
246.931
246.931
246.932
246.933
246.936
246.936
246.933
246.932
246.931
246.931
246.931
246.931
246.932
246.934
246.936
246.936
246.934
246.932
246.931
246.931
246.931
246.932
246.932
246.934
246.936
246.937
246.934
246.933
246.932
246.932
246.932
246.932
246.933
246.935
246.937
246.938
246.936
246.934
246.934
246.933
246.934
246.934
246.935
246.937
246.939
246.94
246.938
246.937
246.936
246.936
246.936
246.936
246.937
246.939
246.941
154.629
154.626
154.624
154.623
154.623
154.623
154.623
154.624
154.626
154.628
154.626
154.623
154.621
154.62
154.619
154.62
154.62
154.621
154.623
154.626
154.624
154.621
154.619
154.618
154.618
154.618
154.618
154.619
154.621
154.625
154.623
154.62
154.618
154.617
154.617
154.617
154.617
154.619
154.621
154.624
154.623
154.619
154.618
154.617
154.616
154.616
154.617
154.618
154.62
154.624
154.623
154.62
154.618
154.617
154.616
154.616
154.617
154.618
154.62
154.624
154.623
154.62
154.618
154.617
154.617
154.617
154.618
154.619
154.621
154.624
154.624
154.621
154.619
154.619
154.618
154.618
154.619
154.62
154.622
154.626
154.626
154.623
154.621
154.621
154.62
154.62
154.621
154.622
154.625
154.628
154.628
154.626
154.625
154.624
154.624
154.624
154.624
154.626
154.628
154.631
88.1634
88.1607
88.159
88.1581
88.1577
88.1578
88.1583
88.1594
88.1611
88.1635
88.1607
88.158
88.1563
88.1554
88.155
88.1551
88.1557
88.1568
88.1588
88.1618
88.159
88.1563
88.1546
88.1537
88.1534
88.1535
88.1541
88.1553
88.1574
88.1607
88.1581
88.1554
88.1537
88.1528
88.1525
88.1526
88.1532
88.1545
88.1567
88.16
88.1577
88.155
88.1534
88.1525
88.1522
88.1523
88.1529
88.1542
88.1564
88.1598
88.1578
88.1551
88.1535
88.1526
88.1523
88.1524
88.1531
88.1544
88.1566
88.16
88.1583
88.1557
88.1541
88.1532
88.1529
88.1531
88.1537
88.155
88.1573
88.1607
88.1594
88.1568
88.1553
88.1545
88.1542
88.1544
88.155
88.1563
88.1586
88.162
88.1611
88.1588
88.1574
88.1567
88.1564
88.1566
88.1573
88.1586
88.1608
88.1643
88.1635
88.1618
88.1607
88.16
88.1598
88.16
88.1607
88.162
88.1643
88.1677
45.808
45.8061
45.8049
45.8042
45.804
45.804
45.8045
45.8054
45.8069
45.8089
45.8061
45.8041
45.8029
45.8023
45.802
45.8021
45.8026
45.8035
45.8052
45.8078
45.8049
45.8029
45.8017
45.8011
45.8008
45.8009
45.8014
45.8024
45.8042
45.807
45.8042
45.8023
45.8011
45.8004
45.8002
45.8003
45.8008
45.8019
45.8037
45.8065
45.804
45.802
45.8008
45.8002
45.8
45.8001
45.8006
45.8017
45.8035
45.8064
45.804
45.8021
45.8009
45.8003
45.8001
45.8002
45.8007
45.8018
45.8037
45.8065
45.8045
45.8026
45.8014
45.8008
45.8006
45.8007
45.8013
45.8024
45.8042
45.8071
45.8054
45.8035
45.8024
45.8019
45.8017
45.8018
45.8024
45.8035
45.8053
45.8082
45.8069
45.8052
45.8042
45.8037
45.8035
45.8037
45.8042
45.8053
45.8072
45.8101
45.8089
45.8078
45.807
45.8065
45.8064
45.8065
45.8071
45.8082
45.8101
45.8129
21.7443
21.7431
21.7424
21.742
21.7418
21.7419
21.7422
21.7428
21.7439
21.7454
21.7431
21.7419
21.7412
21.7408
21.7406
21.7407
21.741
21.7417
21.7429
21.7447
21.7423
21.7412
21.7404
21.74
21.7399
21.74
21.7403
21.741
21.7423
21.7442
21.7419
21.7408
21.74
21.7396
21.7395
21.7396
21.74
21.7407
21.742
21.744
21.7418
21.7406
21.7399
21.7395
21.7394
21.7395
21.7398
21.7406
21.7419
21.7439
21.7419
21.7407
21.74
21.7396
21.7395
21.7396
21.7399
21.7407
21.742
21.744
21.7422
21.741
21.7403
21.74
21.7398
21.7399
21.7403
21.7411
21.7424
21.7444
21.7428
21.7417
21.741
21.7407
21.7406
21.7407
21.7411
21.7418
21.7432
21.7452
21.7439
21.7429
21.7423
21.742
21.7419
21.742
21.7424
21.7432
21.7445
21.7465
21.7454
21.7447
21.7442
21.744
21.7439
21.744
21.7444
21.7452
21.7465
21.7485
9.46306
9.46244
9.46207
9.46187
9.4618
9.46185
9.46204
9.46244
9.4631
9.46404
9.46241
9.46181
9.46143
9.46123
9.46116
9.46122
9.46142
9.46184
9.46256
9.46369
9.46201
9.46141
9.46104
9.46084
9.46077
9.46083
9.46104
9.46148
9.46224
9.46343
9.4618
9.46119
9.46083
9.46063
9.46056
9.46062
9.46084
9.46129
9.46207
9.46329
9.46172
9.46112
9.46075
9.46056
9.4605
9.46056
9.46078
9.46124
9.46203
9.46325
9.46177
9.46117
9.46081
9.46062
9.46056
9.46063
9.46085
9.46131
9.4621
9.46333
9.46197
9.46138
9.46102
9.46084
9.46078
9.46085
9.46108
9.46154
9.46234
9.46356
9.46236
9.46179
9.46146
9.46129
9.46124
9.46131
9.46154
9.46201
9.4628
9.46403
9.46302
9.46251
9.46222
9.46207
9.46203
9.4621
9.46234
9.4628
9.4636
9.46483
9.46397
9.46364
9.46341
9.46328
9.46325
9.46333
9.46356
9.46403
9.46483
9.46607
3.79076
3.79061
3.79053
3.79048
3.79046
3.7905
3.79061
3.79082
3.79118
3.7917
3.79045
3.7903
3.79023
3.79017
3.79016
3.7902
3.79031
3.79053
3.79092
3.79153
3.79026
3.79011
3.79004
3.78999
3.78997
3.79001
3.79013
3.79036
3.79077
3.79141
3.79015
3.79001
3.78994
3.78988
3.78987
3.78991
3.79003
3.79027
3.79069
3.79134
3.79012
3.78998
3.7899
3.78985
3.78984
3.78988
3.79001
3.79025
3.79067
3.79133
3.79015
3.79001
3.78994
3.78989
3.78988
3.78992
3.79004
3.79029
3.79072
3.79138
3.79026
3.79012
3.79005
3.79001
3.79
3.79004
3.79017
3.79042
3.79084
3.7915
3.79047
3.79034
3.79029
3.79025
3.79024
3.79029
3.79041
3.79066
3.79109
3.79175
3.79083
3.79073
3.79069
3.79067
3.79067
3.79071
3.79084
3.79109
3.79152
3.79218
3.79135
3.79134
3.79134
3.79132
3.79132
3.79137
3.7915
3.79175
3.79218
3.79285
1.40249
1.40317
1.40355
1.40368
1.40372
1.40375
1.4038
1.40391
1.40408
1.40433
1.40236
1.40304
1.40342
1.40354
1.40358
1.40362
1.40367
1.40378
1.40397
1.40427
1.40227
1.40295
1.40333
1.40346
1.4035
1.40354
1.40359
1.40371
1.4039
1.40421
1.40223
1.40291
1.40329
1.40342
1.40346
1.40349
1.40355
1.40367
1.40387
1.40419
1.40222
1.4029
1.40328
1.40341
1.40345
1.40348
1.40354
1.40366
1.40386
1.40418
1.40223
1.40291
1.40329
1.40343
1.40347
1.4035
1.40356
1.40368
1.40389
1.4042
1.40228
1.40297
1.40335
1.40348
1.40353
1.40356
1.40362
1.40374
1.40395
1.40426
1.40239
1.40307
1.40346
1.4036
1.40364
1.40368
1.40374
1.40386
1.40407
1.40438
1.40256
1.40326
1.40366
1.4038
1.40385
1.40388
1.40395
1.40407
1.40427
1.40459
1.40281
1.40356
1.40397
1.40411
1.40416
1.4042
1.40426
1.40438
1.40459
1.40491
0.476281
0.48031
0.481928
0.482407
0.482532
0.482571
0.4826
0.482647
0.482723
0.482837
0.476232
0.48026
0.481878
0.482357
0.482482
0.482521
0.482551
0.4826
0.482682
0.482812
0.476199
0.480228
0.481845
0.482324
0.48245
0.482489
0.48252
0.482571
0.482656
0.482792
0.476182
0.480211
0.481828
0.482307
0.482433
0.482472
0.482504
0.482556
0.482643
0.482781
0.476177
0.480206
0.481824
0.482303
0.482429
0.482468
0.482501
0.482553
0.482641
0.482779
0.476184
0.480213
0.481832
0.482311
0.482437
0.482477
0.48251
0.482562
0.482651
0.482789
0.476207
0.480237
0.481856
0.482336
0.482462
0.482503
0.482535
0.482588
0.482677
0.482816
0.476251
0.480283
0.481904
0.482386
0.482513
0.482554
0.482587
0.48264
0.482728
0.482867
0.476325
0.480364
0.481989
0.482472
0.482601
0.482642
0.482675
0.482728
0.482817
0.482956
0.476437
0.480493
0.482124
0.48261
0.482739
0.48278
0.482814
0.482867
0.482956
0.483096
1.97901e-08
1.97837e-08
1.97752e-08
1.9754e-08
1.96887e-08
1.94961e-08
1.8988e-08
1.78344e-08
1.56921e-08
1.28914e-08
1.9785e-08
1.97787e-08
1.97702e-08
1.9749e-08
1.96838e-08
1.94913e-08
1.89835e-08
1.78305e-08
1.5689e-08
1.28894e-08
1.97819e-08
1.97756e-08
1.97671e-08
1.97459e-08
1.96808e-08
1.94884e-08
1.89808e-08
1.78281e-08
1.56871e-08
1.28881e-08
1.97805e-08
1.97741e-08
1.97657e-08
1.97445e-08
1.96794e-08
1.9487e-08
1.89796e-08
1.7827e-08
1.56863e-08
1.28875e-08
1.97806e-08
1.97743e-08
1.97658e-08
1.97447e-08
1.96796e-08
1.94873e-08
1.89798e-08
1.78273e-08
1.56866e-08
1.28878e-08
1.97827e-08
1.97764e-08
1.9768e-08
1.97469e-08
1.96819e-08
1.94895e-08
1.8982e-08
1.78294e-08
1.56885e-08
1.28894e-08
1.97878e-08
1.97817e-08
1.97733e-08
1.97523e-08
1.96873e-08
1.94949e-08
1.89873e-08
1.78344e-08
1.56929e-08
1.28931e-08
1.97977e-08
1.97917e-08
1.97836e-08
1.97627e-08
1.96977e-08
1.95052e-08
1.89974e-08
1.78439e-08
1.57013e-08
1.29001e-08
1.98143e-08
1.98089e-08
1.98012e-08
1.97805e-08
1.97155e-08
1.95229e-08
1.90147e-08
1.78602e-08
1.57158e-08
1.29123e-08
1.98391e-08
1.98357e-08
1.98285e-08
1.9808e-08
1.97431e-08
1.95503e-08
1.90413e-08
1.78853e-08
1.57381e-08
1.29309e-08
3.57238e-09
3.57113e-09
3.56939e-09
3.56501e-09
3.55181e-09
3.5139e-09
3.41713e-09
3.20609e-09
2.8373e-09
2.41074e-09
3.57142e-09
3.57018e-09
3.56844e-09
3.56407e-09
3.55088e-09
3.513e-09
3.41628e-09
3.20534e-09
2.8367e-09
2.41039e-09
3.57083e-09
3.56959e-09
3.56786e-09
3.56349e-09
3.55031e-09
3.51245e-09
3.41576e-09
3.2049e-09
2.83634e-09
2.41013e-09
3.57056e-09
3.56932e-09
3.56759e-09
3.56323e-09
3.55005e-09
3.5122e-09
3.41554e-09
3.2047e-09
2.83619e-09
2.41002e-09
3.5706e-09
3.56936e-09
3.56763e-09
3.56327e-09
3.5501e-09
3.51225e-09
3.4156e-09
3.20477e-09
2.83626e-09
2.41009e-09
3.57102e-09
3.5698e-09
3.56808e-09
3.56372e-09
3.55056e-09
3.51271e-09
3.41604e-09
3.20519e-09
2.83664e-09
2.41042e-09
3.57205e-09
3.57084e-09
3.56914e-09
3.5648e-09
3.55163e-09
3.51378e-09
3.41709e-09
3.20617e-09
2.83752e-09
2.41119e-09
3.57401e-09
3.57285e-09
3.57118e-09
3.56687e-09
3.55371e-09
3.51584e-09
3.41909e-09
3.20806e-09
2.83921e-09
2.41264e-09
3.57732e-09
3.57628e-09
3.57469e-09
3.57041e-09
3.55726e-09
3.51936e-09
3.42252e-09
3.21129e-09
2.84209e-09
2.41514e-09
3.5823e-09
3.58161e-09
3.58013e-09
3.57589e-09
3.56274e-09
3.52479e-09
3.42781e-09
3.21628e-09
2.84655e-09
2.41896e-09
6.20123e-10
6.1989e-10
6.19551e-10
6.18696e-10
6.16167e-10
6.09094e-10
5.91595e-10
5.54908e-10
4.94315e-10
4.3054e-10
6.19948e-10
6.19716e-10
6.19378e-10
6.18524e-10
6.15998e-10
6.0893e-10
5.91442e-10
5.54773e-10
4.94207e-10
4.30479e-10
6.19842e-10
6.1961e-10
6.19273e-10
6.1842e-10
6.15895e-10
6.0883e-10
5.91349e-10
5.54692e-10
4.94142e-10
4.30432e-10
6.19793e-10
6.19562e-10
6.19225e-10
6.18373e-10
6.15849e-10
6.08786e-10
5.91309e-10
5.54658e-10
4.94116e-10
4.30412e-10
6.19802e-10
6.19571e-10
6.19235e-10
6.18384e-10
6.1586e-10
6.08799e-10
5.91322e-10
5.54672e-10
4.94131e-10
4.30427e-10
6.19884e-10
6.19655e-10
6.19321e-10
6.1847e-10
6.15947e-10
6.08886e-10
5.91407e-10
5.54753e-10
4.94204e-10
4.30492e-10
6.20081e-10
6.19855e-10
6.19524e-10
6.18675e-10
6.16153e-10
6.0909e-10
5.91606e-10
5.54941e-10
4.94373e-10
4.30642e-10
6.20456e-10
6.20238e-10
6.19914e-10
6.1907e-10
6.16549e-10
6.09483e-10
5.91988e-10
5.553e-10
4.94696e-10
4.30928e-10
6.21089e-10
6.20892e-10
6.20582e-10
6.19745e-10
6.17225e-10
6.10152e-10
5.9264e-10
5.55914e-10
4.95248e-10
4.31415e-10
6.2204e-10
6.21909e-10
6.2162e-10
6.20789e-10
6.18267e-10
6.11184e-10
5.93645e-10
5.5686e-10
4.96097e-10
4.32163e-10
1.03675e-10
1.03634e-10
1.03571e-10
1.03412e-10
1.02952e-10
1.01696e-10
9.86807e-11
9.2591e-11
8.3031e-11
7.369e-11
1.03645e-10
1.03603e-10
1.03541e-10
1.03382e-10
1.02922e-10
1.01667e-10
9.8654e-11
9.25675e-11
8.30121e-11
7.36796e-11
1.03626e-10
1.03585e-10
1.03522e-10
1.03364e-10
1.02904e-10
1.0165e-10
9.86379e-11
9.25534e-11
8.30009e-11
7.36714e-11
1.03618e-10
1.03577e-10
1.03514e-10
1.03356e-10
1.02896e-10
1.01643e-10
9.86311e-11
9.25476e-11
8.29963e-11
7.36681e-11
1.0362e-10
1.03579e-10
1.03516e-10
1.03358e-10
1.02899e-10
1.01645e-10
9.86338e-11
9.25504e-11
8.29993e-11
7.36711e-11
1.03635e-10
1.03594e-10
1.03532e-10
1.03374e-10
1.02915e-10
1.01661e-10
9.86495e-11
9.25653e-11
8.30129e-11
7.36834e-11
1.03671e-10
1.03631e-10
1.03569e-10
1.03412e-10
1.02953e-10
1.01699e-10
9.86859e-11
9.25997e-11
8.3044e-11
7.37114e-11
1.0374e-10
1.03701e-10
1.03641e-10
1.03484e-10
1.03025e-10
1.0177e-10
9.87556e-11
9.26653e-11
8.31034e-11
7.37649e-11
1.03856e-10
1.03821e-10
1.03763e-10
1.03607e-10
1.03148e-10
1.01892e-10
9.88744e-11
9.27772e-11
8.32046e-11
7.38558e-11
1.0403e-10
1.04007e-10
1.03953e-10
1.03798e-10
1.03339e-10
1.02081e-10
9.90575e-11
9.29497e-11
8.33604e-11
7.39954e-11
1.67176e-11
1.67104e-11
1.66993e-11
1.66713e-11
1.65913e-11
1.63784e-11
1.58816e-11
1.49127e-11
1.34586e-11
1.21204e-11
1.67125e-11
1.67054e-11
1.66943e-11
1.66662e-11
1.65863e-11
1.63736e-11
1.58771e-11
1.49087e-11
1.34554e-11
1.21186e-11
1.67094e-11
1.67023e-11
1.66912e-11
1.66632e-11
1.65833e-11
1.63707e-11
1.58745e-11
1.49064e-11
1.34535e-11
1.21173e-11
1.6708e-11
1.67009e-11
1.66899e-11
1.66619e-11
1.6582e-11
1.63695e-11
1.58733e-11
1.49054e-11
1.34528e-11
1.21167e-11
1.67084e-11
1.67013e-11
1.66903e-11
1.66623e-11
1.65825e-11
1.637e-11
1.58739e-11
1.49059e-11
1.34533e-11
1.21173e-11
1.67111e-11
1.67041e-11
1.66931e-11
1.66651e-11
1.65854e-11
1.63728e-11
1.58766e-11
1.49086e-11
1.34558e-11
1.21195e-11
1.67175e-11
1.67105e-11
1.66996e-11
1.66718e-11
1.6592e-11
1.63794e-11
1.5883e-11
1.49146e-11
1.34613e-11
1.21246e-11
1.67296e-11
1.67229e-11
1.67122e-11
1.66845e-11
1.66047e-11
1.6392e-11
1.58953e-11
1.49262e-11
1.34718e-11
1.21341e-11
1.675e-11
1.67439e-11
1.67337e-11
1.67061e-11
1.66263e-11
1.64134e-11
1.59161e-11
1.49458e-11
1.34896e-11
1.21504e-11
1.67807e-11
1.67766e-11
1.67669e-11
1.67395e-11
1.66597e-11
1.64464e-11
1.59481e-11
1.4976e-11
1.3517e-11
1.21753e-11
2.6035e-12
2.6023e-12
2.60042e-12
2.59567e-12
2.58238e-12
2.54783e-12
2.46933e-12
2.32107e-12
2.10729e-12
1.91997e-12
2.60267e-12
2.60148e-12
2.5996e-12
2.59486e-12
2.58158e-12
2.54706e-12
2.46861e-12
2.32043e-12
2.10677e-12
1.9197e-12
2.60216e-12
2.60098e-12
2.5991e-12
2.59437e-12
2.5811e-12
2.54659e-12
2.46817e-12
2.32005e-12
2.10647e-12
1.91948e-12
2.60195e-12
2.60076e-12
2.59889e-12
2.59416e-12
2.5809e-12
2.5464e-12
2.468e-12
2.3199e-12
2.10635e-12
1.9194e-12
2.60202e-12
2.60084e-12
2.59897e-12
2.59424e-12
2.58098e-12
2.54649e-12
2.46809e-12
2.32e-12
2.10645e-12
1.9195e-12
2.60249e-12
2.60131e-12
2.59945e-12
2.59472e-12
2.58147e-12
2.54697e-12
2.46856e-12
2.32045e-12
2.10687e-12
1.91988e-12
2.60357e-12
2.60241e-12
2.60056e-12
2.59584e-12
2.58259e-12
2.54808e-12
2.46965e-12
2.32147e-12
2.10781e-12
1.92075e-12
2.60562e-12
2.6045e-12
2.60268e-12
2.59799e-12
2.58474e-12
2.55021e-12
2.47171e-12
2.32342e-12
2.10959e-12
1.92239e-12
2.60907e-12
2.60806e-12
2.60631e-12
2.60164e-12
2.58839e-12
2.55382e-12
2.47522e-12
2.32674e-12
2.11262e-12
1.92518e-12
2.61427e-12
2.61357e-12
2.61193e-12
2.60729e-12
2.59403e-12
2.55939e-12
2.48062e-12
2.33183e-12
2.11728e-12
1.92945e-12
3.92072e-13
3.91882e-13
3.91575e-13
3.90805e-13
3.88689e-13
3.83304e-13
3.71376e-13
3.49506e-13
3.19065e-13
2.93464e-13
3.91943e-13
3.91753e-13
3.91447e-13
3.90678e-13
3.88565e-13
3.83184e-13
3.71263e-13
3.49407e-13
3.18985e-13
2.93423e-13
3.91865e-13
3.91676e-13
3.9137e-13
3.90602e-13
3.88489e-13
3.83111e-13
3.71196e-13
3.49348e-13
3.18938e-13
2.93389e-13
3.91831e-13
3.91642e-13
3.91337e-13
3.9057e-13
3.88458e-13
3.83082e-13
3.71169e-13
3.49325e-13
3.1892e-13
2.93376e-13
3.91845e-13
3.91656e-13
3.91351e-13
3.90585e-13
3.88473e-13
3.83097e-13
3.71185e-13
3.49342e-13
3.18937e-13
2.93394e-13
3.91921e-13
3.91734e-13
3.9143e-13
3.90664e-13
3.88553e-13
3.83177e-13
3.71263e-13
3.49416e-13
3.19006e-13
2.93458e-13
3.92098e-13
3.91913e-13
3.91611e-13
3.90847e-13
3.88737e-13
3.83358e-13
3.71439e-13
3.49583e-13
3.1916e-13
2.93601e-13
3.92433e-13
3.92254e-13
3.91958e-13
3.91197e-13
3.89086e-13
3.83704e-13
3.71775e-13
3.499e-13
3.19452e-13
2.93873e-13
3.92997e-13
3.92834e-13
3.92548e-13
3.91792e-13
3.89681e-13
3.84292e-13
3.72346e-13
3.5044e-13
3.19948e-13
2.94333e-13
3.93845e-13
3.93732e-13
3.93463e-13
3.9271e-13
3.90597e-13
3.85196e-13
3.73224e-13
3.51269e-13
3.20709e-13
2.95038e-13
5.71652e-14
5.71357e-14
5.70877e-14
5.69678e-14
5.66439e-14
5.58363e-14
5.40893e-14
5.09725e-14
4.6768e-14
4.33531e-14
5.71456e-14
5.71164e-14
5.70684e-14
5.69487e-14
5.66251e-14
5.58182e-14
5.40723e-14
5.09574e-14
4.67558e-14
4.33469e-14
5.71339e-14
5.71047e-14
5.70568e-14
5.69372e-14
5.66138e-14
5.58073e-14
5.40623e-14
5.09486e-14
4.67488e-14
4.33418e-14
5.71289e-14
5.70998e-14
5.70519e-14
5.69325e-14
5.66092e-14
5.58029e-14
5.40583e-14
5.09453e-14
4.67462e-14
4.334e-14
5.71312e-14
5.71021e-14
5.70544e-14
5.6935e-14
5.66117e-14
5.58056e-14
5.4061e-14
5.09481e-14
4.67491e-14
4.33429e-14
5.71433e-14
5.71144e-14
5.70668e-14
5.69476e-14
5.66244e-14
5.58181e-14
5.40733e-14
5.09598e-14
4.676e-14
4.33532e-14
5.71712e-14
5.71426e-14
5.70954e-14
5.69764e-14
5.66533e-14
5.58467e-14
5.41011e-14
5.09861e-14
4.67844e-14
4.33761e-14
5.7224e-14
5.71963e-14
5.715e-14
5.70314e-14
5.67082e-14
5.5901e-14
5.41539e-14
5.10361e-14
4.68306e-14
4.34193e-14
5.73128e-14
5.72876e-14
5.72428e-14
5.71249e-14
5.68016e-14
5.59933e-14
5.42434e-14
5.11208e-14
4.69089e-14
4.34924e-14
5.74463e-14
5.74288e-14
5.73864e-14
5.72691e-14
5.69454e-14
5.61353e-14
5.43812e-14
5.1251e-14
4.70289e-14
4.36046e-14
8.09664e-15
8.09224e-15
8.08497e-15
8.06696e-15
8.01907e-15
7.90202e-15
7.65438e-15
7.22354e-15
6.65845e-15
6.21311e-15
8.09377e-15
8.0894e-15
8.08214e-15
8.06415e-15
8.01631e-15
7.89935e-15
7.65188e-15
7.22132e-15
6.65665e-15
6.2122e-15
8.09205e-15
8.08769e-15
8.08044e-15
8.06247e-15
8.01466e-15
7.89777e-15
7.65041e-15
7.22003e-15
6.65562e-15
6.21148e-15
8.09134e-15
8.08699e-15
8.07975e-15
8.06179e-15
8.014e-15
7.89714e-15
7.64985e-15
7.21956e-15
6.65526e-15
6.21123e-15
8.09172e-15
8.08737e-15
8.08014e-15
8.0622e-15
8.01442e-15
7.89757e-15
7.65029e-15
7.22001e-15
6.65572e-15
6.21169e-15
8.09359e-15
8.08926e-15
8.08206e-15
8.06413e-15
8.01636e-15
7.8995e-15
7.65217e-15
7.2218e-15
6.6574e-15
6.21328e-15
8.09785e-15
8.09357e-15
8.08643e-15
8.06854e-15
8.02076e-15
7.90386e-15
7.65641e-15
7.22582e-15
6.66114e-15
6.21681e-15
8.10591e-15
8.10176e-15
8.09474e-15
8.07691e-15
8.02914e-15
7.91213e-15
7.66444e-15
7.23344e-15
6.66822e-15
6.22346e-15
8.11945e-15
8.11567e-15
8.10888e-15
8.09115e-15
8.04335e-15
7.92617e-15
7.67807e-15
7.24635e-15
6.68019e-15
6.23472e-15
8.13982e-15
8.13716e-15
8.13072e-15
8.11308e-15
8.06521e-15
7.94774e-15
7.699e-15
7.26616e-15
6.69854e-15
6.25197e-15
1.25505e-15
1.25434e-15
1.25313e-15
1.25017e-15
1.24244e-15
1.22392e-15
1.18563e-15
1.12068e-15
1.0378e-15
9.74292e-16
1.2546e-15
1.25389e-15
1.25269e-15
1.24973e-15
1.24201e-15
1.22351e-15
1.18524e-15
1.12033e-15
1.03752e-15
9.74155e-16
1.25432e-15
1.25362e-15
1.25242e-15
1.24947e-15
1.24174e-15
1.22325e-15
1.18501e-15
1.12013e-15
1.03735e-15
9.74041e-16
1.25421e-15
1.25351e-15
1.25231e-15
1.24936e-15
1.24164e-15
1.22316e-15
1.18492e-15
1.12006e-15
1.0373e-15
9.74004e-16
1.25428e-15
1.25358e-15
1.25238e-15
1.24943e-15
1.24172e-15
1.22323e-15
1.185e-15
1.12013e-15
1.03738e-15
9.74085e-16
1.2546e-15
1.2539e-15
1.2527e-15
1.24976e-15
1.24204e-15
1.22356e-15
1.18532e-15
1.12044e-15
1.03767e-15
9.74357e-16
1.25531e-15
1.25462e-15
1.25344e-15
1.2505e-15
1.24278e-15
1.22429e-15
1.18603e-15
1.12111e-15
1.0383e-15
9.74955e-16
1.25666e-15
1.25599e-15
1.25483e-15
1.2519e-15
1.24418e-15
1.22567e-15
1.18737e-15
1.12239e-15
1.03949e-15
9.76081e-16
1.25893e-15
1.25832e-15
1.25719e-15
1.25427e-15
1.24655e-15
1.22801e-15
1.18964e-15
1.12455e-15
1.0415e-15
9.7798e-16
1.26228e-15
1.26185e-15
1.26078e-15
1.25788e-15
1.25014e-15
1.23155e-15
1.19308e-15
1.1278e-15
1.04453e-15
9.80844e-16
4.90299e-08
5.9727e-08
6.79252e-08
7.23514e-08
7.43093e-08
7.50608e-08
7.5329e-08
7.54399e-08
7.5521e-08
7.56187e-08
4.90137e-08
5.97086e-08
6.79053e-08
7.23307e-08
7.42884e-08
7.50398e-08
7.53084e-08
7.54201e-08
7.55036e-08
7.56084e-08
4.9003e-08
5.96964e-08
6.78919e-08
7.23168e-08
7.42743e-08
7.50258e-08
7.52946e-08
7.54071e-08
7.54922e-08
7.55993e-08
4.89974e-08
5.96899e-08
6.78849e-08
7.23094e-08
7.42668e-08
7.50184e-08
7.52876e-08
7.54006e-08
7.54864e-08
7.55944e-08
4.89965e-08
5.9689e-08
6.7884e-08
7.23087e-08
7.42661e-08
7.50179e-08
7.52872e-08
7.54005e-08
7.54867e-08
7.5595e-08
4.90009e-08
5.96945e-08
6.78904e-08
7.23156e-08
7.42734e-08
7.50253e-08
7.52948e-08
7.54082e-08
7.54947e-08
7.56031e-08
4.90127e-08
5.97089e-08
6.79071e-08
7.23337e-08
7.42922e-08
7.50444e-08
7.53141e-08
7.54277e-08
7.55142e-08
7.56228e-08
4.90358e-08
5.97374e-08
6.794e-08
7.23693e-08
7.43291e-08
7.50819e-08
7.53519e-08
7.54656e-08
7.55523e-08
7.56611e-08
4.90759e-08
5.9787e-08
6.79974e-08
7.24312e-08
7.43933e-08
7.51471e-08
7.54174e-08
7.55314e-08
7.56183e-08
7.57274e-08
4.91376e-08
5.98652e-08
6.80881e-08
7.25291e-08
7.44946e-08
7.52498e-08
7.55207e-08
7.5635e-08
7.57223e-08
7.58322e-08
9.16379e-09
1.07951e-08
1.22072e-08
1.30173e-08
1.33905e-08
1.35385e-08
1.35928e-08
1.36156e-08
1.36321e-08
1.36518e-08
9.16066e-09
1.07916e-08
1.22034e-08
1.30134e-08
1.33866e-08
1.35345e-08
1.35889e-08
1.36119e-08
1.36288e-08
1.36499e-08
9.15859e-09
1.07893e-08
1.22009e-08
1.30108e-08
1.33839e-08
1.35319e-08
1.35863e-08
1.36094e-08
1.36267e-08
1.36482e-08
9.1575e-09
1.07881e-08
1.21996e-08
1.30094e-08
1.33825e-08
1.35305e-08
1.3585e-08
1.36082e-08
1.36256e-08
1.36473e-08
9.15736e-09
1.0788e-08
1.21995e-08
1.30093e-08
1.33824e-08
1.35305e-08
1.3585e-08
1.36082e-08
1.36257e-08
1.36474e-08
9.15828e-09
1.07891e-08
1.22008e-08
1.30107e-08
1.33839e-08
1.3532e-08
1.35865e-08
1.36098e-08
1.36273e-08
1.3649e-08
9.16073e-09
1.0792e-08
1.22041e-08
1.30143e-08
1.33876e-08
1.35358e-08
1.35904e-08
1.36137e-08
1.36312e-08
1.3653e-08
9.16554e-09
1.07977e-08
1.22107e-08
1.30214e-08
1.3395e-08
1.35433e-08
1.35979e-08
1.36213e-08
1.36388e-08
1.36606e-08
9.17383e-09
1.08076e-08
1.22221e-08
1.30338e-08
1.34078e-08
1.35563e-08
1.3611e-08
1.36344e-08
1.3652e-08
1.36739e-08
9.18646e-09
1.08233e-08
1.22401e-08
1.30532e-08
1.3428e-08
1.35767e-08
1.36316e-08
1.3655e-08
1.36728e-08
1.36948e-08
1.63566e-09
1.87996e-09
2.11213e-09
2.25306e-09
2.32059e-09
2.34822e-09
2.35864e-09
2.36309e-09
2.3663e-09
2.37008e-09
1.63508e-09
1.87933e-09
2.11146e-09
2.25235e-09
2.31987e-09
2.34751e-09
2.35794e-09
2.36241e-09
2.36571e-09
2.36974e-09
1.6347e-09
1.87891e-09
2.111e-09
2.25188e-09
2.3194e-09
2.34704e-09
2.35748e-09
2.36198e-09
2.36532e-09
2.36943e-09
1.6345e-09
1.87869e-09
2.11077e-09
2.25164e-09
2.31915e-09
2.34679e-09
2.35724e-09
2.36176e-09
2.36513e-09
2.36927e-09
1.63448e-09
1.87867e-09
2.11075e-09
2.25162e-09
2.31914e-09
2.34678e-09
2.35724e-09
2.36177e-09
2.36516e-09
2.36931e-09
1.63466e-09
1.87889e-09
2.11099e-09
2.25189e-09
2.31942e-09
2.34707e-09
2.35753e-09
2.36207e-09
2.36546e-09
2.36962e-09
1.63515e-09
1.87945e-09
2.11163e-09
2.25258e-09
2.32013e-09
2.3478e-09
2.35827e-09
2.36281e-09
2.36621e-09
2.37037e-09
1.63609e-09
1.88054e-09
2.11288e-09
2.25393e-09
2.32154e-09
2.34923e-09
2.35971e-09
2.36426e-09
2.36767e-09
2.37184e-09
1.63772e-09
1.88245e-09
2.11506e-09
2.25628e-09
2.32398e-09
2.35172e-09
2.36221e-09
2.36677e-09
2.37019e-09
2.37437e-09
1.64019e-09
1.88545e-09
2.11849e-09
2.25998e-09
2.32782e-09
2.35562e-09
2.36614e-09
2.37071e-09
2.37414e-09
2.37835e-09
2.79791e-10
3.15644e-10
3.52307e-10
3.75717e-10
3.87363e-10
3.92276e-10
3.94177e-10
3.95002e-10
3.95598e-10
3.96294e-10
2.7969e-10
3.15534e-10
3.52189e-10
3.75595e-10
3.87239e-10
3.92152e-10
3.94054e-10
3.94885e-10
3.95495e-10
3.96236e-10
2.79622e-10
3.15461e-10
3.52111e-10
3.75513e-10
3.87156e-10
3.9207e-10
3.93974e-10
3.9481e-10
3.95429e-10
3.96184e-10
2.79587e-10
3.15423e-10
3.5207e-10
3.75471e-10
3.87113e-10
3.92027e-10
3.93933e-10
3.94772e-10
3.95397e-10
3.96156e-10
2.79584e-10
3.1542e-10
3.52068e-10
3.75469e-10
3.87113e-10
3.92027e-10
3.93935e-10
3.94775e-10
3.95402e-10
3.96164e-10
2.79619e-10
3.1546e-10
3.52114e-10
3.75519e-10
3.87165e-10
3.92081e-10
3.93989e-10
3.94831e-10
3.95459e-10
3.96222e-10
2.7971e-10
3.15564e-10
3.5223e-10
3.75645e-10
3.87296e-10
3.92215e-10
3.94124e-10
3.94967e-10
3.95596e-10
3.9636e-10
2.79888e-10
3.15767e-10
3.5246e-10
3.75893e-10
3.87553e-10
3.92477e-10
3.94389e-10
3.95233e-10
3.95863e-10
3.96628e-10
2.80193e-10
3.16118e-10
3.52858e-10
3.76322e-10
3.88e-10
3.92931e-10
3.94846e-10
3.95692e-10
3.96324e-10
3.97091e-10
2.80655e-10
3.16669e-10
3.53484e-10
3.76997e-10
3.88701e-10
3.93644e-10
3.95564e-10
3.96412e-10
3.97047e-10
3.97821e-10
4.59914e-11
5.11399e-11
5.67221e-11
6.04502e-11
6.23709e-11
6.3205e-11
6.35358e-11
6.36822e-11
6.37881e-11
6.39111e-11
4.59742e-11
5.11214e-11
5.67025e-11
6.04299e-11
6.23502e-11
6.31843e-11
6.35154e-11
6.36627e-11
6.3771e-11
6.39015e-11
4.59628e-11
5.11092e-11
5.66894e-11
6.04162e-11
6.23364e-11
6.31705e-11
6.35019e-11
6.36501e-11
6.376e-11
6.38929e-11
4.59568e-11
5.11028e-11
5.66826e-11
6.04092e-11
6.23293e-11
6.31635e-11
6.34952e-11
6.36439e-11
6.37547e-11
6.38885e-11
4.59564e-11
5.11025e-11
5.66824e-11
6.04092e-11
6.23294e-11
6.31637e-11
6.34956e-11
6.36446e-11
6.37558e-11
6.389e-11
4.59628e-11
5.11097e-11
5.66906e-11
6.0418e-11
6.23386e-11
6.31732e-11
6.35053e-11
6.36545e-11
6.37659e-11
6.39002e-11
4.59792e-11
5.1128e-11
5.67112e-11
6.04402e-11
6.23618e-11
6.31968e-11
6.35292e-11
6.36785e-11
6.37901e-11
6.39245e-11
4.60112e-11
5.1164e-11
5.67515e-11
6.04837e-11
6.2407e-11
6.32429e-11
6.35757e-11
6.37252e-11
6.3837e-11
6.39717e-11
4.60659e-11
5.12261e-11
5.68215e-11
6.05591e-11
6.24854e-11
6.33227e-11
6.36561e-11
6.3806e-11
6.39182e-11
6.40533e-11
4.61488e-11
5.13235e-11
5.69314e-11
6.06775e-11
6.26084e-11
6.34478e-11
6.37821e-11
6.39325e-11
6.40452e-11
6.41814e-11
7.28084e-12
8.00348e-12
8.8252e-12
9.39617e-12
9.70001e-12
9.83561e-12
9.89071e-12
9.91558e-12
9.93364e-12
9.95455e-12
7.27804e-12
8.0005e-12
8.82203e-12
9.39289e-12
9.69668e-12
9.83227e-12
9.88742e-12
9.91243e-12
9.93089e-12
9.95302e-12
7.27617e-12
7.99851e-12
8.81992e-12
9.3907e-12
9.69445e-12
9.83006e-12
9.88526e-12
9.9104e-12
9.92913e-12
9.95165e-12
7.2752e-12
7.99748e-12
8.81883e-12
9.38958e-12
9.69332e-12
9.82894e-12
9.88419e-12
9.90942e-12
9.92829e-12
9.95095e-12
7.27517e-12
7.99747e-12
8.81884e-12
9.3896e-12
9.69337e-12
9.82901e-12
9.8843e-12
9.90957e-12
9.92851e-12
9.95123e-12
7.27628e-12
7.9987e-12
8.82023e-12
9.39111e-12
9.69495e-12
9.83063e-12
9.88595e-12
9.91126e-12
9.93023e-12
9.95298e-12
7.27912e-12
8.00184e-12
8.82372e-12
9.39487e-12
9.69887e-12
9.83464e-12
9.88999e-12
9.91533e-12
9.93433e-12
9.9571e-12
7.28463e-12
8.00797e-12
8.83056e-12
9.40224e-12
9.70653e-12
9.84244e-12
9.89787e-12
9.92325e-12
9.94228e-12
9.96509e-12
7.29405e-12
8.01855e-12
8.84241e-12
9.41498e-12
9.71978e-12
9.85594e-12
9.91147e-12
9.93692e-12
9.95602e-12
9.9789e-12
7.30832e-12
8.0351e-12
8.86097e-12
9.43495e-12
9.74053e-12
9.87706e-12
9.93276e-12
9.95829e-12
9.97748e-12
1.00006e-11
1.11214e-12
1.21121e-12
1.32838e-12
1.4127e-12
1.45892e-12
1.48009e-12
1.48889e-12
1.49295e-12
1.49591e-12
1.49933e-12
1.1117e-12
1.21075e-12
1.32789e-12
1.41219e-12
1.4584e-12
1.47957e-12
1.48838e-12
1.49246e-12
1.49548e-12
1.4991e-12
1.1114e-12
1.21044e-12
1.32756e-12
1.41185e-12
1.45806e-12
1.47923e-12
1.48805e-12
1.49214e-12
1.49521e-12
1.49889e-12
1.11125e-12
1.21028e-12
1.32739e-12
1.41167e-12
1.45788e-12
1.47905e-12
1.48788e-12
1.49199e-12
1.49508e-12
1.49878e-12
1.11125e-12
1.21028e-12
1.3274e-12
1.41168e-12
1.4579e-12
1.47907e-12
1.4879e-12
1.49202e-12
1.49512e-12
1.49883e-12
1.11144e-12
1.21048e-12
1.32763e-12
1.41193e-12
1.45816e-12
1.47934e-12
1.48818e-12
1.4923e-12
1.4954e-12
1.49912e-12
1.11191e-12
1.211e-12
1.3282e-12
1.41255e-12
1.4588e-12
1.47999e-12
1.48884e-12
1.49296e-12
1.49608e-12
1.49979e-12
1.11282e-12
1.21201e-12
1.32932e-12
1.41375e-12
1.46005e-12
1.48127e-12
1.49012e-12
1.49426e-12
1.49737e-12
1.5011e-12
1.11438e-12
1.21374e-12
1.33125e-12
1.41582e-12
1.4622e-12
1.48346e-12
1.49234e-12
1.49649e-12
1.49961e-12
1.50335e-12
1.11674e-12
1.21646e-12
1.33427e-12
1.41907e-12
1.46558e-12
1.4869e-12
1.49581e-12
1.49997e-12
1.50311e-12
1.50688e-12
1.64183e-13
1.77446e-13
1.93655e-13
2.05686e-13
2.12465e-13
2.15645e-13
2.16998e-13
2.17633e-13
2.18102e-13
2.18642e-13
1.64116e-13
1.77376e-13
1.93581e-13
2.05609e-13
2.12387e-13
2.15567e-13
2.16921e-13
2.17559e-13
2.18037e-13
2.18607e-13
1.64071e-13
1.77329e-13
1.93531e-13
2.05558e-13
2.12335e-13
2.15516e-13
2.16871e-13
2.17512e-13
2.17996e-13
2.18575e-13
1.64049e-13
1.77305e-13
1.93506e-13
2.05532e-13
2.12309e-13
2.1549e-13
2.16846e-13
2.1749e-13
2.17977e-13
2.1856e-13
1.64049e-13
1.77306e-13
1.93508e-13
2.05535e-13
2.12312e-13
2.15493e-13
2.16851e-13
2.17495e-13
2.17985e-13
2.18568e-13
1.64079e-13
1.77339e-13
1.93544e-13
2.05574e-13
2.12353e-13
2.15536e-13
2.16894e-13
2.17539e-13
2.18029e-13
2.18614e-13
1.64155e-13
1.77421e-13
1.93635e-13
2.05671e-13
2.12454e-13
2.15639e-13
2.16998e-13
2.17644e-13
2.18135e-13
2.1872e-13
1.64301e-13
1.77581e-13
1.93811e-13
2.0586e-13
2.12651e-13
2.15839e-13
2.172e-13
2.17848e-13
2.1834e-13
2.18926e-13
1.64549e-13
1.77855e-13
1.94115e-13
2.06186e-13
2.1299e-13
2.16185e-13
2.17549e-13
2.18198e-13
2.18692e-13
2.1928e-13
1.64926e-13
1.78284e-13
1.94591e-13
2.06696e-13
2.1352e-13
2.16725e-13
2.18094e-13
2.18745e-13
2.19241e-13
2.19835e-13
2.35131e-14
2.52498e-14
2.74321e-14
2.90974e-14
3.00597e-14
3.05217e-14
3.07224e-14
3.08185e-14
3.08901e-14
3.09727e-14
2.35033e-14
2.52394e-14
2.74212e-14
2.90862e-14
3.00483e-14
3.05102e-14
3.07111e-14
3.08077e-14
3.08808e-14
3.09676e-14
2.34967e-14
2.52326e-14
2.7414e-14
2.90787e-14
3.00407e-14
3.05027e-14
3.07038e-14
3.08009e-14
3.08748e-14
3.0963e-14
2.34934e-14
2.52291e-14
2.74104e-14
2.9075e-14
3.0037e-14
3.0499e-14
3.07003e-14
3.07977e-14
3.08721e-14
3.09608e-14
2.34936e-14
2.52294e-14
2.74108e-14
2.90755e-14
3.00375e-14
3.04996e-14
3.0701e-14
3.07986e-14
3.08733e-14
3.09622e-14
2.34983e-14
2.52345e-14
2.74164e-14
2.90815e-14
3.00439e-14
3.05061e-14
3.07077e-14
3.08054e-14
3.08802e-14
3.09692e-14
2.35099e-14
2.52471e-14
2.74302e-14
2.90963e-14
3.00593e-14
3.05219e-14
3.07236e-14
3.08214e-14
3.08964e-14
3.09855e-14
2.35325e-14
2.52716e-14
2.74571e-14
2.91252e-14
3.00893e-14
3.05525e-14
3.07545e-14
3.08525e-14
3.09276e-14
3.10169e-14
2.35708e-14
2.53137e-14
2.75036e-14
2.91749e-14
3.0141e-14
3.06052e-14
3.08077e-14
3.09059e-14
3.09813e-14
3.10709e-14
2.3629e-14
2.53794e-14
2.7576e-14
2.92524e-14
3.02216e-14
3.06873e-14
3.08905e-14
3.09892e-14
3.10649e-14
3.11554e-14
3.68436e-15
3.93312e-15
4.25388e-15
4.50534e-15
4.65437e-15
4.72762e-15
4.76019e-15
4.77612e-15
4.78811e-15
4.80172e-15
3.6828e-15
3.93148e-15
4.25217e-15
4.50357e-15
4.65257e-15
4.72582e-15
4.75841e-15
4.77442e-15
4.78664e-15
4.80095e-15
3.68175e-15
3.93039e-15
4.25102e-15
4.50238e-15
4.65137e-15
4.72462e-15
4.75725e-15
4.77333e-15
4.7857e-15
4.80024e-15
3.68122e-15
3.92984e-15
4.25045e-15
4.50179e-15
4.65078e-15
4.72404e-15
4.75669e-15
4.77283e-15
4.78528e-15
4.7999e-15
3.68127e-15
3.9299e-15
4.25053e-15
4.50189e-15
4.65089e-15
4.72417e-15
4.75684e-15
4.77301e-15
4.7855e-15
4.80015e-15
3.68208e-15
3.93077e-15
4.25148e-15
4.50292e-15
4.65196e-15
4.72527e-15
4.75796e-15
4.77415e-15
4.78666e-15
4.80133e-15
3.68406e-15
3.9329e-15
4.25381e-15
4.50541e-15
4.65456e-15
4.72792e-15
4.76064e-15
4.77685e-15
4.78938e-15
4.80406e-15
3.68788e-15
3.93703e-15
4.25833e-15
4.51024e-15
4.65958e-15
4.73304e-15
4.76582e-15
4.78206e-15
4.79461e-15
4.80933e-15
3.69437e-15
3.94411e-15
4.26609e-15
4.51853e-15
4.6682e-15
4.74184e-15
4.7747e-15
4.79099e-15
4.80359e-15
4.81836e-15
3.70404e-15
3.95497e-15
4.27802e-15
4.53127e-15
4.68144e-15
4.75533e-15
4.78831e-15
4.80466e-15
4.81734e-15
4.83224e-15
)
;

boundaryField
{
    inlet1
    {
        type            fixedValue;
        value           uniform 10;
    }
    inlet2
    {
        type            fixedValue;
        value           uniform 20;
    }
    outlet1
    {
        type            zeroGradient;
    }
    outlet2
    {
        type            zeroGradient;
    }
    fixedWalls
    {
        type            zeroGradient;
    }
}


// ************************************************************************* //
