/*--------------------------------*- C++ -*----------------------------------*\
  =========                 |
  \\      /  F ield         | OpenFOAM: The Open Source CFD Toolbox
   \\    /   O peration     | Website:  https://openfoam.org
    \\  /    A nd           | Version:  6
     \\/     M anipulation  |
\*---------------------------------------------------------------------------*/
FoamFile
{
    version     2.0;
    format      ascii;
    class       volScalarField;
    location    "0.92";
    object      T;
}
// * * * * * * * * * * * * * * * * * * * * * * * * * * * * * * * * * * * * * //

dimensions      [0 0 0 1 0 0 0];

internalField   nonuniform List<scalar> 
7000
(
106.66
106.659
106.657
106.654
106.65
106.646
106.642
106.639
106.636
106.635
106.66
106.659
106.657
106.654
106.65
106.646
106.642
106.639
106.636
106.635
106.66
106.659
106.657
106.654
106.65
106.646
106.642
106.639
106.636
106.635
106.66
106.659
106.657
106.654
106.65
106.646
106.642
106.639
106.636
106.635
106.66
106.659
106.657
106.654
106.65
106.646
106.642
106.639
106.636
106.635
106.66
106.659
106.657
106.654
106.65
106.646
106.642
106.639
106.636
106.635
106.66
106.659
106.657
106.654
106.65
106.646
106.642
106.639
106.636
106.635
106.66
106.659
106.657
106.654
106.65
106.646
106.642
106.639
106.636
106.635
106.66
106.659
106.657
106.654
106.65
106.646
106.642
106.639
106.636
106.635
106.66
106.659
106.657
106.654
106.65
106.646
106.642
106.639
106.636
106.635
99.9998
99.9965
99.9901
99.9811
99.97
99.9579
99.9459
99.9352
99.9271
99.9227
99.9998
99.9965
99.9901
99.9811
99.97
99.9579
99.9459
99.9352
99.9271
99.9227
99.9998
99.9965
99.9901
99.9811
99.97
99.9579
99.9459
99.9351
99.9271
99.9227
99.9998
99.9965
99.9901
99.9811
99.97
99.9579
99.9458
99.9351
99.9271
99.9227
99.9998
99.9965
99.9901
99.9811
99.97
99.9579
99.9458
99.9351
99.9271
99.9227
99.9998
99.9965
99.9901
99.9811
99.97
99.9579
99.9458
99.9351
99.9271
99.9227
99.9998
99.9965
99.9901
99.9811
99.97
99.9579
99.9458
99.9351
99.9271
99.9227
99.9998
99.9965
99.9901
99.9811
99.97
99.9579
99.9459
99.9351
99.9271
99.9227
99.9998
99.9965
99.9901
99.9811
99.97
99.9579
99.9459
99.9351
99.9271
99.9227
99.9998
99.9965
99.9901
99.9811
99.97
99.9579
99.9459
99.9352
99.9271
99.9227
93.3985
93.3929
93.3821
93.3668
93.348
93.3272
93.3063
93.2875
93.2733
93.2656
93.3985
93.3929
93.3821
93.3668
93.348
93.3272
93.3063
93.2875
93.2733
93.2656
93.3985
93.3929
93.3821
93.3668
93.348
93.3271
93.3063
93.2875
93.2733
93.2656
93.3985
93.3929
93.3821
93.3668
93.3479
93.3271
93.3062
93.2875
93.2733
93.2656
93.3985
93.3929
93.3821
93.3668
93.3479
93.3271
93.3062
93.2875
93.2733
93.2656
93.3985
93.3929
93.3821
93.3668
93.3479
93.3271
93.3062
93.2875
93.2733
93.2656
93.3985
93.3929
93.3821
93.3668
93.3479
93.3271
93.3062
93.2875
93.2733
93.2656
93.3985
93.3929
93.3821
93.3668
93.3479
93.3271
93.3062
93.2875
93.2733
93.2656
93.3985
93.3929
93.3821
93.3668
93.348
93.3271
93.3063
93.2875
93.2733
93.2656
93.3985
93.3929
93.3821
93.3668
93.348
93.3272
93.3063
93.2875
93.2733
93.2656
86.8946
86.8868
86.8714
86.8495
86.8223
86.7919
86.761
86.7328
86.7111
86.6992
86.8946
86.8867
86.8714
86.8495
86.8223
86.7919
86.761
86.7328
86.7111
86.6991
86.8946
86.8867
86.8714
86.8495
86.8223
86.7919
86.761
86.7328
86.711
86.6991
86.8946
86.8867
86.8714
86.8494
86.8223
86.7919
86.7609
86.7328
86.711
86.6991
86.8946
86.8867
86.8714
86.8494
86.8223
86.7919
86.7609
86.7328
86.711
86.6991
86.8946
86.8867
86.8714
86.8494
86.8223
86.7919
86.7609
86.7328
86.711
86.6991
86.8946
86.8867
86.8714
86.8494
86.8223
86.7919
86.7609
86.7328
86.711
86.6991
86.8946
86.8867
86.8714
86.8494
86.8223
86.7919
86.7609
86.7328
86.711
86.6991
86.8946
86.8867
86.8714
86.8495
86.8223
86.7919
86.761
86.7328
86.711
86.6991
86.8946
86.8867
86.8714
86.8495
86.8223
86.7919
86.761
86.7328
86.7111
86.6992
80.5257
80.5155
80.4956
80.4669
80.4308
80.3897
80.347
80.3071
80.2756
80.258
80.5257
80.5155
80.4956
80.4669
80.4308
80.3897
80.347
80.3071
80.2756
80.2579
80.5257
80.5155
80.4956
80.4669
80.4308
80.3897
80.3469
80.3071
80.2755
80.2579
80.5257
80.5155
80.4956
80.4668
80.4308
80.3897
80.3469
80.307
80.2755
80.2579
80.5257
80.5155
80.4956
80.4668
80.4308
80.3897
80.3469
80.307
80.2755
80.2579
80.5256
80.5155
80.4956
80.4668
80.4308
80.3897
80.3469
80.307
80.2755
80.2579
80.5257
80.5155
80.4956
80.4668
80.4308
80.3897
80.3469
80.307
80.2755
80.2579
80.5257
80.5155
80.4956
80.4668
80.4308
80.3897
80.3469
80.307
80.2755
80.2579
80.5257
80.5155
80.4956
80.4669
80.4308
80.3897
80.3469
80.3071
80.2755
80.2579
80.5257
80.5155
80.4956
80.4669
80.4308
80.3897
80.347
80.3071
80.2756
80.2579
74.3277
74.3154
74.2911
74.2557
74.2104
74.1576
74.1008
74.0459
74.0006
73.9745
74.3276
74.3153
74.2911
74.2557
74.2104
74.1575
74.1008
74.0458
74.0006
73.9744
74.3276
74.3153
74.2911
74.2557
74.2104
74.1575
74.1008
74.0458
74.0006
73.9744
74.3276
74.3153
74.2911
74.2556
74.2104
74.1575
74.1007
74.0458
74.0006
73.9744
74.3276
74.3153
74.2911
74.2556
74.2104
74.1575
74.1007
74.0458
74.0006
73.9744
74.3276
74.3153
74.2911
74.2556
74.2104
74.1575
74.1007
74.0458
74.0006
73.9744
74.3276
74.3153
74.2911
74.2556
74.2104
74.1575
74.1007
74.0458
74.0006
73.9744
74.3276
74.3153
74.2911
74.2556
74.2104
74.1575
74.1007
74.0458
74.0006
73.9744
74.3276
74.3153
74.2911
74.2557
74.2104
74.1575
74.1008
74.0458
74.0006
73.9744
74.3276
74.3153
74.2911
74.2557
74.2104
74.1576
74.1008
74.0458
74.0006
73.9745
68.3343
68.3203
68.2925
68.2513
68.1973
68.1322
68.059
67.9841
67.9185
67.8779
68.3342
68.3203
68.2925
68.2513
68.1973
68.1321
68.059
67.9841
67.9184
67.8779
68.3342
68.3202
68.2925
68.2512
68.1973
68.1321
68.059
67.9841
67.9184
67.8779
68.3342
68.3202
68.2925
68.2512
68.1972
68.1321
68.0589
67.984
67.9184
67.8779
68.3342
68.3202
68.2924
68.2512
68.1972
68.1321
68.0589
67.984
67.9184
67.8778
68.3342
68.3202
68.2924
68.2512
68.1972
68.1321
68.0589
67.984
67.9184
67.8778
68.3342
68.3202
68.2924
68.2512
68.1972
68.1321
68.0589
67.984
67.9184
67.8779
68.3342
68.3202
68.2925
68.2512
68.1973
68.1321
68.0589
67.9841
67.9184
67.8779
68.3342
68.3202
68.2925
68.2512
68.1973
68.1321
68.059
67.9841
67.9184
67.8779
68.3342
68.3203
68.2925
68.2513
68.1973
68.1321
68.059
67.9841
67.9184
67.8779
62.5765
62.5617
62.5321
62.4872
62.4268
62.3504
62.2593
62.1581
62.0597
61.9917
62.5764
62.5617
62.532
62.4872
62.4267
62.3504
62.2593
62.158
62.0597
61.9916
62.5764
62.5617
62.532
62.4872
62.4267
62.3504
62.2592
62.158
62.0596
61.9916
62.5764
62.5616
62.532
62.4871
62.4267
62.3503
62.2592
62.158
62.0596
61.9916
62.5764
62.5616
62.532
62.4871
62.4266
62.3503
62.2592
62.1579
62.0596
61.9916
62.5764
62.5616
62.532
62.4871
62.4266
62.3503
62.2592
62.1579
62.0596
61.9916
62.5764
62.5616
62.532
62.4871
62.4267
62.3503
62.2592
62.158
62.0596
61.9916
62.5764
62.5616
62.532
62.4872
62.4267
62.3503
62.2592
62.158
62.0596
61.9916
62.5764
62.5617
62.532
62.4872
62.4267
62.3504
62.2593
62.158
62.0597
61.9916
62.5764
62.5617
62.5321
62.4872
62.4267
62.3504
62.2593
62.158
62.0597
61.9917
57.0816
57.0675
57.0389
56.9946
56.9327
56.85
56.7427
56.6086
56.456
56.3263
57.0816
57.0675
57.0389
56.9946
56.9326
56.8499
56.7426
56.6086
56.4559
56.3263
57.0816
57.0675
57.0388
56.9945
56.9326
56.8499
56.7426
56.6085
56.4559
56.3263
57.0815
57.0674
57.0388
56.9945
56.9326
56.8499
56.7426
56.6085
56.4558
56.3262
57.0815
57.0674
57.0388
56.9945
56.9326
56.8498
56.7425
56.6085
56.4558
56.3262
57.0815
57.0674
57.0388
56.9945
56.9326
56.8498
56.7425
56.6085
56.4558
56.3262
57.0815
57.0674
57.0388
56.9945
56.9326
56.8499
56.7426
56.6085
56.4558
56.3262
57.0815
57.0674
57.0388
56.9945
56.9326
56.8499
56.7426
56.6085
56.4559
56.3262
57.0816
57.0675
57.0388
56.9946
56.9326
56.8499
56.7426
56.6085
56.4559
56.3263
57.0816
57.0675
57.0389
56.9946
56.9326
56.8499
56.7426
56.6086
56.4559
56.3263
51.8726
51.8612
51.8378
51.8007
51.7466
51.669
51.5564
51.3909
51.1516
50.8604
51.8725
51.8611
51.8378
51.8007
51.7466
51.6689
51.5564
51.3908
51.1515
50.8603
51.8725
51.8611
51.8377
51.8007
51.7465
51.6689
51.5563
51.3908
51.1515
50.8603
51.8725
51.8611
51.8377
51.8006
51.7465
51.6688
51.5563
51.3908
51.1515
50.8603
51.8724
51.8611
51.8377
51.8006
51.7465
51.6688
51.5563
51.3908
51.1515
50.8602
51.8724
51.8611
51.8377
51.8006
51.7465
51.6688
51.5563
51.3908
51.1514
50.8602
51.8725
51.8611
51.8377
51.8006
51.7465
51.6688
51.5563
51.3908
51.1515
50.8602
51.8725
51.8611
51.8377
51.8007
51.7465
51.6689
51.5563
51.3908
51.1515
50.8603
51.8725
51.8611
51.8377
51.8007
51.7465
51.6689
51.5564
51.3908
51.1515
50.8603
51.8725
51.8611
51.8378
51.8007
51.7466
51.6689
51.5564
51.3909
51.1516
50.8604
46.9667
46.9605
46.9478
46.927
46.8947
46.8431
46.755
46.5923
46.2594
45.4771
46.9666
46.9605
46.9478
46.927
46.8947
46.843
46.755
46.5922
46.2593
45.477
46.9666
46.9604
46.9477
46.927
46.8946
46.843
46.7549
46.5922
46.2593
45.477
46.9665
46.9604
46.9477
46.9269
46.8946
46.8429
46.7549
46.5921
46.2592
45.4769
46.9665
46.9604
46.9477
46.9269
46.8946
46.8429
46.7549
46.5921
46.2592
45.4769
46.9665
46.9604
46.9477
46.9269
46.8946
46.8429
46.7549
46.5921
46.2592
45.4769
46.9665
46.9604
46.9477
46.9269
46.8946
46.8429
46.7549
46.5921
46.2592
45.4769
46.9666
46.9604
46.9477
46.9269
46.8946
46.843
46.7549
46.5922
46.2592
45.477
46.9666
46.9604
46.9477
46.927
46.8947
46.843
46.7549
46.5922
46.2593
45.477
46.9666
46.9605
46.9478
46.927
46.8947
46.843
46.755
46.5922
46.2593
45.4771
42.3751
42.3769
42.3806
42.3863
42.3925
42.3954
42.3846
42.3381
42.2139
41.9527
42.3751
42.3769
42.3806
42.3862
42.3925
42.3953
42.3845
42.3381
42.2139
41.9526
42.3751
42.3768
42.3806
42.3862
42.3925
42.3953
42.3845
42.338
42.2138
41.9525
42.375
42.3768
42.3805
42.3861
42.3924
42.3953
42.3845
42.338
42.2138
41.9525
42.375
42.3768
42.3805
42.3861
42.3924
42.3953
42.3844
42.338
42.2138
41.9525
42.375
42.3768
42.3805
42.3861
42.3924
42.3953
42.3844
42.338
42.2138
41.9525
42.375
42.3768
42.3805
42.3861
42.3924
42.3953
42.3845
42.338
42.2138
41.9525
42.375
42.3768
42.3805
42.3862
42.3924
42.3953
42.3845
42.338
42.2138
41.9525
42.3751
42.3768
42.3806
42.3862
42.3925
42.3953
42.3845
42.338
42.2139
41.9526
42.3751
42.3769
42.3806
42.3862
42.3925
42.3954
42.3846
42.3381
42.2139
41.9526
38.1028
38.1147
38.1399
38.1805
38.2396
38.3203
38.4254
38.558
38.7284
38.9799
38.1028
38.1147
38.1398
38.1804
38.2395
38.3203
38.4253
38.558
38.7283
38.9798
38.1027
38.1146
38.1398
38.1804
38.2395
38.3202
38.4253
38.5579
38.7283
38.9797
38.1027
38.1146
38.1397
38.1804
38.2395
38.3202
38.4253
38.5579
38.7283
38.9797
38.1027
38.1146
38.1397
38.1803
38.2395
38.3202
38.4252
38.5579
38.7282
38.9797
38.1027
38.1146
38.1397
38.1803
38.2395
38.3202
38.4252
38.5579
38.7282
38.9797
38.1027
38.1146
38.1397
38.1803
38.2395
38.3202
38.4252
38.5579
38.7282
38.9797
38.1027
38.1146
38.1397
38.1804
38.2395
38.3202
38.4253
38.5579
38.7283
38.9797
38.1027
38.1147
38.1398
38.1804
38.2395
38.3202
38.4253
38.5579
38.7283
38.9798
38.1028
38.1147
38.1398
38.1805
38.2396
38.3203
38.4254
38.558
38.7284
38.9798
34.1484
34.1718
34.2212
34.3019
34.4218
34.5919
34.8276
35.1514
35.6003
36.2426
34.1483
34.1717
34.2212
34.3019
34.4217
34.5919
34.8276
35.1514
35.6002
36.2425
34.1483
34.1717
34.2211
34.3018
34.4217
34.5918
34.8275
35.1513
35.6002
36.2425
34.1483
34.1717
34.2211
34.3018
34.4217
34.5918
34.8275
35.1513
35.6001
36.2424
34.1482
34.1717
34.2211
34.3018
34.4216
34.5918
34.8275
35.1513
35.6001
36.2424
34.1482
34.1717
34.2211
34.3018
34.4216
34.5918
34.8275
35.1513
35.6001
36.2424
34.1483
34.1717
34.2211
34.3018
34.4216
34.5918
34.8275
35.1513
35.6001
36.2424
34.1483
34.1717
34.2211
34.3018
34.4217
34.5918
34.8275
35.1513
35.6002
36.2424
34.1483
34.1717
34.2212
34.3018
34.4217
34.5918
34.8276
35.1513
35.6002
36.2425
34.1483
34.1718
34.2212
34.3019
34.4218
34.5919
34.8276
35.1514
35.6003
36.2426
30.5053
30.5403
30.6145
30.7357
30.9168
31.1761
31.5387
32.0394
32.7257
33.6632
30.5052
30.5403
30.6144
30.7357
30.9168
31.176
31.5387
32.0394
32.7256
33.6631
30.5052
30.5403
30.6144
30.7356
30.9167
31.176
31.5386
32.0393
32.7256
33.6631
30.5051
30.5402
30.6144
30.7356
30.9167
31.1759
31.5386
32.0393
32.7256
33.663
30.5051
30.5402
30.6143
30.7356
30.9167
31.1759
31.5386
32.0393
32.7255
33.663
30.5051
30.5402
30.6143
30.7356
30.9167
31.1759
31.5386
32.0393
32.7255
33.663
30.5051
30.5402
30.6144
30.7356
30.9167
31.1759
31.5386
32.0393
32.7256
33.663
30.5052
30.5402
30.6144
30.7356
30.9167
31.176
31.5386
32.0393
32.7256
33.6631
30.5052
30.5403
30.6144
30.7357
30.9168
31.176
31.5387
32.0394
32.7256
33.6631
30.5052
30.5403
30.6145
30.7357
30.9168
31.176
31.5387
32.0394
32.7257
33.6632
27.163
27.2087
27.3051
27.4629
27.6988
28.0372
28.5113
29.1644
30.0496
31.2252
27.163
27.2086
27.3051
27.4629
27.6988
28.0371
28.5112
29.1644
30.0496
31.2251
27.163
27.2086
27.305
27.4628
27.6987
28.0371
28.5112
29.1643
30.0495
31.2251
27.1629
27.2086
27.305
27.4628
27.6987
28.0371
28.5112
29.1643
30.0495
31.225
27.1629
27.2086
27.305
27.4628
27.6987
28.0371
28.5111
29.1643
30.0495
31.225
27.1629
27.2086
27.305
27.4628
27.6987
28.0371
28.5111
29.1643
30.0495
31.225
27.1629
27.2086
27.305
27.4628
27.6987
28.0371
28.5112
29.1643
30.0495
31.225
27.1629
27.2086
27.305
27.4628
27.6987
28.0371
28.5112
29.1643
30.0495
31.2251
27.163
27.2086
27.3051
27.4628
27.6988
28.0371
28.5112
29.1644
30.0495
31.2251
27.163
27.2087
27.3051
27.4629
27.6988
28.0372
28.5113
29.1644
30.0496
31.2252
24.1089
24.1629
24.2767
24.4629
24.7412
25.1409
25.7021
26.4777
27.5306
28.921
24.1088
24.1628
24.2767
24.4629
24.7412
25.1408
25.702
26.4777
27.5305
28.9209
24.1088
24.1628
24.2767
24.4628
24.7411
25.1408
25.702
26.4776
27.5304
28.9209
24.1088
24.1627
24.2766
24.4628
24.7411
25.1407
25.702
26.4776
27.5304
28.9208
24.1088
24.1627
24.2766
24.4628
24.7411
25.1407
25.7019
26.4776
27.5304
28.9208
24.1088
24.1627
24.2766
24.4628
24.7411
25.1407
25.7019
26.4776
27.5304
28.9208
24.1088
24.1627
24.2766
24.4628
24.7411
25.1407
25.702
26.4776
27.5304
28.9208
24.1088
24.1628
24.2767
24.4628
24.7411
25.1408
25.702
26.4776
27.5304
28.9209
24.1088
24.1628
24.2767
24.4629
24.7412
25.1408
25.702
26.4777
27.5305
28.9209
24.1089
24.1628
24.2767
24.4629
24.7412
25.1409
25.7021
26.4777
27.5306
28.921
21.329
21.3881
21.5127
21.7159
22.0191
22.4547
23.069
23.9271
25.1144
26.7228
21.329
21.3881
21.5127
21.7158
22.0191
22.4546
23.069
23.927
25.1143
26.7227
21.3289
21.3881
21.5126
21.7158
22.019
22.4546
23.0689
23.927
25.1142
26.7227
21.3289
21.388
21.5126
21.7158
22.019
22.4546
23.0689
23.927
25.1142
26.7227
21.3289
21.388
21.5126
21.7157
22.019
22.4545
23.0689
23.927
25.1142
26.7226
21.3289
21.388
21.5126
21.7157
22.019
22.4545
23.0689
23.927
25.1142
26.7226
21.3289
21.388
21.5126
21.7158
22.019
22.4546
23.0689
23.927
25.1142
26.7227
21.3289
21.388
21.5126
21.7158
22.019
22.4546
23.0689
23.927
25.1143
26.7227
21.3289
21.3881
21.5126
21.7158
22.0191
22.4546
23.069
23.927
25.1143
26.7227
21.329
21.3881
21.5127
21.7159
22.0191
22.4547
23.069
23.9271
25.1144
26.7228
18.81
18.8706
18.998
19.2048
19.5118
19.9512
20.5716
21.449
22.7056
24.5335
18.8099
18.8706
18.998
19.2047
19.5118
19.9512
20.5716
21.4489
22.7056
24.5335
18.8099
18.8706
18.9979
19.2047
19.5118
19.9511
20.5715
21.4489
22.7055
24.5334
18.8099
18.8705
18.9979
19.2047
19.5117
19.9511
20.5715
21.4488
22.7055
24.5334
18.8099
18.8705
18.9979
19.2047
19.5117
19.9511
20.5715
21.4488
22.7055
24.5334
18.8099
18.8705
18.9979
19.2047
19.5117
19.9511
20.5715
21.4488
22.7055
24.5334
18.8099
18.8705
18.9979
19.2047
19.5117
19.9511
20.5715
21.4488
22.7055
24.5334
18.8099
18.8705
18.9979
19.2047
19.5118
19.9511
20.5715
21.4489
22.7055
24.5334
18.8099
18.8706
18.998
19.2047
19.5118
19.9512
20.5716
21.4489
22.7056
24.5335
18.8099
18.8706
18.998
19.2048
19.5118
19.9512
20.5716
21.449
22.7056
24.5336
16.5397
16.5983
16.7207
16.9177
17.2067
17.6144
18.1817
18.9766
20.1368
22.0245
16.5396
16.5982
16.7206
16.9176
17.2067
17.6144
18.1816
18.9765
20.1367
22.0244
16.5396
16.5982
16.7206
16.9176
17.2066
17.6144
18.1816
18.9765
20.1367
22.0244
16.5396
16.5982
16.7206
16.9176
17.2066
17.6143
18.1815
18.9765
20.1366
22.0244
16.5396
16.5982
16.7206
16.9176
17.2066
17.6143
18.1815
18.9765
20.1366
22.0243
16.5396
16.5982
16.7206
16.9175
17.2066
17.6143
18.1815
18.9765
20.1366
22.0243
16.5396
16.5982
16.7206
16.9176
17.2066
17.6143
18.1815
18.9765
20.1366
22.0244
16.5396
16.5982
16.7206
16.9176
17.2066
17.6144
18.1816
18.9765
20.1367
22.0244
16.5396
16.5982
16.7206
16.9176
17.2067
17.6144
18.1816
18.9766
20.1367
22.0244
16.5396
16.5983
16.7207
16.9177
17.2067
17.6145
18.1817
18.9766
20.1368
22.0245
43.2666
43.218
44.7268
47.6028
51.8437
57.5739
65.0519
74.736
87.4595
104.897
43.2665
43.2179
44.7267
47.6027
51.8436
57.5738
65.0518
74.7359
87.4594
104.897
43.2665
43.2178
44.7266
47.6027
51.8435
57.5737
65.0517
74.7358
87.4593
104.897
43.2664
43.2178
44.7266
47.6026
51.8435
57.5737
65.0516
74.7357
87.4592
104.897
43.2664
43.2178
44.7266
47.6026
51.8435
57.5736
65.0516
74.7357
87.4592
104.897
43.2664
43.2178
44.7266
47.6026
51.8435
57.5736
65.0516
74.7357
87.4592
104.897
43.2664
43.2178
44.7266
47.6026
51.8435
57.5736
65.0516
74.7357
87.4592
104.897
43.2664
43.2178
44.7266
47.6026
51.8435
57.5737
65.0517
74.7358
87.4593
104.897
43.2665
43.2179
44.7267
47.6027
51.8436
57.5737
65.0517
74.7358
87.4593
104.897
43.2665
43.2179
44.7267
47.6028
51.8436
57.5738
65.0518
74.7359
87.4594
104.897
41.5969
42.2027
43.9458
46.8643
51.0174
56.5225
63.5718
72.4478
83.5163
97.0737
41.5968
42.2026
43.9457
46.8642
51.0173
56.5224
63.5717
72.4477
83.5162
97.0736
41.5967
42.2026
43.9456
46.8641
51.0172
56.5223
63.5716
72.4476
83.5161
97.0735
41.5967
42.2025
43.9456
46.8641
51.0172
56.5222
63.5715
72.4475
83.5161
97.0734
41.5967
42.2025
43.9455
46.864
51.0172
56.5222
63.5715
72.4475
83.516
97.0734
41.5967
42.2025
43.9455
46.864
51.0172
56.5222
63.5715
72.4475
83.516
97.0734
41.5967
42.2025
43.9456
46.864
51.0172
56.5222
63.5715
72.4475
83.5161
97.0734
41.5967
42.2025
43.9456
46.8641
51.0172
56.5223
63.5715
72.4476
83.5161
97.0735
41.5968
42.2026
43.9456
46.8641
51.0173
56.5223
63.5716
72.4476
83.5162
97.0736
41.5968
42.2027
43.9457
46.8642
51.0174
56.5224
63.5717
72.4477
83.5163
97.0737
39.4672
40.5961
42.5768
45.5176
49.502
54.6227
60.9905
68.7182
77.8563
88.2099
39.4671
40.596
42.5767
45.5175
49.5019
54.6226
60.9904
68.7181
77.8561
88.2098
39.4671
40.5959
42.5766
45.5174
49.5018
54.6225
60.9903
68.718
77.856
88.2097
39.467
40.5959
42.5766
45.5174
49.5018
54.6225
60.9902
68.718
77.856
88.2096
39.467
40.5958
42.5765
45.5174
49.5017
54.6224
60.9902
68.7179
77.856
88.2096
39.467
40.5958
42.5765
45.5174
49.5017
54.6224
60.9902
68.7179
77.856
88.2096
39.467
40.5959
42.5765
45.5174
49.5017
54.6224
60.9902
68.718
77.856
88.2096
39.4671
40.5959
42.5766
45.5174
49.5018
54.6225
60.9903
68.718
77.856
88.2096
39.4671
40.5959
42.5766
45.5175
49.5018
54.6226
60.9903
68.7181
77.8561
88.2097
39.4672
40.596
42.5767
45.5176
49.5019
54.6227
60.9905
68.7182
77.8562
88.2098
37.2057
38.6869
40.8362
43.7537
47.512
52.1704
57.7735
64.3285
71.7527
79.775
37.2056
38.6868
40.8361
43.7536
47.5119
52.1703
57.7734
64.3284
71.7526
79.7749
37.2055
38.6868
40.8361
43.7535
47.5118
52.1703
57.7733
64.3283
71.7525
79.7748
37.2055
38.6867
40.836
43.7535
47.5117
52.1702
57.7732
64.3283
71.7524
79.7747
37.2055
38.6867
40.836
43.7534
47.5117
52.1702
57.7732
64.3283
71.7524
79.7747
37.2055
38.6867
40.836
43.7534
47.5117
52.1702
57.7732
64.3283
71.7524
79.7747
37.2055
38.6867
40.836
43.7535
47.5117
52.1702
57.7732
64.3283
71.7524
79.7747
37.2055
38.6867
40.8361
43.7535
47.5118
52.1702
57.7733
64.3283
71.7525
79.7748
37.2056
38.6868
40.8361
43.7536
47.5118
52.1703
57.7734
64.3284
71.7525
79.7748
37.2057
38.6869
40.8362
43.7536
47.5119
52.1704
57.7735
64.3285
71.7527
79.775
34.9401
36.6609
38.9163
41.7741
45.2817
49.4659
54.3263
59.8177
65.8214
72.1085
34.94
36.6609
38.9162
41.774
45.2816
49.4658
54.3262
59.8176
65.8213
72.1083
34.9399
36.6608
38.9161
41.774
45.2816
49.4658
54.3261
59.8175
65.8212
72.1083
34.9399
36.6608
38.9161
41.7739
45.2815
49.4657
54.326
59.8174
65.8212
72.1082
34.9399
36.6607
38.9161
41.7739
45.2815
49.4657
54.326
59.8174
65.8212
72.1082
34.9399
36.6607
38.9161
41.7739
45.2815
49.4657
54.326
59.8174
65.8212
72.1082
34.9399
36.6607
38.9161
41.7739
45.2815
49.4657
54.326
59.8174
65.8212
72.1082
34.9399
36.6608
38.9161
41.774
45.2815
49.4658
54.3261
59.8175
65.8212
72.1082
34.94
36.6608
38.9162
41.774
45.2816
49.4658
54.3261
59.8176
65.8213
72.1083
34.9401
36.6609
38.9163
41.7741
45.2817
49.4659
54.3262
59.8177
65.8214
72.1084
32.7454
34.6514
36.9812
39.7679
43.0321
46.7745
50.9662
55.5387
60.3737
65.3001
32.7453
34.6513
36.9812
39.7678
43.032
46.7744
50.9661
55.5386
60.3736
65.3
32.7452
34.6513
36.9811
39.7677
43.032
46.7743
50.966
55.5385
60.3735
65.2999
32.7452
34.6512
36.9811
39.7677
43.0319
46.7743
50.966
55.5385
60.3735
65.2998
32.7452
34.6512
36.981
39.7677
43.0319
46.7743
50.966
55.5385
60.3735
65.2998
32.7452
34.6512
36.981
39.7677
43.0319
46.7743
50.966
55.5385
60.3735
65.2998
32.7452
34.6512
36.981
39.7677
43.0319
46.7743
50.966
55.5385
60.3735
65.2998
32.7452
34.6512
36.9811
39.7677
43.032
46.7743
50.966
55.5385
60.3735
65.2999
32.7453
34.6513
36.9812
39.7678
43.032
46.7744
50.9661
55.5386
60.3736
65.3
32.7454
34.6514
36.9812
39.7679
43.0321
46.7745
50.9662
55.5387
60.3737
65.3001
30.6773
32.7663
35.1739
37.904
40.9582
44.319
47.9393
51.7365
55.596
59.3888
30.6772
32.7662
35.1738
37.9039
40.9581
44.3189
47.9392
51.7364
55.5959
59.3887
30.6772
32.7661
35.1737
37.9038
40.958
44.3188
47.9391
51.7364
55.5958
59.3887
30.6771
32.7661
35.1737
37.9038
40.958
44.3188
47.9391
51.7363
55.5958
59.3886
30.6771
32.7661
35.1737
37.9038
40.9579
44.3188
47.939
51.7363
55.5957
59.3886
30.6771
32.7661
35.1737
37.9038
40.9579
44.3188
47.939
51.7363
55.5957
59.3886
30.6771
32.7661
35.1737
37.9038
40.958
44.3188
47.9391
51.7363
55.5958
59.3886
30.6772
32.7661
35.1737
37.9038
40.958
44.3188
47.9391
51.7364
55.5958
59.3887
30.6772
32.7662
35.1738
37.9039
40.9581
44.3189
47.9392
51.7364
55.5959
59.3887
30.6773
32.7663
35.1739
37.904
40.9582
44.319
47.9393
51.7365
55.596
59.3889
28.7834
31.1061
33.6244
36.3321
39.2274
42.2851
45.4445
48.6058
51.6394
54.4209
28.7833
31.1061
33.6243
36.332
39.2273
42.285
45.4444
48.6057
51.6393
54.4208
28.7833
31.106
33.6243
36.332
39.2272
42.2849
45.4443
48.6056
51.6392
54.4207
28.7833
31.106
33.6242
36.3319
39.2272
42.2849
45.4442
48.6055
51.6391
54.4206
28.7832
31.106
33.6242
36.3319
39.2272
42.2849
45.4442
48.6055
51.6391
54.4206
28.7832
31.106
33.6242
36.3319
39.2272
42.2849
45.4442
48.6055
51.6391
54.4206
28.7833
31.106
33.6242
36.3319
39.2272
42.2849
45.4442
48.6055
51.6391
54.4206
28.7833
31.106
33.6243
36.332
39.2273
42.285
45.4443
48.6056
51.6392
54.4207
28.7834
31.1061
33.6243
36.332
39.2273
42.285
45.4444
48.6057
51.6393
54.4208
28.7834
31.1061
33.6244
36.3321
39.2274
42.2851
45.4445
48.6058
51.6394
54.4209
27.1261
29.788
32.4612
35.1847
37.9802
40.8265
43.652
46.3305
48.6821
50.5002
27.126
29.7879
32.4611
35.1847
37.9802
40.8264
43.6519
46.3304
48.682
50.5001
27.1259
29.7878
32.461
35.1846
37.9801
40.8264
43.6519
46.3304
48.6819
50.5001
27.1259
29.7878
32.461
35.1846
37.9801
40.8263
43.6518
46.3303
48.6818
50.5
27.1259
29.7878
32.461
35.1845
37.98
40.8263
43.6518
46.3303
48.6818
50.5
27.1259
29.7878
32.461
35.1845
37.98
40.8263
43.6518
46.3303
48.6818
50.5
27.1259
29.7878
32.461
35.1846
37.9801
40.8263
43.6518
46.3303
48.6818
50.5
27.1259
29.7879
32.461
35.1846
37.9801
40.8264
43.6519
46.3304
48.6819
50.5001
27.126
29.7879
32.4611
35.1847
37.9802
40.8265
43.652
46.3305
48.682
50.5002
27.1261
29.788
32.4612
35.1848
37.9803
40.8265
43.6521
46.3306
48.6821
50.5003
25.8874
28.9894
31.8188
34.5741
37.3252
40.0624
42.7072
45.1054
46.9986
47.9443
25.8874
28.9894
31.8187
34.574
37.3251
40.0623
42.7071
45.1053
46.9985
47.9442
25.8873
28.9893
31.8187
34.574
37.3251
40.0622
42.707
45.1053
46.9984
47.9441
25.8873
28.9893
31.8187
34.5739
37.325
40.0622
42.707
45.1052
46.9984
47.9441
25.8873
28.9893
31.8186
34.5739
37.325
40.0622
42.707
45.1052
46.9984
47.944
25.8873
28.9893
31.8186
34.5739
37.325
40.0622
42.707
45.1052
46.9984
47.944
25.8873
28.9893
31.8187
34.5739
37.3251
40.0622
42.707
45.1052
46.9984
47.9441
25.8873
28.9894
31.8187
34.574
37.3251
40.0623
42.707
45.1053
46.9984
47.9441
25.8874
28.9894
31.8188
34.574
37.3252
40.0623
42.7071
45.1054
46.9985
47.9442
25.8875
28.9895
31.8189
34.5741
37.3253
40.0624
42.7072
45.1055
46.9986
47.9443
130.94
143.422
151.144
156.597
160.664
163.738
166.03
167.664
168.716
169.232
130.94
143.422
151.144
156.597
160.664
163.738
166.03
167.664
168.716
169.232
130.94
143.422
151.144
156.597
160.664
163.738
166.03
167.663
168.716
169.232
130.94
143.422
151.144
156.597
160.664
163.738
166.029
167.663
168.716
169.232
130.94
143.422
151.144
156.597
160.664
163.738
166.029
167.663
168.716
169.232
130.94
143.422
151.144
156.597
160.664
163.738
166.029
167.663
168.716
169.232
130.94
143.422
151.144
156.597
160.664
163.738
166.029
167.663
168.716
169.232
130.94
143.422
151.144
156.597
160.664
163.738
166.03
167.663
168.716
169.232
130.94
143.422
151.144
156.597
160.664
163.738
166.03
167.664
168.716
169.232
130.94
143.422
151.144
156.597
160.664
163.738
166.03
167.664
168.716
169.232
112.459
123.694
131.687
137.529
141.895
145.178
147.612
149.338
150.447
150.989
112.459
123.694
131.687
137.529
141.895
145.178
147.611
149.338
150.447
150.989
112.459
123.694
131.687
137.529
141.895
145.178
147.611
149.338
150.447
150.989
112.459
123.694
131.687
137.529
141.895
145.178
147.611
149.338
150.447
150.989
112.459
123.694
131.687
137.529
141.895
145.178
147.611
149.338
150.447
150.989
112.459
123.694
131.687
137.529
141.895
145.178
147.611
149.338
150.447
150.989
112.459
123.694
131.687
137.529
141.895
145.178
147.611
149.338
150.447
150.989
112.459
123.694
131.687
137.529
141.895
145.178
147.611
149.338
150.447
150.989
112.459
123.694
131.687
137.529
141.895
145.178
147.611
149.338
150.447
150.989
112.459
123.694
131.687
137.529
141.895
145.178
147.612
149.338
150.447
150.99
98.9243
108.014
115.196
120.758
125.038
128.304
130.74
132.475
133.591
134.137
98.9242
108.014
115.196
120.758
125.038
128.303
130.74
132.475
133.591
134.137
98.9241
108.014
115.196
120.758
125.038
128.303
130.74
132.475
133.591
134.137
98.924
108.014
115.196
120.758
125.038
128.303
130.74
132.475
133.591
134.137
98.924
108.013
115.196
120.758
125.038
128.303
130.74
132.475
133.591
134.137
98.924
108.013
115.196
120.758
125.038
128.303
130.74
132.475
133.591
134.137
98.924
108.013
115.196
120.758
125.038
128.303
130.74
132.475
133.591
134.137
98.9241
108.014
115.196
120.758
125.038
128.303
130.74
132.475
133.591
134.137
98.9242
108.014
115.196
120.758
125.038
128.303
130.74
132.475
133.591
134.137
98.9243
108.014
115.196
120.758
125.038
128.304
130.74
132.475
133.591
134.138
87.8184
95.056
101.15
106.103
110.04
113.107
115.426
117.091
118.167
118.696
87.8182
95.0558
101.15
106.103
110.04
113.107
115.426
117.091
118.167
118.695
87.8181
95.0557
101.15
106.103
110.04
113.107
115.426
117.091
118.167
118.695
87.8181
95.0557
101.15
106.103
110.04
113.107
115.426
117.091
118.167
118.695
87.8181
95.0556
101.15
106.102
110.04
113.106
115.426
117.091
118.167
118.695
87.818
95.0556
101.15
106.102
110.04
113.106
115.426
117.091
118.167
118.695
87.8181
95.0557
101.15
106.103
110.04
113.107
115.426
117.091
118.167
118.695
87.8181
95.0557
101.15
106.103
110.04
113.107
115.426
117.091
118.167
118.695
87.8182
95.0558
101.15
106.103
110.04
113.107
115.426
117.091
118.167
118.696
87.8183
95.0559
101.15
106.103
110.04
113.107
115.426
117.091
118.167
118.696
78.3234
84.0597
89.077
93.3026
96.7606
99.5131
101.627
103.162
104.16
104.652
78.3232
84.0596
89.0769
93.3025
96.7605
99.513
101.627
103.161
104.16
104.652
78.3232
84.0595
89.0768
93.3024
96.7604
99.5129
101.627
103.161
104.16
104.652
78.3231
84.0595
89.0767
93.3023
96.7604
99.5128
101.627
103.161
104.16
104.652
78.3231
84.0594
89.0767
93.3023
96.7603
99.5128
101.627
103.161
104.16
104.652
78.3231
84.0594
89.0767
93.3023
96.7603
99.5128
101.627
103.161
104.16
104.652
78.3231
84.0595
89.0768
93.3023
96.7604
99.5128
101.627
103.161
104.16
104.652
78.3231
84.0595
89.0768
93.3024
96.7604
99.5129
101.627
103.161
104.16
104.652
78.3232
84.0596
89.0769
93.3025
96.7605
99.513
101.627
103.161
104.16
104.652
78.3234
84.0597
89.077
93.3026
96.7607
99.5131
101.627
103.162
104.16
104.652
70.1092
74.5986
78.6231
82.1079
85.0333
87.4114
89.2682
90.6318
91.5265
91.9694
70.109
74.5985
78.623
82.1078
85.0332
87.4113
89.2681
90.6317
91.5263
91.9693
70.109
74.5984
78.6229
82.1077
85.0331
87.4112
89.268
90.6316
91.5263
91.9693
70.1089
74.5983
78.6228
82.1076
85.033
87.4112
89.2679
90.6315
91.5262
91.9692
70.1089
74.5983
78.6228
82.1076
85.033
87.4111
89.2679
90.6315
91.5262
91.9692
70.1089
74.5983
78.6228
82.1076
85.033
87.4111
89.2679
90.6315
91.5262
91.9692
70.1089
74.5983
78.6228
82.1077
85.033
87.4112
89.2679
90.6315
91.5262
91.9693
70.109
74.5984
78.6229
82.1077
85.0331
87.4112
89.268
90.6316
91.5263
91.9693
70.109
74.5985
78.623
82.1078
85.0332
87.4113
89.2681
90.6317
91.5264
91.9694
70.1092
74.5986
78.6231
82.1079
85.0333
87.4115
89.2682
90.6318
91.5265
91.9696
63.0102
66.4113
69.5289
72.3024
74.6913
76.6761
78.2528
79.4258
80.2023
80.5887
63.01
66.4112
69.5287
72.3023
74.6912
76.676
78.2527
79.4257
80.2021
80.5886
63.01
66.4111
69.5286
72.3022
74.6911
76.6759
78.2526
79.4256
80.2021
80.5885
63.0099
66.411
69.5286
72.3022
74.6911
76.6759
78.2526
79.4256
80.202
80.5885
63.0099
66.411
69.5286
72.3022
74.691
76.6758
78.2526
79.4255
80.202
80.5885
63.0099
66.411
69.5286
72.3022
74.691
76.6759
78.2526
79.4255
80.202
80.5885
63.0099
66.411
69.5286
72.3022
74.6911
76.6759
78.2526
79.4256
80.202
80.5885
63.01
66.4111
69.5287
72.3023
74.6911
76.676
78.2527
79.4256
80.2021
80.5886
63.0101
66.4112
69.5288
72.3023
74.6912
76.676
78.2528
79.4257
80.2022
80.5887
63.0102
66.4113
69.5289
72.3025
74.6914
76.6762
78.2529
79.4259
80.2023
80.5888
56.9172
59.3051
61.5863
63.6981
65.5775
67.1794
68.4769
69.4559
70.1103
70.4378
56.9171
59.305
61.5862
63.698
65.5773
67.1792
68.4768
69.4558
70.1102
70.4377
56.917
59.3049
61.5861
63.6979
65.5773
67.1792
68.4767
69.4557
70.1101
70.4377
56.9169
59.3048
61.5861
63.6979
65.5772
67.1791
68.4766
69.4557
70.1101
70.4376
56.9169
59.3048
61.5861
63.6979
65.5772
67.1791
68.4766
69.4557
70.1101
70.4376
56.9169
59.3048
61.5861
63.6979
65.5772
67.1791
68.4766
69.4557
70.1101
70.4376
56.917
59.3048
61.5861
63.6979
65.5772
67.1791
68.4766
69.4557
70.1101
70.4377
56.917
59.3049
61.5862
63.698
65.5773
67.1792
68.4767
69.4558
70.1102
70.4377
56.9171
59.305
61.5862
63.6981
65.5774
67.1793
68.4768
69.4559
70.1103
70.4378
56.9172
59.3051
61.5864
63.6982
65.5775
67.1794
68.4769
69.456
70.1104
70.438
51.7063
53.0886
54.6047
56.1251
57.5463
58.7979
59.8349
60.6298
61.1668
61.4371
51.7062
53.0885
54.6045
56.125
57.5462
58.7978
59.8348
60.6297
61.1667
61.437
51.7061
53.0884
54.6045
56.1249
57.5461
58.7977
59.8347
60.6296
61.1666
61.437
51.7061
53.0883
54.6044
56.1249
57.5461
58.7976
59.8346
60.6296
61.1665
61.4369
51.706
53.0883
54.6044
56.1248
57.546
58.7976
59.8346
60.6296
61.1665
61.4369
51.706
53.0883
54.6044
56.1248
57.546
58.7976
59.8346
60.6296
61.1665
61.4369
51.7061
53.0883
54.6044
56.1249
57.5461
58.7976
59.8347
60.6296
61.1666
61.437
51.7061
53.0884
54.6045
56.1249
57.5461
58.7977
59.8347
60.6297
61.1666
61.437
51.7062
53.0885
54.6046
56.125
57.5462
58.7978
59.8348
60.6298
61.1667
61.4371
51.7063
53.0886
54.6047
56.1251
57.5463
58.7979
59.8349
60.6299
61.1669
61.4373
47.0786
47.5038
48.3902
49.4287
50.4675
51.4184
52.2264
52.8563
53.2864
53.5044
47.0785
47.5037
48.3901
49.4286
50.4674
51.4183
52.2263
52.8562
53.2863
53.5043
47.0784
47.5036
48.39
49.4285
50.4673
51.4183
52.2262
52.8561
53.2863
53.5043
47.0784
47.5035
48.39
49.4284
50.4672
51.4182
52.2261
52.856
53.2862
53.5042
47.0784
47.5035
48.39
49.4284
50.4672
51.4182
52.2261
52.856
53.2862
53.5042
47.0784
47.5035
48.39
49.4284
50.4672
51.4182
52.2261
52.856
53.2862
53.5042
47.0784
47.5036
48.39
49.4284
50.4673
51.4182
52.2262
52.8561
53.2863
53.5043
47.0785
47.5036
48.3901
49.4285
50.4673
51.4183
52.2262
52.8561
53.2863
53.5043
47.0785
47.5037
48.3902
49.4286
50.4674
51.4184
52.2263
52.8562
53.2864
53.5044
47.0786
47.5038
48.3903
49.4287
50.4675
51.4185
52.2264
52.8563
53.2865
53.5045
406.446
406.466
406.502
406.551
406.606
406.662
406.712
406.754
406.783
406.799
406.446
406.466
406.502
406.551
406.606
406.662
406.712
406.754
406.783
406.799
406.446
406.466
406.502
406.551
406.606
406.662
406.712
406.754
406.783
406.799
406.446
406.466
406.502
406.551
406.606
406.662
406.712
406.754
406.783
406.799
406.446
406.466
406.502
406.551
406.606
406.662
406.712
406.754
406.783
406.799
406.446
406.466
406.502
406.551
406.606
406.662
406.712
406.754
406.783
406.799
406.446
406.466
406.502
406.551
406.606
406.662
406.712
406.754
406.783
406.799
406.446
406.466
406.502
406.551
406.606
406.662
406.712
406.754
406.783
406.799
406.446
406.466
406.502
406.551
406.606
406.662
406.712
406.754
406.783
406.799
406.446
406.466
406.502
406.551
406.606
406.662
406.712
406.754
406.783
406.799
379.371
379.433
379.548
379.7
379.871
380.043
380.199
380.327
380.418
380.465
379.371
379.433
379.548
379.7
379.871
380.043
380.199
380.327
380.418
380.465
379.371
379.433
379.547
379.7
379.871
380.043
380.199
380.327
380.418
380.465
379.371
379.433
379.547
379.7
379.871
380.043
380.199
380.327
380.418
380.465
379.371
379.433
379.547
379.7
379.871
380.043
380.199
380.327
380.418
380.465
379.371
379.433
379.547
379.7
379.871
380.043
380.199
380.327
380.418
380.465
379.371
379.433
379.547
379.7
379.871
380.043
380.199
380.327
380.418
380.465
379.371
379.433
379.547
379.7
379.871
380.043
380.199
380.327
380.418
380.465
379.371
379.433
379.547
379.7
379.871
380.043
380.199
380.327
380.418
380.465
379.371
379.433
379.548
379.7
379.871
380.043
380.199
380.327
380.418
380.465
352.392
352.505
352.713
352.987
353.293
353.598
353.874
354.098
354.256
354.337
352.392
352.505
352.713
352.987
353.293
353.598
353.874
354.098
354.256
354.337
352.392
352.505
352.713
352.987
353.293
353.598
353.874
354.098
354.256
354.337
352.392
352.505
352.713
352.987
353.293
353.598
353.874
354.098
354.256
354.337
352.392
352.504
352.713
352.987
353.293
353.598
353.874
354.098
354.256
354.337
352.392
352.504
352.713
352.987
353.293
353.598
353.873
354.098
354.256
354.337
352.392
352.504
352.713
352.987
353.293
353.598
353.874
354.098
354.256
354.337
352.392
352.505
352.713
352.987
353.293
353.598
353.874
354.098
354.256
354.337
352.392
352.505
352.713
352.987
353.293
353.598
353.874
354.098
354.256
354.337
352.392
352.505
352.713
352.987
353.293
353.598
353.874
354.098
354.256
354.337
325.558
325.74
326.071
326.502
326.977
327.444
327.861
328.198
328.434
328.555
325.558
325.74
326.071
326.502
326.977
327.444
327.861
328.198
328.434
328.555
325.558
325.74
326.071
326.502
326.977
327.444
327.861
328.198
328.434
328.555
325.558
325.739
326.071
326.502
326.977
327.444
327.861
328.198
328.434
328.555
325.558
325.739
326.071
326.502
326.977
327.444
327.861
328.198
328.434
328.555
325.558
325.739
326.071
326.502
326.977
327.444
327.861
328.198
328.434
328.555
325.558
325.739
326.071
326.502
326.977
327.444
327.861
328.198
328.434
328.555
325.558
325.739
326.071
326.502
326.977
327.444
327.861
328.198
328.434
328.555
325.558
325.74
326.071
326.502
326.977
327.444
327.861
328.198
328.434
328.555
325.558
325.74
326.071
326.502
326.977
327.444
327.861
328.198
328.434
328.555
298.898
299.18
299.687
300.332
301.027
301.699
302.29
302.762
303.089
303.255
298.898
299.18
299.687
300.332
301.027
301.699
302.29
302.762
303.088
303.255
298.898
299.18
299.686
300.332
301.027
301.699
302.29
302.762
303.088
303.255
298.898
299.18
299.686
300.332
301.027
301.699
302.29
302.762
303.088
303.255
298.898
299.18
299.686
300.332
301.027
301.699
302.29
302.762
303.088
303.255
298.898
299.18
299.686
300.332
301.027
301.699
302.29
302.762
303.088
303.255
298.898
299.18
299.686
300.332
301.027
301.699
302.29
302.762
303.088
303.255
298.898
299.18
299.686
300.332
301.027
301.699
302.29
302.762
303.088
303.255
298.898
299.18
299.686
300.332
301.027
301.699
302.29
302.762
303.088
303.255
298.898
299.18
299.687
300.332
301.027
301.699
302.29
302.762
303.089
303.255
272.402
272.842
273.61
274.559
275.551
276.485
277.291
277.924
278.358
278.578
272.402
272.842
273.61
274.559
275.551
276.485
277.291
277.924
278.358
278.578
272.402
272.842
273.61
274.559
275.551
276.485
277.291
277.924
278.358
278.578
272.402
272.841
273.61
274.559
275.551
276.485
277.291
277.924
278.358
278.578
272.402
272.841
273.61
274.559
275.551
276.485
277.291
277.924
278.358
278.578
272.402
272.841
273.61
274.559
275.551
276.485
277.291
277.924
278.358
278.578
272.402
272.841
273.61
274.559
275.551
276.485
277.291
277.924
278.358
278.578
272.402
272.841
273.61
274.559
275.551
276.485
277.291
277.924
278.358
278.578
272.402
272.842
273.61
274.559
275.551
276.485
277.291
277.924
278.358
278.578
272.402
272.842
273.61
274.559
275.551
276.485
277.291
277.924
278.358
278.578
245.994
246.703
247.885
249.274
250.668
251.936
253.002
253.825
254.381
254.661
245.994
246.703
247.884
249.274
250.668
251.936
253.002
253.825
254.381
254.661
245.994
246.703
247.884
249.273
250.667
251.936
253.002
253.825
254.381
254.661
245.994
246.702
247.884
249.273
250.667
251.936
253.002
253.824
254.381
254.661
245.994
246.702
247.884
249.273
250.667
251.936
253.002
253.824
254.381
254.661
245.994
246.702
247.884
249.273
250.667
251.936
253.002
253.824
254.381
254.661
245.994
246.702
247.884
249.273
250.667
251.936
253.002
253.824
254.381
254.661
245.994
246.703
247.884
249.273
250.667
251.936
253.002
253.825
254.381
254.661
245.994
246.703
247.884
249.274
250.668
251.936
253.002
253.825
254.381
254.661
245.994
246.703
247.884
249.274
250.668
251.936
253.002
253.825
254.381
254.661
219.477
220.693
222.555
224.589
226.518
228.2
229.571
230.606
231.297
231.642
219.477
220.693
222.555
224.589
226.518
228.2
229.571
230.606
231.297
231.642
219.477
220.692
222.555
224.589
226.518
228.2
229.571
230.606
231.297
231.642
219.477
220.692
222.555
224.589
226.518
228.199
229.571
230.606
231.297
231.642
219.477
220.692
222.555
224.589
226.518
228.199
229.571
230.606
231.297
231.642
219.477
220.692
222.554
224.589
226.518
228.199
229.571
230.606
231.297
231.642
219.477
220.692
222.555
224.589
226.518
228.199
229.571
230.606
231.297
231.642
219.477
220.692
222.555
224.589
226.518
228.2
229.571
230.606
231.297
231.642
219.477
220.692
222.555
224.589
226.518
228.2
229.571
230.606
231.297
231.642
219.477
220.693
222.555
224.589
226.518
228.2
229.571
230.606
231.297
231.642
192.409
194.701
197.72
200.681
203.288
205.45
207.155
208.414
209.242
209.652
192.409
194.7
197.72
200.681
203.288
205.45
207.155
208.414
209.242
209.652
192.409
194.7
197.72
200.681
203.288
205.45
207.155
208.413
209.241
209.652
192.409
194.7
197.72
200.681
203.288
205.45
207.155
208.413
209.241
209.652
192.409
194.7
197.72
200.681
203.288
205.45
207.155
208.413
209.241
209.652
192.409
194.7
197.72
200.681
203.288
205.45
207.155
208.413
209.241
209.652
192.409
194.7
197.72
200.681
203.288
205.45
207.155
208.413
209.241
209.652
192.409
194.7
197.72
200.681
203.288
205.45
207.155
208.413
209.241
209.652
192.409
194.7
197.72
200.681
203.288
205.45
207.155
208.414
209.242
209.652
192.409
194.701
197.72
200.681
203.288
205.45
207.155
208.414
209.242
209.652
163.764
168.698
173.663
177.851
181.23
183.891
185.921
187.39
188.344
188.814
163.764
168.698
173.663
177.851
181.23
183.891
185.921
187.389
188.344
188.814
163.764
168.698
173.663
177.851
181.23
183.891
185.921
187.389
188.344
188.813
163.764
168.698
173.663
177.851
181.23
183.891
185.921
187.389
188.343
188.813
163.764
168.698
173.662
177.851
181.23
183.891
185.921
187.389
188.343
188.813
163.764
168.698
173.662
177.851
181.23
183.891
185.921
187.389
188.343
188.813
163.764
168.698
173.662
177.851
181.23
183.891
185.921
187.389
188.344
188.813
163.764
168.698
173.663
177.851
181.23
183.891
185.921
187.389
188.344
188.814
163.764
168.698
173.663
177.851
181.23
183.891
185.921
187.389
188.344
188.814
163.764
168.698
173.663
177.851
181.23
183.891
185.921
187.39
188.344
188.814
14.5077
14.5614
14.6724
14.8488
15.1023
15.4492
15.9095
16.5025
17.2266
17.9588
14.5077
14.5613
14.6724
14.8488
15.1023
15.4492
15.9094
16.5024
17.2266
17.9587
14.5077
14.5613
14.6724
14.8487
15.1023
15.4492
15.9094
16.5024
17.2265
17.9587
14.5076
14.5613
14.6724
14.8487
15.1022
15.4491
15.9094
16.5024
17.2265
17.9587
14.5076
14.5612
14.6723
14.8487
15.1022
15.4491
15.9093
16.5023
17.2265
17.9586
14.5076
14.5612
14.6723
14.8487
15.1022
15.4491
15.9093
16.5023
17.2265
17.9587
14.5076
14.5613
14.6724
14.8487
15.1022
15.4492
15.9094
16.5024
17.2265
17.9587
14.5077
14.5613
14.6724
14.8487
15.1023
15.4492
15.9094
16.5024
17.2266
17.9587
14.5077
14.5613
14.6724
14.8488
15.1023
15.4492
15.9094
16.5024
17.2266
17.9587
14.5077
14.5613
14.6724
14.8488
15.1023
15.4493
15.9095
16.5025
17.2267
17.9588
12.7056
12.7523
12.8481
12.9977
13.2073
13.4832
13.8285
14.2347
14.6609
14.991
12.7056
12.7523
12.8481
12.9977
13.2072
13.4831
13.8285
14.2347
14.6609
14.991
12.7055
12.7522
12.8481
12.9977
13.2072
13.4831
13.8285
14.2347
14.6608
14.9909
12.7055
12.7522
12.8481
12.9976
13.2072
13.4831
13.8285
14.2347
14.6608
14.9909
12.7055
12.7522
12.848
12.9976
13.2072
13.4831
13.8284
14.2346
14.6608
14.9909
12.7055
12.7522
12.848
12.9976
13.2072
13.4831
13.8284
14.2346
14.6608
14.9909
12.7055
12.7522
12.8481
12.9976
13.2072
13.4831
13.8285
14.2347
14.6608
14.9909
12.7055
12.7522
12.8481
12.9977
13.2072
13.4831
13.8285
14.2347
14.6609
14.991
12.7056
12.7523
12.8481
12.9977
13.2072
13.4831
13.8285
14.2347
14.6609
14.991
12.7056
12.7523
12.8481
12.9977
13.2073
13.4832
13.8286
14.2348
14.6609
14.991
11.1259
11.165
11.2442
11.3656
11.5311
11.7406
11.9888
12.2586
12.5121
12.6807
11.1259
11.1649
11.2442
11.3656
11.5311
11.7406
11.9887
12.2586
12.5121
12.6807
11.1259
11.1649
11.2441
11.3656
11.531
11.7406
11.9887
12.2586
12.512
12.6807
11.1259
11.1649
11.2441
11.3655
11.531
11.7405
11.9887
12.2586
12.512
12.6806
11.1259
11.1649
11.2441
11.3655
11.531
11.7405
11.9887
12.2585
12.512
12.6806
11.1259
11.1649
11.2441
11.3655
11.531
11.7405
11.9887
12.2586
12.512
12.6806
11.1259
11.1649
11.2441
11.3655
11.531
11.7405
11.9887
12.2586
12.512
12.6807
11.1259
11.1649
11.2441
11.3656
11.531
11.7406
11.9887
12.2586
12.5121
12.6807
11.1259
11.1649
11.2442
11.3656
11.5311
11.7406
11.9887
12.2586
12.5121
12.6807
11.1259
11.165
11.2442
11.3656
11.5311
11.7406
11.9888
12.2587
12.5121
12.6808
9.76222
9.79372
9.85704
9.95235
10.0789
10.2334
10.4079
10.5863
10.7414
10.836
9.76219
9.79368
9.857
9.95232
10.0789
10.2334
10.4079
10.5863
10.7414
10.8359
9.76216
9.79366
9.85698
9.95229
10.0788
10.2334
10.4079
10.5862
10.7413
10.8359
9.76214
9.79364
9.85696
9.95227
10.0788
10.2333
10.4078
10.5862
10.7413
10.8359
9.76214
9.79363
9.85695
9.95227
10.0788
10.2333
10.4078
10.5862
10.7413
10.8359
9.76213
9.79363
9.85695
9.95227
10.0788
10.2333
10.4078
10.5862
10.7413
10.8359
9.76214
9.79364
9.85696
9.95228
10.0788
10.2334
10.4078
10.5862
10.7413
10.8359
9.76216
9.79366
9.85698
9.9523
10.0788
10.2334
10.4079
10.5862
10.7414
10.8359
9.76218
9.79368
9.857
9.95232
10.0789
10.2334
10.4079
10.5863
10.7414
10.836
9.76221
9.79372
9.85704
9.95236
10.0789
10.2334
10.4079
10.5863
10.7414
10.836
8.60823
8.63302
8.68239
8.75548
8.85026
8.96244
9.08423
9.20298
9.30092
9.35763
8.60819
8.63299
8.68235
8.75545
8.85022
8.96241
9.08419
9.20295
9.30089
9.35761
8.60817
8.63296
8.68233
8.75542
8.8502
8.96238
9.08417
9.20293
9.30087
9.35759
8.60815
8.63295
8.68231
8.75541
8.85018
8.96237
9.08415
9.20291
9.30085
9.35757
8.60814
8.63294
8.6823
8.7554
8.85018
8.96236
9.08415
9.20291
9.30085
9.35757
8.60814
8.63294
8.6823
8.7554
8.85018
8.96236
9.08415
9.20291
9.30085
9.35757
8.60815
8.63295
8.68231
8.75541
8.85019
8.96237
9.08416
9.20292
9.30086
9.35758
8.60817
8.63296
8.68233
8.75543
8.85021
8.96239
9.08418
9.20294
9.30088
9.35761
8.60819
8.63299
8.68236
8.75546
8.85024
8.96242
9.08421
9.20297
9.30091
9.35764
8.60821
8.63302
8.68239
8.75549
8.85027
8.96246
9.08425
9.20301
9.30095
9.35768
7.65798
7.67721
7.71516
7.77054
7.84088
7.92199
8.00729
8.08756
8.15137
8.18718
7.65795
7.67717
7.71513
7.77051
7.84085
7.92196
8.00726
8.08753
8.15134
8.18715
7.65792
7.67715
7.7151
7.77048
7.84083
7.92193
8.00724
8.08751
8.15132
8.18714
7.65791
7.67714
7.71509
7.77047
7.84082
7.92192
8.00723
8.0875
8.15131
8.18713
7.6579
7.67713
7.71508
7.77046
7.84081
7.92191
8.00722
8.08749
8.15131
8.18712
7.6579
7.67713
7.71508
7.77046
7.84081
7.92191
8.00722
8.0875
8.15131
8.18712
7.65791
7.67714
7.71509
7.77047
7.84082
7.92193
8.00723
8.08751
8.15132
8.18714
7.65792
7.67715
7.71511
7.77049
7.84084
7.92194
8.00725
8.08753
8.15134
8.18716
7.65794
7.67718
7.71513
7.77052
7.84086
7.92197
8.00728
8.08755
8.15137
8.18718
7.65797
7.67721
7.71516
7.77055
7.8409
7.92201
8.00731
8.08759
8.15141
8.18722
6.90583
6.92072
6.9499
6.99195
7.04443
7.10364
7.16437
7.21999
7.26307
7.28676
6.9058
6.92069
6.94987
6.99192
7.0444
7.10361
7.16434
7.21996
7.26305
7.28674
6.90578
6.92067
6.94985
6.9919
7.04438
7.10359
7.16432
7.21994
7.26303
7.28673
6.90576
6.92066
6.94984
6.99189
7.04437
7.10358
7.16431
7.21993
7.26302
7.28672
6.90575
6.92065
6.94983
6.99188
7.04436
7.10357
7.1643
7.21993
7.26301
7.28671
6.90576
6.92065
6.94983
6.99188
7.04437
7.10357
7.1643
7.21993
7.26302
7.28672
6.90576
6.92066
6.94984
6.99189
7.04437
7.10358
7.16431
7.21994
7.26303
7.28673
6.90578
6.92067
6.94986
6.99191
7.04439
7.1036
7.16433
7.21996
7.26305
7.28675
6.9058
6.92069
6.94988
6.99193
7.04442
7.10363
7.16436
7.21998
7.26307
7.28677
6.90582
6.92072
6.94991
6.99196
7.04445
7.10366
7.16439
7.22002
7.26311
7.28681
6.3467
6.35847
6.38137
6.41403
6.45421
6.49875
6.54354
6.58374
6.6143
6.63088
6.34668
6.35844
6.38135
6.414
6.45418
6.49872
6.54351
6.58371
6.61427
6.63086
6.34666
6.35842
6.38133
6.41398
6.45416
6.4987
6.54349
6.58369
6.61426
6.63085
6.34664
6.35841
6.38131
6.41397
6.45415
6.49869
6.54348
6.58368
6.61425
6.63084
6.34664
6.3584
6.38131
6.41396
6.45414
6.49868
6.54348
6.58368
6.61424
6.63083
6.34664
6.3584
6.38131
6.41397
6.45415
6.49869
6.54348
6.58368
6.61425
6.63084
6.34664
6.35841
6.38132
6.41397
6.45416
6.4987
6.54349
6.58369
6.61426
6.63085
6.34666
6.35842
6.38133
6.41399
6.45417
6.49871
6.54351
6.58371
6.61428
6.63087
6.34668
6.35845
6.38135
6.41401
6.4542
6.49874
6.54353
6.58373
6.6143
6.63089
6.3467
6.35847
6.38138
6.41404
6.45423
6.49877
6.54356
6.58377
6.61434
6.63093
5.97645
5.9862
6.00509
6.03181
6.06434
6.09992
6.1352
6.1664
6.18983
6.20242
5.97642
5.98617
6.00507
6.03179
6.06431
6.0999
6.13517
6.16638
6.1898
6.2024
5.9764
5.98616
6.00505
6.03177
6.06429
6.09988
6.13516
6.16636
6.18979
6.20239
5.97639
5.98614
6.00504
6.03176
6.06428
6.09987
6.13515
6.16635
6.18978
6.20238
5.97639
5.98614
6.00503
6.03175
6.06428
6.09987
6.13514
6.16635
6.18978
6.20238
5.97639
5.98614
6.00503
6.03176
6.06428
6.09987
6.13515
6.16635
6.18978
6.20239
5.97639
5.98615
6.00504
6.03176
6.06429
6.09988
6.13516
6.16636
6.18979
6.2024
5.97641
5.98616
6.00506
6.03178
6.06431
6.09989
6.13517
6.16638
6.18981
6.20241
5.97643
5.98618
6.00508
6.0318
6.06433
6.09992
6.1352
6.16641
6.18984
6.20244
5.97645
5.98621
6.00511
6.03183
6.06436
6.09995
6.13523
6.16644
6.18987
6.20247
5.79209
5.80087
5.81781
5.84167
5.87054
5.90189
5.93272
5.95979
5.97996
5.99076
5.79207
5.80085
5.81779
5.84165
5.87052
5.90187
5.9327
5.95977
5.97995
5.99075
5.79206
5.80083
5.81778
5.84164
5.8705
5.90185
5.93269
5.95975
5.97993
5.99074
5.79205
5.80082
5.81777
5.84163
5.87049
5.90184
5.93268
5.95974
5.97993
5.99073
5.79204
5.80082
5.81776
5.84162
5.87049
5.90184
5.93268
5.95974
5.97992
5.99073
5.79204
5.80082
5.81776
5.84162
5.87049
5.90184
5.93268
5.95975
5.97993
5.99073
5.79205
5.80082
5.81777
5.84163
5.8705
5.90185
5.93269
5.95976
5.97994
5.99074
5.79206
5.80084
5.81779
5.84165
5.87051
5.90187
5.93271
5.95977
5.97996
5.99076
5.79208
5.80086
5.81781
5.84167
5.87054
5.90189
5.93273
5.9598
5.97998
5.99079
5.7921
5.80089
5.81784
5.8417
5.87057
5.90192
5.93276
5.95983
5.98001
5.99082
41.9028
42.2027
42.7726
43.4849
44.2337
44.9431
45.5603
46.0494
46.3871
46.5593
41.9027
42.2026
42.7725
43.4848
44.2336
44.943
45.5602
46.0493
46.387
46.5592
41.9026
42.2025
42.7724
43.4847
44.2336
44.9429
45.5601
46.0493
46.387
46.5592
41.9026
42.2025
42.7724
43.4847
44.2335
44.9429
45.5601
46.0492
46.3869
46.5591
41.9025
42.2025
42.7724
43.4847
44.2335
44.9429
45.5601
46.0492
46.3869
46.5591
41.9025
42.2025
42.7724
43.4847
44.2335
44.9429
45.5601
46.0492
46.3869
46.5591
41.9026
42.2025
42.7724
43.4847
44.2335
44.9429
45.5601
46.0492
46.3869
46.5592
41.9026
42.2025
42.7725
43.4847
44.2336
44.943
45.5602
46.0493
46.387
46.5592
41.9027
42.2026
42.7725
43.4848
44.2337
44.9431
45.5602
46.0494
46.3871
46.5593
41.9028
42.2027
42.7727
43.4849
44.2338
44.9432
45.5604
46.0495
46.3872
46.5594
37.1463
37.3525
37.736
38.231
38.7691
39.2928
39.7577
40.1317
40.3924
40.5261
37.1462
37.3524
37.7359
38.2309
38.769
39.2927
39.7576
40.1316
40.3923
40.5261
37.1461
37.3523
37.7359
38.2308
38.7689
39.2926
39.7575
40.1315
40.3923
40.526
37.1461
37.3523
37.7358
38.2308
38.7689
39.2925
39.7575
40.1315
40.3922
40.526
37.1461
37.3523
37.7358
38.2308
38.7689
39.2925
39.7575
40.1314
40.3922
40.526
37.1461
37.3523
37.7358
38.2308
38.7689
39.2925
39.7575
40.1315
40.3922
40.526
37.1461
37.3523
37.7358
38.2308
38.7689
39.2926
39.7575
40.1315
40.3923
40.526
37.1461
37.3523
37.7359
38.2309
38.7689
39.2926
39.7576
40.1315
40.3923
40.5261
37.1462
37.3524
37.7359
38.2309
38.769
39.2927
39.7577
40.1316
40.3924
40.5262
37.1463
37.3525
37.7361
38.231
38.7691
39.2928
39.7578
40.1317
40.3925
40.5263
32.8771
33.0195
33.2843
33.6326
34.0199
34.4046
34.7518
35.0345
35.2334
35.3359
32.877
33.0194
33.2842
33.6325
34.0198
34.4045
34.7517
35.0344
35.2333
35.3359
32.8769
33.0194
33.2841
33.6324
34.0197
34.4044
34.7516
35.0344
35.2333
35.3358
32.8769
33.0193
33.2841
33.6324
34.0197
34.4043
34.7516
35.0343
35.2332
35.3358
32.8768
33.0193
33.2841
33.6324
34.0197
34.4043
34.7515
35.0343
35.2332
35.3358
32.8768
33.0193
33.2841
33.6324
34.0197
34.4043
34.7515
35.0343
35.2332
35.3358
32.8769
33.0193
33.2841
33.6324
34.0197
34.4044
34.7516
35.0343
35.2333
35.3358
32.8769
33.0194
33.2841
33.6325
34.0198
34.4044
34.7516
35.0344
35.2333
35.3359
32.877
33.0194
33.2842
33.6325
34.0198
34.4045
34.7517
35.0345
35.2334
35.3359
32.877
33.0195
33.2843
33.6326
34.0199
34.4046
34.7518
35.0346
35.2335
35.3361
29.1321
29.2318
29.4178
29.6658
29.9458
30.2281
30.4863
30.6987
30.8492
30.9272
29.132
29.2317
29.4177
29.6657
29.9457
30.228
30.4862
30.6986
30.8492
30.9271
29.1319
29.2316
29.4177
29.6656
29.9456
30.228
30.4862
30.6986
30.8491
30.9271
29.1319
29.2316
29.4176
29.6656
29.9456
30.2279
30.4861
30.6985
30.8491
30.927
29.1319
29.2315
29.4176
29.6655
29.9456
30.2279
30.4861
30.6985
30.849
30.927
29.1319
29.2316
29.4176
29.6655
29.9456
30.2279
30.4861
30.6985
30.8491
30.927
29.1319
29.2316
29.4176
29.6656
29.9456
30.2279
30.4861
30.6986
30.8491
30.9271
29.1319
29.2316
29.4177
29.6656
29.9457
30.228
30.4862
30.6986
30.8491
30.9271
29.132
29.2317
29.4178
29.6657
29.9457
30.2281
30.4863
30.6987
30.8492
30.9272
29.1321
29.2318
29.4178
29.6658
29.9458
30.2282
30.4864
30.6988
30.8493
30.9273
25.9279
25.9987
26.1315
26.3101
26.5141
26.7222
26.9143
27.0737
27.1873
27.2463
25.9278
25.9986
26.1314
26.3101
26.5141
26.7221
26.9142
27.0736
27.1872
27.2463
25.9277
25.9986
26.1314
26.31
26.514
26.722
26.9141
27.0735
27.1871
27.2462
25.9277
25.9985
26.1313
26.31
26.514
26.722
26.9141
27.0735
27.1871
27.2462
25.9277
25.9985
26.1313
26.3099
26.5139
26.722
26.9141
27.0735
27.1871
27.2462
25.9277
25.9985
26.1313
26.3099
26.5139
26.722
26.9141
27.0735
27.1871
27.2462
25.9277
25.9985
26.1313
26.31
26.514
26.722
26.9141
27.0735
27.1871
27.2462
25.9277
25.9986
26.1314
26.31
26.514
26.722
26.9142
27.0736
27.1872
27.2463
25.9278
25.9986
26.1315
26.3101
26.5141
26.7221
26.9142
27.0736
27.1873
27.2463
25.9279
25.9987
26.1315
26.3102
26.5142
26.7222
26.9143
27.0737
27.1874
27.2464
23.2686
23.3199
23.4164
23.5471
23.6976
23.8524
23.9965
24.1167
24.2029
24.2478
23.2685
23.3198
23.4163
23.5471
23.6976
23.8523
23.9964
24.1167
24.2028
24.2478
23.2685
23.3197
23.4163
23.547
23.6975
23.8523
23.9963
24.1166
24.2028
24.2477
23.2684
23.3197
23.4162
23.547
23.6975
23.8522
23.9963
24.1166
24.2027
24.2477
23.2684
23.3197
23.4162
23.5469
23.6974
23.8522
23.9963
24.1166
24.2027
24.2477
23.2684
23.3197
23.4162
23.5469
23.6974
23.8522
23.9963
24.1166
24.2027
24.2477
23.2684
23.3197
23.4163
23.547
23.6975
23.8522
23.9963
24.1166
24.2028
24.2477
23.2685
23.3197
23.4163
23.547
23.6975
23.8523
23.9964
24.1166
24.2028
24.2478
23.2685
23.3198
23.4164
23.5471
23.6976
23.8524
23.9964
24.1167
24.2029
24.2478
23.2686
23.3199
23.4164
23.5472
23.6977
23.8525
23.9965
24.1168
24.203
24.2479
21.1517
21.1898
21.2618
21.3598
21.4732
21.5907
21.7006
21.7929
21.8592
21.8939
21.1516
21.1897
21.2617
21.3597
21.4731
21.5906
21.7005
21.7928
21.8592
21.8939
21.1516
21.1897
21.2617
21.3596
21.4731
21.5905
21.7005
21.7928
21.8591
21.8938
21.1515
21.1896
21.2616
21.3596
21.4731
21.5905
21.7004
21.7927
21.8591
21.8938
21.1515
21.1896
21.2616
21.3596
21.473
21.5905
21.7004
21.7927
21.8591
21.8938
21.1515
21.1896
21.2616
21.3596
21.473
21.5905
21.7004
21.7927
21.8591
21.8938
21.1515
21.1896
21.2616
21.3596
21.4731
21.5905
21.7005
21.7928
21.8591
21.8938
21.1516
21.1897
21.2617
21.3596
21.4731
21.5906
21.7005
21.7928
21.8592
21.8939
21.1516
21.1897
21.2617
21.3597
21.4732
21.5906
21.7006
21.7929
21.8592
21.894
21.1517
21.1898
21.2618
21.3598
21.4733
21.5907
21.7007
21.793
21.8593
21.8941
19.5716
19.6011
19.657
19.7333
19.822
19.9143
20.0011
20.0743
20.127
20.1547
19.5715
19.601
19.6569
19.7332
19.822
19.9143
20.0011
20.0742
20.127
20.1546
19.5715
19.601
19.6568
19.7331
19.8219
19.9142
20.001
20.0742
20.1269
20.1546
19.5714
19.6009
19.6568
19.7331
19.8219
19.9142
20.001
20.0741
20.1269
20.1546
19.5714
19.6009
19.6568
19.7331
19.8219
19.9142
20.001
20.0741
20.1269
20.1545
19.5714
19.6009
19.6568
19.7331
19.8219
19.9142
20.001
20.0741
20.1269
20.1546
19.5714
19.6009
19.6568
19.7331
19.8219
19.9142
20.001
20.0742
20.1269
20.1546
19.5715
19.601
19.6569
19.7332
19.8219
19.9142
20.0011
20.0742
20.127
20.1546
19.5715
19.601
19.6569
19.7332
19.822
19.9143
20.0011
20.0743
20.127
20.1547
19.5716
19.6011
19.657
19.7333
19.8221
19.9144
20.0012
20.0744
20.1271
20.1548
18.5223
18.5466
18.5927
18.6559
18.7295
18.8064
18.8789
18.9401
18.9844
19.0076
18.5223
18.5466
18.5927
18.6558
18.7294
18.8063
18.8788
18.94
18.9843
19.0076
18.5222
18.5465
18.5926
18.6557
18.7294
18.8062
18.8787
18.94
18.9843
19.0075
18.5222
18.5465
18.5926
18.6557
18.7294
18.8062
18.8787
18.94
18.9843
19.0075
18.5222
18.5465
18.5926
18.6557
18.7294
18.8062
18.8787
18.94
18.9842
19.0075
18.5222
18.5465
18.5926
18.6557
18.7294
18.8062
18.8787
18.94
18.9843
19.0075
18.5222
18.5465
18.5926
18.6557
18.7294
18.8062
18.8787
18.94
18.9843
19.0075
18.5222
18.5465
18.5926
18.6558
18.7294
18.8063
18.8788
18.94
18.9843
19.0076
18.5223
18.5466
18.5927
18.6558
18.7295
18.8063
18.8789
18.9401
18.9844
19.0077
18.5223
18.5467
18.5928
18.6559
18.7296
18.8064
18.8789
18.9402
18.9845
19.0077
17.999
18.0209
18.0624
18.1193
18.1858
18.2553
18.321
18.3765
18.4167
18.4378
17.999
18.0208
18.0624
18.1192
18.1857
18.2552
18.3209
18.3765
18.4167
18.4378
17.9989
18.0208
18.0623
18.1192
18.1857
18.2552
18.3209
18.3764
18.4166
18.4378
17.9989
18.0208
18.0623
18.1192
18.1857
18.2552
18.3208
18.3764
18.4166
18.4377
17.9989
18.0208
18.0623
18.1192
18.1857
18.2552
18.3208
18.3764
18.4166
18.4377
17.9989
18.0208
18.0623
18.1192
18.1857
18.2552
18.3208
18.3764
18.4166
18.4378
17.9989
18.0208
18.0623
18.1192
18.1857
18.2552
18.3209
18.3764
18.4167
18.4378
17.999
18.0208
18.0623
18.1192
18.1857
18.2552
18.3209
18.3765
18.4167
18.4378
17.999
18.0209
18.0624
18.1193
18.1858
18.2553
18.321
18.3765
18.4168
18.4379
17.9991
18.021
18.0625
18.1194
18.1859
18.2554
18.3211
18.3766
18.4169
18.438
)
;

boundaryField
{
    inlet1
    {
        type            fixedValue;
        value           uniform 10;
    }
    inlet2
    {
        type            fixedValue;
        value           uniform 20;
    }
    outlet1
    {
        type            zeroGradient;
    }
    outlet2
    {
        type            zeroGradient;
    }
    fixedWalls
    {
        type            zeroGradient;
    }
}


// ************************************************************************* //
