/*--------------------------------*- C++ -*----------------------------------*\
  =========                 |
  \\      /  F ield         | OpenFOAM: The Open Source CFD Toolbox
   \\    /   O peration     | Website:  https://openfoam.org
    \\  /    A nd           | Version:  6
     \\/     M anipulation  |
\*---------------------------------------------------------------------------*/
FoamFile
{
    version     2.0;
    format      ascii;
    class       volScalarField;
    location    "0.11";
    object      T;
}
// * * * * * * * * * * * * * * * * * * * * * * * * * * * * * * * * * * * * * //

dimensions      [0 0 0 1 0 0 0];

internalField   nonuniform List<scalar> 
7000
(
100.586
100.586
100.586
100.586
100.586
100.586
100.586
100.586
100.586
100.586
100.586
100.586
100.586
100.586
100.586
100.586
100.586
100.586
100.586
100.586
100.586
100.586
100.586
100.586
100.586
100.586
100.586
100.586
100.586
100.586
100.586
100.586
100.586
100.586
100.586
100.586
100.586
100.586
100.586
100.586
100.586
100.586
100.586
100.586
100.586
100.586
100.586
100.586
100.586
100.586
100.586
100.586
100.586
100.586
100.586
100.586
100.586
100.586
100.586
100.586
100.586
100.586
100.586
100.586
100.586
100.586
100.586
100.586
100.586
100.586
100.586
100.586
100.586
100.586
100.586
100.586
100.586
100.586
100.586
100.586
100.586
100.586
100.586
100.586
100.586
100.586
100.586
100.586
100.586
100.586
100.586
100.586
100.586
100.586
100.586
100.586
100.586
100.586
100.586
100.586
82.1923
82.1921
82.1919
82.1918
82.1917
82.1917
82.1917
82.1916
82.1917
82.1917
82.1921
82.1919
82.1917
82.1916
82.1915
82.1915
82.1915
82.1914
82.1915
82.1916
82.192
82.1917
82.1916
82.1915
82.1914
82.1913
82.1913
82.1913
82.1914
82.1914
82.1919
82.1916
82.1915
82.1914
82.1913
82.1913
82.1912
82.1912
82.1913
82.1914
82.1918
82.1916
82.1914
82.1913
82.1913
82.1912
82.1912
82.1912
82.1912
82.1914
82.1918
82.1916
82.1914
82.1913
82.1913
82.1912
82.1912
82.1912
82.1913
82.1914
82.1918
82.1916
82.1915
82.1914
82.1913
82.1913
82.1913
82.1913
82.1913
82.1914
82.1919
82.1917
82.1916
82.1915
82.1914
82.1914
82.1913
82.1913
82.1914
82.1915
82.192
82.1918
82.1917
82.1916
82.1915
82.1915
82.1915
82.1915
82.1915
82.1916
82.1921
82.1919
82.1918
82.1917
82.1917
82.1916
82.1916
82.1916
82.1917
82.1918
65.0391
65.0388
65.0385
65.0383
65.0382
65.0381
65.0379
65.0379
65.0378
65.0379
65.0388
65.0385
65.0382
65.038
65.0379
65.0378
65.0377
65.0376
65.0375
65.0376
65.0386
65.0383
65.038
65.0378
65.0377
65.0376
65.0375
65.0374
65.0374
65.0375
65.0384
65.0381
65.0379
65.0377
65.0376
65.0374
65.0373
65.0373
65.0373
65.0374
65.0384
65.0381
65.0378
65.0376
65.0375
65.0374
65.0373
65.0372
65.0372
65.0373
65.0384
65.0381
65.0378
65.0377
65.0375
65.0374
65.0373
65.0372
65.0372
65.0374
65.0384
65.0381
65.0379
65.0377
65.0376
65.0375
65.0374
65.0373
65.0373
65.0374
65.0385
65.0382
65.038
65.0378
65.0377
65.0376
65.0375
65.0375
65.0375
65.0376
65.0387
65.0384
65.0382
65.038
65.0379
65.0378
65.0377
65.0376
65.0377
65.0378
65.0388
65.0386
65.0384
65.0383
65.0381
65.038
65.038
65.0379
65.0379
65.038
49.7676
49.7673
49.767
49.7667
49.7664
49.7662
49.7658
49.7655
49.7652
49.7651
49.7673
49.7669
49.7666
49.7664
49.7661
49.7658
49.7655
49.7651
49.7649
49.7648
49.7671
49.7667
49.7664
49.7661
49.7659
49.7656
49.7653
49.7649
49.7647
49.7647
49.7669
49.7665
49.7662
49.766
49.7657
49.7654
49.7651
49.7648
49.7645
49.7645
49.7668
49.7665
49.7662
49.7659
49.7657
49.7654
49.7651
49.7647
49.7645
49.7645
49.7668
49.7665
49.7662
49.7659
49.7657
49.7654
49.7651
49.7648
49.7645
49.7645
49.7669
49.7665
49.7663
49.766
49.7658
49.7655
49.7652
49.7649
49.7646
49.7646
49.767
49.7667
49.7664
49.7662
49.7659
49.7657
49.7654
49.765
49.7648
49.7648
49.7672
49.7669
49.7666
49.7664
49.7662
49.7659
49.7656
49.7653
49.7651
49.7651
49.7674
49.7672
49.7669
49.7667
49.7665
49.7662
49.7659
49.7656
49.7654
49.7654
36.784
36.7836
36.7832
36.7828
36.7824
36.7817
36.7809
36.7799
36.7789
36.7783
36.7836
36.7832
36.7829
36.7825
36.782
36.7814
36.7805
36.7795
36.7786
36.7781
36.7834
36.783
36.7826
36.7822
36.7818
36.7812
36.7803
36.7793
36.7784
36.7779
36.7832
36.7828
36.7825
36.7821
36.7816
36.781
36.7802
36.7792
36.7782
36.7778
36.7831
36.7827
36.7824
36.782
36.7816
36.7809
36.7801
36.7791
36.7782
36.7778
36.7831
36.7828
36.7824
36.782
36.7816
36.781
36.7801
36.7792
36.7782
36.7778
36.7832
36.7828
36.7825
36.7821
36.7817
36.7811
36.7803
36.7793
36.7783
36.7779
36.7834
36.783
36.7827
36.7823
36.7819
36.7813
36.7804
36.7795
36.7785
36.7781
36.7836
36.7832
36.7829
36.7826
36.7821
36.7815
36.7807
36.7797
36.7788
36.7784
36.7838
36.7836
36.7833
36.7829
36.7825
36.7819
36.7811
36.7801
36.7792
36.7787
26.2385
26.2381
26.2376
26.2371
26.2362
26.2349
26.2329
26.2304
26.2277
26.2259
26.2381
26.2377
26.2373
26.2367
26.2359
26.2346
26.2326
26.2301
26.2274
26.2256
26.2379
26.2375
26.2371
26.2365
26.2357
26.2344
26.2324
26.2299
26.2272
26.2255
26.2378
26.2374
26.2369
26.2364
26.2355
26.2342
26.2323
26.2297
26.2271
26.2254
26.2377
26.2373
26.2369
26.2363
26.2355
26.2342
26.2322
26.2297
26.227
26.2253
26.2377
26.2373
26.2369
26.2363
26.2355
26.2342
26.2323
26.2297
26.2271
26.2254
26.2378
26.2374
26.237
26.2364
26.2356
26.2343
26.2324
26.2298
26.2272
26.2255
26.238
26.2376
26.2372
26.2366
26.2358
26.2345
26.2326
26.23
26.2274
26.2257
26.2382
26.2378
26.2374
26.2369
26.2361
26.2348
26.2328
26.2303
26.2277
26.226
26.2384
26.2381
26.2378
26.2372
26.2364
26.2351
26.2332
26.2307
26.228
26.2263
18.052
18.0516
18.051
18.0501
18.0486
18.0461
18.0419
18.0359
18.029
18.0239
18.0517
18.0513
18.0507
18.0499
18.0484
18.0458
18.0416
18.0357
18.0288
18.0237
18.0515
18.0511
18.0505
18.0497
18.0482
18.0456
18.0414
18.0355
18.0286
18.0236
18.0514
18.051
18.0504
18.0496
18.0481
18.0455
18.0413
18.0354
18.0285
18.0235
18.0513
18.0509
18.0504
18.0495
18.048
18.0454
18.0413
18.0354
18.0285
18.0234
18.0514
18.0509
18.0504
18.0495
18.048
18.0455
18.0413
18.0354
18.0285
18.0235
18.0514
18.051
18.0505
18.0496
18.0481
18.0456
18.0414
18.0355
18.0287
18.0236
18.0516
18.0512
18.0506
18.0498
18.0483
18.0457
18.0416
18.0357
18.0288
18.0238
18.0518
18.0514
18.0509
18.05
18.0486
18.046
18.0419
18.0359
18.0291
18.024
18.052
18.0517
18.0512
18.0504
18.0489
18.0463
18.0422
18.0363
18.0294
18.0244
11.9744
11.974
11.9732
11.9719
11.9693
11.9646
11.9563
11.9434
11.9267
11.9124
11.9742
11.9737
11.973
11.9717
11.9691
11.9644
11.9561
11.9432
11.9265
11.9122
11.974
11.9736
11.9728
11.9715
11.969
11.9642
11.956
11.9431
11.9264
11.9121
11.9739
11.9735
11.9727
11.9714
11.9689
11.9641
11.9559
11.943
11.9263
11.9121
11.9739
11.9734
11.9727
11.9714
11.9688
11.9641
11.9558
11.943
11.9263
11.912
11.9739
11.9734
11.9727
11.9714
11.9689
11.9641
11.9559
11.943
11.9263
11.9121
11.974
11.9735
11.9728
11.9715
11.9689
11.9642
11.956
11.9431
11.9264
11.9122
11.9741
11.9737
11.9729
11.9716
11.9691
11.9644
11.9561
11.9432
11.9266
11.9123
11.9743
11.9739
11.9732
11.9718
11.9693
11.9646
11.9563
11.9435
11.9268
11.9126
11.9745
11.9741
11.9734
11.9721
11.9696
11.9649
11.9566
11.9438
11.9271
11.9129
7.65671
7.65622
7.65528
7.65335
7.64938
7.64146
7.62647
7.60041
7.56149
7.52078
7.65653
7.65605
7.65511
7.65317
7.64921
7.64129
7.62631
7.60026
7.56134
7.52068
7.65641
7.65593
7.65498
7.65305
7.64909
7.64118
7.62619
7.60015
7.56125
7.5206
7.65633
7.65585
7.65491
7.65298
7.64902
7.64111
7.62613
7.60009
7.56119
7.52055
7.6563
7.65582
7.65488
7.65295
7.649
7.64109
7.62611
7.60007
7.56118
7.52054
7.65632
7.65584
7.6549
7.65298
7.64902
7.64111
7.62614
7.6001
7.56121
7.52057
7.65638
7.65591
7.65497
7.65305
7.64909
7.64119
7.62621
7.60018
7.56129
7.52065
7.65649
7.65602
7.65509
7.65317
7.64922
7.64131
7.62634
7.60031
7.56142
7.52078
7.65664
7.65618
7.65526
7.65334
7.6494
7.64149
7.62652
7.60049
7.5616
7.52096
7.65681
7.65639
7.65548
7.65358
7.64963
7.64173
7.62676
7.60072
7.56183
7.52119
4.71932
4.7188
4.71765
4.71512
4.70963
4.69798
4.67399
4.62681
4.54146
4.41934
4.71919
4.71867
4.71752
4.71499
4.70951
4.69786
4.67388
4.6267
4.54136
4.41927
4.7191
4.71859
4.71743
4.71491
4.70942
4.69778
4.6738
4.62663
4.54129
4.41921
4.71905
4.71853
4.71738
4.71486
4.70937
4.69773
4.67375
4.62659
4.54125
4.41918
4.71903
4.71851
4.71736
4.71484
4.70936
4.69771
4.67374
4.62658
4.54125
4.41918
4.71904
4.71853
4.71738
4.71486
4.70938
4.69774
4.67376
4.6266
4.54127
4.4192
4.71909
4.71858
4.71743
4.71491
4.70944
4.69779
4.67382
4.62666
4.54133
4.41926
4.71917
4.71867
4.71752
4.71501
4.70953
4.69789
4.67392
4.62676
4.54143
4.41935
4.71929
4.71879
4.71765
4.71514
4.70967
4.69803
4.67406
4.62689
4.54156
4.41948
4.71942
4.71896
4.71783
4.71532
4.70985
4.69821
4.67423
4.62707
4.54173
4.41965
2.80424
2.80371
2.80244
2.79955
2.79305
2.77868
2.74713
2.67744
2.51816
2.12268
2.80415
2.80363
2.80236
2.79946
2.79297
2.7786
2.74705
2.67737
2.5181
2.12263
2.80409
2.80357
2.8023
2.7994
2.79291
2.77854
2.747
2.67732
2.51805
2.1226
2.80406
2.80353
2.80226
2.79937
2.79288
2.77851
2.74697
2.67729
2.51803
2.12258
2.80405
2.80352
2.80225
2.79936
2.79287
2.7785
2.74696
2.67729
2.51803
2.12258
2.80406
2.80353
2.80227
2.79937
2.79289
2.77852
2.74698
2.67731
2.51804
2.1226
2.80409
2.80357
2.80231
2.79941
2.79293
2.77856
2.74702
2.67735
2.51808
2.12263
2.80415
2.80364
2.80237
2.79948
2.793
2.77863
2.74709
2.67742
2.51815
2.12269
2.80424
2.80373
2.80247
2.79958
2.7931
2.77873
2.74719
2.67751
2.51824
2.12276
2.80434
2.80384
2.80259
2.79971
2.79323
2.77886
2.74732
2.67764
2.51836
2.12287
1.60676
1.60627
1.60504
1.6022
1.59582
1.58183
1.55166
1.48788
1.35603
1.09561
1.60671
1.60622
1.60498
1.60214
1.59577
1.58177
1.55161
1.48784
1.35599
1.09558
1.60667
1.60618
1.60494
1.6021
1.59573
1.58174
1.55158
1.4878
1.35596
1.09556
1.60664
1.60616
1.60492
1.60208
1.59571
1.58172
1.55156
1.48779
1.35595
1.09555
1.60664
1.60615
1.60492
1.60208
1.59571
1.58171
1.55156
1.48779
1.35595
1.09555
1.60665
1.60616
1.60493
1.60209
1.59572
1.58173
1.55157
1.4878
1.35596
1.09556
1.60667
1.60618
1.60495
1.60212
1.59575
1.58176
1.5516
1.48783
1.35599
1.09558
1.60671
1.60623
1.605
1.60216
1.5958
1.5818
1.55165
1.48787
1.35603
1.09562
1.60677
1.60629
1.60507
1.60223
1.59586
1.58187
1.55171
1.48794
1.35609
1.09566
1.60684
1.60637
1.60515
1.60232
1.59595
1.58196
1.5518
1.48802
1.35617
1.09573
0.888043
0.88763
0.886574
0.884163
0.878864
0.867583
0.844398
0.798781
0.714334
0.573065
0.888008
0.887596
0.88654
0.884129
0.878831
0.86755
0.844368
0.798753
0.714311
0.573047
0.887984
0.887572
0.886516
0.884106
0.878808
0.867528
0.844347
0.798735
0.714295
0.573035
0.88797
0.887558
0.886502
0.884093
0.878795
0.867516
0.844336
0.798725
0.714287
0.573029
0.887966
0.887554
0.886499
0.88409
0.878793
0.867514
0.844335
0.798724
0.714287
0.573029
0.887973
0.887561
0.886507
0.884097
0.878801
0.867523
0.844343
0.798733
0.714295
0.573036
0.88799
0.887579
0.886525
0.884116
0.87882
0.867542
0.844363
0.798751
0.714311
0.57305
0.888018
0.887608
0.886555
0.884147
0.878852
0.867574
0.844393
0.798781
0.714338
0.573072
0.888056
0.887649
0.886598
0.884191
0.878896
0.867618
0.844437
0.798822
0.714375
0.573103
0.888102
0.887703
0.886655
0.884249
0.878954
0.867676
0.844493
0.798876
0.714424
0.573144
0.473635
0.47332
0.472514
0.470708
0.466851
0.458957
0.44356
0.415293
0.367485
0.29594
0.473614
0.473299
0.472494
0.470688
0.466832
0.458938
0.443542
0.415277
0.367472
0.29593
0.4736
0.473285
0.47248
0.470674
0.466818
0.458925
0.44353
0.415267
0.367463
0.295923
0.473592
0.473277
0.472472
0.470666
0.466811
0.458918
0.443524
0.415261
0.367459
0.29592
0.47359
0.473275
0.47247
0.470665
0.46681
0.458917
0.443524
0.415261
0.367459
0.29592
0.473594
0.47328
0.472475
0.47067
0.466815
0.458923
0.443529
0.415266
0.367464
0.295924
0.473605
0.473291
0.472487
0.470682
0.466827
0.458935
0.443541
0.415278
0.367474
0.295933
0.473623
0.47331
0.472506
0.470702
0.466847
0.458955
0.44356
0.415296
0.36749
0.295947
0.473647
0.473335
0.472533
0.470729
0.466875
0.458982
0.443587
0.415321
0.367513
0.295965
0.473676
0.473369
0.472568
0.470765
0.466911
0.459018
0.443622
0.415354
0.367543
0.29599
0.243889
0.24367
0.243113
0.241894
0.239371
0.234408
0.225194
0.209258
0.184133
0.149262
0.243877
0.243658
0.243102
0.241883
0.23936
0.234398
0.225184
0.209249
0.184126
0.149256
0.243869
0.24365
0.243094
0.241875
0.239352
0.234391
0.225178
0.209244
0.184121
0.149252
0.243864
0.243645
0.243089
0.241871
0.239348
0.234387
0.225174
0.209241
0.184118
0.14925
0.243864
0.243645
0.243089
0.24187
0.239348
0.234387
0.225174
0.209241
0.184118
0.14925
0.243866
0.243648
0.243092
0.241873
0.239351
0.23439
0.225177
0.209244
0.184121
0.149253
0.243873
0.243654
0.243099
0.24188
0.239359
0.234397
0.225185
0.209251
0.184128
0.149258
0.243884
0.243666
0.24311
0.241892
0.23937
0.234409
0.225196
0.209261
0.184137
0.149266
0.243898
0.243681
0.243126
0.241909
0.239387
0.234425
0.225212
0.209276
0.18415
0.149277
0.243915
0.243701
0.243148
0.24193
0.239408
0.234447
0.225232
0.209295
0.184168
0.149292
0.121315
0.121174
0.120822
0.120068
0.118555
0.115688
0.110593
0.102209
0.0896878
0.0731968
0.121308
0.121168
0.120816
0.120062
0.118549
0.115683
0.110588
0.102204
0.0896838
0.0731936
0.121304
0.121164
0.120811
0.120057
0.118545
0.115679
0.110584
0.102201
0.0896812
0.0731915
0.121301
0.121161
0.120809
0.120055
0.118543
0.115677
0.110582
0.1022
0.0896799
0.0731906
0.121301
0.121161
0.120809
0.120055
0.118543
0.115677
0.110582
0.1022
0.0896801
0.0731908
0.121303
0.121163
0.120811
0.120057
0.118545
0.115679
0.110585
0.102202
0.0896819
0.0731923
0.121307
0.121167
0.120815
0.120061
0.118549
0.115683
0.110589
0.102206
0.0896853
0.0731952
0.121313
0.121173
0.120821
0.120068
0.118556
0.11569
0.110595
0.102212
0.0896907
0.0731998
0.121321
0.121182
0.120831
0.120077
0.118565
0.115699
0.110604
0.10222
0.0896982
0.073206
0.121331
0.121194
0.120843
0.12009
0.118577
0.115711
0.110616
0.102231
0.0897079
0.0732142
0.0583258
0.0582423
0.0580353
0.0576025
0.0567592
0.0552144
0.0525708
0.0483969
0.0424215
0.0348452
0.0583224
0.058239
0.058032
0.0575992
0.0567561
0.0552114
0.052568
0.0483945
0.0424194
0.0348435
0.0583202
0.0582367
0.0580298
0.0575971
0.056754
0.0552094
0.0525662
0.0483929
0.0424181
0.0348425
0.0583189
0.0582355
0.0580286
0.0575959
0.0567529
0.0552084
0.0525653
0.0483921
0.0424175
0.034842
0.0583188
0.0582354
0.0580285
0.0575959
0.0567529
0.0552085
0.0525654
0.0483922
0.0424176
0.0348421
0.0583198
0.0582364
0.0580296
0.057597
0.056754
0.0552096
0.0525665
0.0483933
0.0424186
0.034843
0.058322
0.0582386
0.0580319
0.0575993
0.0567564
0.055212
0.0525688
0.0483954
0.0424205
0.0348446
0.0583254
0.0582422
0.0580355
0.057603
0.0567601
0.0552156
0.0525723
0.0483987
0.0424234
0.0348471
0.05833
0.058247
0.0580406
0.0576082
0.0567652
0.0552206
0.0525772
0.0484032
0.0424274
0.0348505
0.0583355
0.0582534
0.0580473
0.0576149
0.0567719
0.0552272
0.0525834
0.0484091
0.0424327
0.0348549
0.0271206
0.0270741
0.0269603
0.0267276
0.0262862
0.0255016
0.0242028
0.0222224
0.0194842
0.0161169
0.0271189
0.0270724
0.0269587
0.026726
0.0262846
0.0255001
0.0242014
0.0222212
0.0194831
0.0161161
0.0271178
0.0270713
0.0269576
0.0267249
0.0262835
0.0254991
0.0242005
0.0222204
0.0194824
0.0161155
0.0271172
0.0270707
0.026957
0.0267243
0.026283
0.0254987
0.0242001
0.0222201
0.0194821
0.0161153
0.0271171
0.0270707
0.026957
0.0267243
0.0262831
0.0254987
0.0242002
0.0222202
0.0194822
0.0161154
0.0271177
0.0270712
0.0269576
0.026725
0.0262837
0.0254993
0.0242008
0.0222207
0.0194828
0.0161159
0.0271189
0.0270724
0.0269588
0.0267262
0.0262849
0.0255006
0.024202
0.0222218
0.0194838
0.0161167
0.0271207
0.0270743
0.0269607
0.0267281
0.0262869
0.0255025
0.0242038
0.0222236
0.0194853
0.016118
0.0271231
0.0270769
0.0269634
0.0267309
0.0262896
0.0255051
0.0242063
0.0222259
0.0194874
0.0161198
0.027126
0.0270802
0.0269669
0.0267344
0.0262931
0.0255086
0.0242096
0.022229
0.0194901
0.0161221
0.012204
0.0121796
0.0121207
0.0120026
0.0117841
0.0114063
0.0107993
0.0099035
0.00870839
0.00729871
0.0122032
0.0121788
0.0121199
0.0120018
0.0117833
0.0114056
0.0107986
0.00990292
0.00870789
0.00729829
0.0122027
0.0121783
0.0121194
0.0120013
0.0117828
0.0114051
0.0107982
0.00990254
0.00870757
0.00729803
0.0122024
0.012178
0.0121191
0.0120011
0.0117826
0.0114049
0.010798
0.00990237
0.00870743
0.00729792
0.0122024
0.012178
0.0121191
0.0120011
0.0117826
0.0114049
0.0107981
0.00990243
0.00870749
0.00729798
0.0122027
0.0121783
0.0121194
0.0120014
0.011783
0.0114052
0.0107984
0.00990273
0.00870776
0.00729822
0.0122033
0.0121789
0.0121201
0.012002
0.0117836
0.0114059
0.010799
0.00990329
0.00870827
0.00729866
0.0122042
0.0121799
0.012121
0.012003
0.0117846
0.0114068
0.0107999
0.00990415
0.00870905
0.00729933
0.0122054
0.0121812
0.0121224
0.0120044
0.0117859
0.0114082
0.0108012
0.00990534
0.00871011
0.00730024
0.0122069
0.0121829
0.0121242
0.0120062
0.0117877
0.0114099
0.0108028
0.00990686
0.00871147
0.00730141
0.00531806
0.00530594
0.00527703
0.00522019
0.0051174
0.00494431
0.00467454
0.00429149
0.00381151
0.00332945
0.00531768
0.00530556
0.00527666
0.00521982
0.00511705
0.00494397
0.00467424
0.00429121
0.00381127
0.00332924
0.00531742
0.00530531
0.00527641
0.00521958
0.00511682
0.00494376
0.00467404
0.00429104
0.00381112
0.00332912
0.0053173
0.00530519
0.00527629
0.00521947
0.00511671
0.00494366
0.00467395
0.00429097
0.00381106
0.00332907
0.0053173
0.0053052
0.00527631
0.00521948
0.00511674
0.00494369
0.00467398
0.004291
0.00381109
0.0033291
0.00531745
0.00530535
0.00527646
0.00521964
0.0051169
0.00494385
0.00467414
0.00429115
0.00381123
0.00332923
0.00531775
0.00530565
0.00527677
0.00521996
0.00511721
0.00494415
0.00467444
0.00429143
0.00381148
0.00332946
0.0053182
0.00530611
0.00527725
0.00522044
0.00511769
0.00494463
0.00467489
0.00429185
0.00381186
0.0033298
0.0053188
0.00530675
0.00527791
0.00522111
0.00511836
0.00494527
0.00467551
0.00429242
0.00381238
0.00333026
0.00531953
0.00530759
0.00527877
0.00522198
0.00511922
0.00494611
0.0046763
0.00429316
0.00381305
0.00333085
0.986251
0.471619
0.235494
0.138864
0.128874
0.202321
0.402851
0.844574
1.77794
3.7565
0.986226
0.471604
0.235485
0.138856
0.128863
0.202303
0.402819
0.844516
1.77784
3.75632
0.986209
0.471595
0.235479
0.13885
0.128856
0.202291
0.402797
0.844478
1.77777
3.7562
0.9862
0.47159
0.235476
0.138847
0.128852
0.202284
0.402785
0.844455
1.77773
3.75613
0.9862
0.47159
0.235476
0.138847
0.12885
0.202282
0.40278
0.844447
1.77772
3.75611
0.98621
0.471596
0.235479
0.138849
0.128851
0.202283
0.402781
0.84445
1.77772
3.75613
0.986229
0.471607
0.235485
0.138853
0.128855
0.202287
0.402789
0.844464
1.77775
3.75618
0.98626
0.471624
0.235495
0.138859
0.12886
0.202294
0.402801
0.844486
1.77779
3.75626
0.986303
0.471648
0.235509
0.138868
0.128867
0.202302
0.402815
0.844515
1.77785
3.75637
0.986355
0.471676
0.235525
0.138877
0.128875
0.202312
0.402831
0.844543
1.7779
3.75648
0.65133
0.35283
0.189572
0.117446
0.111549
0.173413
0.335925
0.675082
1.3266
2.47839
0.651312
0.352818
0.189565
0.117439
0.11154
0.173398
0.335898
0.675035
1.32652
2.47826
0.651299
0.35281
0.18956
0.117434
0.111534
0.173387
0.33588
0.675004
1.32646
2.47818
0.651293
0.352807
0.189557
0.117431
0.11153
0.173381
0.33587
0.674985
1.32643
2.47813
0.651293
0.352807
0.189557
0.117431
0.111529
0.173379
0.335866
0.674978
1.32642
2.47811
0.6513
0.352812
0.18956
0.117433
0.11153
0.17338
0.335867
0.674981
1.32643
2.47812
0.651315
0.352821
0.189566
0.117436
0.111533
0.173384
0.335873
0.674993
1.32645
2.47816
0.651339
0.352835
0.189574
0.117442
0.111538
0.17339
0.335884
0.675013
1.32649
2.47823
0.651371
0.352855
0.189586
0.11745
0.111545
0.173399
0.335899
0.67504
1.32654
2.47831
0.651414
0.352881
0.189602
0.11746
0.111553
0.17341
0.335917
0.675073
1.3266
2.47842
0.380489
0.22693
0.131697
0.0868983
0.0851548
0.130403
0.243103
0.463737
0.849699
1.44573
0.380477
0.226922
0.131692
0.0868929
0.0851477
0.130391
0.243083
0.463705
0.849647
1.44565
0.380469
0.226917
0.131688
0.0868893
0.0851429
0.130383
0.24307
0.463682
0.849611
1.4456
0.380465
0.226914
0.131686
0.0868873
0.0851401
0.130379
0.243062
0.463669
0.84959
1.44557
0.380465
0.226914
0.131686
0.086887
0.0851392
0.130377
0.243059
0.463664
0.849582
1.44556
0.38047
0.226918
0.131688
0.0868884
0.0851401
0.130378
0.24306
0.463666
0.849587
1.44557
0.38048
0.226925
0.131693
0.0868913
0.0851427
0.130381
0.243065
0.463675
0.849603
1.44559
0.380496
0.226935
0.131699
0.086896
0.0851469
0.130386
0.243074
0.463691
0.84963
1.44564
0.380519
0.22695
0.131709
0.0869025
0.0851527
0.130394
0.243087
0.463713
0.849668
1.4457
0.380548
0.226969
0.131721
0.086911
0.0851602
0.130404
0.243103
0.463741
0.849716
1.44578
0.208431
0.13313
0.0825966
0.0579462
0.0585488
0.0881644
0.157986
0.286873
0.495879
0.79052
0.208423
0.133125
0.0825927
0.0579424
0.0585438
0.0881564
0.157972
0.286852
0.495847
0.790475
0.208418
0.133121
0.0825901
0.0579399
0.0585404
0.088151
0.157963
0.286838
0.495825
0.790443
0.208416
0.13312
0.0825888
0.0579386
0.0585384
0.0881477
0.157958
0.286829
0.495811
0.790425
0.208416
0.13312
0.0825889
0.0579384
0.0585378
0.0881465
0.157956
0.286826
0.495807
0.790418
0.20842
0.133122
0.0825905
0.0579394
0.0585385
0.0881472
0.157957
0.286827
0.49581
0.790423
0.208426
0.133127
0.0825936
0.0579416
0.0585404
0.0881496
0.157961
0.286834
0.495821
0.79044
0.208437
0.133134
0.0825983
0.057945
0.0585436
0.0881537
0.157967
0.286845
0.495839
0.790469
0.208451
0.133144
0.082605
0.0579498
0.0585481
0.0881596
0.157977
0.286861
0.495865
0.790509
0.208469
0.133157
0.0826138
0.0579562
0.0585539
0.0881672
0.157989
0.286882
0.495899
0.790562
0.109007
0.0731781
0.047992
0.0355587
0.0368997
0.0546457
0.09439
0.164177
0.270925
0.412528
0.109002
0.073175
0.0479896
0.0355563
0.0368964
0.0546406
0.0943819
0.164165
0.270906
0.412503
0.108999
0.0731729
0.0479879
0.0355546
0.0368942
0.0546371
0.0943762
0.164156
0.270893
0.412485
0.108998
0.073172
0.0479872
0.0355537
0.0368929
0.054635
0.0943729
0.164151
0.270886
0.412475
0.108998
0.0731722
0.0479872
0.0355536
0.0368925
0.0546343
0.0943716
0.164149
0.270883
0.412471
0.109
0.0731737
0.0479883
0.0355543
0.0368931
0.0546348
0.0943723
0.16415
0.270885
0.412475
0.109004
0.0731766
0.0479903
0.0355558
0.0368944
0.0546365
0.094375
0.164154
0.270892
0.412485
0.109011
0.0731811
0.0479934
0.0355582
0.0368967
0.0546394
0.0943795
0.164162
0.270904
0.412502
0.109019
0.0731872
0.0479978
0.0355615
0.0368998
0.0546435
0.094386
0.164172
0.270921
0.412527
0.10903
0.0731953
0.0480035
0.0355658
0.0369039
0.0546488
0.0943944
0.164186
0.270943
0.41256
0.0548048
0.0382016
0.0262328
0.0203718
0.021612
0.0315077
0.0526733
0.088328
0.14049
0.206887
0.0548023
0.0381997
0.0262313
0.0203703
0.02161
0.0315046
0.0526685
0.0883208
0.14048
0.206873
0.0548008
0.0381986
0.0262303
0.0203693
0.0216087
0.0315025
0.0526652
0.0883158
0.140473
0.206863
0.0548001
0.0381981
0.0262299
0.0203688
0.0216079
0.0315013
0.0526632
0.0883128
0.140469
0.206858
0.0548003
0.0381982
0.02623
0.0203687
0.0216077
0.0315009
0.0526625
0.0883117
0.140467
0.206856
0.0548015
0.0381991
0.0262306
0.0203692
0.021608
0.0315012
0.052663
0.0883126
0.140468
0.206858
0.0548038
0.0382008
0.0262318
0.0203701
0.0216089
0.0315023
0.0526647
0.0883153
0.140473
0.206864
0.0548074
0.0382035
0.0262338
0.0203716
0.0216104
0.0315042
0.0526676
0.0883198
0.14048
0.206874
0.0548123
0.0382072
0.0262364
0.0203737
0.0216124
0.0315069
0.0526717
0.0883264
0.14049
0.206889
0.0548188
0.0382119
0.0262399
0.0203765
0.0216151
0.0315104
0.0526771
0.0883349
0.140503
0.206908
0.0265881
0.0190964
0.0136321
0.0110207
0.0119035
0.0171045
0.0277835
0.0451631
0.0697261
0.100089
0.0265868
0.0190954
0.0136313
0.0110198
0.0119024
0.0171028
0.0277809
0.0451592
0.0697206
0.100082
0.026586
0.0190948
0.0136307
0.0110193
0.0119016
0.0171016
0.027779
0.0451565
0.0697168
0.100077
0.0265856
0.0190945
0.0136305
0.011019
0.0119012
0.0171009
0.0277779
0.0451549
0.0697146
0.100074
0.0265858
0.0190946
0.0136305
0.0110189
0.011901
0.0171007
0.0277776
0.0451544
0.0697138
0.100073
0.0265865
0.0190951
0.0136309
0.0110192
0.0119013
0.0171009
0.0277779
0.0451549
0.0697147
0.100074
0.0265877
0.0190961
0.0136316
0.0110198
0.0119018
0.0171016
0.0277789
0.0451565
0.0697171
0.100078
0.0265897
0.0190976
0.0136328
0.0110207
0.0119027
0.0171028
0.0277807
0.0451592
0.0697211
0.100083
0.0265924
0.0190996
0.0136343
0.0110219
0.011904
0.0171044
0.0277831
0.045163
0.0697269
0.100091
0.026596
0.0191023
0.0136363
0.0110236
0.0119056
0.0171065
0.0277863
0.045168
0.0697344
0.100102
0.012516
0.00923348
0.00682487
0.00571711
0.00626796
0.00888512
0.0140619
0.0222356
0.0334508
0.046966
0.0125154
0.00923295
0.00682441
0.00571662
0.00626732
0.00888418
0.0140605
0.0222335
0.033448
0.0469624
0.012515
0.00923262
0.00682412
0.0057163
0.00626689
0.00888353
0.0140595
0.0222321
0.033446
0.0469598
0.0125148
0.00923248
0.00682399
0.00571614
0.00626664
0.00888316
0.0140589
0.0222313
0.0334449
0.0469584
0.0125149
0.00923254
0.00682402
0.00571613
0.00626659
0.00888304
0.0140588
0.022231
0.0334446
0.046958
0.0125152
0.00923283
0.00682423
0.00571629
0.00626673
0.00888319
0.014059
0.0222313
0.0334451
0.0469587
0.0125159
0.00923337
0.00682464
0.00571662
0.00626705
0.0088836
0.0140596
0.0222322
0.0334464
0.0469606
0.012517
0.00923419
0.00682527
0.00571714
0.00626758
0.00888428
0.0140606
0.0222337
0.0334486
0.0469636
0.0125184
0.0092353
0.00682613
0.00571786
0.00626832
0.00888523
0.014062
0.0222359
0.0334517
0.046968
0.0125203
0.00923675
0.00682724
0.0057188
0.00626927
0.00888647
0.0140638
0.0222387
0.0334559
0.0469737
0.00586085
0.00447635
0.0034345
0.00297879
0.00331006
0.0046295
0.00714285
0.0109856
0.0160676
0.0219048
0.00586051
0.00447607
0.00343424
0.00297851
0.0033097
0.00462898
0.00714209
0.0109846
0.0160662
0.0219029
0.0058603
0.0044759
0.00343408
0.00297834
0.00330946
0.00462863
0.00714156
0.0109838
0.0160652
0.0219017
0.00586021
0.00447583
0.00343401
0.00297825
0.00330933
0.00462843
0.00714126
0.0109834
0.0160646
0.0219009
0.00586026
0.00447587
0.00343404
0.00297825
0.00330931
0.00462837
0.00714117
0.0109833
0.0160645
0.0219008
0.00586047
0.00447603
0.00343416
0.00297834
0.00330939
0.00462846
0.0071413
0.0109835
0.0160647
0.0219012
0.00586084
0.00447632
0.00343439
0.00297854
0.00330958
0.00462871
0.00714165
0.010984
0.0160655
0.0219022
0.00586139
0.00447677
0.00343474
0.00297884
0.0033099
0.0046291
0.00714222
0.0109848
0.0160667
0.0219038
0.00586215
0.00447737
0.00343522
0.00297925
0.00331033
0.00462966
0.00714303
0.010986
0.0160684
0.0219061
0.00586313
0.00447815
0.00343584
0.00297978
0.00331088
0.00463037
0.00714406
0.0109876
0.0160706
0.0219092
0.00314031
0.0025622
0.00205291
0.00183931
0.00206731
0.00285769
0.00430973
0.00644876
0.00910411
0.011677
0.00314014
0.00256205
0.00205277
0.00183915
0.00206711
0.00285739
0.0043093
0.00644816
0.00910334
0.011676
0.00314002
0.00256195
0.00205268
0.00183904
0.00206696
0.00285717
0.00430898
0.00644771
0.00910276
0.0116753
0.00313997
0.00256191
0.00205263
0.00183899
0.00206687
0.00285704
0.00430879
0.00644745
0.00910242
0.0116749
0.00314001
0.00256194
0.00205265
0.00183899
0.00206686
0.00285701
0.00430874
0.00644739
0.00910234
0.0116749
0.00314013
0.00256204
0.00205273
0.00183906
0.00206692
0.00285708
0.00430884
0.00644752
0.00910253
0.0116751
0.00314036
0.00256223
0.00205289
0.00183919
0.00206705
0.00285725
0.00430907
0.00644786
0.00910301
0.0116757
0.00314069
0.00256251
0.00205312
0.00183939
0.00206727
0.00285752
0.00430946
0.00644842
0.00910378
0.0116767
0.00314114
0.00256289
0.00205343
0.00183967
0.00206756
0.00285789
0.00430999
0.00644919
0.00910485
0.0116781
0.00314169
0.00256336
0.00205381
0.00184001
0.00206792
0.00285835
0.00431065
0.00645015
0.0091062
0.0116798
8.10154
9.61344
10.2223
10.4886
10.6092
10.6642
10.6891
10.7002
10.7051
10.7071
8.10121
9.61306
10.2219
10.4882
10.6088
10.6638
10.6887
10.6998
10.7048
10.7068
8.10101
9.61283
10.2216
10.488
10.6086
10.6636
10.6884
10.6996
10.7046
10.7066
8.10089
9.61269
10.2215
10.4878
10.6084
10.6634
10.6883
10.6995
10.7044
10.7065
8.10085
9.61265
10.2214
10.4878
10.6084
10.6634
10.6883
10.6995
10.7044
10.7065
8.10088
9.61269
10.2215
10.4878
10.6085
10.6634
10.6883
10.6995
10.7045
10.7066
8.10098
9.61281
10.2216
10.488
10.6086
10.6636
10.6885
10.6997
10.7047
10.7067
8.10114
9.61301
10.2219
10.4882
10.6089
10.6639
10.6888
10.6999
10.7049
10.707
8.10136
9.61328
10.2222
10.4886
10.6092
10.6642
10.6891
10.7003
10.7053
10.7074
8.1016
9.6136
10.2225
10.4889
10.6096
10.6646
10.6895
10.7007
10.7057
10.7078
4.17969
5.17595
5.68012
5.92395
6.03925
6.09278
6.11718
6.12809
6.13285
6.13473
4.17952
5.17575
5.6799
5.92371
6.03901
6.09254
6.11694
6.12786
6.13264
6.13457
4.1794
5.1756
5.67974
5.92355
6.03885
6.09238
6.11678
6.12771
6.1325
6.13445
4.17933
5.17552
5.67965
5.92346
6.03876
6.09229
6.1167
6.12763
6.13242
6.13438
4.1793
5.17549
5.67962
5.92343
6.03873
6.09227
6.11668
6.12761
6.13241
6.13437
4.17932
5.17551
5.67965
5.92347
6.03877
6.09231
6.11672
6.12766
6.13246
6.13443
4.17938
5.17559
5.67974
5.92356
6.03887
6.09242
6.11683
6.12777
6.13257
6.13454
4.17948
5.17572
5.67989
5.92372
6.03904
6.09259
6.11701
6.12795
6.13276
6.13472
4.17962
5.1759
5.6801
5.92395
6.03927
6.09283
6.11725
6.12819
6.133
6.13497
4.1798
5.17614
5.68037
5.92424
6.03957
6.09313
6.11756
6.12851
6.13332
6.13529
2.18509
2.72612
3.04921
3.22364
3.31228
3.35542
3.37571
3.38496
3.38903
3.39064
2.18499
2.72601
3.04908
3.22351
3.31214
3.35528
3.37557
3.38482
3.38891
3.39054
2.18492
2.72592
3.04898
3.22341
3.31205
3.35519
3.37547
3.38473
3.38882
3.39047
2.18488
2.72587
3.04893
3.22335
3.31199
3.35513
3.37542
3.38468
3.38878
3.39043
2.18486
2.72585
3.04891
3.22334
3.31197
3.35512
3.37541
3.38467
3.38877
3.39043
2.18487
2.72587
3.04893
3.22336
3.312
3.35515
3.37544
3.3847
3.3888
3.39046
2.18491
2.72592
3.04899
3.22342
3.31207
3.35521
3.37551
3.38478
3.38888
3.39054
2.18498
2.726
3.04908
3.22353
3.31218
3.35533
3.37563
3.3849
3.389
3.39066
2.18507
2.72612
3.04922
3.22367
3.31233
3.35549
3.37579
3.38506
3.38916
3.39082
2.18519
2.72627
3.0494
3.22387
3.31253
3.3557
3.376
3.38527
3.38938
3.39104
1.12769
1.40212
1.58517
1.6933
1.75218
1.78237
1.79714
1.80406
1.80717
1.8084
1.12763
1.40205
1.58509
1.69322
1.7521
1.78229
1.79706
1.80399
1.8071
1.80835
1.12759
1.40201
1.58504
1.69317
1.75205
1.78224
1.797
1.80393
1.80705
1.80831
1.12757
1.40198
1.58501
1.69314
1.75201
1.78221
1.79697
1.80391
1.80703
1.80828
1.12756
1.40197
1.585
1.69313
1.752
1.7822
1.79696
1.8039
1.80702
1.80828
1.12757
1.40198
1.58501
1.69314
1.75202
1.78222
1.79698
1.80392
1.80705
1.8083
1.12759
1.40201
1.58505
1.69318
1.75206
1.78226
1.79703
1.80397
1.80709
1.80835
1.12763
1.40206
1.58511
1.69325
1.75213
1.78233
1.7971
1.80404
1.80717
1.80843
1.12769
1.40213
1.58519
1.69334
1.75223
1.78243
1.7972
1.80415
1.80727
1.80853
1.12777
1.40223
1.5853
1.69346
1.75236
1.78256
1.79734
1.80428
1.80741
1.80867
0.568325
0.702351
0.798647
0.859642
0.89489
0.913873
0.923531
0.928209
0.930354
0.93121
0.568293
0.702314
0.798606
0.859599
0.894846
0.913828
0.923486
0.928165
0.930315
0.931182
0.56827
0.702288
0.798577
0.859568
0.894815
0.913797
0.923455
0.928136
0.930288
0.931159
0.568257
0.702272
0.79856
0.85955
0.894797
0.913779
0.923438
0.92812
0.930274
0.931146
0.568253
0.702268
0.798555
0.859546
0.894793
0.913776
0.923436
0.928118
0.930273
0.931146
0.568258
0.702274
0.798563
0.859555
0.894803
0.913787
0.923448
0.928131
0.930286
0.93116
0.568272
0.702292
0.798584
0.859579
0.894828
0.913813
0.923475
0.928159
0.930315
0.931189
0.568296
0.702322
0.798619
0.859617
0.894869
0.913856
0.923518
0.928203
0.930359
0.931234
0.56833
0.702365
0.798668
0.859672
0.894927
0.913916
0.92358
0.928265
0.930422
0.931297
0.568375
0.702422
0.798735
0.859744
0.895004
0.913996
0.923661
0.928347
0.930505
0.93138
0.278447
0.341986
0.390035
0.422146
0.441645
0.452614
0.458405
0.461299
0.462658
0.463207
0.27843
0.341966
0.390013
0.422123
0.441621
0.452589
0.458381
0.461276
0.462637
0.463192
0.278418
0.341952
0.389998
0.422107
0.441605
0.452573
0.458365
0.46126
0.462623
0.46318
0.278411
0.341944
0.389989
0.422097
0.441595
0.452563
0.458356
0.461252
0.462615
0.463173
0.278409
0.341942
0.389986
0.422095
0.441593
0.452562
0.458355
0.461251
0.462615
0.463174
0.278412
0.341946
0.389991
0.422101
0.441599
0.452568
0.458362
0.461259
0.462623
0.463182
0.27842
0.341956
0.390003
0.422114
0.441614
0.452584
0.458378
0.461275
0.46264
0.463198
0.278434
0.341973
0.390023
0.422136
0.441637
0.452608
0.458403
0.4613
0.462665
0.463224
0.278453
0.341997
0.390051
0.422167
0.441671
0.452643
0.458438
0.461336
0.462702
0.463261
0.278479
0.34203
0.390089
0.422209
0.441714
0.452688
0.458485
0.461383
0.462749
0.463308
0.132415
0.161692
0.184655
0.200654
0.210776
0.216689
0.219918
0.221579
0.222378
0.222704
0.132406
0.161682
0.184644
0.200642
0.210764
0.216676
0.219906
0.221567
0.222367
0.222697
0.1324
0.161674
0.184636
0.200634
0.210755
0.216667
0.219897
0.221559
0.222359
0.222691
0.132396
0.16167
0.184632
0.200629
0.21075
0.216663
0.219893
0.221555
0.222356
0.222687
0.132396
0.161669
0.184631
0.200629
0.210749
0.216662
0.219892
0.221555
0.222356
0.222688
0.132397
0.161672
0.184633
0.200632
0.210753
0.216666
0.219896
0.221559
0.22236
0.222692
0.132402
0.161677
0.18464
0.200639
0.210761
0.216674
0.219905
0.221568
0.22237
0.222702
0.132409
0.161686
0.184651
0.200651
0.210774
0.216688
0.219919
0.221582
0.222384
0.222716
0.13242
0.1617
0.184666
0.200668
0.210792
0.216707
0.219938
0.221602
0.222404
0.222736
0.132434
0.161717
0.184687
0.200691
0.210816
0.216732
0.219964
0.221628
0.22243
0.222762
0.0611708
0.0742299
0.0847722
0.0923706
0.0973463
0.10035
0.102041
0.102935
0.103374
0.103556
0.0611664
0.0742248
0.0847666
0.0923646
0.0973401
0.100344
0.102035
0.102929
0.103368
0.103552
0.0611633
0.0742213
0.0847627
0.0923605
0.0973358
0.10034
0.102031
0.102925
0.103365
0.103549
0.0611616
0.0742193
0.0847605
0.0923582
0.0973335
0.100337
0.102029
0.102923
0.103363
0.103548
0.0611611
0.0742188
0.0847601
0.0923578
0.0973332
0.100337
0.102029
0.102923
0.103363
0.103548
0.0611621
0.0742201
0.0847616
0.0923596
0.0973351
0.100339
0.102031
0.102925
0.103366
0.103551
0.0611645
0.0742231
0.0847651
0.0923635
0.0973394
0.100344
0.102035
0.10293
0.103371
0.103555
0.0611685
0.074228
0.0847708
0.0923698
0.0973462
0.100351
0.102043
0.102937
0.103378
0.103563
0.0611742
0.074235
0.0847789
0.0923788
0.0973557
0.100361
0.102053
0.102948
0.103389
0.103574
0.0611817
0.0742441
0.0847895
0.0923905
0.0973683
0.100374
0.102066
0.102961
0.103402
0.103588
0.0276589
0.0331577
0.0377705
0.0412119
0.0435387
0.044986
0.0458235
0.0462771
0.0465046
0.0466003
0.0276568
0.0331553
0.0377678
0.041209
0.0435357
0.044983
0.0458205
0.0462741
0.0465019
0.0465985
0.0276553
0.0331536
0.0377659
0.041207
0.0435337
0.0449809
0.0458185
0.0462722
0.0465002
0.046597
0.0276544
0.0331526
0.0377649
0.0412059
0.0435326
0.0449799
0.0458174
0.0462713
0.0464994
0.0465963
0.0276543
0.0331524
0.0377647
0.0412058
0.0435325
0.0449799
0.0458175
0.0462714
0.0464996
0.0465966
0.0276548
0.0331531
0.0377655
0.0412067
0.0435335
0.0449809
0.0458186
0.0462726
0.0465009
0.0465979
0.0276561
0.0331546
0.0377673
0.0412087
0.0435357
0.0449832
0.045821
0.0462751
0.0465034
0.0466004
0.0276581
0.0331571
0.0377702
0.0412119
0.0435391
0.0449869
0.0458248
0.0462789
0.0465072
0.0466043
0.027661
0.0331607
0.0377743
0.0412164
0.043544
0.0449919
0.04583
0.0462842
0.0465126
0.0466097
0.0276649
0.0331653
0.0377796
0.0412224
0.0435503
0.0449985
0.0458367
0.0462911
0.0465196
0.0466167
0.0125928
0.0145029
0.016363
0.0178369
0.0188719
0.0195353
0.0199294
0.0201478
0.0202595
0.0203071
0.0125917
0.0145017
0.0163617
0.0178356
0.0188705
0.0195339
0.019928
0.0201464
0.0202583
0.0203063
0.012591
0.0145009
0.0163609
0.0178346
0.0188695
0.0195329
0.019927
0.0201455
0.0202575
0.0203056
0.0125906
0.0145005
0.0163604
0.0178342
0.0188691
0.0195325
0.0199266
0.0201451
0.0202571
0.0203053
0.0125905
0.0145004
0.0163603
0.0178341
0.0188691
0.0195325
0.0199266
0.0201452
0.0202572
0.0203055
0.0125908
0.0145008
0.0163607
0.0178346
0.0188696
0.019533
0.0199272
0.0201458
0.0202579
0.0203061
0.0125915
0.0145016
0.0163616
0.0178356
0.0188706
0.0195342
0.0199284
0.020147
0.0202591
0.0203074
0.0125926
0.0145028
0.016363
0.0178371
0.0188723
0.0195359
0.0199302
0.0201489
0.020261
0.0203093
0.0125941
0.0145045
0.016365
0.0178393
0.0188747
0.0195384
0.0199327
0.0201515
0.0202636
0.0203119
0.012596
0.0145068
0.0163676
0.0178422
0.0188777
0.0195416
0.0199361
0.0201548
0.020267
0.0203153
384.056
384.056
384.056
384.056
384.056
384.056
384.056
384.056
384.056
384.056
384.056
384.056
384.055
384.055
384.055
384.055
384.056
384.056
384.056
384.056
384.056
384.055
384.055
384.055
384.055
384.055
384.055
384.055
384.056
384.056
384.056
384.055
384.055
384.055
384.055
384.055
384.055
384.055
384.056
384.056
384.056
384.055
384.055
384.055
384.055
384.055
384.055
384.055
384.055
384.056
384.055
384.055
384.055
384.055
384.055
384.055
384.055
384.055
384.055
384.056
384.056
384.055
384.055
384.055
384.055
384.055
384.055
384.055
384.056
384.056
384.056
384.055
384.055
384.055
384.055
384.055
384.055
384.056
384.056
384.056
384.056
384.055
384.055
384.055
384.055
384.055
384.056
384.056
384.056
384.056
384.056
384.056
384.056
384.056
384.056
384.056
384.056
384.056
384.056
384.056
313.824
313.823
313.823
313.823
313.823
313.823
313.823
313.824
313.824
313.824
313.823
313.822
313.822
313.822
313.822
313.822
313.822
313.823
313.823
313.824
313.822
313.822
313.821
313.821
313.821
313.822
313.822
313.822
313.823
313.823
313.822
313.821
313.821
313.821
313.821
313.821
313.822
313.822
313.823
313.823
313.822
313.821
313.821
313.821
313.821
313.821
313.822
313.822
313.822
313.823
313.822
313.821
313.821
313.821
313.821
313.821
313.822
313.822
313.822
313.823
313.822
313.821
313.821
313.821
313.821
313.821
313.822
313.822
313.823
313.823
313.822
313.822
313.821
313.821
313.821
313.822
313.822
313.822
313.823
313.824
313.823
313.822
313.822
313.822
313.822
313.822
313.823
313.823
313.823
313.824
313.823
313.822
313.822
313.822
313.822
313.823
313.823
313.823
313.824
313.825
248.327
248.327
248.326
248.327
248.327
248.328
248.328
248.329
248.329
248.33
248.326
248.325
248.325
248.326
248.326
248.327
248.327
248.328
248.328
248.329
248.325
248.325
248.325
248.325
248.325
248.326
248.326
248.327
248.328
248.329
248.325
248.324
248.324
248.324
248.325
248.325
248.326
248.327
248.327
248.328
248.325
248.324
248.324
248.324
248.325
248.325
248.326
248.326
248.327
248.328
248.325
248.324
248.324
248.324
248.325
248.325
248.326
248.326
248.327
248.328
248.325
248.324
248.324
248.324
248.325
248.325
248.326
248.327
248.328
248.329
248.325
248.325
248.325
248.325
248.325
248.326
248.327
248.327
248.328
248.329
248.326
248.325
248.325
248.326
248.326
248.327
248.327
248.328
248.329
248.33
248.326
248.326
248.326
248.326
248.327
248.328
248.328
248.329
248.33
248.331
190.013
190.013
190.014
190.015
190.016
190.017
190.018
190.019
190.02
190.021
190.012
190.011
190.012
190.014
190.015
190.016
190.017
190.018
190.019
190.02
190.011
190.011
190.011
190.013
190.014
190.015
190.016
190.017
190.018
190.02
190.01
190.01
190.011
190.012
190.013
190.015
190.016
190.017
190.018
190.019
190.01
190.01
190.011
190.012
190.013
190.014
190.015
190.016
190.018
190.019
190.01
190.01
190.011
190.012
190.013
190.014
190.016
190.017
190.018
190.019
190.01
190.01
190.011
190.012
190.014
190.015
190.016
190.017
190.018
190.019
190.011
190.011
190.012
190.013
190.014
190.015
190.017
190.018
190.019
190.02
190.011
190.011
190.012
190.014
190.015
190.016
190.017
190.019
190.02
190.021
190.012
190.012
190.014
190.015
190.016
190.018
190.019
190.02
190.021
190.022
140.427
140.429
140.432
140.436
140.439
140.442
140.444
140.445
140.446
140.447
140.425
140.427
140.431
140.435
140.438
140.44
140.442
140.444
140.445
140.446
140.425
140.426
140.43
140.434
140.437
140.44
140.441
140.443
140.444
140.446
140.424
140.426
140.429
140.433
140.436
140.439
140.441
140.442
140.444
140.445
140.424
140.425
140.429
140.433
140.436
140.439
140.441
140.442
140.444
140.445
140.424
140.425
140.429
140.433
140.436
140.439
140.441
140.442
140.444
140.445
140.424
140.426
140.429
140.433
140.437
140.439
140.441
140.443
140.444
140.446
140.425
140.426
140.43
140.434
140.437
140.44
140.442
140.443
140.445
140.447
140.425
140.427
140.431
140.435
140.438
140.441
140.443
140.445
140.446
140.448
140.426
140.428
140.432
140.436
140.44
140.442
140.444
140.446
140.447
140.449
100.135
100.142
100.152
100.162
100.17
100.175
100.178
100.18
100.182
100.183
100.134
100.141
100.151
100.161
100.168
100.173
100.177
100.179
100.181
100.182
100.133
100.14
100.15
100.16
100.167
100.173
100.176
100.178
100.18
100.182
100.133
100.139
100.149
100.159
100.167
100.172
100.175
100.178
100.18
100.181
100.132
100.139
100.149
100.159
100.167
100.172
100.175
100.178
100.179
100.181
100.132
100.139
100.149
100.159
100.167
100.172
100.175
100.178
100.18
100.181
100.133
100.139
100.15
100.16
100.167
100.172
100.176
100.178
100.18
100.182
100.133
100.14
100.15
100.16
100.168
100.173
100.177
100.179
100.181
100.182
100.134
100.141
100.151
100.161
100.169
100.174
100.178
100.18
100.182
100.184
100.135
100.142
100.153
100.163
100.17
100.176
100.179
100.181
100.183
100.185
68.8183
68.8378
68.8642
68.887
68.903
68.913
68.9189
68.9223
68.9244
68.9259
68.8172
68.8368
68.8631
68.8859
68.9019
68.912
68.9178
68.9213
68.9235
68.9252
68.8164
68.836
68.8623
68.8852
68.9012
68.9112
68.9171
68.9206
68.9229
68.9246
68.8159
68.8355
68.8619
68.8847
68.9007
68.9108
68.9167
68.9202
68.9225
68.9243
68.8157
68.8353
68.8617
68.8845
68.9006
68.9106
68.9165
68.9201
68.9224
68.9242
68.8158
68.8354
68.8617
68.8846
68.9007
68.9107
68.9167
68.9202
68.9226
68.9244
68.8161
68.8357
68.8621
68.885
68.9011
68.9111
68.9171
68.9206
68.923
68.9248
68.8167
68.8363
68.8627
68.8856
68.9017
68.9118
68.9178
68.9213
68.9237
68.9255
68.8174
68.8372
68.8636
68.8866
68.9027
68.9128
68.9188
68.9223
68.9247
68.9265
68.8184
68.8383
68.8649
68.8878
68.904
68.9141
68.92
68.9236
68.926
68.9278
45.4832
45.5379
45.6017
45.6511
45.6828
45.7011
45.7109
45.7161
45.719
45.7206
45.4823
45.537
45.6009
45.6503
45.682
45.7002
45.7101
45.7153
45.7183
45.7201
45.4817
45.5364
45.6003
45.6497
45.6814
45.6996
45.7095
45.7148
45.7178
45.7197
45.4813
45.536
45.5999
45.6493
45.681
45.6993
45.7092
45.7145
45.7175
45.7194
45.4812
45.5359
45.5997
45.6492
45.6809
45.6992
45.7091
45.7144
45.7174
45.7193
45.4812
45.536
45.5998
45.6493
45.681
45.6993
45.7092
45.7145
45.7175
45.7195
45.4815
45.5363
45.6001
45.6496
45.6813
45.6996
45.7096
45.7149
45.7179
45.7199
45.482
45.5368
45.6007
45.6501
45.6819
45.7002
45.7102
45.7155
45.7185
45.7205
45.4827
45.5375
45.6015
45.651
45.6827
45.7011
45.711
45.7164
45.7194
45.7213
45.4835
45.5385
45.6025
45.6521
45.6839
45.7022
45.7121
45.7175
45.7205
45.7225
28.7149
28.8704
29.0192
29.1189
29.1762
29.2066
29.2219
29.2293
29.233
29.2349
28.7142
28.8698
29.0186
29.1182
29.1756
29.206
29.2212
29.2287
29.2325
29.2345
28.7138
28.8693
29.0181
29.1178
29.1751
29.2055
29.2208
29.2283
29.2321
29.2342
28.7135
28.869
29.0178
29.1175
29.1749
29.2052
29.2205
29.2281
29.2319
29.234
28.7134
28.8689
29.0177
29.1174
29.1748
29.2052
29.2205
29.228
29.2319
29.2339
28.7134
28.869
29.0178
29.1175
29.1749
29.2053
29.2206
29.2281
29.232
29.2341
28.7137
28.8692
29.0181
29.1177
29.1751
29.2055
29.2209
29.2284
29.2323
29.2344
28.7141
28.8697
29.0185
29.1182
29.1756
29.206
29.2214
29.2289
29.2328
29.2349
28.7146
28.8703
29.0191
29.1189
29.1763
29.2067
29.2221
29.2296
29.2335
29.2356
28.7153
28.8711
29.02
29.1198
29.1772
29.2076
29.223
29.2306
29.2344
29.2365
16.8722
17.339
17.6653
17.8456
17.9373
17.9819
18.003
18.0127
18.0172
18.0193
16.8718
17.3386
17.6648
17.8452
17.9369
17.9815
18.0026
18.0123
18.0169
18.019
16.8715
17.3383
17.6645
17.8449
17.9366
17.9812
18.0023
18.012
18.0166
18.0188
16.8713
17.3381
17.6643
17.8447
17.9364
17.981
18.0021
18.0119
18.0165
18.0187
16.8712
17.338
17.6643
17.8446
17.9363
17.9809
18.002
18.0118
18.0164
18.0186
16.8713
17.3381
17.6643
17.8447
17.9364
17.981
18.0021
18.0119
18.0165
18.0187
16.8714
17.3382
17.6645
17.8449
17.9366
17.9812
18.0023
18.0122
18.0168
18.019
16.8717
17.3386
17.6648
17.8452
17.937
17.9816
18.0027
18.0125
18.0171
18.0194
16.8721
17.339
17.6653
17.8457
17.9375
17.9821
18.0032
18.0131
18.0177
18.0199
16.8726
17.3396
17.666
17.8464
17.9382
17.9829
18.004
18.0138
18.0184
18.0206
0.00224559
0.00223987
0.00222637
0.00220031
0.00215423
0.00207859
0.00196439
0.00180913
0.00162847
0.00147648
0.00224542
0.0022397
0.0022262
0.00220015
0.00215407
0.00207844
0.00196425
0.001809
0.00162836
0.0014764
0.0022453
0.00223958
0.00222609
0.00220004
0.00215397
0.00207835
0.00196416
0.00180893
0.00162829
0.00147635
0.00224525
0.00223953
0.00222604
0.00219999
0.00215392
0.00207831
0.00196413
0.00180889
0.00162827
0.00147632
0.00224526
0.00223954
0.00222605
0.0022
0.00215393
0.00207832
0.00196414
0.00180891
0.00162828
0.00147634
0.00224533
0.00223961
0.00222613
0.00220008
0.00215401
0.0020784
0.00196422
0.00180898
0.00162835
0.00147641
0.00224547
0.00223975
0.00222627
0.00220023
0.00215416
0.00207854
0.00196436
0.00180912
0.00162847
0.00147652
0.00224568
0.00223997
0.0022265
0.00220046
0.00215439
0.00207877
0.00196457
0.00180931
0.00162865
0.00147669
0.00224597
0.00224028
0.00222681
0.00220077
0.0021547
0.00207907
0.00196486
0.00180958
0.0016289
0.00147691
0.00224631
0.00224067
0.00222722
0.00220118
0.0021551
0.00207946
0.00196523
0.00180993
0.00162922
0.0014772
0.000919431
0.000916851
0.000910837
0.000899423
0.000879664
0.000848052
0.000801807
0.000741587
0.000675983
0.00062674
0.000919356
0.000916776
0.000910764
0.000899352
0.000879595
0.000847987
0.000801747
0.000741533
0.000675937
0.000626708
0.000919307
0.000916728
0.000910716
0.000899306
0.000879551
0.000847946
0.00080171
0.0007415
0.000675908
0.000626685
0.000919284
0.000916706
0.000910695
0.000899286
0.000879532
0.000847929
0.000801694
0.000741487
0.000675898
0.000626676
0.000919288
0.00091671
0.000910701
0.000899292
0.00087954
0.000847937
0.000801703
0.000741496
0.000675907
0.000626686
0.000919322
0.000916745
0.000910736
0.000899328
0.000879576
0.000847973
0.000801738
0.000741529
0.000675938
0.000626716
0.000919387
0.000916811
0.000910803
0.000899396
0.000879644
0.000848039
0.000801802
0.00074159
0.000675995
0.000626769
0.000919484
0.000916911
0.000910905
0.000899499
0.000879746
0.000848139
0.000801898
0.00074168
0.000676078
0.000626848
0.000919614
0.000917048
0.000911046
0.000899642
0.000879887
0.000848277
0.000802029
0.000741802
0.000676191
0.000626954
0.000919771
0.000917226
0.000911231
0.000899827
0.00088007
0.000848454
0.000802198
0.000741959
0.000676336
0.000627089
0.000365259
0.000364145
0.00036158
0.00035679
0.000348666
0.000335987
0.000317994
0.000295475
0.00027224
0.000256068
0.000365227
0.000364114
0.000361549
0.00035676
0.000348637
0.000335959
0.000317969
0.000295452
0.000272221
0.000256055
0.000365206
0.000364094
0.000361529
0.000356741
0.000348619
0.000335942
0.000317953
0.000295438
0.000272209
0.000256046
0.000365197
0.000364085
0.00036152
0.000356732
0.000348611
0.000335935
0.000317947
0.000295433
0.000272205
0.000256043
0.0003652
0.000364088
0.000361523
0.000356736
0.000348615
0.000335939
0.000317952
0.000295438
0.000272209
0.000256047
0.000365215
0.000364103
0.000361539
0.000356752
0.000348631
0.000335955
0.000317967
0.000295453
0.000272224
0.000256061
0.000365244
0.000364132
0.000361569
0.000356782
0.000348661
0.000335985
0.000317995
0.000295479
0.000272249
0.000256085
0.000365287
0.000364176
0.000361614
0.000356827
0.000348706
0.000336029
0.000318038
0.000295519
0.000272286
0.000256121
0.000365344
0.000364236
0.000361676
0.00035689
0.000348768
0.000336089
0.000318095
0.000295573
0.000272336
0.000256168
0.000365413
0.000364315
0.000361757
0.000356971
0.000348848
0.000336166
0.000318169
0.000295642
0.0002724
0.000256229
0.000140881
0.000140421
0.00013937
0.000137439
0.000134228
0.000129332
0.00012258
0.000114421
0.000106363
0.000101036
0.000140868
0.000140408
0.000139357
0.000137427
0.000134216
0.000129321
0.00012257
0.000114411
0.000106355
0.000101031
0.00014086
0.0001404
0.000139349
0.000137419
0.000134209
0.000129314
0.000122563
0.000114406
0.00010635
0.000101027
0.000140857
0.000140396
0.000139346
0.000137416
0.000134206
0.000129312
0.000122561
0.000114404
0.000106348
0.000101026
0.000140858
0.000140398
0.000139347
0.000137418
0.000134208
0.000129314
0.000122563
0.000114406
0.00010635
0.000101029
0.000140864
0.000140404
0.000139354
0.000137424
0.000134215
0.000129321
0.00012257
0.000114412
0.000106357
0.000101035
0.000140877
0.000140417
0.000139367
0.000137437
0.000134227
0.000129333
0.000122582
0.000114424
0.000106368
0.000101045
0.000140895
0.000140436
0.000139386
0.000137457
0.000134247
0.000129352
0.0001226
0.000114441
0.000106383
0.00010106
0.000140919
0.000140461
0.000139412
0.000137483
0.000134273
0.000129377
0.000122624
0.000114464
0.000106405
0.000101081
0.000140949
0.000140494
0.000139446
0.000137517
0.000134306
0.00012941
0.000122655
0.000114493
0.000106432
0.000101107
5.27903e-05
5.2607e-05
5.21929e-05
5.14435e-05
5.02203e-05
4.83959e-05
4.5944e-05
4.30704e-05
4.03305e-05
3.85845e-05
5.27852e-05
5.26019e-05
5.2188e-05
5.14387e-05
5.02157e-05
4.83916e-05
4.594e-05
4.30667e-05
4.03273e-05
3.85825e-05
5.2782e-05
5.25988e-05
5.21849e-05
5.14357e-05
5.02128e-05
4.83889e-05
4.59375e-05
4.30645e-05
4.03255e-05
3.85811e-05
5.27807e-05
5.25974e-05
5.21836e-05
5.14345e-05
5.02117e-05
4.83879e-05
4.59367e-05
4.30638e-05
4.0325e-05
3.85807e-05
5.27813e-05
5.25981e-05
5.21844e-05
5.14353e-05
5.02125e-05
4.83888e-05
4.59376e-05
4.30647e-05
4.03259e-05
3.85817e-05
5.27841e-05
5.26009e-05
5.21872e-05
5.14382e-05
5.02154e-05
4.83917e-05
4.59404e-05
4.30675e-05
4.03285e-05
3.85843e-05
5.27891e-05
5.26061e-05
5.21925e-05
5.14435e-05
5.02207e-05
4.83968e-05
4.59453e-05
4.30722e-05
4.03331e-05
3.85886e-05
5.27967e-05
5.26138e-05
5.22003e-05
5.14514e-05
5.02285e-05
4.84045e-05
4.59527e-05
4.30792e-05
4.03397e-05
3.8595e-05
5.28067e-05
5.26243e-05
5.22111e-05
5.14622e-05
5.02392e-05
4.84149e-05
4.59627e-05
4.30886e-05
4.03486e-05
3.86036e-05
5.28188e-05
5.26379e-05
5.22251e-05
5.14762e-05
5.0253e-05
4.84282e-05
4.59754e-05
4.31006e-05
4.03599e-05
3.86145e-05
1.92302e-05
1.91599e-05
1.90027e-05
1.8722e-05
1.82719e-05
1.76142e-05
1.67507e-05
1.5765e-05
1.48515e-05
1.42848e-05
1.92283e-05
1.9158e-05
1.90008e-05
1.87202e-05
1.82702e-05
1.76125e-05
1.67491e-05
1.57636e-05
1.48503e-05
1.4284e-05
1.92271e-05
1.91568e-05
1.89996e-05
1.87191e-05
1.82691e-05
1.76115e-05
1.67482e-05
1.57627e-05
1.48496e-05
1.42835e-05
1.92266e-05
1.91563e-05
1.89991e-05
1.87186e-05
1.82687e-05
1.76112e-05
1.67479e-05
1.57625e-05
1.48494e-05
1.42834e-05
1.92269e-05
1.91566e-05
1.89995e-05
1.8719e-05
1.8269e-05
1.76115e-05
1.67483e-05
1.57629e-05
1.48498e-05
1.42838e-05
1.9228e-05
1.91578e-05
1.90006e-05
1.87202e-05
1.82702e-05
1.76127e-05
1.67494e-05
1.5764e-05
1.48509e-05
1.42848e-05
1.923e-05
1.91598e-05
1.90027e-05
1.87223e-05
1.82723e-05
1.76148e-05
1.67514e-05
1.57659e-05
1.48527e-05
1.42866e-05
1.9233e-05
1.91629e-05
1.90058e-05
1.87254e-05
1.82754e-05
1.76178e-05
1.67543e-05
1.57687e-05
1.48553e-05
1.42892e-05
1.9237e-05
1.91671e-05
1.90101e-05
1.87297e-05
1.82797e-05
1.76219e-05
1.67583e-05
1.57724e-05
1.48589e-05
1.42926e-05
1.92418e-05
1.91725e-05
1.90157e-05
1.87353e-05
1.82852e-05
1.76272e-05
1.67634e-05
1.57772e-05
1.48634e-05
1.4297e-05
6.81578e-06
6.78974e-06
6.73204e-06
6.63044e-06
6.47013e-06
6.24023e-06
5.94467e-06
5.61488e-06
5.31626e-06
5.13475e-06
6.81505e-06
6.78902e-06
6.73134e-06
6.62976e-06
6.46947e-06
6.23961e-06
5.94409e-06
5.61435e-06
5.31581e-06
5.13447e-06
6.8146e-06
6.78858e-06
6.73091e-06
6.62934e-06
6.46908e-06
6.23924e-06
5.94375e-06
5.61405e-06
5.31556e-06
5.13428e-06
6.81443e-06
6.78841e-06
6.73075e-06
6.62919e-06
6.46894e-06
6.23912e-06
5.94365e-06
5.61397e-06
5.3155e-06
5.13425e-06
6.81455e-06
6.78854e-06
6.73088e-06
6.62934e-06
6.46909e-06
6.23927e-06
5.94381e-06
5.61414e-06
5.31567e-06
5.13442e-06
6.815e-06
6.78899e-06
6.73134e-06
6.6298e-06
6.46955e-06
6.23973e-06
5.94425e-06
5.61457e-06
5.31609e-06
5.13483e-06
6.81579e-06
6.78979e-06
6.73215e-06
6.63061e-06
6.47036e-06
6.24053e-06
5.94502e-06
5.61531e-06
5.3168e-06
5.13553e-06
6.81695e-06
6.79098e-06
6.73336e-06
6.63183e-06
6.47157e-06
6.2417e-06
5.94616e-06
5.61639e-06
5.31783e-06
5.13653e-06
6.81849e-06
6.79259e-06
6.73501e-06
6.63349e-06
6.4732e-06
6.24329e-06
5.94768e-06
5.61784e-06
5.31922e-06
5.13788e-06
6.82036e-06
6.79467e-06
6.73715e-06
6.63562e-06
6.4753e-06
6.24533e-06
5.94963e-06
5.61969e-06
5.32098e-06
5.13959e-06
2.35747e-06
2.34812e-06
2.32758e-06
2.29187e-06
2.23638e-06
2.15818e-06
2.05952e-06
1.9516e-06
1.85574e-06
1.7984e-06
2.3572e-06
2.34786e-06
2.32732e-06
2.29162e-06
2.23615e-06
2.15795e-06
2.05931e-06
1.95141e-06
1.85557e-06
1.7983e-06
2.35704e-06
2.3477e-06
2.32717e-06
2.29147e-06
2.236e-06
2.15782e-06
2.05919e-06
1.9513e-06
1.85548e-06
1.79823e-06
2.35699e-06
2.34764e-06
2.32712e-06
2.29142e-06
2.23596e-06
2.15778e-06
2.05916e-06
1.95127e-06
1.85547e-06
1.79823e-06
2.35704e-06
2.34769e-06
2.32717e-06
2.29148e-06
2.23602e-06
2.15784e-06
2.05922e-06
1.95134e-06
1.85553e-06
1.79829e-06
2.35721e-06
2.34787e-06
2.32734e-06
2.29166e-06
2.23619e-06
2.15802e-06
2.05939e-06
1.9515e-06
1.8557e-06
1.79845e-06
2.3575e-06
2.34817e-06
2.32765e-06
2.29196e-06
2.2365e-06
2.15832e-06
2.05968e-06
1.95178e-06
1.85596e-06
1.79872e-06
2.35794e-06
2.34862e-06
2.32811e-06
2.29242e-06
2.23695e-06
2.15876e-06
2.06011e-06
1.95219e-06
1.85636e-06
1.7991e-06
2.35852e-06
2.34922e-06
2.32872e-06
2.29304e-06
2.23756e-06
2.15936e-06
2.06068e-06
1.95274e-06
1.85688e-06
1.79961e-06
2.35922e-06
2.35e-06
2.32952e-06
2.29384e-06
2.23835e-06
2.16012e-06
2.06141e-06
1.95343e-06
1.85754e-06
1.80026e-06
8.14773e-07
8.11431e-07
8.04157e-07
7.91667e-07
7.72548e-07
7.46047e-07
7.13201e-07
6.7791e-07
6.47085e-07
6.28895e-07
8.14677e-07
8.11336e-07
8.04064e-07
7.91577e-07
7.72461e-07
7.45965e-07
7.13124e-07
6.77839e-07
6.47024e-07
6.28858e-07
8.14619e-07
8.11279e-07
8.04009e-07
7.91523e-07
7.7241e-07
7.45917e-07
7.1308e-07
6.77801e-07
6.46992e-07
6.28834e-07
8.14599e-07
8.1126e-07
8.0399e-07
7.91507e-07
7.72395e-07
7.45904e-07
7.1307e-07
6.77793e-07
6.46988e-07
6.28832e-07
8.1462e-07
8.11281e-07
8.04013e-07
7.9153e-07
7.72419e-07
7.45929e-07
7.13095e-07
6.77818e-07
6.47014e-07
6.2886e-07
8.14685e-07
8.11347e-07
8.04079e-07
7.91597e-07
7.72486e-07
7.45995e-07
7.1316e-07
6.77882e-07
6.47076e-07
6.28921e-07
8.14798e-07
8.11461e-07
8.04195e-07
7.91713e-07
7.72602e-07
7.46108e-07
7.1327e-07
6.77988e-07
6.47179e-07
6.29021e-07
8.14963e-07
8.1163e-07
8.04366e-07
7.91885e-07
7.72772e-07
7.46274e-07
7.1343e-07
6.78142e-07
6.47327e-07
6.29166e-07
8.1518e-07
8.11856e-07
8.04597e-07
7.92117e-07
7.73001e-07
7.46497e-07
7.13645e-07
6.78347e-07
6.47524e-07
6.29359e-07
8.15441e-07
8.12146e-07
8.04894e-07
7.92414e-07
7.73293e-07
7.4678e-07
7.13917e-07
6.78607e-07
6.47773e-07
6.29601e-07
3.40657e-07
3.39221e-07
3.36116e-07
3.30849e-07
3.22905e-07
3.12069e-07
2.98865e-07
2.84915e-07
2.72914e-07
2.65913e-07
3.40619e-07
3.39184e-07
3.36079e-07
3.30813e-07
3.2287e-07
3.12036e-07
2.98835e-07
2.84887e-07
2.7289e-07
2.659e-07
3.40595e-07
3.3916e-07
3.36056e-07
3.30791e-07
3.22849e-07
3.12017e-07
2.98817e-07
2.84871e-07
2.72877e-07
2.65891e-07
3.40587e-07
3.39152e-07
3.36049e-07
3.30785e-07
3.22843e-07
3.12012e-07
2.98813e-07
2.84868e-07
2.72876e-07
2.65891e-07
3.40597e-07
3.39163e-07
3.3606e-07
3.30796e-07
3.22855e-07
3.12024e-07
2.98825e-07
2.84881e-07
2.72889e-07
2.65904e-07
3.40627e-07
3.39193e-07
3.36091e-07
3.30827e-07
3.22886e-07
3.12054e-07
2.98855e-07
2.8491e-07
2.72918e-07
2.65932e-07
3.40679e-07
3.39245e-07
3.36144e-07
3.3088e-07
3.22938e-07
3.12106e-07
2.98905e-07
2.84959e-07
2.72965e-07
2.65979e-07
3.40754e-07
3.39322e-07
3.36221e-07
3.30958e-07
3.23015e-07
3.12181e-07
2.98978e-07
2.85029e-07
2.73032e-07
2.66045e-07
3.40851e-07
3.39423e-07
3.36325e-07
3.31062e-07
3.23118e-07
3.12281e-07
2.99074e-07
2.85121e-07
2.73121e-07
2.66132e-07
3.40964e-07
3.39549e-07
3.36454e-07
3.3119e-07
3.23245e-07
3.12404e-07
2.99193e-07
2.85234e-07
2.7323e-07
2.66238e-07
0.00560096
0.00619742
0.00689723
0.00749497
0.00793337
0.00822338
0.00840016
0.00850033
0.00855253
0.00857504
0.00560047
0.0061969
0.00689666
0.00749437
0.00793275
0.00822275
0.00839952
0.00849972
0.00855197
0.00857467
0.00560014
0.00619654
0.00689628
0.00749397
0.00793233
0.00822233
0.00839911
0.00849933
0.00855163
0.00857439
0.00559996
0.00619635
0.00689607
0.00749376
0.00793212
0.00822212
0.00839891
0.00849915
0.00855148
0.00857426
0.00559994
0.00619633
0.00689606
0.00749375
0.00793213
0.00822214
0.00839895
0.0084992
0.00855154
0.00857434
0.00560009
0.0061965
0.00689626
0.00749398
0.00793237
0.00822241
0.00839923
0.0084995
0.00855185
0.00857466
0.00560042
0.00619688
0.00689668
0.00749445
0.00793288
0.00822294
0.00839979
0.00850007
0.00855244
0.00857525
0.00560095
0.00619747
0.00689735
0.00749518
0.00793367
0.00822378
0.00840065
0.00850095
0.00855333
0.00857615
0.00560168
0.0061983
0.00689829
0.00749621
0.00793478
0.00822493
0.00840184
0.00850217
0.00855456
0.00857739
0.00560258
0.00619938
0.00689951
0.00749756
0.00793622
0.00822644
0.00840339
0.00850375
0.00855616
0.008579
0.00238155
0.00257354
0.00282726
0.00305906
0.00323662
0.00335788
0.0034337
0.0034776
0.00350088
0.00351105
0.00238134
0.00257331
0.00282701
0.0030588
0.00323635
0.0033576
0.00343342
0.00347733
0.00350064
0.00351089
0.00238119
0.00257315
0.00282684
0.00305862
0.00323617
0.00335742
0.00343325
0.00347717
0.00350049
0.00351077
0.00238111
0.00257307
0.00282676
0.00305854
0.00323608
0.00335733
0.00343317
0.00347709
0.00350043
0.00351072
0.0023811
0.00257307
0.00282676
0.00305854
0.00323609
0.00335735
0.00343319
0.00347712
0.00350047
0.00351076
0.00238118
0.00257315
0.00282685
0.00305864
0.00323621
0.00335747
0.00343332
0.00347726
0.00350061
0.00351091
0.00238134
0.00257333
0.00282705
0.00305886
0.00323644
0.00335772
0.00343357
0.00347752
0.00350088
0.00351118
0.00238159
0.0025736
0.00282735
0.00305919
0.0032368
0.0033581
0.00343397
0.00347792
0.00350128
0.00351159
0.00238193
0.00257398
0.00282778
0.00305966
0.0032373
0.00335862
0.00343451
0.00347848
0.00350184
0.00351215
0.00238234
0.00257448
0.00282833
0.00306027
0.00323795
0.0033593
0.00343521
0.00347919
0.00350257
0.00351288
0.00097407
0.00103683
0.00112654
0.00121317
0.00128226
0.00133091
0.00136209
0.00138052
0.00139047
0.00139486
0.000973976
0.00103674
0.00112643
0.00121306
0.00128214
0.00133079
0.00136197
0.00138041
0.00139037
0.0013948
0.000973913
0.00103667
0.00112636
0.00121299
0.00128207
0.00133071
0.0013619
0.00138034
0.0013903
0.00139475
0.00097388
0.00103664
0.00112633
0.00121296
0.00128203
0.00133068
0.00136187
0.00138031
0.00139028
0.00139473
0.00097388
0.00103664
0.00112633
0.00121296
0.00128204
0.00133069
0.00136188
0.00138033
0.0013903
0.00139475
0.000973915
0.00103667
0.00112637
0.00121301
0.00128209
0.00133074
0.00136194
0.00138039
0.00139036
0.00139481
0.000973988
0.00103675
0.00112646
0.0012131
0.00128219
0.00133085
0.00136205
0.00138051
0.00139048
0.00139493
0.000974101
0.00103688
0.00112659
0.00121325
0.00128235
0.00133102
0.00136222
0.00138068
0.00139066
0.00139511
0.000974254
0.00103704
0.00112678
0.00121346
0.00128257
0.00133125
0.00136246
0.00138092
0.0013909
0.00139536
0.000974438
0.00103726
0.00112703
0.00121372
0.00128286
0.00133155
0.00136277
0.00138124
0.00139122
0.00139568
0.000384602
0.000405209
0.000436272
0.000467645
0.000493569
0.000512354
0.000524685
0.000532121
0.000536197
0.00053802
0.000384563
0.000405169
0.000436229
0.0004676
0.000493523
0.000512307
0.000524638
0.000532075
0.000536156
0.000537993
0.000384537
0.000405142
0.000436201
0.000467571
0.000493492
0.000512277
0.000524608
0.000532047
0.000536131
0.000537973
0.000384524
0.000405129
0.000436187
0.000467557
0.000493478
0.000512263
0.000524596
0.000532036
0.000536122
0.000537966
0.000384524
0.00040513
0.000436189
0.00046756
0.000493482
0.000512268
0.000524601
0.000532043
0.000536131
0.000537976
0.00038454
0.000405147
0.000436208
0.00046758
0.000493505
0.000512292
0.000524627
0.00053207
0.000536159
0.000538004
0.000384572
0.000405181
0.000436245
0.000467621
0.000493548
0.000512338
0.000524675
0.00053212
0.000536209
0.000538055
0.000384621
0.000405234
0.000436303
0.000467684
0.000493615
0.000512409
0.000524748
0.000532194
0.000536285
0.000538132
0.000384687
0.000405306
0.000436383
0.000467771
0.000493708
0.000512506
0.000524849
0.000532297
0.000536389
0.000538237
0.000384767
0.0004054
0.000436487
0.000467884
0.000493829
0.000512632
0.000524979
0.000532429
0.000536523
0.000538372
0.000146942
0.000153683
0.000164232
0.000175276
0.000184688
0.000191689
0.000196388
0.000199276
0.000200884
0.000201611
0.000146926
0.000153667
0.000164216
0.000175258
0.000184669
0.000191671
0.00019637
0.000199258
0.000200868
0.000201601
0.000146916
0.000153657
0.000164205
0.000175246
0.000184658
0.000191659
0.000196358
0.000199247
0.000200858
0.000201593
0.000146911
0.000153652
0.000164199
0.000175241
0.000184652
0.000191654
0.000196353
0.000199243
0.000200855
0.000201591
0.000146911
0.000153652
0.0001642
0.000175243
0.000184654
0.000191656
0.000196356
0.000199246
0.000200859
0.000201595
0.000146918
0.00015366
0.000164208
0.000175251
0.000184664
0.000191666
0.000196367
0.000199258
0.00020087
0.000201607
0.000146932
0.000153674
0.000164224
0.000175268
0.000184682
0.000191685
0.000196387
0.000199278
0.000200891
0.000201628
0.000146952
0.000153696
0.000164248
0.000175294
0.000184709
0.000191714
0.000196417
0.000199309
0.000200923
0.000201659
0.00014698
0.000153726
0.000164281
0.00017533
0.000184747
0.000191754
0.000196458
0.000199351
0.000200965
0.000201702
0.000147013
0.000153765
0.000164324
0.000175376
0.000184797
0.000191806
0.000196511
0.000199405
0.00020102
0.000201758
5.44172e-05
5.66028e-05
6.01168e-05
6.3903e-05
6.72174e-05
6.97419e-05
7.14717e-05
7.25538e-05
7.31652e-05
7.34449e-05
5.44112e-05
5.65966e-05
6.01103e-05
6.38963e-05
6.72104e-05
6.97348e-05
7.14646e-05
7.25469e-05
7.31591e-05
7.34409e-05
5.44072e-05
5.65925e-05
6.01061e-05
6.38919e-05
6.72059e-05
6.97303e-05
7.14602e-05
7.25428e-05
7.31555e-05
7.34381e-05
5.44053e-05
5.65906e-05
6.01042e-05
6.38899e-05
6.7204e-05
6.97285e-05
7.14585e-05
7.25413e-05
7.31543e-05
7.34373e-05
5.44057e-05
5.6591e-05
6.01047e-05
6.38906e-05
6.72049e-05
6.97295e-05
7.14597e-05
7.25427e-05
7.31559e-05
7.3439e-05
5.44085e-05
5.6594e-05
6.0108e-05
6.38942e-05
6.72087e-05
6.97336e-05
7.14641e-05
7.25473e-05
7.31607e-05
7.34439e-05
5.4414e-05
5.65998e-05
6.01142e-05
6.3901e-05
6.7216e-05
6.97413e-05
7.1472e-05
7.25555e-05
7.3169e-05
7.34523e-05
5.44223e-05
5.66087e-05
6.01238e-05
6.39113e-05
6.7227e-05
6.97528e-05
7.1484e-05
7.25678e-05
7.31815e-05
7.34648e-05
5.44335e-05
5.66208e-05
6.0137e-05
6.39255e-05
6.72421e-05
6.97687e-05
7.15003e-05
7.25845e-05
7.31984e-05
7.34819e-05
5.4447e-05
5.66365e-05
6.01542e-05
6.3944e-05
6.72617e-05
6.97891e-05
7.15214e-05
7.2606e-05
7.32202e-05
7.3504e-05
1.95644e-05
2.0264e-05
2.1412e-05
2.26784e-05
2.38127e-05
2.46953e-05
2.53116e-05
2.57036e-05
2.59283e-05
2.60321e-05
1.95621e-05
2.02617e-05
2.14096e-05
2.26759e-05
2.38101e-05
2.46926e-05
2.53089e-05
2.57011e-05
2.5926e-05
2.60307e-05
1.95607e-05
2.02602e-05
2.14081e-05
2.26743e-05
2.38085e-05
2.4691e-05
2.53073e-05
2.56996e-05
2.59247e-05
2.60297e-05
1.956e-05
2.02595e-05
2.14074e-05
2.26736e-05
2.38078e-05
2.46903e-05
2.53067e-05
2.56991e-05
2.59243e-05
2.60294e-05
1.95602e-05
2.02597e-05
2.14076e-05
2.26739e-05
2.38082e-05
2.46908e-05
2.53073e-05
2.56997e-05
2.5925e-05
2.60301e-05
1.95613e-05
2.02609e-05
2.14089e-05
2.26753e-05
2.38097e-05
2.46924e-05
2.5309e-05
2.57015e-05
2.59268e-05
2.6032e-05
1.95635e-05
2.02632e-05
2.14114e-05
2.26779e-05
2.38125e-05
2.46953e-05
2.53121e-05
2.57046e-05
2.59301e-05
2.60353e-05
1.95667e-05
2.02666e-05
2.14151e-05
2.26819e-05
2.38168e-05
2.46998e-05
2.53167e-05
2.57094e-05
2.59349e-05
2.60401e-05
1.95711e-05
2.02714e-05
2.14202e-05
2.26874e-05
2.38226e-05
2.47059e-05
2.5323e-05
2.57158e-05
2.59414e-05
2.60467e-05
1.95764e-05
2.02775e-05
2.14269e-05
2.26945e-05
2.38301e-05
2.47138e-05
2.53311e-05
2.57241e-05
2.59498e-05
2.60552e-05
6.85307e-06
7.07403e-06
7.44244e-06
7.85676e-06
8.2354e-06
8.53567e-06
8.74909e-06
8.887e-06
8.96708e-06
9.00448e-06
6.85224e-06
7.07319e-06
7.44156e-06
7.85585e-06
8.23446e-06
8.53471e-06
8.74813e-06
8.88607e-06
8.96625e-06
9.00397e-06
6.85171e-06
7.07265e-06
7.441e-06
7.85527e-06
8.23387e-06
8.53412e-06
8.74756e-06
8.88554e-06
8.96579e-06
9.00361e-06
6.85147e-06
7.07241e-06
7.44076e-06
7.85503e-06
8.23364e-06
8.5339e-06
8.74736e-06
8.88537e-06
8.96567e-06
9.00353e-06
6.85156e-06
7.0725e-06
7.44087e-06
7.85517e-06
8.23379e-06
8.53408e-06
8.74757e-06
8.88561e-06
8.96593e-06
9.00381e-06
6.852e-06
7.07297e-06
7.44137e-06
7.85571e-06
8.23437e-06
8.53471e-06
8.74822e-06
8.88629e-06
8.96664e-06
9.00454e-06
6.85283e-06
7.07383e-06
7.4423e-06
7.85671e-06
8.23544e-06
8.53583e-06
8.74939e-06
8.88749e-06
8.96786e-06
9.00577e-06
6.85407e-06
7.07515e-06
7.44371e-06
7.85822e-06
8.23704e-06
8.5375e-06
8.75112e-06
8.88927e-06
8.96967e-06
9.00759e-06
6.85573e-06
7.07693e-06
7.44564e-06
7.86029e-06
8.23923e-06
8.53979e-06
8.75349e-06
8.89169e-06
8.97212e-06
9.01006e-06
6.85775e-06
7.07925e-06
7.44815e-06
7.86296e-06
8.24206e-06
8.54274e-06
8.75652e-06
8.89479e-06
8.97526e-06
9.01324e-06
2.39665e-06
2.46677e-06
2.58521e-06
2.72069e-06
2.84676e-06
2.94854e-06
3.02212e-06
3.0704e-06
3.0988e-06
3.1122e-06
2.39635e-06
2.46646e-06
2.58489e-06
2.72036e-06
2.84642e-06
2.94819e-06
3.02177e-06
3.07006e-06
3.0985e-06
3.11202e-06
2.39616e-06
2.46626e-06
2.58469e-06
2.72015e-06
2.8462e-06
2.94798e-06
3.02156e-06
3.06987e-06
3.09834e-06
3.11189e-06
2.39607e-06
2.46618e-06
2.58461e-06
2.72007e-06
2.84613e-06
2.94791e-06
3.0215e-06
3.06982e-06
3.0983e-06
3.11187e-06
2.39611e-06
2.46622e-06
2.58466e-06
2.72012e-06
2.84619e-06
2.94798e-06
3.02158e-06
3.06991e-06
3.0984e-06
3.11198e-06
2.39629e-06
2.4664e-06
2.58485e-06
2.72033e-06
2.84641e-06
2.94822e-06
3.02183e-06
3.07017e-06
3.09867e-06
3.11225e-06
2.3966e-06
2.46673e-06
2.5852e-06
2.72071e-06
2.84682e-06
2.94864e-06
3.02227e-06
3.07062e-06
3.09914e-06
3.11272e-06
2.39708e-06
2.46723e-06
2.58574e-06
2.72128e-06
2.84742e-06
2.94927e-06
3.02292e-06
3.07129e-06
3.09982e-06
3.11341e-06
2.3977e-06
2.4679e-06
2.58646e-06
2.72206e-06
2.84824e-06
2.95013e-06
3.02381e-06
3.0722e-06
3.10073e-06
3.11433e-06
2.39846e-06
2.46877e-06
2.5874e-06
2.72305e-06
2.84929e-06
2.95122e-06
3.02494e-06
3.07335e-06
3.1019e-06
3.11551e-06
1.0134e-06
1.04039e-06
1.08651e-06
1.14006e-06
1.19075e-06
1.23238e-06
1.26298e-06
1.28336e-06
1.2955e-06
1.30127e-06
1.01327e-06
1.04027e-06
1.08638e-06
1.13993e-06
1.19061e-06
1.23224e-06
1.26284e-06
1.28322e-06
1.29538e-06
1.3012e-06
1.01319e-06
1.04018e-06
1.08629e-06
1.13984e-06
1.19052e-06
1.23215e-06
1.26275e-06
1.28314e-06
1.29532e-06
1.30115e-06
1.01316e-06
1.04015e-06
1.08626e-06
1.13981e-06
1.19049e-06
1.23212e-06
1.26272e-06
1.28312e-06
1.2953e-06
1.30115e-06
1.01318e-06
1.04017e-06
1.08628e-06
1.13984e-06
1.19053e-06
1.23216e-06
1.26277e-06
1.28317e-06
1.29535e-06
1.3012e-06
1.01326e-06
1.04025e-06
1.08637e-06
1.13993e-06
1.19063e-06
1.23227e-06
1.26288e-06
1.28329e-06
1.29548e-06
1.30133e-06
1.01341e-06
1.04041e-06
1.08654e-06
1.14011e-06
1.19081e-06
1.23246e-06
1.26308e-06
1.2835e-06
1.29569e-06
1.30154e-06
1.01362e-06
1.04064e-06
1.08678e-06
1.14037e-06
1.19109e-06
1.23275e-06
1.26338e-06
1.2838e-06
1.296e-06
1.30185e-06
1.01391e-06
1.04094e-06
1.08711e-06
1.14072e-06
1.19146e-06
1.23313e-06
1.26377e-06
1.2842e-06
1.29641e-06
1.30227e-06
1.01424e-06
1.04132e-06
1.08752e-06
1.14115e-06
1.19191e-06
1.23361e-06
1.26426e-06
1.2847e-06
1.29691e-06
1.30278e-06
)
;

boundaryField
{
    inlet1
    {
        type            fixedValue;
        value           uniform 10;
    }
    inlet2
    {
        type            fixedValue;
        value           uniform 20;
    }
    outlet1
    {
        type            zeroGradient;
    }
    outlet2
    {
        type            zeroGradient;
    }
    fixedWalls
    {
        type            zeroGradient;
    }
}


// ************************************************************************* //
