/*--------------------------------*- C++ -*----------------------------------*\
  =========                 |
  \\      /  F ield         | OpenFOAM: The Open Source CFD Toolbox
   \\    /   O peration     | Website:  https://openfoam.org
    \\  /    A nd           | Version:  6
     \\/     M anipulation  |
\*---------------------------------------------------------------------------*/
FoamFile
{
    version     2.0;
    format      ascii;
    class       volScalarField;
    location    "0.76";
    object      T;
}
// * * * * * * * * * * * * * * * * * * * * * * * * * * * * * * * * * * * * * //

dimensions      [0 0 0 1 0 0 0];

internalField   nonuniform List<scalar> 
7000
(
106.334
106.332
106.328
106.323
106.317
106.311
106.304
106.298
106.294
106.291
106.334
106.332
106.328
106.323
106.317
106.311
106.304
106.298
106.294
106.291
106.334
106.332
106.328
106.323
106.317
106.311
106.304
106.298
106.294
106.291
106.334
106.332
106.328
106.323
106.317
106.311
106.304
106.298
106.294
106.291
106.334
106.332
106.328
106.323
106.317
106.311
106.304
106.298
106.294
106.291
106.334
106.332
106.328
106.323
106.317
106.311
106.304
106.298
106.294
106.291
106.334
106.332
106.328
106.323
106.317
106.311
106.304
106.298
106.294
106.291
106.334
106.332
106.328
106.323
106.317
106.311
106.304
106.298
106.294
106.291
106.334
106.332
106.328
106.323
106.317
106.311
106.304
106.298
106.294
106.291
106.334
106.332
106.328
106.323
106.317
106.311
106.304
106.298
106.294
106.291
99.0259
99.0203
99.0094
98.994
98.9753
98.9548
98.9344
98.9162
98.9026
98.8953
99.0259
99.0203
99.0094
98.994
98.9753
98.9548
98.9343
98.9162
98.9026
98.8953
99.0259
99.0203
99.0094
98.994
98.9753
98.9547
98.9343
98.9162
98.9026
98.8953
99.0259
99.0202
99.0094
98.994
98.9753
98.9547
98.9343
98.9162
98.9026
98.8953
99.0259
99.0202
99.0094
98.994
98.9753
98.9547
98.9343
98.9162
98.9026
98.8953
99.0259
99.0202
99.0094
98.994
98.9753
98.9547
98.9343
98.9162
98.9026
98.8953
99.0259
99.0202
99.0094
98.994
98.9753
98.9547
98.9343
98.9162
98.9026
98.8953
99.0259
99.0202
99.0094
98.994
98.9753
98.9547
98.9343
98.9162
98.9026
98.8953
99.0259
99.0203
99.0094
98.994
98.9753
98.9547
98.9343
98.9162
98.9026
98.8953
99.0259
99.0203
99.0094
98.994
98.9753
98.9548
98.9343
98.9162
98.9026
98.8953
91.7911
91.7815
91.7628
91.7363
91.7038
91.6679
91.632
91.5998
91.5754
91.5623
91.7911
91.7815
91.7628
91.7363
91.7038
91.6679
91.632
91.5998
91.5754
91.5622
91.7911
91.7815
91.7628
91.7363
91.7038
91.6679
91.632
91.5998
91.5754
91.5622
91.7911
91.7815
91.7628
91.7363
91.7038
91.6679
91.6319
91.5998
91.5754
91.5622
91.7911
91.7814
91.7628
91.7363
91.7038
91.6679
91.6319
91.5998
91.5754
91.5622
91.7911
91.7814
91.7628
91.7363
91.7038
91.6679
91.6319
91.5998
91.5754
91.5622
91.7911
91.7814
91.7628
91.7363
91.7038
91.6679
91.6319
91.5998
91.5754
91.5622
91.7911
91.7815
91.7628
91.7363
91.7038
91.6679
91.6319
91.5998
91.5754
91.5622
91.7911
91.7815
91.7628
91.7363
91.7038
91.6679
91.632
91.5998
91.5754
91.5622
91.7911
91.7815
91.7628
91.7363
91.7038
91.6679
91.632
91.5998
91.5754
91.5622
84.6772
84.6632
84.636
84.597
84.5489
84.4952
84.4407
84.3912
84.3532
84.3324
84.6772
84.6632
84.6359
84.597
84.5489
84.4952
84.4406
84.3912
84.3532
84.3324
84.6772
84.6632
84.6359
84.597
84.5489
84.4951
84.4406
84.3912
84.3532
84.3324
84.6772
84.6632
84.6359
84.597
84.5488
84.4951
84.4406
84.3912
84.3532
84.3324
84.6772
84.6632
84.6359
84.597
84.5488
84.4951
84.4406
84.3912
84.3531
84.3324
84.6772
84.6632
84.6359
84.597
84.5488
84.4951
84.4406
84.3911
84.3531
84.3324
84.6772
84.6632
84.6359
84.597
84.5488
84.4951
84.4406
84.3912
84.3532
84.3324
84.6772
84.6632
84.6359
84.597
84.5488
84.4951
84.4406
84.3912
84.3532
84.3324
84.6772
84.6632
84.6359
84.597
84.5489
84.4951
84.4406
84.3912
84.3532
84.3324
84.6772
84.6632
84.6359
84.597
84.5489
84.4952
84.4406
84.3912
84.3532
84.3324
77.7304
77.7116
77.6749
77.6219
77.5557
77.4806
77.4029
77.331
77.2745
77.243
77.7304
77.7116
77.6748
77.6219
77.5556
77.4806
77.4029
77.3309
77.2744
77.243
77.7304
77.7116
77.6748
77.6219
77.5556
77.4805
77.4029
77.3309
77.2744
77.243
77.7303
77.7115
77.6748
77.6218
77.5556
77.4805
77.4029
77.3309
77.2744
77.243
77.7303
77.7115
77.6748
77.6218
77.5556
77.4805
77.4029
77.3309
77.2744
77.243
77.7303
77.7115
77.6748
77.6218
77.5556
77.4805
77.4029
77.3309
77.2744
77.243
77.7303
77.7115
77.6748
77.6218
77.5556
77.4805
77.4029
77.3309
77.2744
77.243
77.7303
77.7115
77.6748
77.6218
77.5556
77.4805
77.4029
77.3309
77.2744
77.243
77.7304
77.7116
77.6748
77.6219
77.5556
77.4805
77.4029
77.3309
77.2744
77.243
77.7304
77.7116
77.6748
77.6219
77.5557
77.4806
77.4029
77.331
77.2745
77.243
70.9947
70.9707
70.9236
70.8551
70.768
70.6671
70.56
70.4575
70.3743
70.3266
70.9946
70.9707
70.9236
70.855
70.7679
70.6671
70.56
70.4575
70.3743
70.3266
70.9946
70.9707
70.9236
70.855
70.7679
70.667
70.5599
70.4575
70.3743
70.3266
70.9946
70.9706
70.9236
70.855
70.7679
70.667
70.5599
70.4575
70.3743
70.3266
70.9946
70.9706
70.9235
70.855
70.7679
70.667
70.5599
70.4574
70.3742
70.3266
70.9946
70.9706
70.9235
70.855
70.7679
70.667
70.5599
70.4574
70.3742
70.3266
70.9946
70.9706
70.9235
70.855
70.7679
70.667
70.5599
70.4575
70.3743
70.3266
70.9946
70.9706
70.9236
70.855
70.7679
70.667
70.5599
70.4575
70.3743
70.3266
70.9946
70.9707
70.9236
70.855
70.7679
70.6671
70.5599
70.4575
70.3743
70.3266
70.9946
70.9707
70.9236
70.855
70.7679
70.6671
70.56
70.4575
70.3743
70.3266
64.5111
64.4819
64.4241
64.3388
64.2283
64.0969
63.9523
63.8075
63.6835
63.6086
64.5111
64.4819
64.4241
64.3388
64.2283
64.0969
63.9522
63.8074
63.6834
63.6085
64.511
64.4819
64.424
64.3387
64.2283
64.0969
63.9522
63.8074
63.6834
63.6085
64.511
64.4818
64.424
64.3387
64.2282
64.0969
63.9522
63.8074
63.6834
63.6085
64.511
64.4818
64.424
64.3387
64.2282
64.0968
63.9522
63.8074
63.6834
63.6085
64.511
64.4818
64.424
64.3387
64.2282
64.0968
63.9522
63.8074
63.6834
63.6085
64.511
64.4818
64.424
64.3387
64.2282
64.0968
63.9522
63.8074
63.6834
63.6085
64.511
64.4818
64.424
64.3387
64.2283
64.0969
63.9522
63.8074
63.6834
63.6085
64.511
64.4819
64.424
64.3387
64.2283
64.0969
63.9522
63.8074
63.6834
63.6085
64.5111
64.4819
64.4241
64.3388
64.2283
64.0969
63.9523
63.8075
63.6835
63.6086
58.3173
58.2832
58.2151
58.1133
57.9784
57.8126
57.6213
57.4173
57.2276
57.1016
58.3172
58.2832
58.2151
58.1132
57.9783
57.8125
57.6212
57.4172
57.2275
57.1016
58.3172
58.2831
58.215
58.1132
57.9783
57.8125
57.6212
57.4172
57.2275
57.1015
58.3172
58.2831
58.215
58.1132
57.9783
57.8125
57.6212
57.4171
57.2275
57.1015
58.3172
58.2831
58.215
58.1132
57.9783
57.8125
57.6212
57.4171
57.2275
57.1015
58.3172
58.2831
58.215
58.1132
57.9783
57.8125
57.6212
57.4171
57.2275
57.1015
58.3172
58.2831
58.215
58.1132
57.9783
57.8125
57.6212
57.4171
57.2275
57.1015
58.3172
58.2831
58.215
58.1132
57.9783
57.8125
57.6212
57.4172
57.2275
57.1015
58.3172
58.2831
58.2151
58.1132
57.9783
57.8125
57.6212
57.4172
57.2275
57.1016
58.3172
58.2832
58.2151
58.1132
57.9784
57.8126
57.6213
57.4172
57.2276
57.1016
52.4461
52.4082
52.3318
52.2159
52.0587
51.8582
51.6134
51.329
51.0298
50.7939
52.446
52.4081
52.3317
52.2158
52.0586
51.8581
51.6133
51.329
51.0298
50.7939
52.446
52.4081
52.3317
52.2158
52.0586
51.8581
51.6133
51.329
51.0298
50.7938
52.446
52.408
52.3317
52.2158
52.0586
51.8581
51.6132
51.3289
51.0297
50.7938
52.446
52.408
52.3317
52.2157
52.0586
51.858
51.6132
51.3289
51.0297
50.7938
52.446
52.408
52.3317
52.2157
52.0586
51.858
51.6132
51.3289
51.0297
50.7938
52.446
52.408
52.3317
52.2158
52.0586
51.8581
51.6132
51.3289
51.0297
50.7938
52.446
52.408
52.3317
52.2158
52.0586
51.8581
51.6133
51.3289
51.0297
50.7938
52.446
52.4081
52.3317
52.2158
52.0586
51.8581
51.6133
51.329
51.0298
50.7939
52.446
52.4081
52.3318
52.2159
52.0587
51.8582
51.6133
51.329
51.0298
50.7939
46.9249
46.885
46.8042
46.68
46.5081
46.2807
45.9857
45.6055
45.1274
44.6153
46.9248
46.8849
46.8041
46.68
46.508
46.2807
45.9856
45.6054
45.1273
44.6152
46.9248
46.8849
46.8041
46.6799
46.508
46.2806
45.9856
45.6054
45.1273
44.6152
46.9248
46.8849
46.8041
46.6799
46.508
46.2806
45.9856
45.6053
45.1273
44.6151
46.9248
46.8849
46.804
46.6799
46.508
46.2806
45.9855
45.6053
45.1272
44.6151
46.9248
46.8849
46.804
46.6799
46.5079
46.2806
45.9855
45.6053
45.1272
44.6151
46.9248
46.8849
46.804
46.6799
46.508
46.2806
45.9855
45.6053
45.1273
44.6151
46.9248
46.8849
46.8041
46.6799
46.508
46.2806
45.9856
45.6053
45.1273
44.6152
46.9248
46.8849
46.8041
46.68
46.508
46.2807
45.9856
45.6054
45.1273
44.6152
46.9248
46.885
46.8041
46.68
46.5081
46.2807
45.9857
45.6054
45.1274
44.6153
41.7743
41.7352
41.6556
41.5327
41.3605
41.1275
40.8105
40.36
39.6538
38.3329
41.7743
41.7351
41.6556
41.5327
41.3605
41.1274
40.8104
40.3599
39.6538
38.3328
41.7742
41.7351
41.6555
41.5326
41.3604
41.1273
40.8104
40.3599
39.6537
38.3328
41.7742
41.735
41.6555
41.5326
41.3604
41.1273
40.8104
40.3598
39.6537
38.3327
41.7742
41.735
41.6555
41.5326
41.3604
41.1273
40.8103
40.3598
39.6537
38.3327
41.7742
41.735
41.6555
41.5326
41.3604
41.1273
40.8103
40.3598
39.6537
38.3327
41.7742
41.735
41.6555
41.5326
41.3604
41.1273
40.8103
40.3598
39.6537
38.3327
41.7742
41.735
41.6555
41.5326
41.3604
41.1273
40.8104
40.3599
39.6537
38.3327
41.7743
41.7351
41.6555
41.5326
41.3604
41.1274
40.8104
40.3599
39.6538
38.3328
41.7743
41.7351
41.6556
41.5327
41.3605
41.1274
40.8105
40.36
39.6538
38.3329
37.0074
36.9721
36.9007
36.7909
36.6382
36.4333
36.1578
35.7766
35.2246
34.4032
37.0074
36.9721
36.9006
36.7909
36.6382
36.4332
36.1578
35.7766
35.2245
34.4031
37.0073
36.972
36.9006
36.7908
36.6381
36.4332
36.1577
35.7765
35.2245
34.4031
37.0073
36.972
36.9005
36.7908
36.6381
36.4332
36.1577
35.7765
35.2244
34.403
37.0073
36.972
36.9005
36.7908
36.6381
36.4331
36.1577
35.7765
35.2244
34.403
37.0073
36.972
36.9005
36.7908
36.6381
36.4331
36.1577
35.7765
35.2244
34.403
37.0073
36.972
36.9005
36.7908
36.6381
36.4332
36.1577
35.7765
35.2244
34.403
37.0073
36.972
36.9006
36.7908
36.6381
36.4332
36.1577
35.7765
35.2245
34.4031
37.0073
36.972
36.9006
36.7909
36.6382
36.4332
36.1578
35.7766
35.2245
34.4031
37.0074
36.9721
36.9007
36.7909
36.6382
36.4333
36.1578
35.7766
35.2246
34.4032
32.629
32.6006
32.5439
32.4587
32.3442
32.198
32.0154
31.789
31.5161
31.2273
32.629
32.6005
32.5438
32.4586
32.3441
32.198
32.0153
31.789
31.516
31.2272
32.6289
32.6005
32.5438
32.4586
32.3441
32.1979
32.0153
31.7889
31.516
31.2272
32.6289
32.6005
32.5437
32.4585
32.3441
32.1979
32.0152
31.7889
31.516
31.2271
32.6289
32.6005
32.5437
32.4585
32.344
32.1979
32.0152
31.7889
31.5159
31.2271
32.6289
32.6005
32.5437
32.4585
32.344
32.1979
32.0152
31.7889
31.5159
31.2271
32.6289
32.6005
32.5437
32.4585
32.3441
32.1979
32.0152
31.7889
31.516
31.2271
32.6289
32.6005
32.5437
32.4586
32.3441
32.1979
32.0153
31.7889
31.516
31.2272
32.6289
32.6005
32.5438
32.4586
32.3441
32.198
32.0153
31.789
31.516
31.2272
32.629
32.6006
32.5438
32.4586
32.3442
32.198
32.0154
31.789
31.5161
31.2273
28.6362
28.6169
28.5798
28.5274
28.4639
28.395
28.3297
28.2833
28.2864
28.4056
28.6361
28.6169
28.5797
28.5274
28.4638
28.395
28.3297
28.2833
28.2863
28.4056
28.6361
28.6168
28.5797
28.5273
28.4638
28.3949
28.3296
28.2832
28.2863
28.4055
28.636
28.6168
28.5797
28.5273
28.4637
28.3949
28.3296
28.2832
28.2863
28.4055
28.636
28.6168
28.5796
28.5273
28.4637
28.3949
28.3296
28.2832
28.2862
28.4055
28.636
28.6168
28.5796
28.5273
28.4637
28.3949
28.3296
28.2832
28.2862
28.4055
28.636
28.6168
28.5797
28.5273
28.4637
28.3949
28.3296
28.2832
28.2863
28.4055
28.636
28.6168
28.5797
28.5273
28.4638
28.3949
28.3296
28.2832
28.2863
28.4055
28.6361
28.6168
28.5797
28.5273
28.4638
28.3949
28.3297
28.2832
28.2863
28.4056
28.6361
28.6169
28.5798
28.5274
28.4638
28.395
28.3297
28.2833
28.2864
28.4056
25.0189
25.01
24.995
24.9792
24.9717
24.9857
25.041
25.1667
25.4071
25.8298
25.0188
25.01
24.9949
24.9792
24.9716
24.9856
25.0409
25.1666
25.407
25.8297
25.0188
25.0099
24.9949
24.9791
24.9716
24.9856
25.0409
25.1665
25.4069
25.8297
25.0188
25.0099
24.9948
24.9791
24.9715
24.9856
25.0408
25.1665
25.4069
25.8297
25.0187
25.0099
24.9948
24.9791
24.9715
24.9856
25.0408
25.1665
25.4069
25.8296
25.0187
25.0099
24.9948
24.9791
24.9715
24.9856
25.0408
25.1665
25.4069
25.8296
25.0187
25.0099
24.9948
24.9791
24.9715
24.9856
25.0408
25.1665
25.4069
25.8297
25.0188
25.0099
24.9949
24.9791
24.9716
24.9856
25.0409
25.1665
25.4069
25.8297
25.0188
25.0099
24.9949
24.9792
24.9716
24.9856
25.0409
25.1666
25.407
25.8297
25.0188
25.01
24.9949
24.9792
24.9717
24.9857
25.041
25.1666
25.407
25.8298
21.7617
21.7632
21.77
21.7902
21.8366
21.9287
22.0942
22.371
22.8091
23.469
21.7617
21.7632
21.77
21.7901
21.8365
21.9287
22.0941
22.371
22.809
23.469
21.7616
21.7631
21.7699
21.7901
21.8365
21.9286
22.0941
22.3709
22.809
23.4689
21.7616
21.7631
21.7699
21.79
21.8365
21.9286
22.0941
22.3709
22.8089
23.4689
21.7616
21.7631
21.7699
21.79
21.8365
21.9286
22.094
22.3709
22.8089
23.4688
21.7616
21.7631
21.7699
21.79
21.8365
21.9286
22.094
22.3709
22.8089
23.4688
21.7616
21.7631
21.7699
21.79
21.8365
21.9286
22.0941
22.3709
22.8089
23.4689
21.7616
21.7631
21.7699
21.7901
21.8365
21.9286
22.0941
22.3709
22.8089
23.4689
21.7616
21.7631
21.77
21.7901
21.8365
21.9287
22.0941
22.3709
22.809
23.4689
21.7617
21.7632
21.77
21.7902
21.8366
21.9287
22.0942
22.371
22.8091
23.469
18.8454
18.8561
18.8821
18.9334
19.0258
19.1834
19.4401
19.8417
20.445
21.3094
18.8453
18.856
18.8821
18.9333
19.0257
19.1833
19.44
19.8416
20.4449
21.3093
18.8453
18.856
18.882
18.9333
19.0257
19.1833
19.44
19.8416
20.4448
21.3093
18.8453
18.856
18.882
18.9332
19.0257
19.1833
19.44
19.8415
20.4448
21.3092
18.8453
18.8559
18.882
18.9332
19.0257
19.1832
19.4399
19.8415
20.4448
21.3092
18.8453
18.8559
18.882
18.9332
19.0257
19.1832
19.4399
19.8415
20.4448
21.3092
18.8453
18.856
18.882
18.9332
19.0257
19.1833
19.44
19.8415
20.4448
21.3092
18.8453
18.856
18.882
18.9333
19.0257
19.1833
19.44
19.8416
20.4448
21.3093
18.8453
18.856
18.8821
18.9333
19.0257
19.1833
19.44
19.8416
20.4449
21.3093
18.8454
18.8561
18.8821
18.9334
19.0258
19.1834
19.4401
19.8417
20.445
21.3094
16.2484
16.2662
16.3069
16.3813
16.5071
16.711
17.032
17.525
18.2626
19.3254
16.2484
16.2662
16.3069
16.3813
16.507
16.7109
17.0319
17.5249
18.2626
19.3253
16.2483
16.2661
16.3068
16.3812
16.507
16.7109
17.0319
17.5249
18.2625
19.3253
16.2483
16.2661
16.3068
16.3812
16.507
16.7109
17.0319
17.5249
18.2625
19.3252
16.2483
16.2661
16.3068
16.3812
16.507
16.7109
17.0319
17.5248
18.2625
19.3252
16.2483
16.2661
16.3068
16.3812
16.507
16.7109
17.0319
17.5248
18.2625
19.3252
16.2483
16.2661
16.3068
16.3812
16.507
16.7109
17.0319
17.5249
18.2625
19.3252
16.2483
16.2661
16.3068
16.3812
16.507
16.7109
17.0319
17.5249
18.2625
19.3253
16.2483
16.2661
16.3069
16.3813
16.507
16.7109
17.032
17.5249
18.2626
19.3253
16.2484
16.2662
16.3069
16.3813
16.5071
16.711
17.032
17.525
18.2626
19.3254
13.9486
13.9709
14.0205
14.1081
14.2512
14.4767
14.8254
15.3601
16.1804
17.4398
13.9485
13.9708
14.0205
14.1081
14.2512
14.4767
14.8254
15.3601
16.1804
17.4397
13.9485
13.9708
14.0204
14.108
14.2511
14.4767
14.8253
15.36
16.1803
17.4397
13.9485
13.9708
14.0204
14.108
14.2511
14.4766
14.8253
15.36
16.1803
17.4396
13.9485
13.9707
14.0204
14.108
14.2511
14.4766
14.8253
15.36
16.1803
17.4396
13.9485
13.9707
14.0204
14.108
14.2511
14.4766
14.8253
15.36
16.1803
17.4396
13.9485
13.9708
14.0204
14.108
14.2511
14.4766
14.8253
15.36
16.1803
17.4396
13.9485
13.9708
14.0204
14.108
14.2511
14.4767
14.8253
15.36
16.1803
17.4397
13.9485
13.9708
14.0205
14.1081
14.2512
14.4767
14.8254
15.3601
16.1804
17.4397
13.9485
13.9708
14.0205
14.1081
14.2512
14.4767
14.8254
15.3601
16.1804
17.4398
11.9242
11.9482
12.0008
12.0913
12.2348
12.4543
12.7848
13.2833
14.0609
15.3992
11.9241
11.9482
12.0008
12.0913
12.2348
12.4543
12.7847
13.2833
14.0608
15.3991
11.9241
11.9482
12.0008
12.0913
12.2348
12.4543
12.7847
13.2832
14.0608
15.3991
11.9241
11.9481
12.0008
12.0912
12.2347
12.4542
12.7847
13.2832
14.0607
15.399
11.924
11.9481
12.0007
12.0912
12.2347
12.4542
12.7847
13.2832
14.0607
15.399
11.924
11.9481
12.0007
12.0912
12.2347
12.4542
12.7847
13.2832
14.0607
15.399
11.9241
11.9481
12.0008
12.0912
12.2347
12.4542
12.7847
13.2832
14.0608
15.399
11.9241
11.9481
12.0008
12.0913
12.2348
12.4543
12.7847
13.2832
14.0608
15.3991
11.9241
11.9482
12.0008
12.0913
12.2348
12.4543
12.7848
13.2833
14.0608
15.3991
11.9241
11.9482
12.0008
12.0913
12.2348
12.4544
12.7848
13.2833
14.0609
15.3992
35.1222
34.2443
35.0049
37.1815
40.7615
45.8695
52.7702
61.9332
74.2091
91.3014
35.1221
34.2442
35.0048
37.1814
40.7613
45.8694
52.7701
61.9331
74.2089
91.3012
35.122
34.2442
35.0047
37.1813
40.7613
45.8693
52.77
61.933
74.2088
91.3011
35.122
34.2441
35.0047
37.1812
40.7612
45.8692
52.77
61.9329
74.2088
91.3011
35.122
34.2441
35.0047
37.1812
40.7612
45.8692
52.7699
61.9329
74.2087
91.301
35.1219
34.2441
35.0047
37.1812
40.7612
45.8692
52.7699
61.9329
74.2087
91.301
35.122
34.2441
35.0047
37.1812
40.7612
45.8692
52.7699
61.9329
74.2087
91.301
35.122
34.2441
35.0047
37.1812
40.7612
45.8692
52.77
61.9329
74.2088
91.3011
35.122
34.2442
35.0048
37.1813
40.7613
45.8693
52.77
61.933
74.2089
91.3012
35.1221
34.2443
35.0048
37.1814
40.7613
45.8694
52.7701
61.9331
74.209
91.3013
33.3145
33.1842
34.2164
36.4528
39.9545
44.843
51.3179
59.6717
70.2825
83.4605
33.3144
33.1841
34.2163
36.4527
39.9544
44.8429
51.3178
59.6716
70.2824
83.4604
33.3143
33.184
34.2162
36.4526
39.9543
44.8428
51.3177
59.6715
70.2823
83.4603
33.3143
33.184
34.2162
36.4526
39.9542
44.8428
51.3177
59.6714
70.2822
83.4602
33.3143
33.1839
34.2161
36.4526
39.9542
44.8427
51.3176
59.6714
70.2822
83.4602
33.3143
33.1839
34.2161
36.4526
39.9542
44.8427
51.3176
59.6714
70.2822
83.4602
33.3143
33.1839
34.2161
36.4526
39.9542
44.8427
51.3176
59.6714
70.2822
83.4602
33.3143
33.184
34.2162
36.4526
39.9543
44.8428
51.3177
59.6714
70.2823
83.4603
33.3144
33.184
34.2162
36.4527
39.9543
44.8428
51.3178
59.6715
70.2824
83.4604
33.3144
33.1841
34.2163
36.4528
39.9544
44.8429
51.3179
59.6716
70.2825
83.4605
31.0812
31.5416
32.8507
35.1324
38.4797
42.9938
48.7937
56.0011
64.6751
74.6274
31.0811
31.5415
32.8506
35.1323
38.4796
42.9936
48.7936
56.001
64.675
74.6273
31.081
31.5414
32.8505
35.1322
38.4795
42.9936
48.7935
56.0009
64.6749
74.6272
31.081
31.5414
32.8505
35.1321
38.4794
42.9935
48.7934
56.0009
64.6748
74.6271
31.081
31.5414
32.8505
35.1321
38.4794
42.9935
48.7934
56.0008
64.6748
74.6271
31.081
31.5414
32.8504
35.1321
38.4794
42.9935
48.7934
56.0008
64.6748
74.6271
31.081
31.5414
32.8505
35.1321
38.4794
42.9935
48.7934
56.0008
64.6748
74.6271
31.081
31.5414
32.8505
35.1322
38.4795
42.9935
48.7934
56.0009
64.6749
74.6272
31.0811
31.5415
32.8506
35.1322
38.4795
42.9936
48.7935
56.001
64.675
74.6272
31.0811
31.5416
32.8507
35.1323
38.4796
42.9937
48.7936
56.0011
64.6751
74.6274
28.7786
29.6311
31.1376
33.4162
36.5526
40.6168
45.6624
51.705
58.668
66.2841
28.7785
29.631
31.1376
33.4161
36.5525
40.6167
45.6623
51.7048
58.6679
66.284
28.7785
29.6309
31.1375
33.416
36.5525
40.6166
45.6622
51.7048
58.6678
66.2839
28.7784
29.6309
31.1374
33.416
36.5524
40.6166
45.6622
51.7047
58.6677
66.2838
28.7784
29.6308
31.1374
33.416
36.5524
40.6166
45.6621
51.7047
58.6677
66.2838
28.7784
29.6308
31.1374
33.416
36.5524
40.6166
45.6621
51.7047
58.6677
66.2838
28.7784
29.6309
31.1374
33.416
36.5524
40.6166
45.6622
51.7047
58.6677
66.2838
28.7785
29.6309
31.1375
33.416
36.5524
40.6166
45.6622
51.7047
58.6678
66.2839
28.7785
29.631
31.1375
33.4161
36.5525
40.6167
45.6623
51.7048
58.6679
66.284
28.7786
29.631
31.1376
33.4162
36.5526
40.6168
45.6624
51.7049
58.668
66.2841
26.5341
27.6449
29.2738
31.5069
34.4057
38.009
42.3258
47.3189
52.8749
58.7666
26.534
27.6448
29.2737
31.5068
34.4056
38.0089
42.3257
47.3188
52.8748
58.7665
26.534
27.6447
29.2737
31.5067
34.4056
38.0088
42.3256
47.3187
52.8747
58.7664
26.5339
27.6447
29.2736
31.5066
34.4055
38.0087
42.3255
47.3186
52.8746
58.7663
26.5339
27.6447
29.2736
31.5066
34.4055
38.0087
42.3255
47.3186
52.8746
58.7663
26.5339
27.6447
29.2736
31.5066
34.4055
38.0087
42.3255
47.3186
52.8746
58.7663
26.5339
27.6447
29.2736
31.5066
34.4055
38.0087
42.3255
47.3186
52.8746
58.7663
26.534
27.6447
29.2736
31.5067
34.4055
38.0088
42.3256
47.3187
52.8747
58.7664
26.534
27.6448
29.2737
31.5068
34.4056
38.0089
42.3256
47.3188
52.8748
58.7665
26.5341
27.6449
29.2738
31.5068
34.4057
38.009
42.3258
47.3189
52.8749
58.7666
24.4166
25.7139
27.421
29.5891
32.2541
35.4284
39.0932
43.1876
47.5983
52.1548
24.4165
25.7138
27.4209
29.589
32.254
35.4283
39.0931
43.1875
47.5982
52.1547
24.4164
25.7138
27.4208
29.589
32.2539
35.4282
39.093
43.1874
47.5981
52.1546
24.4164
25.7137
27.4208
29.5889
32.2539
35.4282
39.093
43.1874
47.5981
52.1545
24.4164
25.7137
27.4207
29.5889
32.2539
35.4282
39.0929
43.1874
47.598
52.1545
24.4164
25.7137
27.4207
29.5889
32.2539
35.4282
39.0929
43.1874
47.598
52.1545
24.4164
25.7137
27.4208
29.5889
32.2539
35.4282
39.093
43.1874
47.5981
52.1545
24.4164
25.7138
27.4208
29.589
32.2539
35.4282
39.093
43.1874
47.5981
52.1546
24.4165
25.7138
27.4209
29.589
32.254
35.4283
39.0931
43.1875
47.5982
52.1547
24.4165
25.7139
27.421
29.5891
32.2541
35.4284
39.0932
43.1876
47.5983
52.1548
22.475
23.939
25.7142
27.8236
30.2834
33.0876
36.1991
39.5434
43.0112
46.474
22.4749
23.939
25.7141
27.8235
30.2833
33.0875
36.1989
39.5433
43.0111
46.4738
22.4749
23.9389
25.714
27.8235
30.2832
33.0875
36.1989
39.5432
43.011
46.4738
22.4748
23.9389
25.714
27.8234
30.2832
33.0874
36.1988
39.5431
43.011
46.4737
22.4748
23.9388
25.7139
27.8234
30.2832
33.0874
36.1988
39.5431
43.0109
46.4737
22.4748
23.9388
25.7139
27.8234
30.2832
33.0874
36.1988
39.5431
43.011
46.4737
22.4748
23.9389
25.714
27.8234
30.2832
33.0874
36.1988
39.5431
43.011
46.4737
22.4749
23.9389
25.714
27.8235
30.2832
33.0875
36.1989
39.5432
43.011
46.4738
22.4749
23.939
25.7141
27.8235
30.2833
33.0875
36.1989
39.5433
43.0111
46.4739
22.475
23.939
25.7142
27.8236
30.2834
33.0877
36.1991
39.5434
43.0113
46.474
20.7501
22.4093
24.2712
26.3479
28.649
31.1592
33.8275
36.5639
39.2464
41.753
20.75
22.4092
24.2712
26.3478
28.6489
31.1591
33.8274
36.5638
39.2463
41.7529
20.75
22.4091
24.2711
26.3477
28.6488
31.159
33.8273
36.5637
39.2462
41.7528
20.75
22.4091
24.2711
26.3477
28.6488
31.159
33.8273
36.5636
39.2462
41.7527
20.7499
22.4091
24.271
26.3477
28.6487
31.1589
33.8273
36.5636
39.2461
41.7527
20.7499
22.4091
24.271
26.3477
28.6487
31.1589
33.8273
36.5636
39.2461
41.7527
20.75
22.4091
24.2711
26.3477
28.6488
31.159
33.8273
36.5636
39.2462
41.7527
20.75
22.4091
24.2711
26.3478
28.6488
31.159
33.8273
36.5637
39.2462
41.7528
20.75
22.4092
24.2712
26.3478
28.6489
31.1591
33.8274
36.5638
39.2463
41.7529
20.7501
22.4093
24.2713
26.3479
28.649
31.1592
33.8275
36.5639
39.2464
41.753
19.2928
21.2224
23.2029
25.2794
27.4775
29.7825
32.1322
34.4125
36.4571
38.0722
19.2927
21.2223
23.2028
25.2793
27.4774
29.7824
32.1321
34.4124
36.457
38.0721
19.2927
21.2222
23.2028
25.2793
27.4773
29.7823
32.132
34.4123
36.4569
38.072
19.2926
21.2222
23.2027
25.2792
27.4773
29.7822
32.132
34.4122
36.4569
38.072
19.2926
21.2222
23.2027
25.2792
27.4773
29.7822
32.1319
34.4122
36.4569
38.0719
19.2926
21.2222
23.2027
25.2792
27.4773
29.7822
32.1319
34.4122
36.4569
38.0719
19.2926
21.2222
23.2027
25.2792
27.4773
29.7823
32.132
34.4122
36.4569
38.072
19.2927
21.2223
23.2028
25.2793
27.4774
29.7823
32.132
34.4123
36.457
38.072
19.2927
21.2223
23.2028
25.2794
27.4774
29.7824
32.1321
34.4124
36.457
38.0721
19.2928
21.2224
23.2029
25.2795
27.4775
29.7825
32.1322
34.4125
36.4572
38.0723
18.2461
20.5201
22.6202
24.7143
26.8645
29.0634
31.2417
33.2598
34.8819
35.7035
18.2461
20.52
22.6201
24.7143
26.8645
29.0633
31.2416
33.2597
34.8818
35.7035
18.246
20.52
22.6201
24.7142
26.8644
29.0633
31.2415
33.2597
34.8817
35.7034
18.246
20.52
22.62
24.7142
26.8644
29.0632
31.2415
33.2596
34.8817
35.7033
18.246
20.5199
22.62
24.7142
26.8643
29.0632
31.2415
33.2596
34.8816
35.7033
18.246
20.5199
22.62
24.7142
26.8643
29.0632
31.2415
33.2596
34.8816
35.7033
18.246
20.52
22.62
24.7142
26.8644
29.0633
31.2415
33.2596
34.8817
35.7034
18.2461
20.52
22.6201
24.7142
26.8644
29.0633
31.2415
33.2597
34.8817
35.7034
18.2461
20.5201
22.6201
24.7143
26.8645
29.0634
31.2416
33.2598
34.8818
35.7035
18.2462
20.5201
22.6202
24.7144
26.8646
29.0635
31.2417
33.2599
34.8819
35.7036
117.158
129.46
137.004
142.287
146.198
149.135
151.312
152.857
153.849
154.335
117.158
129.46
137.004
142.287
146.198
149.135
151.312
152.857
153.849
154.335
117.158
129.46
137.003
142.287
146.197
149.134
151.312
152.857
153.849
154.335
117.158
129.459
137.003
142.287
146.197
149.134
151.312
152.857
153.849
154.334
117.158
129.459
137.003
142.287
146.197
149.134
151.312
152.857
153.849
154.334
117.158
129.459
137.003
142.287
146.197
149.134
151.312
152.857
153.849
154.334
117.158
129.459
137.003
142.287
146.197
149.134
151.312
152.857
153.849
154.335
117.158
129.46
137.003
142.287
146.197
149.134
151.312
152.857
153.849
154.335
117.158
129.46
137.003
142.287
146.198
149.135
151.312
152.857
153.849
154.335
117.158
129.46
137.004
142.287
146.198
149.135
151.312
152.857
153.849
154.335
98.5516
109.535
117.303
122.943
127.131
130.261
132.568
134.198
135.241
135.751
98.5514
109.535
117.303
122.943
127.131
130.26
132.568
134.198
135.241
135.751
98.5513
109.535
117.303
122.943
127.131
130.26
132.568
134.198
135.241
135.75
98.5512
109.535
117.303
122.943
127.131
130.26
132.568
134.198
135.241
135.75
98.5512
109.535
117.303
122.943
127.13
130.26
132.567
134.198
135.241
135.75
98.5512
109.535
117.303
122.943
127.13
130.26
132.567
134.198
135.241
135.75
98.5512
109.535
117.303
122.943
127.131
130.26
132.568
134.198
135.241
135.75
98.5513
109.535
117.303
122.943
127.131
130.26
132.568
134.198
135.241
135.75
98.5514
109.535
117.303
122.943
127.131
130.26
132.568
134.198
135.241
135.751
98.5515
109.535
117.303
122.943
127.131
130.261
132.568
134.198
135.241
135.751
85.0027
93.8005
100.728
106.066
110.153
113.254
115.557
117.19
118.237
118.749
85.0026
93.8003
100.728
106.066
110.153
113.254
115.557
117.19
118.237
118.749
85.0025
93.8002
100.727
106.066
110.153
113.254
115.557
117.19
118.237
118.749
85.0024
93.8001
100.727
106.066
110.153
113.253
115.557
117.19
118.237
118.749
85.0024
93.8001
100.727
106.066
110.153
113.253
115.557
117.19
118.237
118.749
85.0024
93.8001
100.727
106.066
110.153
113.253
115.557
117.19
118.237
118.749
85.0024
93.8001
100.727
106.066
110.153
113.253
115.557
117.19
118.237
118.749
85.0025
93.8002
100.727
106.066
110.153
113.254
115.557
117.19
118.237
118.749
85.0026
93.8003
100.728
106.066
110.153
113.254
115.557
117.19
118.237
118.749
85.0027
93.8004
100.728
106.066
110.153
113.254
115.557
117.19
118.237
118.749
73.9748
80.9061
86.7337
91.4538
95.1911
98.0894
100.272
101.834
102.84
103.333
73.9746
80.9059
86.7335
91.4536
95.1909
98.0892
100.272
101.834
102.84
103.333
73.9745
80.9058
86.7334
91.4535
95.1908
98.0891
100.272
101.833
102.84
103.333
73.9745
80.9057
86.7333
91.4534
95.1908
98.0891
100.272
101.833
102.84
103.333
73.9744
80.9057
86.7333
91.4534
95.1907
98.089
100.272
101.833
102.84
103.333
73.9744
80.9057
86.7333
91.4534
95.1907
98.089
100.272
101.833
102.84
103.333
73.9745
80.9057
86.7333
91.4534
95.1908
98.0891
100.272
101.833
102.84
103.333
73.9745
80.9058
86.7334
91.4535
95.1908
98.0892
100.272
101.833
102.84
103.333
73.9746
80.9059
86.7335
91.4536
95.1909
98.0893
100.272
101.834
102.84
103.333
73.9748
80.9061
86.7337
91.4538
95.1911
98.0894
100.272
101.834
102.84
103.334
64.6364
70.0721
74.8271
78.8244
82.0859
84.6729
86.6531
88.0856
89.0156
89.4732
64.6363
70.072
74.8269
78.8243
82.0858
84.6728
86.6529
88.0854
89.0155
89.4731
64.6362
70.0719
74.8268
78.8242
82.0857
84.6727
86.6528
88.0853
89.0154
89.4731
64.6361
70.0718
74.8268
78.8241
82.0856
84.6726
86.6528
88.0853
89.0153
89.473
64.6361
70.0718
74.8267
78.8241
82.0856
84.6726
86.6527
88.0852
89.0153
89.473
64.6361
70.0718
74.8267
78.8241
82.0856
84.6726
86.6527
88.0852
89.0153
89.473
64.6361
70.0718
74.8268
78.8241
82.0856
84.6726
86.6528
88.0853
89.0154
89.473
64.6362
70.0719
74.8268
78.8242
82.0857
84.6727
86.6529
88.0854
89.0154
89.4731
64.6363
70.072
74.8269
78.8243
82.0858
84.6728
86.653
88.0855
89.0156
89.4732
64.6364
70.0721
74.8271
78.8244
82.086
84.673
86.6531
88.0856
89.0157
89.4734
56.6442
60.8559
64.6374
67.9097
70.651
72.8732
74.6031
75.8701
76.6996
77.1098
56.644
60.8557
64.6373
67.9095
70.6508
72.8731
74.603
75.87
76.6995
77.1097
56.6439
60.8556
64.6372
67.9094
70.6507
72.873
74.6029
75.8699
76.6994
77.1096
56.6439
60.8556
64.6371
67.9094
70.6507
72.8729
74.6028
75.8698
76.6994
77.1095
56.6438
60.8555
64.6371
67.9093
70.6506
72.8729
74.6028
75.8698
76.6993
77.1095
56.6438
60.8555
64.6371
67.9093
70.6506
72.8729
74.6028
75.8698
76.6994
77.1095
56.6439
60.8556
64.6371
67.9094
70.6507
72.8729
74.6029
75.8699
76.6994
77.1096
56.6439
60.8557
64.6372
67.9095
70.6507
72.873
74.6029
75.87
76.6995
77.1097
56.644
60.8558
64.6373
67.9096
70.6509
72.8731
74.6031
75.8701
76.6996
77.1098
56.6442
60.8559
64.6374
67.9097
70.651
72.8733
74.6032
75.8702
76.6998
77.1099
49.8188
52.9817
55.889
58.4757
60.7004
62.5445
64.0056
65.0899
65.8063
66.1624
49.8187
52.9816
55.8888
58.4756
60.7003
62.5443
64.0055
65.0898
65.8062
66.1623
49.8186
52.9815
55.8887
58.4755
60.7002
62.5442
64.0054
65.0897
65.8061
66.1623
49.8186
52.9814
55.8887
58.4754
60.7001
62.5442
64.0053
65.0897
65.8061
66.1622
49.8185
52.9814
55.8886
58.4754
60.7001
62.5441
64.0053
65.0896
65.8061
66.1622
49.8185
52.9814
55.8886
58.4754
60.7001
62.5441
64.0053
65.0896
65.8061
66.1622
49.8186
52.9814
55.8887
58.4755
60.7001
62.5442
64.0053
65.0897
65.8061
66.1623
49.8186
52.9815
55.8888
58.4755
60.7002
62.5443
64.0054
65.0898
65.8062
66.1623
49.8187
52.9816
55.8889
58.4756
60.7003
62.5444
64.0055
65.0899
65.8063
66.1624
49.8189
52.9817
55.889
58.4758
60.7004
62.5445
64.0057
65.09
65.8065
66.1626
44.0389
46.2453
48.3603
50.3186
52.0588
53.5389
54.7348
55.6352
56.236
56.5363
44.0388
46.2452
48.3602
50.3185
52.0587
53.5388
54.7347
55.6351
56.2358
56.5362
44.0387
46.2451
48.3601
50.3184
52.0586
53.5387
54.7346
55.635
56.2358
56.5361
44.0386
46.245
48.36
50.3183
52.0585
53.5386
54.7346
55.635
56.2357
56.5361
44.0386
46.245
48.36
50.3183
52.0585
53.5386
54.7345
55.6349
56.2357
56.536
44.0386
46.245
48.36
50.3183
52.0585
53.5386
54.7345
55.6349
56.2357
56.5361
44.0386
46.245
48.36
50.3183
52.0585
53.5386
54.7346
55.635
56.2357
56.5361
44.0387
46.2451
48.3601
50.3184
52.0586
53.5387
54.7347
55.6351
56.2358
56.5362
44.0388
46.2452
48.3602
50.3185
52.0587
53.5388
54.7348
55.6352
56.2359
56.5363
44.0389
46.2453
48.3603
50.3186
52.0588
53.5389
54.7349
55.6353
56.2361
56.5364
39.1735
40.4493
41.8505
43.2542
44.5635
45.7137
46.6644
47.3916
47.8819
48.1286
39.1734
40.4492
41.8504
43.254
44.5634
45.7136
46.6643
47.3915
47.8818
48.1285
39.1733
40.4491
41.8503
43.254
44.5633
45.7135
46.6642
47.3914
47.8818
48.1284
39.1733
40.4491
41.8503
43.2539
44.5632
45.7135
46.6642
47.3914
47.8817
48.1284
39.1732
40.449
41.8502
43.2539
44.5632
45.7134
46.6642
47.3914
47.8817
48.1284
39.1733
40.449
41.8503
43.2539
44.5632
45.7135
46.6642
47.3914
47.8817
48.1284
39.1733
40.4491
41.8503
43.2539
44.5632
45.7135
46.6642
47.3914
47.8817
48.1284
39.1733
40.4491
41.8504
43.254
44.5633
45.7136
46.6643
47.3915
47.8818
48.1285
39.1734
40.4492
41.8504
43.2541
44.5634
45.7137
46.6644
47.3916
47.8819
48.1286
39.1736
40.4494
41.8506
43.2542
44.5635
45.7138
46.6645
47.3917
47.8821
48.1287
34.9387
35.3405
36.1598
37.1148
38.0672
38.9364
39.6731
40.2461
40.6367
40.8345
34.9385
35.3404
36.1597
37.1147
38.067
38.9363
39.6729
40.246
40.6366
40.8344
34.9385
35.3403
36.1596
37.1147
38.067
38.9362
39.6729
40.2459
40.6365
40.8343
34.9384
35.3403
36.1596
37.1146
38.0669
38.9362
39.6728
40.2458
40.6365
40.8343
34.9384
35.3403
36.1595
37.1146
38.0669
38.9362
39.6728
40.2458
40.6365
40.8343
34.9384
35.3403
36.1595
37.1146
38.0669
38.9362
39.6728
40.2458
40.6365
40.8343
34.9384
35.3403
36.1596
37.1146
38.0669
38.9362
39.6728
40.2459
40.6365
40.8343
34.9385
35.3404
36.1596
37.1147
38.067
38.9363
39.6729
40.2459
40.6366
40.8344
34.9386
35.3405
36.1597
37.1148
38.0671
38.9364
39.673
40.246
40.6367
40.8345
34.9387
35.3406
36.1598
37.1149
38.0672
38.9365
39.6731
40.2462
40.6368
40.8346
405.46
405.478
405.512
405.558
405.609
405.661
405.709
405.747
405.775
405.789
405.46
405.478
405.512
405.558
405.609
405.661
405.709
405.747
405.775
405.789
405.46
405.478
405.512
405.558
405.609
405.661
405.709
405.747
405.775
405.789
405.46
405.478
405.512
405.558
405.609
405.661
405.709
405.747
405.775
405.789
405.46
405.478
405.512
405.558
405.609
405.661
405.709
405.747
405.775
405.789
405.46
405.478
405.512
405.558
405.609
405.661
405.709
405.747
405.775
405.789
405.46
405.478
405.512
405.558
405.609
405.661
405.709
405.747
405.775
405.789
405.46
405.478
405.512
405.558
405.609
405.661
405.709
405.747
405.775
405.789
405.46
405.478
405.512
405.558
405.609
405.661
405.709
405.747
405.775
405.789
405.46
405.478
405.512
405.558
405.609
405.661
405.709
405.747
405.775
405.789
376.433
376.491
376.598
376.741
376.901
377.062
377.208
377.328
377.412
377.455
376.433
376.491
376.598
376.741
376.901
377.062
377.208
377.328
377.412
377.455
376.433
376.491
376.598
376.741
376.901
377.062
377.208
377.328
377.412
377.455
376.433
376.491
376.598
376.741
376.901
377.062
377.208
377.328
377.412
377.455
376.433
376.491
376.598
376.741
376.901
377.062
377.208
377.328
377.412
377.455
376.433
376.491
376.598
376.741
376.901
377.062
377.208
377.328
377.412
377.455
376.433
376.491
376.598
376.741
376.901
377.062
377.208
377.328
377.412
377.455
376.433
376.491
376.598
376.741
376.901
377.062
377.208
377.328
377.412
377.455
376.433
376.491
376.598
376.741
376.901
377.062
377.208
377.328
377.412
377.455
376.433
376.491
376.598
376.741
376.901
377.062
377.208
377.328
377.412
377.455
347.563
347.67
347.866
348.124
348.411
348.697
348.955
349.164
349.312
349.387
347.563
347.67
347.866
348.124
348.411
348.697
348.955
349.164
349.312
349.387
347.563
347.67
347.866
348.124
348.411
348.697
348.955
349.164
349.312
349.387
347.563
347.67
347.866
348.124
348.411
348.697
348.955
349.164
349.311
349.387
347.563
347.67
347.866
348.124
348.411
348.697
348.955
349.164
349.311
349.387
347.563
347.67
347.866
348.124
348.411
348.697
348.955
349.164
349.311
349.387
347.563
347.67
347.866
348.124
348.411
348.697
348.955
349.164
349.311
349.387
347.563
347.67
347.866
348.124
348.411
348.697
348.955
349.164
349.312
349.387
347.563
347.67
347.866
348.124
348.411
348.697
348.955
349.164
349.312
349.387
347.563
347.67
347.866
348.124
348.411
348.697
348.955
349.164
349.312
349.387
318.942
319.113
319.427
319.834
320.281
320.72
321.112
321.427
321.647
321.76
318.941
319.113
319.427
319.834
320.281
320.72
321.111
321.427
321.647
321.76
318.941
319.113
319.427
319.834
320.281
320.72
321.111
321.427
321.647
321.76
318.941
319.113
319.427
319.834
320.281
320.72
321.111
321.427
321.647
321.759
318.941
319.113
319.427
319.834
320.281
320.72
321.111
321.427
321.647
321.759
318.941
319.113
319.427
319.834
320.281
320.72
321.111
321.427
321.647
321.759
318.941
319.113
319.427
319.834
320.281
320.72
321.111
321.427
321.647
321.759
318.941
319.113
319.427
319.834
320.281
320.72
321.111
321.427
321.647
321.76
318.941
319.113
319.427
319.834
320.281
320.72
321.111
321.427
321.647
321.76
318.941
319.113
319.427
319.834
320.281
320.72
321.111
321.427
321.647
321.76
290.631
290.899
291.381
291.993
292.65
293.284
293.84
294.282
294.588
294.744
290.631
290.899
291.381
291.993
292.65
293.284
293.84
294.282
294.588
294.744
290.631
290.899
291.381
291.993
292.65
293.284
293.839
294.282
294.588
294.744
290.631
290.899
291.381
291.993
292.65
293.283
293.839
294.282
294.588
294.744
290.631
290.899
291.381
291.992
292.65
293.283
293.839
294.282
294.588
294.744
290.631
290.899
291.381
291.992
292.65
293.283
293.839
294.282
294.588
294.744
290.631
290.899
291.381
291.992
292.65
293.283
293.839
294.282
294.588
294.744
290.631
290.899
291.381
291.993
292.65
293.284
293.839
294.282
294.588
294.744
290.631
290.899
291.381
291.993
292.65
293.284
293.84
294.282
294.588
294.744
290.631
290.899
291.381
291.993
292.65
293.284
293.84
294.282
294.588
294.744
262.654
263.075
263.81
264.714
265.656
266.54
267.3
267.895
268.302
268.509
262.654
263.075
263.81
264.713
265.656
266.54
267.3
267.895
268.302
268.509
262.654
263.075
263.81
264.713
265.656
266.54
267.3
267.895
268.302
268.508
262.654
263.075
263.81
264.713
265.656
266.54
267.299
267.895
268.302
268.508
262.654
263.075
263.81
264.713
265.656
266.54
267.299
267.895
268.302
268.508
262.654
263.075
263.81
264.713
265.656
266.54
267.299
267.895
268.302
268.508
262.654
263.075
263.81
264.713
265.656
266.54
267.299
267.895
268.302
268.508
262.654
263.075
263.81
264.713
265.656
266.54
267.3
267.895
268.302
268.508
262.654
263.075
263.81
264.713
265.656
266.54
267.3
267.895
268.302
268.509
262.654
263.075
263.81
264.714
265.656
266.54
267.3
267.895
268.302
268.509
234.962
235.645
236.781
238.111
239.44
240.644
241.653
242.428
242.952
243.215
234.962
235.645
236.781
238.111
239.44
240.644
241.653
242.428
242.951
243.215
234.962
235.645
236.781
238.111
239.44
240.644
241.653
242.428
242.951
243.215
234.962
235.645
236.781
238.111
239.44
240.644
241.653
242.428
242.951
243.215
234.962
235.645
236.781
238.111
239.44
240.644
241.653
242.428
242.951
243.215
234.962
235.645
236.781
238.111
239.44
240.644
241.653
242.428
242.951
243.215
234.962
235.645
236.781
238.111
239.44
240.644
241.653
242.428
242.951
243.215
234.962
235.645
236.781
238.111
239.44
240.644
241.653
242.428
242.951
243.215
234.962
235.645
236.781
238.111
239.44
240.644
241.653
242.428
242.951
243.215
234.962
235.645
236.781
238.111
239.44
240.644
241.653
242.428
242.952
243.215
207.381
208.56
210.359
212.316
214.161
215.763
217.063
218.041
218.692
219.017
207.381
208.56
210.359
212.316
214.161
215.763
217.063
218.041
218.692
219.017
207.381
208.56
210.359
212.316
214.161
215.763
217.063
218.041
218.692
219.016
207.381
208.56
210.359
212.316
214.161
215.763
217.063
218.041
218.692
219.016
207.381
208.56
210.359
212.316
214.161
215.763
217.063
218.041
218.692
219.016
207.381
208.56
210.359
212.316
214.161
215.763
217.063
218.041
218.692
219.016
207.381
208.56
210.359
212.316
214.161
215.763
217.063
218.041
218.692
219.016
207.381
208.56
210.359
212.316
214.161
215.763
217.063
218.041
218.692
219.016
207.381
208.56
210.359
212.316
214.161
215.763
217.063
218.041
218.692
219.017
207.381
208.56
210.359
212.316
214.161
215.763
217.063
218.041
218.692
219.017
179.487
181.723
184.655
187.514
190.016
192.08
193.699
194.889
195.67
196.057
179.487
181.723
184.655
187.514
190.016
192.08
193.699
194.889
195.67
196.057
179.486
181.723
184.655
187.514
190.015
192.08
193.699
194.889
195.67
196.057
179.486
181.723
184.655
187.513
190.015
192.079
193.699
194.889
195.67
196.057
179.486
181.723
184.655
187.513
190.015
192.079
193.699
194.889
195.67
196.057
179.486
181.723
184.655
187.513
190.015
192.079
193.699
194.889
195.67
196.057
179.486
181.723
184.655
187.513
190.015
192.079
193.699
194.889
195.67
196.057
179.486
181.723
184.655
187.513
190.015
192.08
193.699
194.889
195.67
196.057
179.487
181.723
184.655
187.514
190.016
192.08
193.699
194.889
195.67
196.057
179.487
181.723
184.655
187.514
190.016
192.08
193.699
194.889
195.67
196.057
150.271
155.113
159.953
164.008
167.257
169.8
171.729
173.119
174.019
174.462
150.271
155.113
159.953
164.008
167.257
169.799
171.729
173.119
174.019
174.461
150.271
155.113
159.953
164.007
167.257
169.799
171.729
173.119
174.019
174.461
150.271
155.113
159.953
164.007
167.257
169.799
171.729
173.119
174.019
174.461
150.27
155.113
159.953
164.007
167.257
169.799
171.729
173.119
174.019
174.461
150.27
155.113
159.953
164.007
167.257
169.799
171.729
173.119
174.019
174.461
150.27
155.113
159.953
164.007
167.257
169.799
171.729
173.119
174.019
174.461
150.271
155.113
159.953
164.007
167.257
169.799
171.729
173.119
174.019
174.461
150.271
155.113
159.953
164.008
167.257
169.799
171.729
173.119
174.019
174.462
150.271
155.113
159.953
164.008
167.257
169.8
171.729
173.119
174.019
174.462
10.1547
10.1782
10.2287
10.3133
10.443
10.6332
10.9031
11.2732
11.7509
12.2562
10.1547
10.1781
10.2286
10.3132
10.443
10.6332
10.903
11.2732
11.7508
12.2561
10.1546
10.1781
10.2286
10.3132
10.4429
10.6331
10.903
11.2732
11.7508
12.2561
10.1546
10.1781
10.2286
10.3132
10.4429
10.6331
10.903
11.2731
11.7508
12.2561
10.1546
10.1781
10.2286
10.3132
10.4429
10.6331
10.903
11.2731
11.7508
12.2561
10.1546
10.1781
10.2286
10.3132
10.4429
10.6331
10.903
11.2731
11.7508
12.2561
10.1546
10.1781
10.2286
10.3132
10.4429
10.6331
10.903
11.2731
11.7508
12.2561
10.1546
10.1781
10.2286
10.3132
10.443
10.6331
10.903
11.2732
11.7508
12.2561
10.1547
10.1781
10.2286
10.3132
10.443
10.6332
10.903
11.2732
11.7509
12.2561
10.1547
10.1782
10.2287
10.3133
10.443
10.6332
10.9031
11.2733
11.7509
12.2562
8.62137
8.64254
8.68736
8.76057
8.86887
9.02005
9.22052
9.46924
9.74262
9.96244
8.62133
8.64251
8.68733
8.76053
8.86883
9.02001
9.22049
9.4692
9.74258
9.96241
8.62131
8.64248
8.6873
8.7605
8.8688
9.01998
9.22046
9.46917
9.74255
9.96239
8.62129
8.64247
8.68729
8.76049
8.86879
9.01996
9.22044
9.46915
9.74253
9.96237
8.62128
8.64246
8.68728
8.76048
8.86878
9.01996
9.22043
9.46915
9.74253
9.96236
8.62128
8.64246
8.68728
8.76048
8.86878
9.01996
9.22044
9.46915
9.74253
9.96237
8.62129
8.64247
8.68729
8.76049
8.86879
9.01997
9.22045
9.46916
9.74254
9.96238
8.62131
8.64249
8.68731
8.76051
8.86881
9.01999
9.22047
9.46918
9.74257
9.9624
8.62133
8.64251
8.68733
8.76054
8.86884
9.02002
9.2205
9.46922
9.7426
9.96244
8.62136
8.64254
8.68737
8.76057
8.86888
9.02006
9.22054
9.46926
9.74265
9.96249
7.30686
7.32484
7.3623
7.42196
7.50714
7.62051
7.76162
7.92229
8.07927
8.18694
7.30683
7.32481
7.36227
7.42193
7.5071
7.62048
7.76159
7.92225
8.07924
8.18691
7.30681
7.32478
7.36225
7.4219
7.50708
7.62045
7.76156
7.92223
8.07922
8.18689
7.30679
7.32477
7.36223
7.42189
7.50707
7.62044
7.76155
7.92222
8.07921
8.18688
7.30679
7.32476
7.36222
7.42188
7.50706
7.62043
7.76154
7.92221
8.0792
8.18687
7.30679
7.32476
7.36223
7.42188
7.50706
7.62043
7.76154
7.92221
8.0792
8.18688
7.30679
7.32477
7.36223
7.42189
7.50707
7.62044
7.76156
7.92222
8.07921
8.18689
7.30681
7.32479
7.36225
7.42191
7.50709
7.62046
7.76158
7.92224
8.07924
8.18691
7.30683
7.32481
7.36228
7.42194
7.50712
7.62049
7.76161
7.92227
8.07927
8.18694
7.30685
7.32484
7.36231
7.42197
7.50715
7.62053
7.76164
7.92231
8.07931
8.18698
6.19539
6.20992
6.2398
6.28627
6.35046
6.43232
6.52879
6.6314
6.72366
6.78131
6.19536
6.2099
6.23977
6.28624
6.35043
6.43229
6.52876
6.63136
6.72363
6.78128
6.19534
6.20987
6.23975
6.28621
6.35041
6.43226
6.52874
6.63134
6.72361
6.78127
6.19532
6.20986
6.23974
6.2862
6.3504
6.43225
6.52873
6.63133
6.7236
6.78125
6.19531
6.20985
6.23973
6.28619
6.35039
6.43224
6.52872
6.63133
6.7236
6.78125
6.19531
6.20985
6.23973
6.2862
6.35039
6.43225
6.52872
6.63133
6.7236
6.78125
6.19532
6.20986
6.23974
6.2862
6.3504
6.43226
6.52873
6.63134
6.72361
6.78126
6.19534
6.20988
6.23975
6.28622
6.35042
6.43227
6.52875
6.63136
6.72363
6.78128
6.19535
6.2099
6.23978
6.28625
6.35044
6.4323
6.52878
6.63139
6.72366
6.78131
6.19538
6.20993
6.23981
6.28628
6.35048
6.43233
6.52881
6.63142
6.72369
6.78135
5.27249
5.28383
5.30683
5.34185
5.38884
5.44657
5.51162
5.57726
5.63295
5.66586
5.27247
5.2838
5.3068
5.34182
5.38881
5.44654
5.51159
5.57723
5.63293
5.66584
5.27245
5.28378
5.30678
5.3418
5.38879
5.44652
5.51157
5.57721
5.63291
5.66582
5.27244
5.28377
5.30677
5.34179
5.38878
5.44651
5.51156
5.5772
5.6329
5.66581
5.27243
5.28377
5.30676
5.34178
5.38877
5.44651
5.51156
5.5772
5.6329
5.66581
5.27243
5.28377
5.30676
5.34178
5.38877
5.44651
5.51156
5.5772
5.6329
5.66581
5.27244
5.28377
5.30677
5.34179
5.38878
5.44652
5.51157
5.57721
5.63291
5.66582
5.27245
5.28379
5.30679
5.34181
5.3888
5.44653
5.51159
5.57723
5.63293
5.66584
5.27247
5.28381
5.30681
5.34183
5.38882
5.44656
5.51161
5.57725
5.63295
5.66587
5.27249
5.28383
5.30684
5.34186
5.38885
5.44659
5.51164
5.57728
5.63298
5.6659
4.52518
4.5338
4.55109
4.57694
4.61076
4.65103
4.69477
4.73716
4.77169
4.79139
4.52515
4.53377
4.55107
4.57691
4.61073
4.651
4.69474
4.73714
4.77167
4.79137
4.52513
4.53375
4.55105
4.5769
4.61071
4.65098
4.69473
4.73712
4.77165
4.79136
4.52512
4.53374
4.55104
4.57689
4.6107
4.65097
4.69472
4.73711
4.77164
4.79135
4.52512
4.53374
4.55103
4.57688
4.6107
4.65097
4.69471
4.73711
4.77164
4.79135
4.52512
4.53374
4.55103
4.57688
4.6107
4.65097
4.69472
4.73711
4.77164
4.79135
4.52512
4.53375
4.55104
4.57689
4.61071
4.65098
4.69472
4.73712
4.77165
4.79136
4.52514
4.53376
4.55105
4.5769
4.61072
4.65099
4.69474
4.73714
4.77167
4.79138
4.52515
4.53378
4.55107
4.57692
4.61074
4.65102
4.69476
4.73716
4.77169
4.7914
4.52517
4.5338
4.5511
4.57695
4.61077
4.65104
4.69479
4.73719
4.77172
4.79143
3.94201
3.9485
3.9614
3.98037
4.00465
4.03282
4.06252
4.09043
4.11249
4.1248
3.94199
3.94848
3.96138
3.98034
4.00463
4.03279
4.0625
4.0904
4.11247
4.12478
3.94198
3.94847
3.96136
3.98033
4.00461
4.03278
4.06248
4.09039
4.11246
4.12477
3.94196
3.94846
3.96135
3.98032
4.0046
4.03277
4.06247
4.09038
4.11245
4.12476
3.94196
3.94845
3.96135
3.98031
4.0046
4.03276
4.06247
4.09038
4.11245
4.12476
3.94196
3.94845
3.96135
3.98032
4.0046
4.03277
4.06247
4.09038
4.11245
4.12476
3.94197
3.94846
3.96136
3.98032
4.00461
4.03277
4.06248
4.09039
4.11246
4.12477
3.94198
3.94847
3.96137
3.98034
4.00462
4.03279
4.06249
4.0904
4.11247
4.12479
3.94199
3.94849
3.96139
3.98036
4.00464
4.03281
4.06252
4.09042
4.11249
4.12481
3.94201
3.94851
3.96141
3.98038
4.00467
4.03284
4.06254
4.09045
4.11252
4.12483
3.51344
3.51839
3.52815
3.5423
3.56009
3.58028
3.60107
3.62014
3.63489
3.64299
3.51342
3.51837
3.52813
3.54228
3.56007
3.58026
3.60105
3.62012
3.63487
3.64297
3.51341
3.51836
3.52811
3.54226
3.56005
3.58025
3.60104
3.62011
3.63486
3.64296
3.5134
3.51835
3.5281
3.54225
3.56005
3.58024
3.60103
3.6201
3.63485
3.64295
3.51339
3.51834
3.5281
3.54225
3.56004
3.58024
3.60103
3.62009
3.63485
3.64295
3.51339
3.51834
3.5281
3.54225
3.56004
3.58024
3.60103
3.6201
3.63485
3.64296
3.5134
3.51835
3.52811
3.54226
3.56005
3.58025
3.60104
3.62011
3.63486
3.64296
3.51341
3.51836
3.52812
3.54227
3.56006
3.58026
3.60105
3.62012
3.63487
3.64298
3.51342
3.51838
3.52813
3.54229
3.56008
3.58028
3.60107
3.62014
3.63489
3.643
3.51344
3.5184
3.52816
3.54231
3.56011
3.5803
3.6011
3.62016
3.63492
3.64302
3.232
3.23596
3.24372
3.25485
3.26865
3.28404
3.29961
3.31362
3.3243
3.3301
3.23198
3.23594
3.2437
3.25483
3.26863
3.28402
3.29959
3.31361
3.32428
3.33008
3.23197
3.23593
3.24369
3.25482
3.26861
3.28401
3.29958
3.31359
3.32427
3.33007
3.23196
3.23592
3.24368
3.25481
3.26861
3.284
3.29957
3.31359
3.32426
3.33007
3.23196
3.23592
3.24368
3.25481
3.2686
3.284
3.29957
3.31358
3.32426
3.33007
3.23196
3.23592
3.24368
3.25481
3.2686
3.284
3.29957
3.31359
3.32427
3.33007
3.23196
3.23593
3.24368
3.25482
3.26861
3.28401
3.29958
3.3136
3.32427
3.33008
3.23197
3.23594
3.24369
3.25483
3.26862
3.28402
3.29959
3.31361
3.32429
3.33009
3.23199
3.23595
3.24371
3.25484
3.26864
3.28404
3.29961
3.31363
3.32431
3.33011
3.232
3.23597
3.24373
3.25487
3.26866
3.28406
3.29963
3.31365
3.32433
3.33013
3.09259
3.09607
3.10286
3.11254
3.12444
3.13759
3.15074
3.16247
3.17132
3.17609
3.09257
3.09605
3.10284
3.11253
3.12442
3.13757
3.15073
3.16245
3.17131
3.17609
3.09256
3.09604
3.10283
3.11251
3.12441
3.13756
3.15072
3.16244
3.1713
3.17608
3.09255
3.09604
3.10282
3.11251
3.12441
3.13756
3.15071
3.16244
3.17129
3.17607
3.09255
3.09603
3.10282
3.1125
3.1244
3.13755
3.15071
3.16244
3.17129
3.17607
3.09255
3.09603
3.10282
3.1125
3.1244
3.13756
3.15071
3.16244
3.17129
3.17608
3.09256
3.09604
3.10283
3.11251
3.12441
3.13756
3.15072
3.16245
3.1713
3.17608
3.09257
3.09605
3.10284
3.11252
3.12442
3.13757
3.15073
3.16246
3.17131
3.1761
3.09258
3.09606
3.10286
3.11254
3.12444
3.13759
3.15075
3.16248
3.17133
3.17612
3.09259
3.09608
3.10288
3.11256
3.12446
3.13762
3.15077
3.1625
3.17136
3.17614
30.3085
30.5868
31.1107
31.7623
32.4449
33.0896
33.649
34.0913
34.3961
34.5514
30.3084
30.5867
31.1106
31.7622
32.4448
33.0895
33.6489
34.0912
34.396
34.5513
30.3083
30.5866
31.1105
31.7621
32.4447
33.0894
33.6488
34.0911
34.396
34.5513
30.3083
30.5866
31.1105
31.7621
32.4447
33.0894
33.6487
34.0911
34.3959
34.5512
30.3083
30.5866
31.1104
31.7621
32.4447
33.0893
33.6487
34.0911
34.3959
34.5512
30.3083
30.5866
31.1104
31.7621
32.4447
33.0894
33.6487
34.0911
34.3959
34.5512
30.3083
30.5866
31.1105
31.7621
32.4447
33.0894
33.6488
34.0911
34.396
34.5513
30.3084
30.5867
31.1105
31.7622
32.4448
33.0895
33.6488
34.0912
34.396
34.5513
30.3084
30.5867
31.1106
31.7622
32.4449
33.0895
33.6489
34.0913
34.3961
34.5514
30.3085
30.5868
31.1107
31.7624
32.445
33.0897
33.649
34.0914
34.3962
34.5516
26.1257
26.3147
26.6645
27.1142
27.6014
28.0742
28.4928
28.8287
29.0626
29.1824
26.1256
26.3146
26.6644
27.1141
27.6013
28.0741
28.4927
28.8287
29.0625
29.1824
26.1255
26.3145
26.6643
27.114
27.6013
28.074
28.4926
28.8286
29.0625
29.1823
26.1255
26.3145
26.6643
27.114
27.6012
28.074
28.4926
28.8285
29.0624
29.1823
26.1255
26.3144
26.6642
27.114
27.6012
28.0739
28.4926
28.8285
29.0624
29.1823
26.1255
26.3144
26.6643
27.114
27.6012
28.0739
28.4926
28.8285
29.0624
29.1823
26.1255
26.3145
26.6643
27.114
27.6012
28.074
28.4926
28.8286
29.0625
29.1823
26.1256
26.3145
26.6643
27.1141
27.6013
28.074
28.4927
28.8286
29.0625
29.1824
26.1256
26.3146
26.6644
27.1141
27.6014
28.0741
28.4928
28.8287
29.0626
29.1825
26.1257
26.3147
26.6645
27.1143
27.6015
28.0742
28.4929
28.8288
29.0627
29.1826
22.4328
22.5619
22.8012
23.1151
23.4631
23.8076
24.1179
24.37
24.5471
24.6383
22.4327
22.5618
22.8012
23.115
23.463
23.8076
24.1178
24.37
24.547
24.6383
22.4327
22.5618
22.8011
23.115
23.4629
23.8075
24.1178
24.3699
24.547
24.6382
22.4326
22.5617
22.801
23.1149
23.4629
23.8075
24.1177
24.3699
24.5469
24.6382
22.4326
22.5617
22.801
23.1149
23.4628
23.8074
24.1177
24.3699
24.5469
24.6382
22.4326
22.5617
22.801
23.1149
23.4629
23.8074
24.1177
24.3699
24.5469
24.6382
22.4326
22.5617
22.8011
23.1149
23.4629
23.8075
24.1177
24.3699
24.547
24.6382
22.4327
22.5618
22.8011
23.115
23.4629
23.8075
24.1178
24.37
24.547
24.6383
22.4327
22.5619
22.8012
23.1151
23.463
23.8076
24.1179
24.37
24.5471
24.6383
22.4328
22.5619
22.8013
23.1152
23.4631
23.8077
24.118
24.3701
24.5472
24.6384
19.2436
19.333
19.4994
19.7207
19.97
20.2207
20.4494
20.6372
20.7701
20.8388
19.2435
19.3329
19.4994
19.7206
19.9699
20.2206
20.4493
20.6371
20.77
20.8388
19.2435
19.3328
19.4993
19.7206
19.9699
20.2206
20.4493
20.6371
20.77
20.8387
19.2434
19.3328
19.4993
19.7205
19.9698
20.2205
20.4492
20.6371
20.7699
20.8387
19.2434
19.3328
19.4992
19.7205
19.9698
20.2205
20.4492
20.637
20.7699
20.8387
19.2434
19.3328
19.4992
19.7205
19.9698
20.2205
20.4492
20.6371
20.7699
20.8387
19.2435
19.3328
19.4993
19.7206
19.9698
20.2205
20.4493
20.6371
20.77
20.8388
19.2435
19.3328
19.4993
19.7206
19.9699
20.2206
20.4493
20.6371
20.77
20.8388
19.2436
19.3329
19.4994
19.7207
19.97
20.2207
20.4494
20.6372
20.7701
20.8389
19.2436
19.333
19.4995
19.7208
19.9701
20.2208
20.4495
20.6373
20.7702
20.839
16.5542
16.6169
16.7344
16.892
17.0717
17.2546
17.4231
17.5626
17.6619
17.7135
16.5541
16.6168
16.7343
16.892
17.0717
17.2545
17.423
17.5625
17.6619
17.7135
16.554
16.6167
16.7342
16.8919
17.0716
17.2544
17.4229
17.5625
17.6618
17.7134
16.554
16.6167
16.7342
16.8919
17.0716
17.2544
17.4229
17.5624
17.6618
17.7134
16.554
16.6167
16.7342
16.8919
17.0716
17.2544
17.4229
17.5624
17.6618
17.7134
16.554
16.6167
16.7342
16.8919
17.0716
17.2544
17.4229
17.5624
17.6618
17.7134
16.554
16.6167
16.7342
16.8919
17.0716
17.2544
17.4229
17.5625
17.6618
17.7134
16.554
16.6168
16.7342
16.8919
17.0716
17.2545
17.423
17.5625
17.6619
17.7135
16.5541
16.6168
16.7343
16.892
17.0717
17.2545
17.423
17.5626
17.6619
17.7135
16.5541
16.6169
16.7344
16.8921
17.0718
17.2546
17.4231
17.5627
17.662
17.7136
14.3509
14.3957
14.48
14.594
14.725
14.8594
14.9843
15.0884
15.1629
15.2017
14.3508
14.3957
14.48
14.5939
14.7249
14.8593
14.9842
15.0883
15.1628
15.2017
14.3508
14.3956
14.4799
14.5939
14.7249
14.8593
14.9842
15.0883
15.1628
15.2016
14.3508
14.3956
14.4799
14.5938
14.7248
14.8592
14.9841
15.0883
15.1628
15.2016
14.3507
14.3956
14.4799
14.5938
14.7248
14.8592
14.9841
15.0883
15.1628
15.2016
14.3507
14.3956
14.4799
14.5938
14.7248
14.8592
14.9841
15.0883
15.1628
15.2016
14.3508
14.3956
14.4799
14.5939
14.7248
14.8593
14.9842
15.0883
15.1628
15.2016
14.3508
14.3956
14.4799
14.5939
14.7249
14.8593
14.9842
15.0883
15.1628
15.2017
14.3508
14.3957
14.48
14.594
14.7249
14.8594
14.9843
15.0884
15.1629
15.2017
14.3509
14.3957
14.4801
14.594
14.725
14.8595
14.9844
15.0885
15.163
15.2018
12.6166
12.6494
12.7114
12.7956
12.8931
12.9937
13.0878
13.1667
13.2233
13.2529
12.6165
12.6494
12.7114
12.7956
12.893
12.9936
13.0877
13.1666
13.2233
13.2529
12.6165
12.6493
12.7113
12.7955
12.893
12.9936
13.0877
13.1666
13.2232
13.2528
12.6165
12.6493
12.7113
12.7955
12.8929
12.9936
13.0877
13.1665
13.2232
13.2528
12.6164
12.6493
12.7113
12.7955
12.8929
12.9936
13.0877
13.1665
13.2232
13.2528
12.6164
12.6493
12.7113
12.7955
12.8929
12.9936
13.0877
13.1665
13.2232
13.2528
12.6165
12.6493
12.7113
12.7955
12.8929
12.9936
13.0877
13.1666
13.2232
13.2529
12.6165
12.6493
12.7113
12.7956
12.893
12.9936
13.0877
13.1666
13.2233
13.2529
12.6165
12.6494
12.7114
12.7956
12.893
12.9937
13.0878
13.1667
13.2233
13.253
12.6166
12.6494
12.7115
12.7957
12.8931
12.9938
13.0879
13.1668
13.2234
13.253
11.3338
11.3589
11.4063
11.4709
11.5461
11.6241
11.6974
11.759
11.8035
11.8267
11.3338
11.3588
11.4062
11.4709
11.546
11.624
11.6973
11.759
11.8034
11.8267
11.3337
11.3588
11.4062
11.4708
11.546
11.624
11.6973
11.7589
11.8034
11.8267
11.3337
11.3587
11.4061
11.4708
11.5459
11.6239
11.6972
11.7589
11.8034
11.8267
11.3337
11.3587
11.4061
11.4708
11.5459
11.6239
11.6972
11.7589
11.8034
11.8266
11.3337
11.3587
11.4061
11.4708
11.5459
11.6239
11.6972
11.7589
11.8034
11.8267
11.3337
11.3587
11.4061
11.4708
11.5459
11.624
11.6973
11.7589
11.8034
11.8267
11.3337
11.3588
11.4062
11.4708
11.546
11.624
11.6973
11.759
11.8034
11.8267
11.3338
11.3588
11.4062
11.4709
11.546
11.6241
11.6974
11.759
11.8035
11.8268
11.3338
11.3589
11.4063
11.471
11.5461
11.6241
11.6974
11.7591
11.8036
11.8269
10.4877
10.5081
10.5467
10.5995
10.661
10.7252
10.7856
10.8367
10.8735
10.8928
10.4877
10.508
10.5466
10.5994
10.661
10.7251
10.7856
10.8366
10.8735
10.8928
10.4876
10.508
10.5466
10.5994
10.6609
10.7251
10.7855
10.8366
10.8734
10.8928
10.4876
10.508
10.5466
10.5994
10.6609
10.7251
10.7855
10.8365
10.8734
10.8928
10.4876
10.5079
10.5465
10.5993
10.6609
10.725
10.7855
10.8365
10.8734
10.8927
10.4876
10.5079
10.5466
10.5993
10.6609
10.725
10.7855
10.8365
10.8734
10.8928
10.4876
10.508
10.5466
10.5994
10.6609
10.7251
10.7855
10.8366
10.8734
10.8928
10.4876
10.508
10.5466
10.5994
10.661
10.7251
10.7856
10.8366
10.8735
10.8928
10.4877
10.508
10.5467
10.5995
10.661
10.7252
10.7856
10.8367
10.8735
10.8929
10.4877
10.5081
10.5467
10.5995
10.6611
10.7252
10.7857
10.8367
10.8736
10.893
10.0675
10.0857
10.1201
10.1673
10.2225
10.28
10.3344
10.3803
10.4135
10.431
10.0675
10.0856
10.1201
10.1673
10.2224
10.28
10.3343
10.3803
10.4135
10.4309
10.0674
10.0856
10.12
10.1672
10.2224
10.2799
10.3343
10.3802
10.4135
10.4309
10.0674
10.0856
10.12
10.1672
10.2224
10.2799
10.3343
10.3802
10.4134
10.4309
10.0674
10.0855
10.12
10.1672
10.2224
10.2799
10.3343
10.3802
10.4134
10.4309
10.0674
10.0855
10.12
10.1672
10.2224
10.2799
10.3343
10.3802
10.4135
10.4309
10.0674
10.0856
10.12
10.1672
10.2224
10.2799
10.3343
10.3802
10.4135
10.4309
10.0674
10.0856
10.1201
10.1673
10.2224
10.28
10.3343
10.3803
10.4135
10.431
10.0675
10.0856
10.1201
10.1673
10.2225
10.28
10.3344
10.3803
10.4136
10.431
10.0675
10.0857
10.1202
10.1674
10.2225
10.2801
10.3345
10.3804
10.4136
10.4311
)
;

boundaryField
{
    inlet1
    {
        type            fixedValue;
        value           uniform 10;
    }
    inlet2
    {
        type            fixedValue;
        value           uniform 20;
    }
    outlet1
    {
        type            zeroGradient;
    }
    outlet2
    {
        type            zeroGradient;
    }
    fixedWalls
    {
        type            zeroGradient;
    }
}


// ************************************************************************* //
