/*--------------------------------*- C++ -*----------------------------------*\
  =========                 |
  \\      /  F ield         | OpenFOAM: The Open Source CFD Toolbox
   \\    /   O peration     | Website:  https://openfoam.org
    \\  /    A nd           | Version:  6
     \\/     M anipulation  |
\*---------------------------------------------------------------------------*/
FoamFile
{
    version     2.0;
    format      ascii;
    class       volScalarField;
    location    "1800";
    object      p;
}
// * * * * * * * * * * * * * * * * * * * * * * * * * * * * * * * * * * * * * //

dimensions      [0 2 -2 0 0 0 0];

internalField   nonuniform List<scalar> 
7000
(
0.0409666
0.0387597
0.0382677
0.0380808
0.0380231
0.0381003
0.0383055
0.0386191
0.0392118
0.0415491
0.0386932
0.0364828
0.0359904
0.0358014
0.0357408
0.0358147
0.0360167
0.0363273
0.0369164
0.0392522
0.0381459
0.0359352
0.0354415
0.0352508
0.0351881
0.0352596
0.0354591
0.0357675
0.0363551
0.0386871
0.0378839
0.0356714
0.0351761
0.0349833
0.0349178
0.0349861
0.0351824
0.0354879
0.0360731
0.0384016
0.037734
0.035519
0.0350218
0.0348263
0.0347574
0.0348218
0.0350141
0.0353161
0.0358986
0.0382228
0.0377103
0.0354927
0.0349933
0.0347949
0.0347222
0.0347825
0.0349706
0.0352688
0.0358482
0.0381676
0.0378153
0.0355952
0.0350938
0.0348925
0.0348162
0.0348723
0.0350563
0.035351
0.0359273
0.0382418
0.03804
0.0358176
0.0353143
0.0351106
0.0350312
0.0350839
0.0352645
0.0355562
0.03613
0.0384406
0.0385596
0.0363344
0.0358299
0.0356243
0.0355426
0.0355927
0.0357707
0.0360603
0.0366322
0.0389403
0.0407995
0.0385738
0.0380665
0.0378583
0.0377736
0.0378205
0.0379952
0.038282
0.0388521
0.0411526
0.0380266
0.0366507
0.0367017
0.0365219
0.0364669
0.0365499
0.036765
0.0370847
0.0371337
0.0386553
0.0365782
0.0351992
0.0352517
0.0350687
0.03501
0.0350889
0.0353001
0.0356166
0.0356598
0.0371773
0.0365767
0.0351992
0.0352498
0.0350652
0.0350044
0.035081
0.0352897
0.035604
0.0356468
0.0371578
0.0363162
0.0349358
0.0349848
0.0347978
0.0347337
0.0348066
0.0350114
0.035322
0.0353624
0.0368691
0.0361627
0.0347792
0.0348263
0.0346361
0.034568
0.0346364
0.0348366
0.0351428
0.0351803
0.036681
0.0361379
0.0347513
0.0347963
0.0346028
0.0345304
0.0345939
0.034789
0.0350906
0.0351248
0.0366186
0.0362441
0.0348546
0.0348976
0.0347007
0.0346242
0.0346829
0.034873
0.03517
0.0352008
0.0366876
0.0364649
0.0350733
0.0351144
0.0349145
0.0348343
0.034889
0.0350748
0.0353681
0.0353961
0.0368763
0.0364416
0.0350451
0.0350861
0.0348842
0.0348018
0.0348538
0.0350369
0.0353277
0.035353
0.0368317
0.0378515
0.0364531
0.036489
0.0362847
0.0361986
0.0362464
0.036425
0.0367112
0.0367356
0.038207
0.0355779
0.0348044
0.0351818
0.035026
0.0350376
0.0351345
0.0353106
0.0356336
0.0353668
0.0363253
0.034718
0.0339443
0.034325
0.0341639
0.034171
0.0342625
0.0344328
0.0347523
0.0344762
0.0354252
0.0350421
0.0342719
0.0346497
0.034487
0.0344917
0.0345805
0.034748
0.0350644
0.0347889
0.035728
0.0347941
0.0340191
0.0343955
0.0342298
0.0342302
0.0343141
0.0344764
0.0347877
0.0345088
0.0354422
0.0346939
0.0339153
0.0342893
0.0341196
0.034115
0.034193
0.0343491
0.0346543
0.0343717
0.0352954
0.0346669
0.0338843
0.034256
0.034082
0.0340718
0.0341435
0.0342926
0.0345911
0.0343041
0.035217
0.0347155
0.0339286
0.0342981
0.0341198
0.0341043
0.0341696
0.0343119
0.0346037
0.0343119
0.0352141
0.034919
0.0341302
0.0344973
0.034315
0.0342948
0.0343546
0.0344909
0.034777
0.0344814
0.0353721
0.0345709
0.0337747
0.0341426
0.0339578
0.0339348
0.0339914
0.034124
0.0344071
0.034107
0.0349967
0.0353828
0.03458
0.0349401
0.0347528
0.0347246
0.0347753
0.0349019
0.035177
0.0348775
0.0357594
0.0343169
0.0337821
0.0341868
0.0340306
0.0341295
0.0342503
0.0343863
0.0347573
0.0344906
0.035277
0.0336773
0.033144
0.0335522
0.0333883
0.0334818
0.0335952
0.0337223
0.0340887
0.033811
0.0345811
0.0340226
0.0334931
0.0338972
0.0337318
0.033822
0.0339319
0.0340553
0.034417
0.0341408
0.0348978
0.0337558
0.0332194
0.033622
0.0334522
0.0335366
0.0336397
0.0337557
0.0341101
0.0338287
0.0345769
0.0337206
0.0331802
0.0335798
0.0334046
0.033482
0.0335769
0.033684
0.0340293
0.0337424
0.0344744
0.0336902
0.0331443
0.0335409
0.0333598
0.0334297
0.0335155
0.0336126
0.0339476
0.0336536
0.0343677
0.0336669
0.0331148
0.0335085
0.0333217
0.0333842
0.0334609
0.0335478
0.0338722
0.0335704
0.034267
0.0338821
0.0333278
0.033718
0.0335258
0.0335817
0.0336505
0.0337283
0.0340434
0.0337353
0.0344127
0.0335116
0.0329484
0.0333401
0.0331442
0.0331965
0.0332608
0.0333332
0.0336435
0.0333284
0.0340002
0.034092
0.0335179
0.0339004
0.0337014
0.0337457
0.0338016
0.0338658
0.034164
0.0338464
0.0345085
0.0334431
0.0330292
0.0333876
0.0332338
0.0334043
0.0335601
0.0336936
0.0341325
0.0339617
0.0347254
0.0329027
0.0324912
0.032852
0.032688
0.0328519
0.0329975
0.0331184
0.0335508
0.0333666
0.0341094
0.0331913
0.0327827
0.0331382
0.0329723
0.0331316
0.0332724
0.0333883
0.0338141
0.0336316
0.0343588
0.0329016
0.0324839
0.0328375
0.0326654
0.0328167
0.0329478
0.0330532
0.0334682
0.0332779
0.0339912
0.0329071
0.0324845
0.032834
0.0326544
0.0327961
0.0329156
0.0330077
0.0334089
0.0332099
0.0338964
0.032872
0.0324423
0.0327876
0.0325999
0.032731
0.0328373
0.0329143
0.0332991
0.0330883
0.0337444
0.0327994
0.0323608
0.0327025
0.0325067
0.0326273
0.0327204
0.0327819
0.0331496
0.0329252
0.0335509
0.0330281
0.0325865
0.0329232
0.0327202
0.0328313
0.0329126
0.0329601
0.0333123
0.0330765
0.0336695
0.0327117
0.0322606
0.0325992
0.0323909
0.032497
0.0325716
0.0326107
0.0329548
0.0327072
0.033288
0.033181
0.0327151
0.0330436
0.032831
0.0329255
0.0329883
0.033016
0.0333419
0.0330891
0.0336516
0.03247
0.0321802
0.0325231
0.0323999
0.0326308
0.0328333
0.0330002
0.0335095
0.033428
0.0342257
0.0320286
0.0317421
0.032086
0.0319501
0.0321722
0.0323614
0.0325113
0.0330108
0.0329157
0.0336853
0.0322887
0.0320038
0.0323414
0.0322029
0.032419
0.0326015
0.0327447
0.0332349
0.0331424
0.0338929
0.0319984
0.0317022
0.0320373
0.03189
0.0320953
0.0322644
0.0323924
0.0328672
0.0327636
0.0334914
0.0320248
0.0317224
0.0320519
0.0318947
0.0320866
0.032239
0.0323476
0.0328011
0.0326835
0.0333678
0.0319843
0.0316725
0.0319965
0.0318281
0.0320051
0.0321383
0.0322239
0.0326513
0.032513
0.033144
0.0318808
0.0315572
0.0318764
0.0316969
0.031859
0.031973
0.0320348
0.0324342
0.0322711
0.0328463
0.0320994
0.0317712
0.0320837
0.0318944
0.0320432
0.0321398
0.0321803
0.0325538
0.0323696
0.0328878
0.0318086
0.0314701
0.0317844
0.0315881
0.0317301
0.0318171
0.0318446
0.0322045
0.0320024
0.0324906
0.0321664
0.0318086
0.032112
0.0319093
0.0320357
0.0321065
0.0321178
0.0324527
0.0322363
0.0326982
0.0314137
0.0312428
0.0315857
0.0315123
0.0318014
0.0320634
0.0322944
0.0328907
0.0329263
0.0338512
0.0310631
0.0308965
0.0312388
0.0311501
0.031428
0.0316728
0.0318816
0.0324641
0.0324835
0.0333799
0.0313079
0.0311415
0.0314766
0.0313846
0.0316546
0.0318907
0.0320905
0.0326606
0.032682
0.0335584
0.0310312
0.0308513
0.0311831
0.0310795
0.0313351
0.0315527
0.0317312
0.0322788
0.0322848
0.0331272
0.0310688
0.0308807
0.0312051
0.0310884
0.0313259
0.0315201
0.0316699
0.0321844
0.0321684
0.0329395
0.0310226
0.0308223
0.0311394
0.0310076
0.0312245
0.0313911
0.0315061
0.0319783
0.0319263
0.0326012
0.0308977
0.0306824
0.0309932
0.0308463
0.0310425
0.0311811
0.0312597
0.031686
0.0315894
0.032155
0.0310914
0.0308691
0.0311713
0.0310113
0.0311888
0.0313023
0.0313483
0.0317323
0.0315958
0.0320554
0.0308126
0.0305793
0.0308829
0.0307137
0.0308819
0.0309815
0.0310083
0.0313698
0.0312029
0.0316087
0.0310667
0.0308086
0.0311002
0.0309215
0.0310695
0.0311477
0.0311523
0.0314802
0.0312961
0.0316585
0.0303682
0.0302915
0.0306256
0.0306053
0.03095
0.0312824
0.0316065
0.0323368
0.0325626
0.033806
0.0300821
0.0300101
0.0303415
0.0303037
0.0306343
0.0309452
0.0312415
0.0319526
0.0321647
0.0333985
0.0303025
0.0302288
0.0305526
0.0305104
0.0308312
0.0311312
0.0314158
0.03211
0.0323275
0.0335437
0.03004
0.0299507
0.0302701
0.030213
0.0305152
0.0307908
0.0310458
0.0317082
0.0319077
0.0330786
0.0300811
0.0299811
0.0302912
0.0302171
0.0304953
0.0307385
0.0309522
0.0315646
0.0317282
0.0327911
0.0300293
0.0299138
0.0302146
0.0301207
0.0303709
0.030575
0.0307365
0.0312808
0.0313777
0.0322585
0.0298912
0.0297572
0.0300499
0.029936
0.030158
0.030322
0.0304283
0.0308969
0.0309051
0.0315591
0.0300596
0.0299155
0.0301974
0.0300664
0.0302629
0.0303914
0.0304493
0.0308483
0.0307785
0.031221
0.0298027
0.0296468
0.0299294
0.0297869
0.0299714
0.0300811
0.0301115
0.0304746
0.0303596
0.0306877
0.0299792
0.0297937
0.0300636
0.0299081
0.0300679
0.030151
0.030154
0.0304793
0.0303382
0.0306221
0.0293319
0.0293272
0.0296447
0.029676
0.0300713
0.0304804
0.0309202
0.0318339
0.0323607
0.0342088
0.0290884
0.0290885
0.0294013
0.0294131
0.0297916
0.0301756
0.0305828
0.03147
0.0319792
0.0338692
0.0292782
0.0292745
0.0295795
0.0295861
0.0299532
0.0303241
0.0307175
0.031583
0.0320923
0.0339671
0.0290284
0.029007
0.0293065
0.0292948
0.0296389
0.0299788
0.0303336
0.0311554
0.0316432
0.0334827
0.0290669
0.029032
0.0293202
0.0292872
0.0296004
0.0298972
0.0301946
0.03094
0.0313739
0.0330633
0.0290103
0.0289563
0.029233
0.0291746
0.0294509
0.0296938
0.029915
0.0305505
0.0308639
0.0322203
0.0288666
0.0287905
0.0290571
0.028973
0.0292118
0.0293988
0.0295381
0.03005
0.0302024
0.031089
0.0290129
0.028923
0.0291766
0.0290706
0.0292758
0.029414
0.0294826
0.0298866
0.029899
0.0303482
0.0287852
0.0286832
0.0289368
0.0288171
0.0290072
0.0291209
0.0291524
0.0295056
0.0294443
0.0296965
0.0289077
0.028771
0.0290113
0.028875
0.0290365
0.0291202
0.0291228
0.0294396
0.0293818
0.0296253
0.0282609
0.0283144
0.0286136
0.0286923
0.0291272
0.029606
0.0301593
0.0312845
0.0323346
0.035165
0.0280496
0.0281078
0.0284006
0.0284588
0.028875
0.0293265
0.0298452
0.0309367
0.0319586
0.0350695
0.0282114
0.028264
0.0285491
0.0286016
0.0290055
0.0294432
0.0299473
0.0310101
0.0320134
0.0351087
0.0279758
0.0280089
0.0282876
0.0283185
0.0286954
0.0290961
0.0295539
0.030562
0.0315528
0.0347443
0.028009
0.0280255
0.0282912
0.0282964
0.0286352
0.028981
0.0293633
0.0302645
0.0311757
0.0342788
0.0279488
0.0279426
0.0281947
0.0281686
0.0284604
0.0287346
0.0290099
0.0297447
0.0304331
0.032908
0.0278053
0.0277735
0.0280134
0.0279554
0.0281994
0.0283985
0.0285567
0.0291015
0.0294804
0.030906
0.02793
0.0278806
0.0281055
0.0280206
0.0282223
0.0283574
0.0284186
0.0288012
0.0289139
0.0293626
0.0277313
0.0276694
0.0278936
0.0277934
0.0279776
0.0280842
0.0281008
0.0284139
0.0284313
0.0285163
0.0278122
0.0277118
0.027923
0.0278036
0.0279581
0.0280362
0.0280327
0.0283383
0.0284349
0.0286443
0.0271278
0.0272285
0.0275077
0.0276256
0.0280815
0.0286051
0.029236
0.0304555
0.0318664
0.0361701
0.026944
0.02705
0.0273219
0.02742
0.0278579
0.0283554
0.0289543
0.0301488
0.0314393
0.0358073
0.0270834
0.0271824
0.0274477
0.0275404
0.0279669
0.0284521
0.0290401
0.0302125
0.031428
0.0356107
0.0268647
0.026943
0.0272015
0.0272705
0.0276676
0.0281129
0.0286539
0.029774
0.0310166
0.035529
0.0268927
0.0269517
0.0271961
0.0272356
0.0275884
0.0279687
0.0284196
0.0294066
0.030541
0.034968
0.0268312
0.0268642
0.0270931
0.0270957
0.0273919
0.0276823
0.0279933
0.0287526
0.0295565
0.0329307
0.0266922
0.0266965
0.0269115
0.0268764
0.0271146
0.0273099
0.0274636
0.0279553
0.0283386
0.0300282
0.0267967
0.0267796
0.0269781
0.0269115
0.0270993
0.0272164
0.0272448
0.0275191
0.0275863
0.027792
0.026624
0.0265949
0.0267928
0.02671
0.0268793
0.0269665
0.0269482
0.0271526
0.0271733
0.027022
0.0266733
0.0266018
0.0267875
0.0266841
0.026826
0.0268936
0.0268809
0.0271341
0.0273955
0.0279406
0.0259287
0.0260648
0.0263192
0.0264619
0.0269091
0.0274198
0.0280122
0.0290212
0.0296409
0.0331025
0.0257699
0.0259127
0.0261602
0.026286
0.0267195
0.0272104
0.0277742
0.028764
0.0290772
0.0311544
0.0258915
0.0260266
0.0262693
0.0263912
0.0268168
0.0273011
0.0278644
0.0288605
0.0291678
0.0309479
0.0256916
0.0258058
0.026042
0.0261397
0.0265365
0.0269823
0.0275075
0.0284731
0.0288293
0.0311049
0.0257159
0.0258088
0.0260307
0.0260967
0.0264452
0.0268191
0.0272426
0.0280534
0.0282451
0.0300946
0.0256558
0.0257202
0.0259257
0.0259505
0.026235
0.0265048
0.0267611
0.0273021
0.0271773
0.0276306
0.0255252
0.0255587
0.0257495
0.0257321
0.0259512
0.0261117
0.0261845
0.0264245
0.0260309
0.0250294
0.0256119
0.0256208
0.0257945
0.0257424
0.0259061
0.025982
0.0259265
0.0259571
0.0254866
0.0238723
0.0254644
0.0254619
0.0256353
0.0255675
0.0257145
0.0257661
0.0256859
0.0256935
0.025381
0.0243908
0.025489
0.0254423
0.0256058
0.0255184
0.0256445
0.0256943
0.025667
0.0258092
0.0259541
0.0267588
0.0246609
0.0248194
0.025042
0.0251923
0.0256009
0.026036
0.0264719
0.0271452
0.0266285
0.027546
0.0245254
0.0246934
0.0249111
0.0250503
0.0254545
0.0258881
0.0263158
0.0270276
0.0265302
0.0261437
0.0246329
0.0247934
0.0250088
0.0251473
0.0255509
0.0259933
0.0264515
0.0272644
0.0271384
0.0277079
0.0244533
0.0245939
0.0248043
0.0249205
0.0252997
0.0257118
0.0261507
0.026969
0.0268962
0.0280115
0.0244765
0.0245951
0.0247923
0.0248767
0.0252075
0.0255453
0.0258801
0.0265219
0.0263018
0.0270628
0.0244211
0.02451
0.0246914
0.0247327
0.0249964
0.0252243
0.0253816
0.0257247
0.025285
0.024621
0.0243031
0.0243603
0.0245275
0.0245249
0.0247209
0.0248362
0.0248088
0.0248311
0.0242478
0.0222632
0.0243767
0.0244073
0.0245581
0.0245199
0.0246603
0.0246936
0.0245545
0.0243779
0.0237267
0.0211916
0.0242543
0.0242755
0.0244275
0.0243759
0.0245034
0.0245191
0.0243781
0.024202
0.0235821
0.0215518
0.024264
0.0242398
0.0243851
0.0243165
0.0244317
0.0244621
0.0244144
0.0244341
0.0241607
0.0240267
0.0233274
0.0234975
0.0236841
0.0238324
0.0241952
0.0245584
0.0248555
0.0253946
0.0245192
0.0233208
0.0232152
0.0233985
0.023584
0.0237299
0.0241041
0.0245002
0.0248557
0.0255502
0.0252411
0.0242273
0.0233118
0.0234886
0.0236752
0.0238251
0.0242094
0.024638
0.0250764
0.0259758
0.0262421
0.0268959
0.0231539
0.0233131
0.0234972
0.0236288
0.0239965
0.024406
0.0248399
0.0257565
0.0260106
0.0268858
0.023179
0.0233169
0.0234902
0.0235918
0.0239137
0.0242477
0.0245698
0.0252659
0.0252174
0.0253118
0.0231319
0.0232406
0.0233998
0.0234591
0.0237145
0.0239366
0.0240775
0.0244126
0.0241175
0.0228119
0.0230303
0.0231083
0.0232553
0.023272
0.0234615
0.0235724
0.0235382
0.0235243
0.0232167
0.0211643
0.0230946
0.0231457
0.0232785
0.0232608
0.0233973
0.0234282
0.0232896
0.0230827
0.0227727
0.0205244
0.0229976
0.0230415
0.023177
0.0231485
0.0232749
0.0232854
0.0231338
0.0229189
0.022456
0.0202471
0.0229984
0.0229981
0.0231311
0.0230886
0.0232092
0.0232378
0.0231814
0.0231762
0.0227605
0.0219925
0.0219259
0.0220966
0.0222454
0.0223876
0.0227135
0.0230502
0.0233065
0.023914
0.023566
0.0222765
0.0218368
0.0220258
0.0221777
0.0223278
0.0226824
0.0230902
0.0234829
0.0243355
0.0247825
0.0251144
0.0219256
0.0221094
0.0222659
0.0224245
0.0227993
0.0232621
0.0237813
0.0248933
0.0260036
0.0287235
0.0217905
0.0219603
0.0221177
0.022263
0.0226297
0.0230856
0.0236099
0.0247578
0.0259192
0.0287878
0.0218209
0.0219716
0.0221214
0.02224
0.0225645
0.0229401
0.0233263
0.0241727
0.0247545
0.0256119
0.0217856
0.0219096
0.0220486
0.022128
0.0223895
0.0226478
0.0228385
0.0232272
0.0232333
0.0219664
0.021704
0.0218005
0.0219312
0.0219727
0.0221751
0.0223267
0.0223615
0.0223714
0.0222855
0.0203624
0.0217643
0.0218353
0.0219555
0.0219669
0.0221241
0.0222036
0.022156
0.022007
0.0220674
0.0204575
0.0216922
0.0217601
0.0218855
0.0218896
0.0220401
0.0220965
0.022016
0.0218573
0.0217861
0.019802
0.0216926
0.0217184
0.0218461
0.0218395
0.0219897
0.0220616
0.0220486
0.0221059
0.0218893
0.0206431
0.0204646
0.0206258
0.0207364
0.0208702
0.021166
0.0215136
0.0218157
0.0225654
0.0230716
0.0231491
0.0203989
0.0205832
0.0207005
0.0208508
0.021187
0.0216293
0.0221121
0.0231452
0.0243844
0.0270365
0.0204817
0.0206625
0.020787
0.0209489
0.0213117
0.0218241
0.0224713
0.0238463
0.025964
0.0332314
0.0203703
0.0205414
0.0206706
0.0208247
0.0211888
0.0217114
0.0224005
0.0238609
0.0262854
0.03482
0.0204086
0.0205642
0.0206901
0.0208216
0.0211477
0.0215848
0.0221054
0.0231391
0.0246799
0.0293075
0.0203881
0.0205216
0.0206412
0.0207391
0.0210085
0.0213213
0.0216154
0.0220714
0.022507
0.022662
0.0203294
0.0204413
0.0205582
0.0206266
0.0208511
0.0210669
0.0212181
0.0212661
0.0213218
0.0197741
0.0203894
0.0204797
0.0205919
0.0206382
0.0208337
0.0209975
0.0210989
0.0210367
0.0212909
0.0200301
0.0203417
0.0204333
0.0205535
0.0205974
0.0207933
0.0209403
0.0209968
0.0209304
0.0211979
0.0191882
0.0203459
0.0204002
0.0205282
0.0205662
0.0207686
0.0209326
0.0210267
0.021189
0.0212553
0.0193125
0.0189466
0.0190845
0.0191533
0.0192667
0.0195177
0.019866
0.020219
0.021051
0.022105
0.0230815
0.018903
0.0190681
0.0191443
0.0192781
0.0195694
0.020009
0.0205448
0.0216083
0.0230564
0.0272647
0.0189809
0.0191435
0.0192278
0.0193738
0.0196915
0.0202034
0.0209408
0.022416
0.0249049
0.0370735
0.0188931
0.019051
0.0191431
0.0192872
0.0196156
0.0201568
0.021
0.0226459
0.0256838
0.0413585
0.0189413
0.0190886
0.0191826
0.0193093
0.0196063
0.0200601
0.0207101
0.0218516
0.0236895
0.0335923
0.0189379
0.0190699
0.0191639
0.0192656
0.0195191
0.0198511
0.0202381
0.0207335
0.0211507
0.0230761
0.0189043
0.0190234
0.0191229
0.0192084
0.0194416
0.0197041
0.0199697
0.0200796
0.0201758
0.0188175
0.0189683
0.0190725
0.0191753
0.019252
0.0194829
0.0197339
0.020006
0.0200808
0.0205513
0.019287
0.0189436
0.0190554
0.0191703
0.0192521
0.0194955
0.0197503
0.0199912
0.0200598
0.020813
0.0187448
0.0189581
0.0190388
0.0191681
0.0192512
0.0195127
0.0198013
0.0200673
0.0203805
0.0211128
0.0187354
0.0173858
0.0174839
0.0175032
0.0175733
0.0177394
0.0180228
0.0183438
0.0190338
0.020255
0.0217771
0.0173622
0.0174896
0.0175139
0.0176017
0.0177931
0.0181301
0.0185656
0.0193142
0.0201726
0.0246292
0.0174353
0.0175606
0.0175922
0.0176895
0.0179002
0.0182884
0.0189122
0.0200818
0.0214734
0.0352906
0.0173701
0.0174961
0.017538
0.0176398
0.017871
0.0182986
0.0190972
0.0205578
0.0222682
0.0415368
0.0174293
0.0175508
0.0176003
0.0176932
0.0179067
0.0182584
0.0188909
0.0199184
0.0203036
0.0328049
0.017444
0.0175595
0.0176175
0.0176995
0.0178962
0.0181636
0.018564
0.019069
0.0187239
0.0210475
0.0174366
0.0175506
0.0176248
0.0177103
0.0179264
0.0181961
0.0185723
0.018855
0.0192315
0.0183103
0.0175065
0.0176151
0.0177031
0.0177978
0.0180494
0.0183817
0.0188701
0.0192457
0.0206463
0.0207222
0.0175027
0.0176251
0.0177289
0.0178369
0.0181152
0.0184835
0.0189818
0.0193345
0.0213626
0.0211457
0.0175289
0.0176288
0.017754
0.0178721
0.0181822
0.018608
0.0191389
0.0197263
0.0218745
0.021663
0.0157942
0.0158351
0.0157957
0.0157944
0.0158257
0.0159529
0.0161542
0.0164724
0.0177778
0.0236437
0.0157874
0.0158572
0.0158178
0.0158248
0.015853
0.0159608
0.0161282
0.0162706
0.0162133
0.0226233
0.0158555
0.0159226
0.0158879
0.0158981
0.0159293
0.01603
0.0162689
0.0166749
0.0155602
0.0278263
0.015811
0.015884
0.0158608
0.01588
0.0159375
0.0160585
0.0164567
0.0171936
0.0153039
0.0320026
0.0158808
0.0159567
0.0159467
0.0159681
0.0160308
0.0161062
0.0163901
0.0169745
0.0142
0.0250271
0.0159133
0.0159941
0.0160029
0.0160335
0.0161232
0.0162113
0.0164103
0.0168398
0.0154927
0.0188547
0.0159308
0.0160238
0.0160612
0.016121
0.0162831
0.0164989
0.0169155
0.0174071
0.0186146
0.0230888
0.0160079
0.0161064
0.0161689
0.0162596
0.0164992
0.0168727
0.0175986
0.0183158
0.0212422
0.0296463
0.0160208
0.0161394
0.0162203
0.0163313
0.0166067
0.0170425
0.0178485
0.0184805
0.0221979
0.0318775
0.016061
0.0161651
0.0162728
0.0164019
0.016718
0.0172283
0.0180779
0.0188757
0.0227719
0.0322331
0.0141952
0.0141654
0.014063
0.0139688
0.0138284
0.0136967
0.0137222
0.0137778
0.0134183
0.0257098
0.0142022
0.014199
0.01409
0.0139911
0.0138146
0.0135842
0.0134037
0.0130621
0.0107827
0.0218899
0.0142644
0.0142576
0.01415
0.0140447
0.0138491
0.0135363
0.0131907
0.012769
0.00758737
0.0156523
0.0142379
0.0142413
0.014145
0.0140487
0.0138797
0.0135401
0.0131726
0.0130238
0.00543903
0.010397
0.0143164
0.0143304
0.0142523
0.0141707
0.0140388
0.0137084
0.0132981
0.0135052
0.00667944
0.00997127
0.0143641
0.014395
0.0143459
0.0142979
0.0142485
0.0140784
0.0138884
0.0144461
0.012282
0.0191854
0.0144031
0.0144598
0.014451
0.0144596
0.0145354
0.0146347
0.0150293
0.0159129
0.0177994
0.0345049
0.0144855
0.0145583
0.0145839
0.0146433
0.0148271
0.0151542
0.0160844
0.0172621
0.0205092
0.0437873
0.01451
0.0146059
0.0146487
0.0147301
0.0149444
0.0153232
0.0163867
0.0174133
0.0206156
0.0442121
0.0145608
0.0146495
0.0147208
0.0148228
0.0150741
0.0155103
0.01658
0.0176164
0.0202451
0.0405772
0.0356231
0.0366511
0.0354799
0.0313617
0.0273331
0.0255556
0.0257559
0.0266839
0.0277926
0.0278942
0.0355435
0.0373798
0.0361241
0.0314854
0.0269023
0.0245214
0.0245005
0.0257727
0.0277299
0.0292189
0.0358875
0.037127
0.0346612
0.0300679
0.025704
0.0233361
0.0233111
0.0245974
0.0265692
0.0277742
0.0357375
0.0364093
0.0345846
0.0307433
0.0262835
0.0231993
0.022377
0.0231801
0.0249414
0.0255885
0.0349786
0.0353638
0.0344133
0.031523
0.0269016
0.0230408
0.0212317
0.0212141
0.0227571
0.0234153
0.0325803
0.0329436
0.0324525
0.0303714
0.0260178
0.0220326
0.0197629
0.0191989
0.0205836
0.0213893
0.0290242
0.0292566
0.0287703
0.0268942
0.0229002
0.0193612
0.0174559
0.0171777
0.018705
0.0195103
0.0267491
0.0263872
0.0256382
0.0235063
0.019712
0.0168441
0.0157957
0.0161069
0.0176058
0.0178104
0.0267089
0.0263108
0.0248973
0.0222942
0.0189015
0.016586
0.0159233
0.0162082
0.0172814
0.0166881
0.0278673
0.0279608
0.0259327
0.0227558
0.0195435
0.0173329
0.0164642
0.0163614
0.0170272
0.0160323
0.0321061
0.0327355
0.030821
0.0265413
0.0230957
0.0222165
0.023527
0.0257343
0.0280976
0.0299564
0.031406
0.0321916
0.030138
0.0262814
0.0228687
0.021321
0.0217865
0.0237084
0.026756
0.0294045
0.0328668
0.0324709
0.0301348
0.026789
0.023213
0.021061
0.0210749
0.0227121
0.025404
0.0278032
0.0324398
0.0323036
0.0302732
0.0269692
0.023131
0.0205853
0.020022
0.0210684
0.0233323
0.0253054
0.0309748
0.0313714
0.0299955
0.0269547
0.0228478
0.0200981
0.0191251
0.019491
0.0212043
0.0228008
0.0279526
0.0287613
0.027883
0.0252165
0.0211422
0.0185796
0.0175397
0.017539
0.0189908
0.0205125
0.0240084
0.0249027
0.0241174
0.0216066
0.0177816
0.0156135
0.0149596
0.0153268
0.0170642
0.0187635
0.021909
0.022259
0.0213866
0.0188088
0.0152287
0.0133651
0.0132618
0.0143138
0.0163629
0.0181943
0.0234394
0.0225663
0.021243
0.0186563
0.0154564
0.013745
0.0137263
0.0148944
0.0166962
0.0184621
0.0265939
0.025346
0.0233436
0.0205899
0.0175734
0.0155529
0.0150032
0.0156225
0.0169071
0.0186598
0.0275371
0.0273922
0.024711
0.0211815
0.0185431
0.01801
0.0198617
0.0230855
0.0265747
0.0285838
0.0276276
0.0260738
0.0227854
0.0199812
0.0178152
0.0174007
0.0187557
0.0211671
0.0244962
0.0268138
0.0301633
0.0267402
0.0247587
0.0223633
0.0194677
0.0181062
0.0186505
0.0204303
0.0230595
0.024918
0.0296134
0.0276206
0.0254276
0.0224784
0.0190982
0.0172108
0.0174061
0.0188329
0.0209835
0.0222622
0.0278723
0.0271079
0.0250022
0.0215183
0.0177828
0.015883
0.0159661
0.0172308
0.019122
0.0199401
0.0249338
0.0248038
0.0230958
0.01947
0.015445
0.0137538
0.0139357
0.0152062
0.017025
0.0178502
0.0216752
0.0215637
0.0204404
0.0169417
0.0129116
0.0114996
0.0119179
0.0133804
0.0153587
0.0163475
0.0194582
0.0200299
0.0194128
0.0162748
0.0124124
0.0109004
0.0112231
0.0127747
0.0149915
0.0163173
0.0206499
0.0207907
0.0203312
0.0178656
0.0145926
0.0127283
0.012254
0.0134205
0.0155587
0.0173709
0.0242019
0.0231876
0.0222321
0.0202108
0.0171599
0.0146938
0.0134079
0.0139554
0.015732
0.0175858
0.0242266
0.0219905
0.0188721
0.0160677
0.0137043
0.0133797
0.0156069
0.0192063
0.0229616
0.0244573
0.0247483
0.0199309
0.0161132
0.0136172
0.0117569
0.0122307
0.0146377
0.0175949
0.0209112
0.0225083
0.0256661
0.0219778
0.0195329
0.0166584
0.0136548
0.0131126
0.0147895
0.0171546
0.0197954
0.0208676
0.0257856
0.023745
0.0210717
0.0174606
0.0138678
0.0125037
0.0137088
0.0158407
0.0179838
0.0184066
0.0242943
0.0234827
0.0205521
0.0160368
0.0120035
0.0107179
0.0119566
0.0141205
0.0162043
0.0161795
0.0217519
0.0217061
0.0191518
0.0140977
0.00939721
0.00821981
0.00943574
0.0116839
0.0139834
0.0141565
0.0195388
0.019519
0.0179469
0.0130949
0.00801643
0.00639975
0.00715928
0.00961899
0.0122976
0.0128198
0.0183105
0.0189934
0.0183546
0.0144136
0.00971281
0.00740903
0.0071934
0.00934721
0.0121023
0.0129958
0.0193401
0.0202042
0.0203059
0.0175694
0.0139647
0.01142
0.00998776
0.0107308
0.0128811
0.0141858
0.0225841
0.0220519
0.0220163
0.0203207
0.0169978
0.0141589
0.0120386
0.0116723
0.0129627
0.013784
0.0234953
0.0188541
0.0154731
0.0115878
0.00807459
0.00779266
0.0108197
0.015016
0.018953
0.0201937
0.0231321
0.0156271
0.0124645
0.00875457
0.00582516
0.00667309
0.0101331
0.013814
0.017225
0.0184622
0.0228896
0.0192734
0.0154311
0.0105403
0.00697465
0.00717435
0.0102662
0.0135858
0.0165124
0.017204
0.0234002
0.0217246
0.0175578
0.0120185
0.00790965
0.00732601
0.00989786
0.012903
0.0152219
0.0150596
0.0219655
0.0215003
0.0173094
0.0110814
0.00658584
0.00619971
0.00882999
0.0116901
0.0137144
0.0129138
0.0197542
0.0200001
0.0166603
0.00975488
0.00456716
0.00439156
0.0067694
0.00928727
0.0112426
0.0108141
0.0179968
0.0185594
0.0167463
0.0103253
0.0043971
0.00325777
0.00453022
0.0066858
0.00897544
0.00918035
0.017472
0.0184172
0.0178582
0.0132317
0.00723804
0.00463483
0.00412225
0.00567974
0.00833962
0.00899879
0.0183664
0.019415
0.019861
0.0169388
0.0121761
0.0088513
0.0068089
0.00737394
0.00937755
0.0101837
0.0212298
0.0208574
0.0213515
0.0195575
0.015806
0.0127061
0.0102747
0.00938027
0.0100398
0.00991952
0.0241933
0.0187206
0.0152869
0.00889497
0.00383216
0.00339722
0.00694576
0.0119122
0.0161152
0.0170353
0.0218058
0.0146485
0.0122954
0.00574196
0.00179261
0.00262533
0.00671052
0.0111047
0.0147302
0.0157263
0.0229421
0.0183153
0.0129553
0.00571167
0.00213374
0.00283228
0.00678397
0.0109492
0.0142375
0.0147015
0.0246223
0.0214182
0.0150667
0.00733414
0.0029535
0.0031285
0.00672844
0.0106052
0.0133068
0.0126904
0.0223433
0.0211033
0.0153991
0.0073282
0.00247999
0.00287277
0.00657603
0.0101553
0.0122875
0.0107931
0.0191136
0.0191188
0.0153778
0.00694237
0.00164318
0.00223063
0.00559883
0.0083775
0.0100767
0.00887483
0.0170046
0.0178668
0.0163271
0.00888813
0.00274847
0.00226924
0.00430749
0.0059138
0.00741214
0.00688833
0.0165289
0.0177827
0.0178437
0.0129537
0.006249
0.00407987
0.00399783
0.0045614
0.0060174
0.00591721
0.0169755
0.0183507
0.0194937
0.0168034
0.0109498
0.00752435
0.00571344
0.00537693
0.00670908
0.00674292
0.0192395
0.0193061
0.020491
0.0189671
0.014669
0.0113697
0.00889559
0.00777762
0.00798598
0.0071785
0.0232952
0.0191625
0.0164755
0.00863301
0.00272848
0.00257274
0.00624919
0.0115309
0.0154722
0.0155038
0.0195776
0.0160035
0.013759
0.00526408
0.000801355
0.00159868
0.00594863
0.0107445
0.014378
0.0147542
0.0235764
0.0188334
0.0124212
0.00358669
0.000791289
0.0016672
0.00584863
0.0104745
0.0138235
0.0137766
0.0271641
0.0221835
0.0142032
0.00492608
0.00131194
0.00175041
0.00549344
0.00987827
0.0127843
0.011621
0.0233901
0.0211908
0.0150915
0.00589362
0.0012987
0.00164769
0.00539317
0.00965747
0.0119015
0.00980212
0.0178322
0.0178998
0.0152768
0.00676378
0.00139588
0.00182684
0.00537908
0.00869155
0.010189
0.00811754
0.0147084
0.0164564
0.0164176
0.00980321
0.00345522
0.00300182
0.0055561
0.00676285
0.00760403
0.00604997
0.0146442
0.0165326
0.018205
0.0144571
0.00758399
0.00581312
0.00615635
0.00531097
0.00554306
0.00445247
0.0150175
0.0169604
0.0195644
0.0180515
0.0120008
0.00879624
0.00722121
0.00532852
0.00519284
0.00449625
0.0169946
0.0178161
0.0202759
0.0197213
0.0152462
0.0120398
0.00965287
0.00739816
0.00642893
0.00544152
0.0199387
0.0186556
0.0185837
0.0129585
0.00584972
0.00504464
0.00868904
0.0140456
0.0177305
0.0170423
0.0158479
0.0165916
0.0170079
0.00992544
0.00359962
0.00378843
0.00807408
0.0131515
0.017126
0.0171225
0.0215124
0.0192928
0.0152477
0.00681344
0.00261365
0.00345248
0.00765391
0.0125735
0.0162789
0.0160943
0.0271401
0.0226357
0.0164324
0.00712046
0.00250596
0.00313547
0.00686178
0.0115054
0.0147343
0.0137053
0.0219137
0.0203627
0.017297
0.00859781
0.0027857
0.00300542
0.00672669
0.0110665
0.01326
0.0108203
0.0146286
0.0157188
0.0172575
0.0106332
0.00393062
0.00363814
0.00728153
0.0103129
0.0109559
0.00772822
0.0117033
0.0145516
0.0178568
0.0146893
0.00710153
0.00581274
0.00804232
0.00850329
0.00800486
0.00516695
0.0133681
0.015386
0.0194122
0.0192643
0.0120135
0.00909617
0.00855534
0.00613235
0.00523852
0.00342389
0.0145399
0.0162946
0.0207251
0.0221599
0.0165749
0.0121163
0.00872558
0.00483343
0.0037107
0.00229533
0.0172873
0.0176754
0.0215585
0.0235542
0.0194614
0.0151125
0.0106322
0.00559548
0.00383083
0.00218092
0.0206017
0.0191606
0.0215142
0.0203669
0.0136225
0.0106106
0.0128969
0.0171406
0.0208849
0.0201097
0.0142269
0.0172328
0.0213621
0.0185719
0.0111946
0.00967659
0.0129031
0.0170079
0.021114
0.0207507
0.0183015
0.0201399
0.0207786
0.0153451
0.00900442
0.00853388
0.0120834
0.0159545
0.0199756
0.0204857
0.0232663
0.0224568
0.0213757
0.0146542
0.00803385
0.00698893
0.0101273
0.013589
0.0172682
0.0194597
0.0181901
0.0200897
0.0225168
0.0162124
0.00843028
0.00639717
0.00861818
0.0109194
0.0137266
0.018384
0.0129195
0.01671
0.0240237
0.0202244
0.0109403
0.00746583
0.00788993
0.0077358
0.00969652
0.0177262
0.0151577
0.0169854
0.0247085
0.0260468
0.0162304
0.010507
0.00756236
0.00337193
0.00610629
0.0178331
0.0223937
0.0189123
0.0248427
0.0297604
0.0223681
0.0143074
0.00674939
-0.0010904
0.00323394
0.0176893
0.0261408
0.0206144
0.025083
0.0309149
0.0262199
0.0177333
0.0072413
-0.0019964
0.00142665
0.0160632
0.0294372
0.0228833
0.0260884
0.0314453
0.0284456
0.0216747
0.0109938
-0.000230009
0.00182529
0.0152889
0.0358628
0.0227296
0.0220306
0.0221455
0.018457
0.0155155
0.0140593
0.0146563
0.0273542
0.0542795
0.0263598
0.0216292
0.0223028
0.0213109
0.0168061
0.0144977
0.0137025
0.0142568
0.0282425
0.0590016
0.0215068
0.0224926
0.0224032
0.0195779
0.0155179
0.0144255
0.0141937
0.0140291
0.0294012
0.0665739
0.0197268
0.0226539
0.0230724
0.0200429
0.0167501
0.0164702
0.0156774
0.0136106
0.0306285
0.0783949
0.0198196
0.0240105
0.0265837
0.0244054
0.0213565
0.0210896
0.0183223
0.0125619
0.031799
0.0961934
0.0273958
0.027664
0.0319462
0.0319684
0.0285455
0.0268669
0.0204155
0.0101307
0.0339196
0.115225
0.0470078
0.032744
0.0359078
0.0385125
0.0354243
0.0314045
0.0207553
0.00781162
0.0370812
0.129018
0.0630894
0.0367067
0.0361376
0.0409307
0.039109
0.0335497
0.0205863
0.00744542
0.0400059
0.13589
0.0666911
0.0379197
0.0342989
0.0402316
0.039268
0.0338468
0.0211936
0.00911439
0.0419117
0.136228
0.0633662
0.038633
0.0335909
0.0383251
0.0379799
0.0343167
0.0243002
0.0134562
0.0431326
0.130712
0.0296379
0.0305365
0.0300873
0.0296261
0.0297021
0.0296681
0.029481
0.0298596
0.0295003
0.0298324
0.0336077
0.0308153
0.0298009
0.0291826
0.0292442
0.0292383
0.0290807
0.0294911
0.0291444
0.0294755
0.0313764
0.0302955
0.0297091
0.0292729
0.0294289
0.0294802
0.0293598
0.0297891
0.0294582
0.0298009
0.0290158
0.0288772
0.0286851
0.0284737
0.0287708
0.0289147
0.0288537
0.0293241
0.0290086
0.0293792
0.0274687
0.0280077
0.028129
0.02816
0.0286127
0.0288612
0.0288692
0.029384
0.0290913
0.0294861
0.0259369
0.0270295
0.027389
0.0276546
0.0282613
0.028615
0.0286929
0.0292543
0.0289828
0.0294069
0.0239303
0.0258912
0.0265074
0.0270048
0.0277567
0.0282071
0.0283482
0.0289528
0.0286988
0.0291538
0.0218748
0.0252376
0.026195
0.0269289
0.0278144
0.0283502
0.0285477
0.0291887
0.0289542
0.0294311
0.0201867
0.0243484
0.0255162
0.0263788
0.0273354
0.0279136
0.0281354
0.0287963
0.0285637
0.0290535
0.019185
0.0239417
0.0252847
0.0262919
0.0273355
0.0279779
0.0282487
0.028939
0.0287232
0.0292578
0.0323947
0.029678
0.0286471
0.0282644
0.0282776
0.0282441
0.0280745
0.0284251
0.0281074
0.028401
0.0353058
0.0295062
0.0283752
0.0278357
0.0278414
0.0278448
0.0277105
0.0280959
0.0277941
0.0280871
0.0329147
0.0287372
0.0280905
0.0278072
0.0279503
0.0280299
0.0279407
0.0283494
0.0280631
0.0283703
0.0295268
0.0271077
0.0269706
0.0269641
0.0272843
0.0274763
0.0274564
0.0279119
0.0276431
0.0279801
0.0269868
0.0259509
0.0262581
0.0265661
0.0270772
0.0273924
0.0274507
0.0279557
0.0277111
0.0280748
0.0249628
0.024831
0.0254163
0.0260131
0.0266998
0.0271324
0.0272674
0.0278229
0.0276007
0.0279956
0.0230398
0.0237421
0.0245024
0.0253574
0.0261962
0.026731
0.0269327
0.0275341
0.0273289
0.0277562
0.0219208
0.0232633
0.0241409
0.0252349
0.0262081
0.0268318
0.0270927
0.0277323
0.0275474
0.0279985
0.0214283
0.0227379
0.0235744
0.0247541
0.0257824
0.0264437
0.0267271
0.0273859
0.0272029
0.0276652
0.0216511
0.0226214
0.023387
0.0246587
0.025752
0.0264702
0.0267996
0.0274887
0.0273196
0.027829
0.0307801
0.027446
0.0270817
0.0268591
0.0268384
0.0268429
0.0267015
0.02703
0.0267504
0.0270086
0.0319204
0.0266409
0.0266961
0.026377
0.026401
0.0264614
0.0263635
0.0267308
0.026469
0.0267282
0.0295887
0.0258353
0.0262857
0.0262609
0.0264553
0.0266049
0.0265572
0.0269489
0.0267026
0.0269773
0.0259448
0.024276
0.0251384
0.0254123
0.0258051
0.0260768
0.026103
0.0265442
0.0263155
0.026621
0.0232234
0.0231072
0.0243567
0.0249796
0.0255776
0.0259799
0.026087
0.0265786
0.0263736
0.0267071
0.0212443
0.0220029
0.0235029
0.0244374
0.025206
0.025726
0.025909
0.0264515
0.0262665
0.0266325
0.0196939
0.0210538
0.0226548
0.0238425
0.0247392
0.0253533
0.0255991
0.0261848
0.0260156
0.0264131
0.0189845
0.0207481
0.0223465
0.023739
0.024738
0.025432
0.0257332
0.0263558
0.0262052
0.0266274
0.018765
0.0204104
0.0219235
0.0233583
0.0243812
0.0251006
0.0254179
0.0260577
0.0259052
0.0263381
0.0189703
0.0202903
0.0217852
0.0232809
0.0243399
0.0251046
0.0254628
0.0261286
0.0259906
0.0264695
0.0267922
0.024518
0.0252814
0.0252964
0.0253669
0.0254621
0.0253583
0.0256684
0.025426
0.0256468
0.0265136
0.0233288
0.0247759
0.0247483
0.0249254
0.0250937
0.0250413
0.0253933
0.0251699
0.0253934
0.0247019
0.0227524
0.0243877
0.024631
0.0249711
0.0252225
0.0252164
0.025591
0.0253792
0.0256185
0.0214308
0.021467
0.0233246
0.023851
0.0243778
0.0247429
0.0248056
0.0252272
0.0250302
0.0252999
0.018819
0.0204073
0.02257
0.0234523
0.024171
0.0246586
0.0247956
0.0252635
0.0250856
0.0253836
0.0169697
0.0193419
0.021771
0.0229725
0.0238398
0.0244352
0.0246397
0.0251522
0.0249916
0.0253203
0.0158236
0.0185098
0.0210279
0.0224736
0.0234367
0.024113
0.0243691
0.0249202
0.0247684
0.025128
0.0154157
0.0183053
0.0207854
0.0224135
0.0234458
0.0241895
0.0244928
0.0250755
0.0249383
0.0253227
0.015036
0.0180296
0.0204614
0.0221217
0.0231611
0.0239212
0.0242334
0.0248261
0.0246877
0.0250773
0.0143974
0.0177258
0.0203119
0.0220409
0.0231099
0.0239106
0.0242564
0.0248764
0.0247442
0.0251839
0.022754
0.0219684
0.0235611
0.0237279
0.0239383
0.0241209
0.0240421
0.0243322
0.0241187
0.0243055
0.0217188
0.0207409
0.0230373
0.0231811
0.0235337
0.0237898
0.0237627
0.0240923
0.023896
0.0240841
0.020478
0.0204864
0.0227675
0.0231362
0.0236122
0.0239285
0.0239359
0.0242807
0.0240911
0.0242922
0.0178075
0.019514
0.0218512
0.0224801
0.0231092
0.023517
0.0235804
0.0239648
0.0237849
0.0240129
0.0154579
0.0185956
0.0211933
0.02217
0.0229592
0.0234699
0.0235928
0.0240144
0.0238477
0.0240997
0.0135353
0.0175672
0.0204972
0.0217857
0.0226948
0.0232978
0.0234733
0.0239321
0.0237735
0.0240534
0.0122609
0.0167258
0.0198649
0.021393
0.0223707
0.0230413
0.023255
0.023741
0.023588
0.0238921
0.011865
0.016511
0.0196723
0.0213746
0.0223986
0.0231274
0.0233774
0.0238894
0.0237461
0.0240722
0.0116713
0.0163677
0.0194271
0.0211544
0.0221796
0.0229201
0.0231717
0.0236916
0.0235393
0.02387
0.010998
0.0161527
0.0193041
0.0210897
0.022143
0.0229182
0.023197
0.0237339
0.0235892
0.0239648
0.019375
0.0202973
0.0222535
0.0223949
0.0226695
0.0228624
0.0227718
0.0230245
0.0228284
0.0229777
0.0182924
0.0193188
0.0218205
0.0219292
0.0223486
0.0225964
0.0225473
0.0228317
0.0226473
0.0227929
0.0175822
0.0194156
0.0217267
0.0220078
0.0224917
0.0227666
0.0227327
0.0230215
0.0228364
0.02299
0.0156213
0.0187793
0.0210223
0.0215243
0.0221083
0.0224417
0.0224436
0.0227604
0.0225777
0.0227515
0.0137806
0.01817
0.0205732
0.0213653
0.022053
0.0224565
0.0224947
0.0228353
0.0226556
0.0228468
0.0119116
0.0173348
0.0200688
0.0211198
0.0218851
0.022356
0.0224255
0.0227884
0.0226117
0.0228213
0.0102856
0.0164955
0.0195819
0.0208486
0.0216568
0.0221789
0.0222671
0.0226493
0.0224668
0.0226949
0.00950078
0.0161853
0.0194452
0.0208804
0.0217172
0.0222869
0.0223992
0.0227986
0.0226198
0.0228662
0.00943479
0.0161383
0.0192797
0.0207362
0.0215657
0.0221407
0.0222474
0.0226455
0.0224606
0.0227026
0.00937783
0.0161915
0.0192274
0.0207201
0.0215655
0.0221646
0.0222849
0.0227002
0.0225099
0.0227969
0.0177072
0.0198667
0.0214904
0.0213951
0.021598
0.0216969
0.0215475
0.0217427
0.0215488
0.021653
0.0170703
0.0193388
0.0212589
0.0210933
0.021405
0.0215207
0.0213929
0.0216047
0.0214151
0.0215071
0.0168322
0.0198024
0.0213868
0.0213333
0.0216358
0.0217378
0.0216011
0.0218031
0.0216042
0.0216974
0.0155441
0.0195986
0.0209835
0.0210733
0.021401
0.0215173
0.0213888
0.0216023
0.0213965
0.0215007
0.0142483
0.0195488
0.0208878
0.0211393
0.0214832
0.0216193
0.0214937
0.0217115
0.0214985
0.0216092
0.0127383
0.0192232
0.0207186
0.0210978
0.02145
0.0216116
0.0214862
0.0217115
0.0214871
0.0216083
0.0110911
0.0186632
0.0204835
0.0209899
0.0213451
0.0215292
0.0213988
0.021625
0.0213903
0.0215183
0.0099863
0.0183634
0.0204533
0.0210938
0.0214572
0.0216725
0.0215479
0.0217828
0.0215455
0.0216847
0.0097655
0.0182984
0.0203566
0.0210268
0.0213739
0.0215853
0.0214453
0.0216775
0.0214245
0.0215587
0.0103329
0.0185648
0.0204121
0.0211015
0.0214335
0.0216491
0.0215106
0.0217445
0.0214876
0.0216576
0.0194839
0.0210584
0.021225
0.0206808
0.0206571
0.0205733
0.0203368
0.0204589
0.0202599
0.020314
0.0195672
0.0211195
0.0212858
0.0206165
0.0206269
0.0205054
0.0202619
0.020382
0.0201764
0.0202079
0.0199701
0.0220616
0.0216803
0.021044
0.0209566
0.0207767
0.0204974
0.0205918
0.0203689
0.0203936
0.019713
0.0225958
0.0216928
0.0210611
0.0208965
0.0206738
0.0203683
0.0204542
0.0202141
0.0202387
0.0194976
0.023529
0.0221044
0.0214313
0.0211587
0.020885
0.0205391
0.0206057
0.0203438
0.0203634
0.0188543
0.0241973
0.0224378
0.0216766
0.0213042
0.0209902
0.020604
0.0206535
0.0203724
0.0203881
0.0179702
0.0244199
0.02262
0.0218025
0.0213596
0.0210184
0.020592
0.0206285
0.0203225
0.0203356
0.0172453
0.0244888
0.0228217
0.0220297
0.021554
0.0212122
0.0207692
0.0208007
0.020484
0.0205022
0.0164141
0.0243652
0.0228167
0.0220499
0.0215447
0.0211853
0.0207164
0.0207339
0.020405
0.020408
0.0167047
0.0245083
0.0229393
0.0222175
0.0216688
0.0212957
0.0208092
0.0208265
0.0204794
0.0205158
0.0273229
0.0226709
0.0208668
0.0200118
0.0196607
0.0193845
0.0190756
0.019131
0.0189301
0.018939
0.0287064
0.0233268
0.0212638
0.0202322
0.0198081
0.0194332
0.0190855
0.0191154
0.0188982
0.0188717
0.0307539
0.0248274
0.021937
0.0208532
0.0202309
0.0197557
0.019346
0.0193359
0.0190935
0.0190529
0.0330721
0.026424
0.0224447
0.0211887
0.0203585
0.0197747
0.0193007
0.01926
0.0189899
0.0189375
0.0368361
0.0288172
0.0234729
0.0219256
0.0208259
0.0201052
0.0195414
0.0194543
0.0191507
0.0190788
0.0406808
0.0310775
0.0244329
0.0225276
0.021179
0.0203321
0.0196805
0.0195546
0.0192156
0.019129
0.043104
0.0326621
0.0251603
0.0229512
0.0214221
0.0204774
0.0197482
0.0195851
0.0192149
0.0191118
0.0437571
0.0335257
0.0257025
0.0233491
0.0217213
0.0207298
0.0199558
0.0197749
0.0193865
0.0192793
0.0427952
0.0335013
0.0257958
0.0234481
0.021779
0.0207552
0.0199442
0.0197474
0.0193382
0.0192144
0.0423244
0.0335261
0.02601
0.0236947
0.0219594
0.0209089
0.0200691
0.0198579
0.0194308
0.0193313
0.045809
0.0225236
0.0203278
0.0190629
0.0183533
0.0180096
0.0176934
0.017712
0.0175275
0.0175076
0.0481924
0.023372
0.0210374
0.0195416
0.0186496
0.0181634
0.0177804
0.0177535
0.0175429
0.0174759
0.0536356
0.0253947
0.0220135
0.02032
0.0191284
0.018517
0.0180541
0.0179759
0.0177375
0.0176503
0.0618396
0.0282429
0.023103
0.0209751
0.0194225
0.0186428
0.0180814
0.0179536
0.0176802
0.0175699
0.0729365
0.0322059
0.024842
0.0220894
0.0200772
0.019078
0.0183826
0.0181855
0.0178668
0.0177252
0.0843765
0.0361275
0.0265161
0.0230708
0.0206245
0.0194121
0.018587
0.0183271
0.0179666
0.0177965
0.0928491
0.0392805
0.0278452
0.0238188
0.0210486
0.0196619
0.0187229
0.0184105
0.0180073
0.0178107
0.0970273
0.0412845
0.0287813
0.024418
0.0214572
0.0199693
0.0189606
0.0186163
0.0181873
0.0179799
0.0968379
0.0417195
0.0290509
0.0246102
0.0215773
0.0200386
0.0189852
0.0186161
0.0181691
0.0179379
0.095587
0.0417458
0.0293582
0.0249125
0.0218034
0.0202305
0.0191341
0.018749
0.0182744
0.0180635
0.0543521
0.0498574
0.0488129
0.0483499
0.0481179
0.0481382
0.0484091
0.0489048
0.0499744
0.0545043
0.0497909
0.0452987
0.0442582
0.0437989
0.0435706
0.0435947
0.0438689
0.0443671
0.0454373
0.049971
0.0486934
0.0442058
0.0431677
0.0427113
0.0424862
0.0425134
0.0427903
0.0432906
0.0443625
0.0488967
0.0481595
0.0436768
0.042642
0.0421896
0.0419689
0.0420003
0.0422809
0.042784
0.0438579
0.0483944
0.047842
0.043365
0.0423342
0.0418866
0.0416711
0.0417076
0.0419927
0.0424994
0.0435758
0.0481153
0.0477713
0.0433005
0.042274
0.0418316
0.0416218
0.0416638
0.0419538
0.0424643
0.0435435
0.0480862
0.0479547
0.04349
0.0424678
0.0420303
0.041826
0.0418734
0.0421681
0.0426824
0.0437643
0.0483099
0.0483763
0.0439166
0.0428981
0.0424648
0.0422652
0.0423171
0.042616
0.0431335
0.0442177
0.048766
0.0493886
0.0449318
0.0439163
0.0434864
0.0432905
0.043346
0.043648
0.044168
0.0452538
0.0498053
0.0538453
0.049395
0.0483821
0.0479563
0.0477651
0.0478252
0.048131
0.0486543
0.0497434
0.0542958
0.0484835
0.0456411
0.0456887
0.0452304
0.0449934
0.045014
0.0452909
0.0457835
0.045755
0.0486407
0.0455654
0.0427268
0.0427805
0.0423257
0.0420929
0.0421177
0.0423985
0.0428947
0.0428648
0.0457535
0.0455634
0.0427319
0.042787
0.0423354
0.0421059
0.042134
0.0424176
0.042916
0.0428884
0.0457757
0.0450269
0.0422006
0.0422595
0.0418128
0.0415885
0.0416214
0.0419092
0.0424107
0.0423853
0.0452758
0.0446966
0.0418773
0.0419405
0.0414996
0.0412815
0.0413202
0.0416133
0.0421188
0.042096
0.04499
0.0446184
0.0418069
0.0418747
0.04144
0.0412285
0.0412736
0.0415721
0.042082
0.042062
0.0449596
0.0447995
0.0419957
0.0420682
0.0416395
0.0414345
0.0414857
0.0417897
0.0423039
0.0422865
0.0451875
0.0452095
0.042413
0.0424894
0.0420659
0.0418664
0.041923
0.0422317
0.0427498
0.0427349
0.0456381
0.045126
0.0423309
0.0424112
0.0419913
0.0417958
0.041856
0.0421679
0.0426886
0.0426743
0.0455828
0.0479271
0.0451393
0.0452205
0.0448065
0.0446167
0.0446822
0.0449985
0.0455222
0.0455134
0.0484241
0.0436112
0.0419576
0.0426607
0.0422309
0.0421056
0.0421265
0.0422926
0.0427597
0.0420701
0.0437747
0.0418645
0.0402194
0.0409316
0.0405053
0.0403858
0.0404122
0.0405829
0.0410555
0.0403626
0.0420673
0.0425169
0.0408823
0.0415952
0.0411732
0.0410577
0.0410878
0.0412619
0.0417367
0.0410473
0.0427486
0.0419937
0.040366
0.0410839
0.0406685
0.0405597
0.0405961
0.0407755
0.0412543
0.0405669
0.0422735
0.0417584
0.0401414
0.0408648
0.0404574
0.0403566
0.0404005
0.0405865
0.0410703
0.0403861
0.0420966
0.0416622
0.0400569
0.0407863
0.0403874
0.0402953
0.0403474
0.0405404
0.0410297
0.0403486
0.0420637
0.0417139
0.0401198
0.0408554
0.0404648
0.0403815
0.0404415
0.0406413
0.0411359
0.0404579
0.0421776
0.0420802
0.040498
0.0412386
0.0408552
0.0407793
0.0408464
0.0410521
0.0415517
0.0408768
0.0425987
0.0413304
0.0397499
0.0404961
0.0401172
0.0400464
0.0401179
0.0403273
0.0408303
0.040155
0.0418848
0.0429268
0.0413531
0.0420995
0.0417299
0.0416667
0.0417455
0.0419613
0.0424674
0.0418005
0.0435372
0.0411616
0.0399596
0.0407091
0.040246
0.0402583
0.0402789
0.0403061
0.0408089
0.0400676
0.0413272
0.0398447
0.0386554
0.0394156
0.0389568
0.0389777
0.0390056
0.0390384
0.0395492
0.0388044
0.0400622
0.0405354
0.0393601
0.0401211
0.0396686
0.0396948
0.0397279
0.0397652
0.0402784
0.0395386
0.0407927
0.0399533
0.0387886
0.0395573
0.0391147
0.0391504
0.0391923
0.0392369
0.0397557
0.0390181
0.0402798
0.0398266
0.0386798
0.0394569
0.039026
0.0390734
0.0391258
0.0391794
0.039705
0.0389715
0.0402377
0.0396973
0.0385694
0.0393558
0.0389376
0.0389977
0.0390616
0.0391248
0.0396579
0.0389284
0.0402007
0.0395775
0.0384673
0.0392631
0.0388577
0.0389304
0.0390055
0.039078
0.0396183
0.0388927
0.0401719
0.0399473
0.0388567
0.0396602
0.0392659
0.0393497
0.0394348
0.0395156
0.0400625
0.0393413
0.0406229
0.0391309
0.0380454
0.0388573
0.0384695
0.0385605
0.0386518
0.0387374
0.0392891
0.0385669
0.039858
0.0402446
0.0391704
0.0399852
0.039612
0.0397135
0.0398152
0.0399105
0.0404661
0.0397541
0.0410566
0.0395461
0.0385545
0.0391917
0.0386872
0.0387885
0.038808
0.0387423
0.0392874
0.0386516
0.0397097
0.0384147
0.0374373
0.0380855
0.0375862
0.0376994
0.0377288
0.03767
0.0382259
0.0375878
0.038643
0.0389797
0.0380196
0.0386695
0.0381797
0.0383006
0.0383372
0.0382848
0.0388438
0.0382122
0.0392649
0.0383177
0.0373756
0.0380378
0.0375628
0.0376979
0.0377471
0.0377051
0.0382721
0.0376435
0.0387062
0.0382351
0.0373229
0.0379984
0.0375417
0.0376941
0.0377587
0.0377293
0.0383058
0.0376828
0.038751
0.0380527
0.0371719
0.0378625
0.0374258
0.0375973
0.0376786
0.0376628
0.0382496
0.0376321
0.0387084
0.0377878
0.0369371
0.0376432
0.0372265
0.0374168
0.0375144
0.0375117
0.0381086
0.0374961
0.0385822
0.0381499
0.0373316
0.0380502
0.0376515
0.0378586
0.0379708
0.0379798
0.0385856
0.0379792
0.0390685
0.0374104
0.0366064
0.0373383
0.03695
0.037168
0.037289
0.0373046
0.0379171
0.0373094
0.038409
0.0382721
0.0374871
0.0382273
0.0378608
0.0380941
0.03823
0.0382596
0.0388776
0.0382813
0.0393965
0.0377997
0.0370259
0.0376041
0.0371009
0.03725
0.0372668
0.0371455
0.0376868
0.0371008
0.0379567
0.0368642
0.0360982
0.0366843
0.0361866
0.036351
0.0363809
0.0362686
0.0368237
0.036237
0.0370889
0.037351
0.0366068
0.0371971
0.0367134
0.0368888
0.036929
0.0368257
0.0373852
0.0368066
0.0376574
0.0366338
0.035922
0.0365324
0.0360715
0.0362682
0.0363267
0.036238
0.0368087
0.0362341
0.0370976
0.0365305
0.0358695
0.0365019
0.0360699
0.0362927
0.0363736
0.0363025
0.0368864
0.0363194
0.0371902
0.0362658
0.035659
0.0363163
0.035916
0.0361676
0.0362728
0.0362208
0.0368189
0.0362594
0.0371408
0.0358649
0.0353111
0.0359943
0.0356256
0.0359057
0.0360345
0.0360011
0.036613
0.03606
0.0369544
0.0361451
0.0356464
0.0363516
0.0360121
0.0363176
0.0364677
0.0364508
0.0370748
0.0365301
0.0374293
0.0354115
0.0349417
0.0356671
0.0353446
0.0356667
0.0358295
0.0358216
0.0364544
0.0359085
0.036819
0.0359924
0.0355612
0.036305
0.036015
0.0363597
0.0365436
0.036555
0.0371961
0.0366629
0.037594
0.0359711
0.0354163
0.0359539
0.0354742
0.0356461
0.0356581
0.0354994
0.0360071
0.0354451
0.0361132
0.0352478
0.034671
0.0352068
0.0347305
0.0349204
0.0349491
0.0348023
0.0353271
0.0347661
0.0354296
0.0356696
0.0351219
0.035667
0.0352116
0.0354175
0.0354607
0.0353264
0.0358574
0.0353061
0.0359702
0.0348923
0.0344049
0.0349838
0.0345644
0.0348024
0.0348718
0.0347577
0.0353042
0.0347585
0.0354381
0.0347079
0.0343075
0.0349239
0.0345505
0.034828
0.0349296
0.03484
0.0354042
0.0348688
0.0355581
0.0343168
0.0340115
0.0346691
0.0343461
0.0346668
0.0348034
0.0347403
0.0353237
0.0347981
0.0355013
0.0337524
0.0335441
0.0342454
0.0339727
0.0343361
0.0345066
0.034469
0.0350712
0.0345542
0.0352739
0.0338781
0.033767
0.0345069
0.0342809
0.0346823
0.0348831
0.0348685
0.0354868
0.0349803
0.0357075
0.0330911
0.033041
0.0338138
0.0336161
0.0340422
0.0342611
0.0342586
0.0348883
0.0343814
0.0351204
0.0333788
0.0333954
0.0342009
0.034051
0.0345108
0.034759
0.0347823
0.0354242
0.0349311
0.0356969
0.0342356
0.0339142
0.0343789
0.0339112
0.0340822
0.0340858
0.033904
0.0343769
0.0338576
0.034392
0.033804
0.0333348
0.033759
0.0332842
0.0334737
0.0334977
0.0333316
0.0338244
0.0333094
0.0338387
0.0340989
0.0336869
0.0341355
0.0336932
0.0339067
0.0339511
0.0338019
0.0343034
0.0337994
0.0343318
0.0331923
0.0329027
0.0334134
0.03303
0.0332915
0.0333732
0.0332514
0.0337739
0.0332774
0.0338284
0.0328438
0.0327079
0.0332835
0.0329737
0.0332941
0.0334213
0.0333331
0.0338788
0.0333956
0.0339594
0.0322614
0.0322909
0.0329352
0.0327047
0.033089
0.0332654
0.0332129
0.033784
0.0333137
0.033895
0.0314795
0.0316847
0.0324028
0.0322518
0.0326989
0.0329228
0.0329047
0.0335006
0.0330408
0.0336429
0.031369
0.0317556
0.0325441
0.032468
0.0329713
0.0332376
0.0332506
0.0338671
0.0334212
0.0340335
0.0305058
0.0310077
0.0318503
0.03182
0.0323592
0.0326503
0.0326792
0.0333106
0.032864
0.03349
0.0304898
0.0311234
0.0320263
0.0320664
0.0326539
0.0329845
0.0330463
0.0336939
0.0332637
0.0339214
0.0326213
0.0325913
0.0329192
0.0324382
0.0325867
0.0325784
0.0323863
0.0328274
0.0323665
0.0328126
0.0327361
0.0321996
0.0323995
0.0318849
0.0320481
0.0320634
0.031891
0.0323564
0.0319019
0.032344
0.0327583
0.0323896
0.0326575
0.0321979
0.0323979
0.032442
0.032292
0.032769
0.0323273
0.0327753
0.0315824
0.0314739
0.0318614
0.0314997
0.0317714
0.0318676
0.0317543
0.0322585
0.0318268
0.0322966
0.0309658
0.031118
0.0316176
0.0313722
0.0317294
0.0318884
0.0318196
0.0323538
0.0319388
0.032425
0.0301207
0.0305416
0.0311497
0.0310259
0.0314742
0.0317
0.0316782
0.0322449
0.0318457
0.0323538
0.029035
0.0297718
0.0304989
0.0304971
0.0310344
0.0313242
0.0313469
0.0319447
0.0315593
0.0320917
0.0285534
0.0296492
0.0305014
0.0306162
0.0312332
0.0315799
0.0316426
0.0322671
0.031897
0.0324443
0.0275261
0.028865
0.0298106
0.0299981
0.0306645
0.0310435
0.0311262
0.0317673
0.0313989
0.0319593
0.0271857
0.0287602
0.0298075
0.0300975
0.0308303
0.0312601
0.0313828
0.0320464
0.0316944
0.0322922
0.0307468
0.0314845
0.0315299
0.0310241
0.0311373
0.0311144
0.0309204
0.0313304
0.0309241
0.0313066
0.0323328
0.0314409
0.0311205
0.0305282
0.030645
0.0306478
0.0304783
0.030916
0.0305195
0.0308993
0.0315367
0.0313334
0.0312241
0.0307339
0.0309097
0.0309534
0.030813
0.031266
0.0308838
0.0312725
0.0298791
0.0301868
0.0303182
0.0299868
0.0302666
0.0303814
0.0302889
0.0307759
0.0304065
0.0308201
0.0288787
0.0295978
0.0299248
0.0297685
0.0301672
0.0303653
0.0303295
0.0308539
0.0305045
0.0309385
0.027724
0.0288243
0.0293198
0.0293393
0.0298605
0.030145
0.0301682
0.0307325
0.030402
0.0308618
0.0262432
0.0278553
0.028545
0.0287412
0.0293808
0.0297469
0.0298249
0.0304272
0.0301122
0.0306004
0.0250997
0.0274568
0.0283867
0.0287579
0.0295052
0.0299438
0.0300711
0.0307049
0.0304085
0.0309149
0.0237731
0.0265836
0.0276888
0.0281681
0.0289795
0.0294577
0.0296081
0.0302616
0.0299666
0.0304868
0.0230427
0.0262528
0.0275361
0.0281522
0.0290464
0.0295855
0.0297827
0.0304627
0.0301853
0.0307472
0.012612
0.0125066
0.0123452
0.0121474
0.0118254
0.0113265
0.0108087
0.0103375
0.00487399
0.00117918
0.0126297
0.0125486
0.0123761
0.0121646
0.0117865
0.0111501
0.0103576
0.00952856
0.002452
0.000390507
0.0126856
0.0126006
0.0124275
0.0122023
0.0117923
0.0110354
0.00986437
0.0087448
-0.00151791
-0.012443
0.0126735
0.0126023
0.0124398
0.012221
0.0118367
0.0110254
0.00956553
0.00859326
-0.00428651
-0.0255724
0.0127573
0.0127041
0.0125641
0.0123717
0.0120587
0.011348
0.00992452
0.00968986
-0.000674334
-0.0210702
0.0128155
0.0127898
0.0126864
0.0125503
0.0123675
0.0119652
0.0111516
0.0116028
0.00726838
0.000664334
0.0128697
0.0128803
0.0128231
0.0127632
0.0127322
0.0126533
0.0127293
0.0135019
0.0117335
0.0169082
0.0129539
0.0129875
0.0129672
0.0129669
0.0130439
0.0131496
0.0137874
0.0146526
0.0118623
0.0165887
0.0129831
0.0130395
0.0130297
0.0130437
0.0131271
0.0132065
0.0138724
0.0143828
0.0103336
0.00839563
0.0130418
0.013094
0.0131086
0.0131376
0.0132375
0.0133137
0.0138405
0.0140875
0.00915271
0.00103136
0.0110716
0.0108986
0.0106958
0.010405
0.00994202
0.00913153
0.00783081
0.00705863
0.00161195
-0.00554061
0.0110973
0.0109479
0.0107336
0.0104302
0.00991592
0.00898842
0.00748094
0.00670461
-0.000320211
-0.00676189
0.0111464
0.0109941
0.0107798
0.0104634
0.0099228
0.00891982
0.00703764
0.00614268
-0.00207785
-0.0142266
0.0111446
0.0110089
0.0108045
0.0104915
0.00997646
0.00896729
0.00668329
0.0059423
-0.00210118
-0.0190994
0.0112292
0.0111171
0.0109375
0.0106572
0.0102317
0.00941331
0.00720501
0.00705582
0.00214716
-0.012812
0.0112914
0.0112135
0.0110725
0.0108595
0.0105765
0.0101013
0.0086685
0.00887498
0.00694011
0.000842735
0.0113527
0.0113154
0.0112169
0.0110805
0.0109306
0.0106663
0.010091
0.0103349
0.00714681
0.00607916
0.0114333
0.0114207
0.0113524
0.0112673
0.0111916
0.0109515
0.0107019
0.0108247
0.00538998
0.00118587
0.0114617
0.0114669
0.0113982
0.011313
0.0112144
0.0108544
0.0104747
0.0101839
0.00472962
-0.00377365
0.0115223
0.0115239
0.0114721
0.0113926
0.0112904
0.0108848
0.0102888
0.0096798
0.00479889
-0.00682345
0.00959369
0.00937437
0.00916318
0.00882587
0.00832945
0.00755486
0.00606296
0.00575679
0.00347418
-0.000182532
0.00962454
0.00943031
0.00921015
0.00886845
0.00834163
0.00748866
0.00581247
0.00578347
0.00205057
-0.00203682
0.00966572
0.00947103
0.00925388
0.00890813
0.0083747
0.00753817
0.0056392
0.00564574
0.00219243
-0.00456018
0.00966964
0.00949353
0.00928668
0.00894604
0.00843798
0.00770244
0.00554336
0.0056447
0.00401776
-0.00309228
0.00974971
0.00959966
0.00941763
0.00911026
0.00867891
0.00818061
0.00613926
0.00637767
0.00725884
0.00232931
0.00980876
0.00969351
0.00954436
0.00929716
0.00897186
0.00870299
0.00729251
0.00738233
0.00836926
0.00709392
0.00986863
0.00979086
0.00966975
0.00947775
0.00923394
0.00895126
0.00805207
0.00809582
0.00594335
0.00465084
0.00994144
0.00988485
0.0097804
0.00961809
0.009413
0.00900122
0.00815646
0.00823163
0.00444494
0.000221656
0.00996501
0.0099206
0.00980627
0.00963341
0.00940292
0.00886897
0.00794882
0.00783983
0.00560588
0.00101714
0.0100259
0.00997622
0.0098733
0.00970461
0.00947735
0.00894138
0.0079608
0.00764744
0.00712425
0.00241738
0.00818932
0.00795218
0.00776954
0.00745262
0.00702767
0.0065638
0.00541002
0.00552878
0.00508555
0.00374674
0.00822147
0.00801153
0.00782204
0.00750679
0.00706577
0.00654823
0.00514738
0.00566038
0.00418316
0.00212682
0.00825298
0.00804483
0.00786042
0.00755013
0.0071129
0.00666753
0.00515768
0.00562529
0.00472868
0.00131693
0.00825823
0.00806887
0.00789502
0.00759447
0.00716967
0.00689071
0.00530713
0.00558647
0.0061641
0.00350856
0.00832919
0.0081648
0.00801303
0.00774238
0.00735692
0.00729739
0.00588469
0.00587209
0.00777601
0.00652977
0.00837948
0.00824529
0.00811526
0.00788698
0.00755347
0.00757096
0.00659038
0.00628595
0.0073169
0.00740957
0.00843176
0.00832703
0.008207
0.00800448
0.00771049
0.00754763
0.00674357
0.00668573
0.0051083
0.00396734
0.00849425
0.00840541
0.00828967
0.00809737
0.00783644
0.00750256
0.00660895
0.00688861
0.00491881
0.002036
0.00851339
0.00843239
0.00830422
0.00810349
0.00784987
0.00747177
0.00667187
0.00692109
0.00689246
0.00541605
0.00857301
0.00848785
0.00837204
0.00818617
0.00796843
0.00766185
0.0070174
0.00705019
0.00859427
0.00778347
0.00685684
0.00662555
0.0064922
0.00623697
0.00590194
0.00571374
0.00489376
0.00502696
0.00471822
0.00370007
0.00688378
0.00668048
0.00653964
0.00628446
0.00593432
0.00571651
0.00457355
0.0050941
0.00422779
0.0026371
0.00690264
0.00670134
0.00656384
0.00631524
0.00596022
0.00581522
0.00461034
0.00491798
0.00450991
0.00214867
0.00690499
0.00672022
0.00659007
0.00635353
0.0059805
0.00597786
0.0048065
0.0046791
0.00487561
0.00312467
0.00696342
0.00679927
0.00668471
0.00647454
0.00609538
0.00623436
0.00527104
0.00467284
0.00527134
0.00404207
0.00700179
0.00686046
0.0067557
0.00657327
0.00620936
0.00631715
0.00567358
0.00493654
0.00469076
0.0040199
0.0070439
0.00692335
0.00681558
0.00663804
0.00630986
0.00620771
0.00556217
0.00540345
0.00375508
0.00216259
0.00709741
0.00698913
0.00688111
0.00670446
0.00643309
0.00622637
0.00545259
0.00575335
0.00460072
0.0022524
0.00711481
0.0070145
0.00689939
0.00672382
0.00649865
0.00632516
0.00576401
0.00597781
0.0063093
0.00559667
0.00717763
0.00707631
0.00697903
0.00683172
0.00667004
0.00659165
0.00629652
0.00615812
0.00730344
0.00696814
0.00558151
0.00536769
0.00527859
0.0050818
0.00479646
0.0047279
0.00405316
0.00407295
0.00363877
0.00256705
0.00559689
0.00540972
0.00531055
0.0051089
0.0048019
0.0047379
0.00370929
0.00406104
0.00341109
0.00197182
0.00560173
0.00541472
0.00531467
0.00511802
0.00479193
0.00478025
0.00373736
0.00379851
0.00346081
0.00162988
0.00559909
0.00542465
0.00532614
0.00514381
0.00477113
0.0048349
0.00389506
0.00349114
0.00320253
0.00176243
0.00564405
0.00548457
0.0053935
0.00523763
0.00482835
0.00494028
0.0042303
0.00340597
0.00310945
0.00167825
0.00567072
0.00552707
0.00543704
0.00530304
0.00490061
0.00492676
0.00446684
0.00369292
0.00285374
0.0017505
0.0057035
0.00557424
0.0054765
0.00533863
0.00499094
0.00486149
0.00430844
0.00423736
0.00286841
0.00120662
0.00574991
0.00563183
0.00553624
0.00539622
0.00512795
0.00498766
0.00430674
0.0045875
0.00398686
0.00205677
0.00576832
0.00565986
0.00556448
0.00543013
0.00522376
0.00514758
0.00471717
0.00476613
0.00496833
0.00439786
0.00583668
0.0057319
0.00565925
0.0055565
0.00541849
0.00539948
0.0052349
0.00481634
0.00520491
0.00458058
0.00436325
0.00415843
0.00409809
0.00394458
0.00368771
0.00366875
0.00308424
0.00309615
0.00278487
0.00194421
0.00434931
0.00416597
0.00409366
0.0039322
0.00364348
0.00367096
0.00274721
0.00300344
0.00267688
0.00162749
0.00433937
0.00415378
0.00407707
0.00392135
0.00360605
0.00366763
0.00278905
0.00276757
0.00266254
0.00144538
0.0043318
0.00415501
0.00407366
0.00393756
0.00356752
0.00364152
0.00291631
0.00256318
0.00229695
0.00133595
0.00436433
0.00419762
0.0041155
0.0040103
0.00360159
0.0036511
0.00315973
0.00254633
0.00220855
0.00105753
0.00438143
0.00422585
0.00413954
0.00405643
0.00366776
0.00361446
0.00331216
0.00286764
0.00225681
0.0014321
0.00440705
0.00426242
0.00417004
0.00407965
0.00376321
0.00362899
0.00317454
0.00335042
0.00265021
0.00147293
0.00444825
0.00431449
0.0042295
0.0041334
0.00389539
0.00381831
0.00324434
0.00355156
0.00353245
0.00222505
0.0044687
0.00434542
0.00426501
0.00417023
0.00398074
0.00394887
0.00361996
0.0036061
0.00382427
0.00351937
0.0045567
0.00444195
0.00438425
0.00431248
0.00417593
0.00412875
0.00402356
0.00354489
0.00361903
0.00298174
0.00314644
0.00296344
0.00292875
0.00281538
0.00259284
0.00263505
0.0021631
0.002218
0.00208288
0.00153864
0.00311199
0.00294492
0.00289798
0.00277858
0.00251402
0.00263675
0.00186882
0.00208659
0.0020347
0.00139619
0.00309613
0.00292515
0.00287237
0.00276337
0.0024748
0.00261312
0.00194068
0.00193364
0.00204355
0.00135554
0.00308674
0.00292261
0.00286022
0.00277824
0.00244762
0.00255362
0.0020506
0.0018724
0.00178168
0.00125641
0.00310918
0.00295224
0.00288215
0.00283546
0.00248602
0.00252636
0.00223315
0.00193419
0.00182457
0.0010689
0.00311916
0.00297094
0.0028938
0.00286827
0.00255875
0.00250427
0.00233878
0.00223791
0.00203599
0.00163573
0.00313905
0.0029999
0.00292052
0.00288402
0.00264931
0.00257735
0.00222724
0.00258036
0.0024445
0.00179936
0.0031735
0.00304383
0.00297613
0.00292918
0.00275088
0.00276318
0.00231937
0.00261375
0.00295277
0.00218765
0.00318848
0.00306701
0.00300392
0.00295003
0.00279371
0.00280711
0.00259854
0.00258418
0.00282162
0.00277061
0.00328277
0.00317159
0.00312722
0.00308116
0.00295684
0.00288797
0.00285431
0.00247152
0.00250461
0.00201565
0.00211454
0.00184965
0.00185044
0.00178573
0.00162413
0.0017217
0.00141072
0.00148017
0.00146418
0.00129322
0.00193566
0.00164301
0.00163966
0.0015737
0.00135755
0.0015489
0.000983693
0.00114508
0.00119223
0.00109658
0.00192839
0.0016397
0.00162947
0.00157787
0.00134854
0.00153698
0.00109326
0.00110592
0.0013148
0.00104491
0.00192286
0.00164137
0.00161869
0.00159614
0.0013491
0.00148401
0.00118097
0.00114058
0.00119429
0.00103293
0.00193671
0.00166116
0.00162647
0.00163562
0.00139479
0.00145472
0.00130664
0.0012078
0.00128453
0.000912784
0.00194098
0.00167262
0.00162974
0.00165329
0.0014626
0.00144989
0.00137341
0.0014326
0.00145181
0.00141386
0.00195451
0.00169262
0.0016506
0.00165907
0.00152568
0.00153553
0.00127807
0.00161374
0.00169534
0.00150552
0.00197786
0.00172179
0.00169234
0.00168848
0.00157871
0.00166571
0.00135439
0.00153568
0.00189015
0.00162002
0.00197406
0.00171313
0.0016864
0.00167104
0.00156142
0.00160805
0.00150054
0.00148482
0.00157905
0.0019386
0.00218987
0.00197755
0.00195607
0.00193615
0.00185399
0.001786
0.00182639
0.00156714
0.00163714
0.0014662
0.00035219
0.000453468
0.000471124
0.000438165
0.000333692
0.000420112
0.000229561
0.000310088
0.000223099
-0.000103931
0.000517366
0.000677351
0.000685088
0.00065631
0.000516443
0.000686882
0.000393238
0.000514669
0.000570871
0.000127059
0.000527706
0.000680949
0.000685767
0.000668818
0.000526586
0.000679282
0.000469481
0.000487956
0.00058609
0.000333054
0.000509797
0.000663978
0.000658847
0.000660589
0.000519321
0.000624814
0.000482585
0.000509744
0.000458117
0.000272428
0.000514387
0.000673073
0.000657604
0.000676032
0.000553428
0.000604167
0.000541285
0.000529719
0.000513977
0.000157683
0.000514538
0.000678324
0.000657478
0.000679013
0.000595569
0.000605607
0.000566803
0.000627974
0.00058899
0.000458504
0.000521324
0.000688588
0.000671152
0.000678456
0.000621606
0.000667237
0.000501534
0.000689173
0.000719577
0.000405198
0.000546529
0.000719965
0.000711975
0.000711377
0.00065451
0.000745196
0.00057625
0.000628868
0.00084544
0.000355588
0.000527777
0.000706116
0.000697112
0.000688996
0.000632888
0.000671618
0.000651075
0.00065625
0.000701051
0.000403532
0.000388138
0.000514573
0.000515659
0.000501272
0.000458813
0.000402719
0.000429769
0.000354825
0.000354973
3.62019e-05
0.0108928
0.0121966
0.0178691
0.0169139
0.0164849
0.01637
0.016142
0.0161743
0.0160323
0.0160083
0.00878559
0.0122323
0.0186177
0.0174793
0.0168504
0.0165946
0.0162867
0.0162587
0.0160882
0.0160061
0.0119588
0.0136373
0.0196366
0.0182541
0.0173111
0.0169439
0.0165516
0.0164724
0.0162738
0.0161694
0.0174943
0.015832
0.0209025
0.0190433
0.0176897
0.0171369
0.0166281
0.0164889
0.0162528
0.0161172
0.0228492
0.0185709
0.0227174
0.0202865
0.0184254
0.0176281
0.0169637
0.0167422
0.0164574
0.0162806
0.0273568
0.0210092
0.0243947
0.0213963
0.0190568
0.0180188
0.0172067
0.0169124
0.0165795
0.0163668
0.0315756
0.0231984
0.02574
0.0222818
0.0195714
0.0183294
0.0173901
0.0170306
0.0166535
0.0164051
0.0350206
0.0250543
0.0267521
0.0229896
0.0200391
0.0186673
0.0176446
0.0172449
0.0168386
0.0165728
0.0362465
0.025875
0.027129
0.0232412
0.0201959
0.0187625
0.0176911
0.0172661
0.0168394
0.016549
0.0368286
0.0262028
0.0274706
0.0235392
0.0204348
0.0189709
0.0178543
0.0174089
0.016955
0.0166799
-0.00122212
0.00738208
0.0139351
0.0135005
0.0141948
0.014502
0.0144309
0.0145285
0.0144483
0.0144434
-0.00428216
0.00699247
0.0144063
0.0139221
0.0145261
0.0147446
0.0146012
0.0146383
0.0145307
0.0144623
-0.0030135
0.00757615
0.0150634
0.0144598
0.0148748
0.0150408
0.0148305
0.0148258
0.0146991
0.0146091
-0.000509589
0.00851397
0.0159214
0.0150685
0.0152071
0.0152363
0.014921
0.0148611
0.0147014
0.0145763
0.000840775
0.00949003
0.0171065
0.0160469
0.0158508
0.0157023
0.0152495
0.0151136
0.0149094
0.0147396
0.00103716
0.0100212
0.0181287
0.0168959
0.0163863
0.0160683
0.0154903
0.0152867
0.0150409
0.0148316
0.00188489
0.0106817
0.0190068
0.0176184
0.016839
0.0163706
0.0156838
0.0154199
0.0151331
0.014885
0.00372108
0.0117088
0.0197876
0.0182569
0.0172705
0.0166963
0.015934
0.0156299
0.0153153
0.0150478
0.00502644
0.0124478
0.0201367
0.0184993
0.0174216
0.0167929
0.0159878
0.0156593
0.0153288
0.0150355
0.0061499
0.013034
0.0205266
0.0187859
0.0176598
0.017003
0.0161529
0.0158068
0.0154486
0.0151682
0.00610811
0.00977941
0.0118059
0.0109612
0.0122312
0.0126263
0.0126653
0.012829
0.0128041
0.0128291
0.00396448
0.00954857
0.0120583
0.0111993
0.012481
0.0128447
0.0128312
0.0129427
0.0128998
0.0128587
0.00501566
0.00987651
0.0124126
0.0114852
0.0126911
0.0130583
0.0130037
0.013094
0.0130407
0.0129839
0.00646053
0.0102079
0.0128732
0.0118447
0.0129156
0.0132079
0.0130783
0.0131295
0.0130529
0.0129617
0.00663316
0.0103563
0.0134769
0.0124543
0.0133791
0.0135868
0.0133625
0.0133587
0.0132499
0.013116
0.00553173
0.0100305
0.0139171
0.0129194
0.0137253
0.0138684
0.0135635
0.0135131
0.013375
0.0132045
0.00489499
0.0098825
0.0143575
0.0133481
0.0140284
0.0141113
0.0137344
0.0136387
0.0134715
0.0132638
0.00554669
0.0102714
0.0148653
0.013811
0.0143609
0.0143921
0.013959
0.0138318
0.0136431
0.0134168
0.00641366
0.0107448
0.0151019
0.0139925
0.0144776
0.0144725
0.0140069
0.0138604
0.0136617
0.013411
0.00755223
0.0113656
0.0154839
0.0142657
0.01471
0.0146732
0.0141648
0.0140048
0.01378
0.013542
0.0118918
0.0117501
0.0110853
0.00987178
0.010884
0.0109456
0.0109766
0.0111462
0.0111396
0.0111891
0.0106607
0.011781
0.0112587
0.0100024
0.0110666
0.0111261
0.0111202
0.0112498
0.0112334
0.0112191
0.0117518
0.0120731
0.0115001
0.0101532
0.0111806
0.0112634
0.0112355
0.0113587
0.0113432
0.0113191
0.0127519
0.0121739
0.0117845
0.0103741
0.011323
0.0113602
0.0112838
0.011384
0.0113553
0.0113
0.0126934
0.0120726
0.012101
0.0107399
0.0116316
0.0116404
0.0115085
0.0115773
0.0115301
0.0114379
0.0115851
0.0116235
0.0122562
0.0109319
0.0118158
0.0118273
0.0116538
0.0116992
0.0116379
0.0115154
0.0107587
0.0113526
0.0124672
0.0111223
0.0119839
0.0119989
0.0117843
0.0118039
0.0117271
0.0115724
0.0109971
0.0115152
0.0127967
0.0114142
0.0122163
0.0122241
0.0119711
0.0119715
0.0118821
0.011712
0.0115763
0.0117905
0.0129179
0.0115226
0.0122907
0.0122794
0.0120046
0.0119936
0.0118998
0.0117087
0.0126264
0.0123282
0.0132406
0.0117738
0.0125103
0.0124643
0.0121519
0.0121308
0.012015
0.0118365
0.0109848
0.0104963
0.00995994
0.00900985
0.00966077
0.00938693
0.00938438
0.0095007
0.00948159
0.00954621
0.0102893
0.0106648
0.0100831
0.00907525
0.00979457
0.00952713
0.00949542
0.00957999
0.00956088
0.00956434
0.0112053
0.0108814
0.0102646
0.00915365
0.00985199
0.00960752
0.0095605
0.00965093
0.0096367
0.00963751
0.0117136
0.0107952
0.0104641
0.00930609
0.00994303
0.00966368
0.0095857
0.00966339
0.00964299
0.00961659
0.011466
0.0105648
0.0106512
0.00953876
0.0101436
0.00986014
0.0097543
0.00981772
0.00979007
0.00973382
0.0106008
0.0101906
0.0107005
0.00959269
0.0102289
0.00997062
0.00984713
0.0099052
0.00987512
0.00979574
0.0100446
0.0100456
0.0108247
0.00965622
0.0103191
0.0100839
0.0099367
0.00998495
0.00995111
0.00984522
0.010267
0.0101917
0.0110655
0.00984163
0.0104882
0.0102617
0.0100858
0.0101262
0.0100866
0.00996943
0.01068
0.0103407
0.0111129
0.00990521
0.0105337
0.0102953
0.0101061
0.0101408
0.0101028
0.00996702
0.0115824
0.0107629
0.0113839
0.0101462
0.0107435
0.0104676
0.0102459
0.0102754
0.0102172
0.010095
0.00789311
0.00797064
0.00812033
0.00759129
0.00812593
0.00776442
0.00779157
0.00785524
0.00782324
0.00790357
0.00751949
0.00818001
0.00817799
0.00760198
0.0082192
0.0078613
0.00786171
0.00790127
0.00787433
0.00789855
0.00824333
0.00830984
0.00829589
0.00762707
0.00824217
0.00790006
0.00788883
0.00793824
0.00792029
0.00794631
0.00833867
0.00807897
0.00842598
0.0077222
0.00829297
0.00792689
0.00789797
0.00793948
0.00791954
0.00792153
0.00790206
0.00775745
0.00853559
0.00785961
0.00840956
0.00805756
0.00802044
0.00805803
0.00803765
0.00801643
0.00720017
0.00744888
0.00854241
0.00784541
0.00843638
0.0081132
0.00807292
0.00811503
0.00809974
0.00806123
0.00686565
0.00740413
0.00862927
0.00785802
0.00849109
0.00818479
0.00812972
0.00817291
0.00815971
0.00810048
0.00708214
0.00753596
0.00881435
0.00798908
0.00862606
0.00832431
0.00824616
0.00828967
0.00827555
0.00820817
0.00730665
0.00756329
0.00881202
0.00802919
0.00865252
0.00834037
0.00825554
0.00829851
0.00828908
0.00820561
0.00800927
0.00786456
0.00905269
0.00827003
0.00885528
0.00850612
0.00839597
0.00843635
0.00840881
0.00833971
0.00577157
0.00592489
0.00621528
0.00585971
0.00637304
0.00606196
0.00615885
0.00619095
0.00616652
0.00630198
0.0055419
0.00607365
0.0061682
0.00579335
0.00639501
0.00607601
0.0061477
0.00616104
0.00614671
0.00623374
0.0061116
0.0061284
0.00623109
0.00578466
0.00639738
0.00608296
0.0061445
0.00617328
0.00616634
0.00625929
0.00598368
0.00583993
0.00630976
0.00582503
0.00641205
0.00608684
0.0061414
0.00616456
0.00615816
0.00622995
0.00550963
0.00552013
0.00637289
0.00587562
0.00645583
0.00616461
0.00622548
0.00625002
0.00624838
0.00630267
0.00496351
0.00528742
0.00636005
0.00581395
0.00643976
0.00618022
0.00624771
0.00628229
0.00628778
0.00633069
0.0047433
0.00528505
0.00641721
0.00580238
0.00647246
0.00621939
0.0062805
0.00632052
0.00633258
0.00635848
0.00487787
0.00536102
0.00655047
0.00589903
0.0065816
0.00632524
0.00636994
0.00641661
0.00642877
0.0064497
0.00489694
0.00527083
0.00650799
0.0059178
0.00658819
0.00632563
0.00637101
0.00642046
0.00643851
0.00644617
0.00543352
0.00551128
0.00677205
0.0061965
0.00682171
0.00652736
0.00655406
0.00660217
0.006605
0.0066227
0.00440737
0.00435469
0.00449751
0.00413827
0.00459422
0.00432223
0.00446486
0.00447357
0.00445864
0.00463033
0.00420923
0.00441136
0.00437258
0.0040311
0.00456913
0.00427284
0.00439408
0.00438941
0.00438552
0.00451793
0.00462219
0.00439463
0.00440666
0.00402082
0.00457191
0.00426599
0.0043813
0.00439276
0.00439524
0.00453574
0.00440889
0.00411505
0.00446059
0.00402415
0.0045643
0.00425701
0.00437226
0.00437838
0.00438333
0.00450458
0.00405716
0.0038874
0.00450923
0.00400695
0.00455588
0.00429659
0.00442461
0.00443458
0.00444667
0.00455626
0.00373075
0.00377394
0.00449961
0.00391461
0.00451364
0.0042867
0.00442625
0.0044455
0.00446694
0.00456875
0.00360931
0.00380975
0.00454088
0.00389123
0.00453037
0.00430219
0.00444201
0.00446938
0.00449657
0.00458575
0.0036681
0.00383896
0.00463592
0.00395994
0.00461153
0.00437541
0.00450773
0.00454427
0.00457121
0.00465869
0.00353522
0.00367201
0.00456176
0.0039473
0.00458606
0.0043511
0.00449213
0.00453224
0.00456708
0.00464263
0.00395497
0.00387635
0.00483804
0.00423364
0.00482483
0.0045683
0.00469612
0.00473777
0.00475823
0.00484109
0.00343802
0.00292118
0.00302628
0.00269508
0.00304666
0.00280009
0.00294226
0.00292801
0.00286668
0.00337572
0.00286982
0.00250733
0.0024989
0.00220662
0.00262234
0.00234111
0.00246883
0.00244385
0.00237881
0.00291029
0.00317373
0.00249754
0.00257905
0.00226635
0.00268956
0.00239152
0.00251856
0.00251057
0.00245197
0.00297827
0.00297483
0.00227005
0.00262031
0.00224929
0.00267227
0.00237676
0.00250615
0.00249178
0.0024371
0.00294677
0.00281567
0.00216554
0.00266903
0.00219951
0.00264299
0.00239348
0.00253287
0.00252159
0.00247586
0.00297756
0.00271808
0.00216698
0.0026727
0.00210707
0.0025998
0.00237437
0.00252256
0.0025181
0.00248023
0.00297782
0.00268123
0.00224119
0.00270584
0.00208396
0.00260712
0.00237476
0.0025276
0.00252845
0.00249584
0.00298453
0.00270849
0.00226314
0.00277997
0.00213167
0.00266193
0.00242097
0.00257343
0.0025828
0.00254856
0.00303835
0.00249222
0.00201675
0.00263474
0.00202784
0.00254619
0.00231405
0.00247976
0.00249208
0.00246168
0.00295642
0.00317314
0.0025799
0.0032649
0.00265627
0.00313067
0.0028896
0.00304638
0.0030616
0.00303426
0.00348065
0.000352841
0.000689038
0.000735074
0.000482293
0.000702738
0.000527987
0.000630312
0.000638759
0.000636596
0.000259904
0.000705482
0.00118411
0.00114799
0.000939158
0.00119266
0.000989992
0.00109183
0.00110249
0.0011173
0.000655046
0.000790486
0.00110585
0.00116418
0.000943868
0.0011968
0.000977662
0.00108256
0.00110194
0.00111247
0.000668153
0.000588644
0.000935251
0.00115737
0.000887703
0.00114492
0.000927374
0.0010338
0.00104606
0.00105789
0.000610692
0.0005604
0.000921206
0.00119544
0.000843426
0.00112468
0.000934175
0.00104287
0.00105624
0.00107358
0.000625833
0.000593672
0.000976283
0.0012023
0.000783855
0.001105
0.00092278
0.00103409
0.00104977
0.00107098
0.000622718
0.000623741
0.00103453
0.00122003
0.000772576
0.00111206
0.000921044
0.00103717
0.0010536
0.00107748
0.000624796
0.0006896
0.00109149
0.00131114
0.000841908
0.00118346
0.000986214
0.00110478
0.00112593
0.00114839
0.00069115
0.000563196
0.00100253
0.0012697
0.000813442
0.0011437
0.000956954
0.00108525
0.00110788
0.00113766
0.00066637
0.000247972
0.000562927
0.000894406
0.000426245
0.000732523
0.000545284
0.000669175
0.000686472
0.000699791
0.000302384
)
;

boundaryField
{
    inlet1
    {
        type            zeroGradient;
    }
    inlet2
    {
        type            zeroGradient;
    }
    outlet1
    {
        type            fixedValue;
        value           uniform 0;
    }
    outlet2
    {
        type            fixedValue;
        value           uniform 0;
    }
    fixedWalls
    {
        type            zeroGradient;
    }
}


// ************************************************************************* //
