/*--------------------------------*- C++ -*----------------------------------*\
  =========                 |
  \\      /  F ield         | OpenFOAM: The Open Source CFD Toolbox
   \\    /   O peration     | Website:  https://openfoam.org
    \\  /    A nd           | Version:  6
     \\/     M anipulation  |
\*---------------------------------------------------------------------------*/
FoamFile
{
    version     2.0;
    format      ascii;
    class       volScalarField;
    location    "0.085";
    object      T;
}
// * * * * * * * * * * * * * * * * * * * * * * * * * * * * * * * * * * * * * //

dimensions      [0 0 0 1 0 0 0];

internalField   nonuniform List<scalar> 
7000
(
99.271
99.2708
99.2708
99.2707
99.2707
99.2707
99.2707
99.2707
99.2708
99.2708
99.2708
99.2707
99.2706
99.2706
99.2706
99.2706
99.2706
99.2706
99.2707
99.2707
99.2708
99.2706
99.2706
99.2705
99.2705
99.2705
99.2705
99.2706
99.2706
99.2707
99.2707
99.2706
99.2705
99.2705
99.2705
99.2705
99.2705
99.2705
99.2706
99.2706
99.2707
99.2706
99.2705
99.2705
99.2704
99.2704
99.2705
99.2705
99.2706
99.2706
99.2707
99.2706
99.2705
99.2705
99.2704
99.2704
99.2705
99.2705
99.2706
99.2706
99.2707
99.2706
99.2705
99.2705
99.2705
99.2705
99.2705
99.2705
99.2706
99.2706
99.2707
99.2706
99.2706
99.2705
99.2705
99.2705
99.2705
99.2706
99.2706
99.2707
99.2708
99.2707
99.2706
99.2706
99.2706
99.2706
99.2706
99.2706
99.2707
99.2708
99.2708
99.2707
99.2707
99.2706
99.2706
99.2706
99.2707
99.2707
99.2708
99.2708
78.455
78.4547
78.4545
78.4544
78.4543
78.4543
78.4544
78.4544
78.4546
78.4547
78.4547
78.4544
78.4542
78.4541
78.454
78.454
78.4541
78.4542
78.4543
78.4545
78.4545
78.4542
78.454
78.4539
78.4538
78.4538
78.4539
78.454
78.4541
78.4543
78.4544
78.4541
78.4539
78.4538
78.4537
78.4537
78.4538
78.4539
78.454
78.4542
78.4543
78.454
78.4538
78.4537
78.4536
78.4536
78.4537
78.4538
78.454
78.4542
78.4543
78.454
78.4538
78.4537
78.4537
78.4537
78.4537
78.4538
78.454
78.4542
78.4544
78.4541
78.4539
78.4538
78.4537
78.4537
78.4538
78.4539
78.4541
78.4543
78.4545
78.4542
78.454
78.4539
78.4538
78.4538
78.4539
78.454
78.4542
78.4544
78.4546
78.4543
78.4541
78.454
78.454
78.454
78.4541
78.4542
78.4544
78.4546
78.4547
78.4545
78.4543
78.4543
78.4542
78.4542
78.4543
78.4544
78.4546
78.4548
59.4499
59.4494
59.4492
59.449
59.4489
59.4489
59.4489
59.4491
59.4492
59.4494
59.4494
59.449
59.4488
59.4486
59.4485
59.4485
59.4485
59.4487
59.4489
59.4492
59.4492
59.4488
59.4485
59.4483
59.4482
59.4482
59.4483
59.4484
59.4486
59.449
59.449
59.4486
59.4483
59.4481
59.448
59.448
59.4481
59.4483
59.4485
59.4488
59.4489
59.4485
59.4482
59.4481
59.448
59.448
59.4481
59.4482
59.4484
59.4488
59.4489
59.4485
59.4482
59.4481
59.448
59.448
59.4481
59.4482
59.4485
59.4488
59.449
59.4486
59.4483
59.4482
59.4481
59.4481
59.4482
59.4483
59.4486
59.4489
59.4491
59.4487
59.4485
59.4483
59.4483
59.4483
59.4484
59.4485
59.4488
59.4491
59.4493
59.449
59.4487
59.4486
59.4485
59.4485
59.4486
59.4488
59.449
59.4494
59.4496
59.4493
59.4491
59.4489
59.4489
59.4489
59.449
59.4491
59.4494
59.4497
43.1126
43.1121
43.1118
43.1116
43.1115
43.1114
43.1115
43.1116
43.1118
43.112
43.1121
43.1117
43.1113
43.1111
43.111
43.111
43.1111
43.1112
43.1114
43.1117
43.1118
43.1114
43.111
43.1108
43.1107
43.1107
43.1108
43.1109
43.1111
43.1115
43.1116
43.1112
43.1108
43.1106
43.1105
43.1105
43.1106
43.1107
43.111
43.1113
43.1115
43.1111
43.1108
43.1106
43.1105
43.1104
43.1105
43.1107
43.1109
43.1113
43.1115
43.1111
43.1108
43.1106
43.1105
43.1105
43.1105
43.1107
43.1109
43.1113
43.1116
43.1112
43.1109
43.1107
43.1106
43.1106
43.1107
43.1108
43.1111
43.1115
43.1118
43.1114
43.1111
43.1109
43.1108
43.1108
43.1109
43.1111
43.1113
43.1117
43.1121
43.1117
43.1114
43.1112
43.1112
43.1112
43.1112
43.1114
43.1116
43.112
43.1124
43.112
43.1118
43.1117
43.1116
43.1116
43.1117
43.1118
43.1121
43.1125
29.8815
29.881
29.8807
29.8805
29.8804
29.8803
29.8803
29.8802
29.8803
29.8804
29.881
29.8806
29.8803
29.8801
29.88
29.8799
29.8798
29.8798
29.8799
29.8801
29.8807
29.8803
29.88
29.8798
29.8797
29.8796
29.8796
29.8796
29.8796
29.8799
29.8805
29.8801
29.8798
29.8796
29.8795
29.8794
29.8794
29.8794
29.8795
29.8798
29.8805
29.88
29.8797
29.8795
29.8794
29.8793
29.8793
29.8793
29.8794
29.8797
29.8805
29.8801
29.8798
29.8796
29.8794
29.8794
29.8794
29.8794
29.8795
29.8798
29.8806
29.8802
29.8799
29.8797
29.8796
29.8795
29.8795
29.8795
29.8796
29.8799
29.8808
29.8804
29.8801
29.8799
29.8798
29.8798
29.8797
29.8798
29.8799
29.8802
29.8811
29.8807
29.8804
29.8802
29.8801
29.8801
29.8801
29.8801
29.8802
29.8805
29.8814
29.8811
29.8809
29.8807
29.8806
29.8806
29.8806
29.8806
29.8807
29.881
19.7777
19.7773
19.777
19.7768
19.7766
19.7764
19.7762
19.7758
19.7754
19.7751
19.7773
19.777
19.7767
19.7765
19.7763
19.7761
19.7758
19.7754
19.775
19.7749
19.7771
19.7767
19.7764
19.7762
19.776
19.7758
19.7756
19.7752
19.7748
19.7747
19.7769
19.7765
19.7763
19.776
19.7759
19.7757
19.7754
19.7751
19.7747
19.7746
19.7768
19.7765
19.7762
19.776
19.7758
19.7756
19.7754
19.775
19.7747
19.7746
19.7769
19.7765
19.7762
19.776
19.7758
19.7757
19.7754
19.7751
19.7747
19.7746
19.777
19.7766
19.7763
19.7761
19.776
19.7758
19.7755
19.7752
19.7748
19.7748
19.7771
19.7768
19.7765
19.7763
19.7762
19.776
19.7758
19.7754
19.7751
19.775
19.7774
19.7771
19.7768
19.7767
19.7765
19.7763
19.7761
19.7758
19.7754
19.7753
19.7777
19.7775
19.7773
19.7771
19.777
19.7768
19.7765
19.7762
19.7759
19.7758
12.495
12.4947
12.4945
12.4942
12.4939
12.4935
12.4927
12.4914
12.4897
12.4884
12.4947
12.4944
12.4942
12.4939
12.4937
12.4932
12.4924
12.4911
12.4894
12.4882
12.4945
12.4942
12.494
12.4937
12.4935
12.493
12.4922
12.4909
12.4893
12.488
12.4944
12.4941
12.4938
12.4936
12.4933
12.4929
12.4921
12.4908
12.4892
12.488
12.4943
12.494
12.4938
12.4936
12.4933
12.4928
12.492
12.4908
12.4891
12.4879
12.4944
12.4941
12.4938
12.4936
12.4933
12.4929
12.4921
12.4908
12.4892
12.488
12.4945
12.4942
12.4939
12.4937
12.4934
12.493
12.4922
12.4909
12.4893
12.4881
12.4946
12.4943
12.4941
12.4939
12.4936
12.4932
12.4924
12.4911
12.4895
12.4883
12.4949
12.4946
12.4944
12.4942
12.4939
12.4935
12.4927
12.4914
12.4898
12.4886
12.4951
12.4949
12.4947
12.4946
12.4943
12.4938
12.4931
12.4918
12.4902
12.489
7.53445
7.53421
7.53398
7.5337
7.53321
7.53223
7.5303
7.52687
7.52189
7.51723
7.53423
7.53399
7.53377
7.53348
7.53299
7.53202
7.53009
7.52667
7.52171
7.5171
7.53408
7.53384
7.53362
7.53333
7.53285
7.53187
7.52995
7.52653
7.52159
7.517
7.53399
7.53375
7.53353
7.53325
7.53276
7.53179
7.52987
7.52646
7.52152
7.51693
7.53395
7.53372
7.53349
7.53321
7.53273
7.53176
7.52984
7.52643
7.5215
7.51692
7.53397
7.53374
7.53352
7.53324
7.53276
7.53179
7.52987
7.52647
7.52154
7.51696
7.53405
7.53382
7.5336
7.53332
7.53285
7.53188
7.52997
7.52656
7.52164
7.51705
7.53418
7.53395
7.53374
7.53347
7.533
7.53204
7.53012
7.52672
7.52179
7.51721
7.53437
7.53416
7.53396
7.5337
7.53322
7.53226
7.53035
7.52695
7.52202
7.51744
7.53459
7.53443
7.53425
7.53399
7.53353
7.53257
7.53066
7.52725
7.52233
7.51775
4.33721
4.33702
4.3368
4.33642
4.33562
4.33381
4.32986
4.32201
4.30877
4.29343
4.33706
4.33687
4.33665
4.33628
4.33548
4.33366
4.32972
4.32187
4.30865
4.29334
4.33696
4.33677
4.33655
4.33617
4.33537
4.33357
4.32962
4.32178
4.30857
4.29327
4.33689
4.33671
4.33649
4.33611
4.33532
4.33351
4.32957
4.32173
4.30852
4.29323
4.33687
4.33669
4.33647
4.33609
4.3353
4.33349
4.32955
4.32172
4.30851
4.29322
4.33689
4.3367
4.33649
4.33612
4.33532
4.33352
4.32958
4.32175
4.30854
4.29325
4.33694
4.33676
4.33655
4.33618
4.33539
4.33358
4.32965
4.32182
4.30861
4.29332
4.33704
4.33687
4.33666
4.33629
4.3355
4.3337
4.32977
4.32193
4.30873
4.29344
4.33718
4.33702
4.33681
4.33645
4.33567
4.33387
4.32993
4.3221
4.30889
4.2936
4.33735
4.33722
4.33703
4.33667
4.33589
4.33409
4.33016
4.32232
4.30912
4.29383
2.38455
2.3844
2.38417
2.38369
2.38252
2.37965
2.37278
2.35718
2.32509
2.27376
2.38445
2.38431
2.38408
2.3836
2.38243
2.37956
2.37269
2.3571
2.32502
2.2737
2.38439
2.38424
2.38401
2.38353
2.38237
2.3795
2.37263
2.35704
2.32497
2.27366
2.38435
2.3842
2.38397
2.38349
2.38233
2.37946
2.37259
2.35701
2.32494
2.27364
2.38433
2.38419
2.38396
2.38348
2.38232
2.37945
2.37258
2.357
2.32494
2.27363
2.38435
2.3842
2.38398
2.3835
2.38234
2.37947
2.3726
2.35702
2.32496
2.27365
2.38439
2.38424
2.38402
2.38354
2.38238
2.37952
2.37265
2.35707
2.325
2.2737
2.38445
2.38431
2.38409
2.38362
2.38246
2.3796
2.37273
2.35715
2.32508
2.27378
2.38455
2.38442
2.3842
2.38373
2.38257
2.37971
2.37284
2.35726
2.32519
2.27389
2.38467
2.38456
2.38435
2.38388
2.38273
2.37986
2.373
2.35742
2.32534
2.27403
1.25289
1.25277
1.25254
1.25199
1.25058
1.24692
1.23748
1.21315
1.14894
0.968115
1.25283
1.25271
1.25248
1.25194
1.25053
1.24686
1.23742
1.2131
1.1489
0.968086
1.25279
1.25267
1.25244
1.2519
1.25049
1.24683
1.23739
1.21307
1.14887
0.968065
1.25277
1.25265
1.25242
1.25188
1.25047
1.24681
1.23737
1.21305
1.14885
0.968054
1.25276
1.25264
1.25242
1.25187
1.25046
1.2468
1.23736
1.21305
1.14885
0.968053
1.25277
1.25265
1.25243
1.25188
1.25047
1.24681
1.23738
1.21306
1.14886
0.968064
1.25279
1.25268
1.25245
1.25191
1.2505
1.24684
1.23741
1.21309
1.14889
0.968089
1.25284
1.25273
1.2525
1.25196
1.25055
1.24689
1.23746
1.21314
1.14894
0.968129
1.2529
1.25279
1.25257
1.25203
1.25063
1.24697
1.23753
1.21321
1.14901
0.968187
1.25298
1.25288
1.25267
1.25213
1.25072
1.24707
1.23763
1.21331
1.1491
0.968267
0.629592
0.629502
0.629297
0.628781
0.627437
0.623985
0.615337
0.594295
0.544968
0.436654
0.62956
0.629469
0.629265
0.628748
0.627405
0.623954
0.615307
0.594267
0.544945
0.436638
0.629537
0.629447
0.629243
0.628726
0.627383
0.623933
0.615287
0.594249
0.544929
0.436627
0.629524
0.629434
0.62923
0.628714
0.627371
0.623921
0.615276
0.594239
0.544921
0.436621
0.62952
0.629431
0.629227
0.628711
0.627369
0.623919
0.615275
0.594238
0.544921
0.436621
0.629527
0.629437
0.629234
0.628718
0.627376
0.623927
0.615283
0.594246
0.544928
0.436628
0.629543
0.629454
0.629251
0.628736
0.627395
0.623946
0.615301
0.594265
0.544945
0.436641
0.62957
0.629482
0.629281
0.628766
0.627425
0.623976
0.615332
0.594294
0.544972
0.436664
0.629608
0.629523
0.629323
0.62881
0.627469
0.624021
0.615376
0.594337
0.545012
0.436696
0.629655
0.629578
0.629381
0.628869
0.627529
0.62408
0.615434
0.594394
0.545065
0.43674
0.302851
0.302785
0.302624
0.302214
0.301169
0.298586
0.292466
0.278756
0.250302
0.198036
0.302833
0.302768
0.302607
0.302197
0.301152
0.298569
0.292451
0.278742
0.25029
0.198028
0.302821
0.302756
0.302595
0.302185
0.301141
0.298558
0.29244
0.278733
0.250282
0.198022
0.302814
0.302749
0.302588
0.302179
0.301134
0.298552
0.292434
0.278728
0.250278
0.198019
0.302812
0.302747
0.302587
0.302177
0.301133
0.298551
0.292434
0.278727
0.250278
0.198019
0.302816
0.302751
0.302591
0.302182
0.301138
0.298556
0.292439
0.278732
0.250282
0.198023
0.302826
0.302761
0.302601
0.302192
0.301149
0.298566
0.292449
0.278742
0.250291
0.19803
0.302841
0.302777
0.302618
0.302209
0.301166
0.298584
0.292467
0.278759
0.250306
0.198042
0.302863
0.302801
0.302643
0.302235
0.301191
0.298609
0.292491
0.278783
0.250328
0.19806
0.30289
0.302832
0.302676
0.302268
0.301225
0.298643
0.292524
0.278814
0.250357
0.198084
0.139582
0.139538
0.139427
0.139146
0.138453
0.136815
0.133159
0.125576
0.111319
0.0881274
0.139573
0.139529
0.139418
0.139138
0.138445
0.136807
0.133152
0.125569
0.111313
0.088123
0.139567
0.139523
0.139412
0.139132
0.138439
0.136801
0.133146
0.125564
0.111309
0.0881202
0.139563
0.13952
0.139409
0.139128
0.138436
0.136798
0.133144
0.125562
0.111307
0.0881188
0.139563
0.139519
0.139408
0.139128
0.138435
0.136798
0.133143
0.125562
0.111307
0.0881189
0.139565
0.139522
0.139411
0.13913
0.138438
0.136801
0.133146
0.125564
0.11131
0.0881209
0.13957
0.139527
0.139416
0.139136
0.138444
0.136806
0.133152
0.12557
0.111315
0.0881249
0.139579
0.139536
0.139425
0.139145
0.138453
0.136816
0.133161
0.125579
0.111322
0.0881313
0.139591
0.139549
0.139439
0.139159
0.138467
0.136829
0.133174
0.125591
0.111334
0.0881406
0.139605
0.139566
0.139457
0.139177
0.138485
0.136848
0.133192
0.125608
0.111349
0.0881531
0.0617013
0.0616748
0.0616061
0.0614358
0.0610301
0.0601133
0.0581763
0.054415
0.0478694
0.0380767
0.0616969
0.0616705
0.0616017
0.0614315
0.0610259
0.0601092
0.0581726
0.0544116
0.0478667
0.0380746
0.0616939
0.0616675
0.0615988
0.0614287
0.0610231
0.0601065
0.05817
0.0544094
0.0478648
0.0380733
0.0616923
0.0616659
0.0615972
0.0614271
0.0610216
0.0601051
0.0581688
0.0544083
0.0478639
0.0380726
0.0616921
0.0616657
0.061597
0.061427
0.0610215
0.0601051
0.0581688
0.0544084
0.047864
0.0380727
0.0616932
0.0616669
0.0615983
0.0614283
0.0610229
0.0601065
0.0581701
0.0544097
0.0478653
0.0380738
0.061696
0.0616697
0.0616012
0.0614313
0.0610259
0.0601095
0.0581731
0.0544125
0.0478677
0.0380758
0.0617004
0.0616743
0.061606
0.0614361
0.0610308
0.0601143
0.0581778
0.054417
0.0478717
0.0380791
0.0617066
0.0616809
0.0616128
0.0614431
0.0610378
0.0601213
0.0581846
0.0544233
0.0478774
0.0380837
0.0617142
0.0616897
0.061622
0.0614524
0.0610471
0.0601306
0.0581936
0.0544318
0.047885
0.03809
0.026186
0.0261712
0.0261327
0.0260395
0.0258248
0.0253595
0.0244229
0.0227017
0.0198814
0.015904
0.026184
0.0261692
0.0261307
0.0260375
0.0258229
0.0253576
0.0244211
0.0227001
0.0198802
0.015903
0.0261826
0.0261679
0.0261293
0.0260362
0.0258216
0.0253564
0.02442
0.0226991
0.0198793
0.0159024
0.0261819
0.0261671
0.0261286
0.0260355
0.0258209
0.0253558
0.0244194
0.0226986
0.0198789
0.0159021
0.0261818
0.0261671
0.0261286
0.0260354
0.0258209
0.0253558
0.0244195
0.0226987
0.019879
0.0159022
0.0261824
0.0261677
0.0261292
0.0260361
0.0258216
0.0253565
0.0244202
0.0226994
0.0198796
0.0159027
0.0261838
0.0261691
0.0261307
0.0260376
0.0258231
0.0253579
0.0244216
0.0227007
0.0198808
0.0159037
0.0261859
0.0261713
0.026133
0.0260399
0.0258255
0.0253603
0.0244239
0.0227029
0.0198827
0.0159052
0.026189
0.0261746
0.0261363
0.0260434
0.0258289
0.0253637
0.0244272
0.0227059
0.0198855
0.0159075
0.0261927
0.0261789
0.0261408
0.0260479
0.0258334
0.0253682
0.0244315
0.02271
0.0198891
0.0159105
0.0106809
0.0106732
0.0106534
0.0106066
0.0105022
0.0102842
0.00986347
0.00912502
0.00797096
0.00641177
0.01068
0.0106723
0.0106525
0.0106057
0.0105013
0.0102833
0.00986272
0.00912435
0.00797041
0.00641135
0.0106794
0.0106717
0.0106519
0.0106051
0.0105007
0.0102828
0.00986222
0.00912391
0.00797005
0.00641107
0.0106791
0.0106714
0.0106516
0.0106048
0.0105005
0.0102825
0.00986198
0.00912371
0.00796989
0.00641095
0.010679
0.0106714
0.0106516
0.0106048
0.0105005
0.0102826
0.00986201
0.00912375
0.00796993
0.006411
0.0106793
0.0106717
0.0106519
0.0106051
0.0105008
0.0102829
0.00986234
0.00912406
0.00797022
0.00641124
0.01068
0.0106724
0.0106526
0.0106058
0.0105015
0.0102836
0.00986301
0.00912469
0.00797077
0.0064117
0.010681
0.0106734
0.0106537
0.0106069
0.0105026
0.0102847
0.00986408
0.00912568
0.00797166
0.00641243
0.0106824
0.0106749
0.0106552
0.0106085
0.0105042
0.0102863
0.00986559
0.00912709
0.00797291
0.00641347
0.0106842
0.010677
0.0106573
0.0106107
0.0105063
0.0102883
0.0098676
0.00912897
0.00797458
0.00641485
0.00419139
0.00418772
0.00417826
0.00415642
0.00410917
0.00401377
0.00383626
0.00353642
0.00308538
0.0024958
0.00419101
0.00418734
0.00417788
0.00415606
0.00410882
0.00401343
0.00383594
0.00353614
0.00308515
0.00249562
0.00419076
0.00418709
0.00417764
0.00415581
0.00410858
0.0040132
0.00383574
0.00353596
0.003085
0.00249551
0.00419063
0.00418697
0.00417751
0.00415569
0.00410846
0.0040131
0.00383564
0.00353588
0.00308493
0.00249546
0.00419063
0.00418697
0.00417751
0.0041557
0.00410848
0.00401311
0.00383566
0.0035359
0.00308496
0.00249548
0.00419076
0.00418711
0.00417766
0.00415585
0.00410863
0.00401326
0.00383581
0.00353604
0.00308508
0.00249559
0.00419105
0.0041874
0.00417796
0.00415616
0.00410894
0.00401357
0.00383611
0.00353632
0.00308533
0.0024958
0.00419151
0.00418787
0.00417845
0.00415665
0.00410943
0.00401406
0.00383658
0.00353676
0.00308572
0.00249612
0.00419214
0.00418854
0.00417914
0.00415736
0.00411014
0.00401475
0.00383724
0.00353738
0.00308627
0.00249658
0.00419293
0.00418944
0.00418007
0.0041583
0.00411108
0.00401568
0.00383813
0.0035382
0.003087
0.00249719
0.00158407
0.00158241
0.00157819
0.00156866
0.00154859
0.00150927
0.00143844
0.00132278
0.00115479
0.000942872
0.00158391
0.00158226
0.00157804
0.00156851
0.00154845
0.00150914
0.00143831
0.00132267
0.0011547
0.000942798
0.00158381
0.00158216
0.00157794
0.00156842
0.00154835
0.00150905
0.00143823
0.0013226
0.00115464
0.000942752
0.00158376
0.00158211
0.00157789
0.00156837
0.00154831
0.001509
0.00143819
0.00132257
0.00115462
0.000942733
0.00158376
0.00158211
0.0015779
0.00156838
0.00154832
0.00150901
0.0014382
0.00132258
0.00115463
0.000942745
0.00158382
0.00158217
0.00157796
0.00156844
0.00154838
0.00150908
0.00143827
0.00132264
0.00115468
0.000942792
0.00158395
0.0015823
0.00157809
0.00156857
0.00154852
0.00150921
0.00143839
0.00132276
0.00115479
0.00094288
0.00158414
0.0015825
0.0015783
0.00156878
0.00154873
0.00150942
0.00143859
0.00132294
0.00115495
0.000943018
0.00158441
0.00158279
0.00157859
0.00156908
0.00154903
0.00150971
0.00143887
0.00132321
0.00115518
0.000943213
0.00158475
0.00158317
0.00157899
0.00156948
0.00154942
0.0015101
0.00143925
0.00132355
0.00115549
0.00094347
0.000577157
0.000576456
0.000574683
0.000570765
0.000562717
0.00054738
0.00052059
0.000478415
0.00042029
0.000355292
0.000577097
0.000576396
0.000574624
0.000570708
0.000562661
0.000547327
0.000520541
0.000478371
0.000420253
0.000355262
0.000577057
0.000576357
0.000574586
0.00057067
0.000562624
0.000547292
0.00052051
0.000478344
0.00042023
0.000355244
0.000577038
0.000576338
0.000574567
0.000570652
0.000562607
0.000547277
0.000520496
0.000478332
0.000420221
0.000355237
0.00057704
0.000576341
0.00057457
0.000570656
0.000562612
0.000547281
0.000520501
0.000478338
0.000420226
0.000355242
0.000577066
0.000576367
0.000574597
0.000570683
0.000562639
0.000547309
0.000520528
0.000478363
0.000420249
0.000355263
0.000577117
0.000576419
0.000574651
0.000570738
0.000562694
0.000547363
0.00052058
0.000478411
0.000420293
0.0003553
0.000577197
0.000576502
0.000574735
0.000570823
0.00056278
0.000547447
0.000520661
0.000478486
0.00042036
0.000355359
0.000577308
0.000576619
0.000574856
0.000570946
0.000562902
0.000547566
0.000520775
0.000478592
0.000420455
0.000355441
0.000577447
0.000576775
0.000575017
0.000571108
0.000563063
0.000547725
0.000520926
0.000478733
0.00042058
0.000355548
0.396145
0.164237
0.0691274
0.0327907
0.0261684
0.0446489
0.104638
0.256507
0.624453
1.51159
0.396131
0.16423
0.0691238
0.0327881
0.0261651
0.0446424
0.104624
0.256478
0.624394
1.51147
0.396122
0.164226
0.0691215
0.0327865
0.0261629
0.0446383
0.104616
0.25646
0.624358
1.5114
0.396117
0.164223
0.0691204
0.0327857
0.0261617
0.0446359
0.104611
0.25645
0.624338
1.51136
0.396117
0.164224
0.0691206
0.0327857
0.0261614
0.0446351
0.104609
0.256447
0.624331
1.51135
0.396123
0.164227
0.0691221
0.0327864
0.0261619
0.0446356
0.10461
0.256449
0.624336
1.51136
0.396135
0.164233
0.0691252
0.032788
0.026163
0.0446371
0.104613
0.256456
0.624352
1.5114
0.396155
0.164242
0.0691299
0.0327905
0.0261648
0.0446396
0.104618
0.256467
0.624377
1.51145
0.396183
0.164256
0.0691365
0.0327939
0.0261672
0.0446427
0.104624
0.256481
0.624409
1.51152
0.396219
0.164273
0.0691445
0.0327979
0.0261698
0.0446457
0.10463
0.256494
0.624439
1.5116
0.237244
0.113763
0.0521816
0.0262878
0.021709
0.0366018
0.0828443
0.192803
0.432035
0.904923
0.237235
0.113759
0.0521788
0.0262857
0.0217063
0.0365966
0.0828334
0.192781
0.431994
0.904852
0.237229
0.113755
0.0521771
0.0262844
0.0217045
0.0365931
0.0828265
0.192767
0.431968
0.904806
0.237226
0.113754
0.0521762
0.0262837
0.0217035
0.0365912
0.0828225
0.192759
0.431953
0.90478
0.237226
0.113754
0.0521764
0.0262837
0.0217032
0.0365905
0.0828211
0.192757
0.431948
0.904772
0.23723
0.113756
0.0521776
0.0262843
0.0217036
0.0365909
0.0828219
0.192759
0.431952
0.90478
0.237239
0.113761
0.0521801
0.0262857
0.0217046
0.0365923
0.0828246
0.192764
0.431964
0.904803
0.237252
0.113768
0.052184
0.0262878
0.0217062
0.0365945
0.0828289
0.192774
0.431983
0.90484
0.237272
0.113779
0.0521895
0.0262908
0.0217084
0.0365974
0.0828347
0.192786
0.432009
0.904892
0.237298
0.113793
0.0521968
0.0262948
0.0217112
0.036601
0.0828416
0.192801
0.432041
0.904956
0.122466
0.0655843
0.0328155
0.0178049
0.0153836
0.0254839
0.0550422
0.120434
0.248612
0.466885
0.122461
0.0655812
0.0328136
0.0178034
0.0153816
0.0254802
0.0550349
0.12042
0.248587
0.466847
0.122457
0.0655792
0.0328124
0.0178024
0.0153803
0.0254777
0.0550301
0.120411
0.248571
0.466821
0.122456
0.0655782
0.0328119
0.017802
0.0153796
0.0254764
0.0550274
0.120406
0.248562
0.466806
0.122456
0.0655784
0.032812
0.017802
0.0153794
0.0254759
0.0550264
0.120405
0.248559
0.466801
0.122458
0.06558
0.0328129
0.0178024
0.0153797
0.0254762
0.055027
0.120406
0.248562
0.466806
0.122463
0.065583
0.0328146
0.0178034
0.0153805
0.0254772
0.055029
0.12041
0.24857
0.46682
0.122472
0.0655879
0.0328173
0.017805
0.0153818
0.0254789
0.0550323
0.120416
0.248583
0.466843
0.122483
0.065595
0.0328213
0.0178073
0.0153835
0.0254813
0.0550368
0.120426
0.248601
0.466875
0.1225
0.0656045
0.0328265
0.0178103
0.0153858
0.0254843
0.0550425
0.120437
0.248624
0.466918
0.058423
0.033833
0.0182267
0.0106218
0.00959306
0.0155882
0.0321115
0.0663366
0.127948
0.222581
0.0584202
0.0338313
0.0182256
0.0106209
0.00959179
0.015586
0.0321071
0.0663288
0.127935
0.222562
0.0584183
0.0338301
0.0182249
0.0106203
0.00959095
0.0155844
0.0321042
0.0663235
0.127927
0.222548
0.0584174
0.0338296
0.0182246
0.01062
0.00959049
0.0155836
0.0321026
0.0663205
0.127922
0.22254
0.0584176
0.0338298
0.0182246
0.01062
0.00959037
0.0155833
0.032102
0.0663195
0.12792
0.222538
0.058419
0.0338307
0.0182252
0.0106203
0.00959058
0.0155835
0.0321024
0.0663203
0.127922
0.222541
0.0584219
0.0338325
0.0182263
0.010621
0.00959111
0.0155842
0.0321037
0.0663228
0.127926
0.222548
0.0584265
0.0338354
0.018228
0.010622
0.00959198
0.0155854
0.0321059
0.066327
0.127934
0.222561
0.0584331
0.0338396
0.0182305
0.0106235
0.0095932
0.015587
0.0321089
0.066333
0.127945
0.22258
0.058442
0.0338452
0.0182338
0.0106255
0.00959481
0.0155892
0.0321129
0.0663408
0.127959
0.222605
0.0263344
0.0161344
0.00923611
0.00573723
0.00538836
0.00859208
0.0169442
0.0332997
0.0608441
0.100246
0.0263329
0.0161335
0.0092355
0.00573669
0.00538762
0.00859078
0.0169419
0.0332956
0.0608376
0.100237
0.026332
0.0161329
0.00923511
0.00573634
0.00538713
0.00858991
0.0169403
0.0332928
0.0608331
0.10023
0.0263316
0.0161327
0.00923494
0.00573617
0.00538686
0.00858942
0.0169394
0.0332912
0.0608306
0.100227
0.0263317
0.0161328
0.00923499
0.00573617
0.0053868
0.00858925
0.016939
0.0332907
0.0608298
0.100225
0.0263325
0.0161333
0.00923531
0.00573636
0.00538693
0.0085894
0.0169393
0.0332912
0.0608306
0.100227
0.026334
0.0161343
0.00923593
0.00573676
0.00538726
0.00858984
0.0169401
0.0332926
0.0608332
0.100231
0.0263364
0.0161358
0.00923691
0.00573739
0.0053878
0.00859058
0.0169414
0.0332951
0.0608374
0.100238
0.0263398
0.0161381
0.00923831
0.00573829
0.00538857
0.00859162
0.0169432
0.0332985
0.0608436
0.100248
0.0263444
0.0161412
0.0092402
0.0057395
0.00538959
0.00859299
0.0169457
0.0333031
0.0608518
0.100261
0.0113171
0.00723103
0.00435124
0.00285702
0.0027736
0.00434539
0.00824434
0.0155302
0.0271811
0.0430382
0.0113164
0.00723058
0.00435093
0.00285674
0.0027732
0.00434472
0.00824315
0.0155282
0.0271781
0.0430338
0.011316
0.0072303
0.00435073
0.00285655
0.00277294
0.00434426
0.00824235
0.0155268
0.0271759
0.0430308
0.0113158
0.00723018
0.00435065
0.00285646
0.0027728
0.004344
0.00824188
0.0155261
0.0271747
0.0430291
0.0113159
0.00723023
0.00435068
0.00285646
0.00277276
0.00434392
0.00824173
0.0155258
0.0271743
0.0430286
0.0113162
0.0072305
0.00435085
0.00285657
0.00277284
0.00434401
0.00824187
0.0155261
0.0271748
0.0430293
0.011317
0.00723101
0.00435118
0.00285679
0.00277303
0.00434426
0.0082423
0.0155268
0.0271761
0.0430314
0.0113182
0.00723182
0.0043517
0.00285714
0.00277334
0.00434468
0.00824303
0.0155281
0.0271783
0.0430348
0.0113199
0.00723297
0.00435244
0.00285764
0.00277378
0.00434528
0.00824407
0.01553
0.0271815
0.0430398
0.0113221
0.00723451
0.00435343
0.0028583
0.00277437
0.00434607
0.00824545
0.0155325
0.0271858
0.0430465
0.00465832
0.00307489
0.00192889
0.00132856
0.00132578
0.00204386
0.00374861
0.00681258
0.0115175
0.0176954
0.00465801
0.00307468
0.00192874
0.00132842
0.00132558
0.00204353
0.00374804
0.00681166
0.0115161
0.0176935
0.00465782
0.00307455
0.00192865
0.00132833
0.00132545
0.00204331
0.00374766
0.00681103
0.0115151
0.0176921
0.00465774
0.0030745
0.00192861
0.00132828
0.00132538
0.00204318
0.00374744
0.00681067
0.0115146
0.0176914
0.00465778
0.00307453
0.00192863
0.00132829
0.00132537
0.00204314
0.00374737
0.00681056
0.0115144
0.0176912
0.00465797
0.00307466
0.00192871
0.00132834
0.00132541
0.00204319
0.00374745
0.0068107
0.0115147
0.0176915
0.00465832
0.0030749
0.00192888
0.00132846
0.00132551
0.00204332
0.00374767
0.00681109
0.0115153
0.0176925
0.00465887
0.00307529
0.00192913
0.00132864
0.00132567
0.00204355
0.00374805
0.00681174
0.0115164
0.0176941
0.00465966
0.00307584
0.0019295
0.00132889
0.00132591
0.00204387
0.00374859
0.00681268
0.0115179
0.0176965
0.00466071
0.00307658
0.00192999
0.00132924
0.00132622
0.00204429
0.0037493
0.00681394
0.01152
0.0176997
0.00184487
0.00125128
0.000813719
0.000584474
0.000596889
0.000906625
0.00161365
0.00284288
0.00466872
0.00699904
0.00184474
0.00125118
0.000813651
0.000584407
0.000596797
0.000906473
0.00161339
0.00284248
0.00466812
0.00699823
0.00184466
0.00125113
0.000813607
0.000584363
0.000596735
0.00090637
0.00161322
0.0028422
0.00466771
0.00699767
0.00184462
0.0012511
0.000813589
0.000584342
0.000596702
0.000906312
0.00161312
0.00284204
0.00466748
0.00699735
0.00184465
0.00125112
0.000813599
0.000584345
0.000596696
0.000906296
0.00161309
0.002842
0.00466742
0.00699728
0.00184473
0.00125118
0.00081364
0.000584372
0.000596718
0.000906321
0.00161313
0.00284207
0.00466753
0.00699745
0.00184489
0.0012513
0.000813718
0.000584428
0.000596768
0.000906387
0.00161324
0.00284225
0.00466783
0.00699789
0.00184514
0.00125147
0.000813839
0.000584516
0.000596851
0.000906499
0.00161342
0.00284256
0.00466833
0.00699863
0.00184549
0.00125172
0.000814012
0.000584641
0.000596969
0.000906658
0.00161368
0.00284301
0.00466905
0.00699971
0.00184596
0.00125206
0.000814241
0.000584806
0.000597124
0.000906869
0.00161404
0.00284361
0.00467002
0.00700115
0.000716498
0.000501171
0.000337897
0.0002526
0.000263369
0.000394309
0.000682086
0.00116657
0.00186152
0.00271394
0.000716443
0.000501131
0.000337866
0.000252568
0.000263326
0.000394239
0.000681972
0.0011664
0.00186126
0.0027136
0.000716408
0.000501106
0.000337846
0.000252548
0.000263298
0.000394193
0.000681895
0.00116628
0.00186109
0.00271337
0.000716395
0.000501097
0.000337839
0.000252539
0.000263283
0.000394166
0.000681852
0.00116621
0.00186099
0.00271324
0.000716406
0.000501105
0.000337843
0.00025254
0.00026328
0.00039416
0.00068184
0.00116619
0.00186097
0.00271321
0.000716443
0.000501133
0.000337863
0.000252553
0.000263291
0.000394173
0.00068186
0.00116622
0.00186102
0.00271329
0.000716514
0.000501185
0.000337899
0.00025258
0.000263316
0.000394205
0.000681912
0.00116631
0.00186116
0.00271349
0.000716623
0.000501265
0.000337956
0.000252623
0.000263357
0.00039426
0.000682
0.00116645
0.00186138
0.00271382
0.000716776
0.000501377
0.000338035
0.000252682
0.000263414
0.000394338
0.000682126
0.00116666
0.00186171
0.00271429
0.000716979
0.000501526
0.00033814
0.000252761
0.00026349
0.000394439
0.000682292
0.00116694
0.00186215
0.00271492
0.000317137
0.000236413
0.000166565
0.000129541
0.000137606
0.000203264
0.000342246
0.000567813
0.00087343
0.00119865
0.000317112
0.000236395
0.00016655
0.000129525
0.000137585
0.000203229
0.000342191
0.000567729
0.000873313
0.00119851
0.000317097
0.000236383
0.00016654
0.000129515
0.000137569
0.000203205
0.000342151
0.000567669
0.000873229
0.0011984
0.000317091
0.000236379
0.000166536
0.00012951
0.000137561
0.000203191
0.000342129
0.000567635
0.000873181
0.00119834
0.000317097
0.000236383
0.000166539
0.000129511
0.00013756
0.000203188
0.000342123
0.000567627
0.000873171
0.00119833
0.000317116
0.000236398
0.00016655
0.000129519
0.000137567
0.000203195
0.000342135
0.000567646
0.000873201
0.00119837
0.000317151
0.000236426
0.00016657
0.000129534
0.000137581
0.000203214
0.000342165
0.000567694
0.000873274
0.00119847
0.000317205
0.000236468
0.000166601
0.000129558
0.000137605
0.000203246
0.000342214
0.000567773
0.000873394
0.00119864
0.00031728
0.000236526
0.000166643
0.000129591
0.000137638
0.00020329
0.000342284
0.000567886
0.000873565
0.00119887
0.000317377
0.000236601
0.000166698
0.000129633
0.000137679
0.000203345
0.000342373
0.00056803
0.000873785
0.00119918
3.69599
4.38656
4.63181
4.72476
4.76087
4.77492
4.78037
4.78253
4.78346
4.7839
3.69575
4.38629
4.63153
4.72447
4.76058
4.77463
4.78009
4.78225
4.7832
4.7837
3.69562
4.38613
4.63136
4.7243
4.76041
4.77446
4.77992
4.7821
4.78306
4.78357
3.69554
4.38604
4.63127
4.72421
4.76032
4.77437
4.77984
4.78201
4.78298
4.78351
3.69552
4.38601
4.63124
4.72418
4.76029
4.77435
4.77982
4.782
4.78297
4.7835
3.69554
4.38604
4.63128
4.72422
4.76033
4.7744
4.77986
4.78205
4.78302
4.78355
3.69561
4.38613
4.63137
4.72433
4.76044
4.77451
4.77998
4.78217
4.78314
4.78367
3.69574
4.38628
4.63154
4.7245
4.76062
4.77469
4.78017
4.78236
4.78333
4.78386
3.6959
4.38649
4.63177
4.72475
4.76088
4.77495
4.78043
4.78262
4.7836
4.78413
3.69608
4.38674
4.63205
4.72504
4.76117
4.77525
4.78073
4.78292
4.7839
4.78443
1.6667
2.0804
2.2688
2.34919
2.38224
2.39546
2.40064
2.40266
2.40348
2.40385
1.66659
2.08027
2.26866
2.34904
2.3821
2.39532
2.40049
2.40252
2.40335
2.40376
1.66652
2.08018
2.26857
2.34895
2.382
2.39522
2.4004
2.40243
2.40327
2.40369
1.66648
2.08013
2.26852
2.34889
2.38195
2.39517
2.40035
2.40238
2.40323
2.40365
1.66646
2.08012
2.2685
2.34888
2.38194
2.39516
2.40034
2.40237
2.40322
2.40364
1.66648
2.08014
2.26852
2.3489
2.38196
2.39519
2.40037
2.4024
2.40325
2.40368
1.66652
2.08019
2.26858
2.34896
2.38203
2.39525
2.40044
2.40247
2.40332
2.40375
1.66658
2.08027
2.26868
2.34907
2.38214
2.39536
2.40055
2.40259
2.40344
2.40386
1.66667
2.08039
2.26881
2.34921
2.38229
2.39552
2.40071
2.40274
2.40359
2.40402
1.66679
2.08055
2.26899
2.34941
2.38249
2.39572
2.40091
2.40295
2.4038
2.40423
0.755774
0.955453
1.06415
1.11652
1.13991
1.1498
1.15382
1.15541
1.15606
1.15633
0.755721
0.95539
1.06408
1.11645
1.13984
1.14973
1.15375
1.15534
1.15599
1.15629
0.755684
0.955345
1.06403
1.1164
1.13979
1.14968
1.1537
1.1553
1.15595
1.15625
0.755663
0.95532
1.064
1.11637
1.13976
1.14965
1.15367
1.15527
1.15593
1.15623
0.755656
0.955312
1.06399
1.11637
1.13975
1.14965
1.15366
1.15527
1.15592
1.15623
0.755664
0.955322
1.06401
1.11638
1.13977
1.14966
1.15368
1.15528
1.15594
1.15625
0.755685
0.95535
1.06404
1.11642
1.13981
1.1497
1.15372
1.15532
1.15598
1.15629
0.755721
0.955397
1.06409
1.11647
1.13987
1.14976
1.15378
1.15539
1.15605
1.15635
0.755773
0.955464
1.06417
1.11656
1.13996
1.14985
1.15388
1.15548
1.15614
1.15644
0.755843
0.955556
1.06428
1.11667
1.14007
1.14997
1.154
1.1556
1.15626
1.15657
0.336253
0.42489
0.479362
0.508336
0.522309
0.528577
0.531239
0.532328
0.532771
0.532956
0.336227
0.424859
0.479328
0.5083
0.522273
0.528541
0.531203
0.532293
0.532739
0.532934
0.336208
0.424838
0.479304
0.508275
0.522248
0.528516
0.531178
0.53227
0.532718
0.532915
0.336198
0.424825
0.47929
0.508261
0.522233
0.528502
0.531165
0.532257
0.532707
0.532905
0.336195
0.424821
0.479287
0.508258
0.52223
0.528499
0.531162
0.532255
0.532706
0.532905
0.336199
0.424827
0.479293
0.508265
0.522238
0.528508
0.531172
0.532265
0.532716
0.532915
0.33621
0.424842
0.479311
0.508284
0.522258
0.528529
0.531193
0.532287
0.532738
0.532937
0.33623
0.424866
0.479339
0.508316
0.522291
0.528563
0.531228
0.532322
0.532773
0.532973
0.336257
0.424903
0.479381
0.508361
0.522339
0.528612
0.531277
0.532372
0.532823
0.533023
0.336296
0.424952
0.479439
0.508424
0.522404
0.528678
0.531345
0.53244
0.532891
0.533091
0.145244
0.182692
0.207707
0.22208
0.229484
0.232992
0.23455
0.235209
0.235482
0.235595
0.145232
0.182678
0.207691
0.222063
0.229467
0.232975
0.234533
0.235193
0.235467
0.235584
0.145223
0.182667
0.20768
0.222051
0.229455
0.232963
0.234521
0.235181
0.235457
0.235576
0.145218
0.182661
0.207673
0.222045
0.229448
0.232956
0.234514
0.235175
0.235452
0.235571
0.145217
0.18266
0.207672
0.222043
0.229447
0.232955
0.234514
0.235175
0.235452
0.235571
0.145219
0.182663
0.207675
0.222047
0.229451
0.23296
0.234518
0.23518
0.235457
0.235576
0.145225
0.18267
0.207684
0.222057
0.229461
0.232971
0.234529
0.235191
0.235468
0.235588
0.145235
0.182683
0.207699
0.222073
0.229478
0.232988
0.234547
0.235209
0.235487
0.235606
0.145249
0.182701
0.20772
0.222096
0.229503
0.233014
0.234573
0.235235
0.235513
0.235632
0.145268
0.182726
0.207749
0.222128
0.229537
0.233048
0.234608
0.23527
0.235548
0.235668
0.0606461
0.0758669
0.0866484
0.0932268
0.0968075
0.0985883
0.0994123
0.0997731
0.099926
0.0999887
0.0606405
0.0758604
0.0866412
0.0932192
0.0967997
0.0985805
0.0994045
0.0997656
0.0999193
0.099984
0.0606367
0.0758558
0.0866361
0.0932139
0.0967942
0.098575
0.0993992
0.0997606
0.0999147
0.0999802
0.0606344
0.0758531
0.0866332
0.0932109
0.0967912
0.098572
0.0993963
0.0997579
0.0999123
0.0999781
0.0606338
0.0758525
0.0866326
0.0932103
0.0967907
0.0985716
0.099396
0.0997578
0.0999123
0.0999782
0.0606349
0.0758539
0.0866343
0.0932122
0.0967928
0.0985739
0.0993984
0.0997603
0.099915
0.0999809
0.0606378
0.0758576
0.0866386
0.093217
0.0967979
0.0985792
0.0994038
0.0997658
0.0999206
0.0999866
0.0606426
0.0758637
0.0866458
0.0932249
0.0968062
0.0985878
0.0994126
0.0997747
0.0999296
0.0999956
0.0606496
0.0758726
0.0866562
0.0932363
0.0968183
0.0986003
0.0994253
0.0997875
0.0999424
0.100009
0.0606592
0.0758848
0.0866704
0.0932519
0.0968348
0.0986172
0.0994425
0.0998048
0.0999598
0.100026
0.0244405
0.0304123
0.0348259
0.037649
0.0392576
0.040092
0.0404928
0.040674
0.0407526
0.0407849
0.0244381
0.0304095
0.0348228
0.0376457
0.0392542
0.0400885
0.0404894
0.0406708
0.0407497
0.0407829
0.0244364
0.0304075
0.0348206
0.0376433
0.0392518
0.0400862
0.0404871
0.0406686
0.0407477
0.0407813
0.0244354
0.0304063
0.0348194
0.037642
0.0392505
0.0400849
0.0404858
0.0406674
0.0407467
0.0407804
0.0244352
0.0304061
0.0348191
0.0376418
0.0392503
0.0400848
0.0404858
0.0406674
0.0407468
0.0407805
0.0244357
0.0304068
0.0348199
0.0376428
0.0392513
0.0400859
0.0404869
0.0406686
0.040748
0.0407818
0.0244371
0.0304085
0.0348219
0.037645
0.0392537
0.0400883
0.0404895
0.0406712
0.0407507
0.0407845
0.0244393
0.0304113
0.0348253
0.0376487
0.0392576
0.0400924
0.0404936
0.0406754
0.0407549
0.0407887
0.0244426
0.0304155
0.0348301
0.037654
0.0392632
0.0400982
0.0404995
0.0406814
0.0407609
0.0407948
0.024447
0.0304211
0.0348367
0.0376612
0.0392709
0.0401061
0.0405075
0.0406895
0.040769
0.0408029
0.0095093
0.0117698
0.0134956
0.0146422
0.0153211
0.0156864
0.0158678
0.0159523
0.0159898
0.0160053
0.00950828
0.0117686
0.0134943
0.0146408
0.0153197
0.0156849
0.0158664
0.0159509
0.0159886
0.0160045
0.00950758
0.0117678
0.0134934
0.0146399
0.0153187
0.015684
0.0158654
0.01595
0.0159878
0.0160038
0.00950718
0.0117673
0.0134929
0.0146394
0.0153182
0.0156834
0.0158649
0.0159496
0.0159874
0.0160035
0.00950709
0.0117672
0.0134928
0.0146393
0.0153181
0.0156834
0.0158649
0.0159496
0.0159874
0.0160036
0.00950734
0.0117676
0.0134932
0.0146397
0.0153186
0.0156839
0.0158654
0.0159501
0.015988
0.0160041
0.00950794
0.0117683
0.0134941
0.0146407
0.0153197
0.015685
0.0158666
0.0159513
0.0159892
0.0160053
0.00950895
0.0117696
0.0134956
0.0146423
0.0153214
0.0156868
0.0158684
0.0159532
0.015991
0.0160072
0.00951041
0.0117714
0.0134977
0.0146447
0.0153239
0.0156894
0.0158711
0.0159559
0.0159937
0.0160099
0.00951239
0.0117739
0.0135006
0.0146479
0.0153273
0.0156929
0.0158746
0.0159594
0.0159974
0.0160136
0.00359047
0.00440425
0.00504747
0.00548989
0.00576088
0.00591145
0.00598854
0.00602543
0.00604217
0.00604916
0.00359006
0.00440378
0.00504695
0.00548933
0.0057603
0.00591087
0.00598796
0.00602487
0.00604167
0.00604883
0.00358978
0.00440345
0.00504658
0.00548895
0.00575991
0.00591048
0.00598757
0.00602451
0.00604134
0.00604856
0.00358962
0.00440326
0.00504638
0.00548874
0.0057597
0.00591027
0.00598738
0.00602433
0.00604118
0.00604843
0.00358959
0.00440324
0.00504636
0.00548872
0.00575969
0.00591027
0.00598739
0.00602435
0.00604122
0.00604847
0.0035897
0.00440338
0.00504653
0.00548891
0.00575989
0.00591049
0.00598762
0.00602459
0.00604147
0.00604873
0.00358996
0.0044037
0.00504691
0.00548934
0.00576035
0.00591097
0.00598811
0.00602509
0.00604198
0.00604924
0.00359039
0.00440424
0.00504753
0.00549003
0.00576109
0.00591173
0.00598889
0.00602589
0.00604278
0.00605005
0.00359102
0.00440502
0.00504844
0.00549103
0.00576215
0.00591284
0.00599002
0.00602703
0.00604393
0.0060512
0.00359187
0.00440607
0.00504966
0.00549238
0.00576359
0.00591432
0.00599154
0.00602856
0.00604547
0.00605276
0.00135195
0.00160252
0.00182532
0.00198673
0.00208925
0.002148
0.00217892
0.0021941
0.00220113
0.0022041
0.00135179
0.00160234
0.00182511
0.00198652
0.00208903
0.00214777
0.0021787
0.00219389
0.00220094
0.00220398
0.00135168
0.00160221
0.00182497
0.00198637
0.00208887
0.00214762
0.00217855
0.00219375
0.00220082
0.00220388
0.00135161
0.00160214
0.0018249
0.00198629
0.0020888
0.00214754
0.00217848
0.00219368
0.00220076
0.00220383
0.0013516
0.00160213
0.00182489
0.00198629
0.0020888
0.00214755
0.00217849
0.00219369
0.00220078
0.00220385
0.00135165
0.00160219
0.00182496
0.00198637
0.00208888
0.00214764
0.00217858
0.0021938
0.00220088
0.00220396
0.00135176
0.00160233
0.00182512
0.00198654
0.00208907
0.00214784
0.00217878
0.002194
0.00220109
0.00220417
0.00135195
0.00160255
0.00182537
0.00198682
0.00208937
0.00214815
0.00217911
0.00219433
0.00220142
0.0022045
0.00135222
0.00160287
0.00182574
0.00198723
0.0020898
0.0021486
0.00217957
0.00219479
0.00220189
0.00220497
0.00135257
0.0016033
0.00182624
0.00198778
0.00209039
0.0021492
0.00218018
0.00219542
0.00220252
0.0022056
379.035
379.034
379.034
379.034
379.034
379.034
379.034
379.034
379.034
379.034
379.034
379.034
379.033
379.033
379.033
379.033
379.033
379.033
379.033
379.034
379.034
379.033
379.033
379.033
379.033
379.033
379.033
379.033
379.033
379.033
379.034
379.033
379.033
379.033
379.033
379.033
379.033
379.033
379.033
379.033
379.034
379.033
379.033
379.033
379.033
379.033
379.033
379.033
379.033
379.033
379.034
379.033
379.033
379.033
379.033
379.033
379.033
379.033
379.033
379.033
379.034
379.033
379.033
379.033
379.033
379.033
379.033
379.033
379.033
379.033
379.034
379.033
379.033
379.033
379.033
379.033
379.033
379.033
379.033
379.034
379.034
379.033
379.033
379.033
379.033
379.033
379.033
379.033
379.034
379.034
379.034
379.034
379.033
379.033
379.033
379.033
379.033
379.034
379.034
379.034
299.555
299.554
299.553
299.553
299.553
299.553
299.553
299.553
299.554
299.554
299.554
299.553
299.552
299.552
299.552
299.552
299.552
299.552
299.553
299.554
299.553
299.552
299.552
299.551
299.551
299.551
299.551
299.552
299.552
299.553
299.553
299.552
299.551
299.551
299.55
299.551
299.551
299.551
299.552
299.553
299.553
299.552
299.551
299.55
299.55
299.55
299.551
299.551
299.552
299.552
299.553
299.552
299.551
299.55
299.55
299.55
299.551
299.551
299.552
299.553
299.553
299.552
299.551
299.551
299.551
299.551
299.551
299.551
299.552
299.553
299.553
299.552
299.552
299.551
299.551
299.551
299.551
299.552
299.552
299.553
299.554
299.553
299.552
299.552
299.552
299.552
299.552
299.552
299.553
299.554
299.554
299.553
299.553
299.553
299.552
299.553
299.553
299.553
299.554
299.555
226.99
226.988
226.987
226.987
226.987
226.987
226.987
226.988
226.988
226.989
226.988
226.987
226.986
226.985
226.985
226.985
226.986
226.986
226.987
226.988
226.987
226.986
226.985
226.984
226.984
226.984
226.984
226.985
226.986
226.987
226.987
226.985
226.984
226.984
226.983
226.983
226.984
226.985
226.986
226.987
226.986
226.985
226.984
226.983
226.983
226.983
226.984
226.984
226.985
226.987
226.986
226.985
226.984
226.983
226.983
226.983
226.984
226.984
226.985
226.987
226.987
226.985
226.984
226.984
226.984
226.984
226.984
226.985
226.986
226.987
226.987
226.986
226.985
226.984
226.984
226.984
226.985
226.986
226.987
226.988
226.988
226.987
226.986
226.985
226.985
226.985
226.986
226.987
226.988
226.989
226.989
226.988
226.987
226.987
226.987
226.987
226.987
226.988
226.989
226.99
164.61
164.609
164.608
164.607
164.607
164.607
164.608
164.609
164.61
164.611
164.609
164.607
164.606
164.606
164.606
164.606
164.606
164.607
164.608
164.61
164.607
164.606
164.605
164.605
164.604
164.605
164.605
164.606
164.607
164.609
164.607
164.605
164.604
164.604
164.604
164.604
164.604
164.605
164.607
164.608
164.606
164.605
164.604
164.604
164.603
164.604
164.604
164.605
164.606
164.608
164.606
164.605
164.604
164.604
164.604
164.604
164.604
164.605
164.607
164.608
164.607
164.605
164.604
164.604
164.604
164.604
164.605
164.606
164.607
164.609
164.607
164.606
164.605
164.605
164.605
164.605
164.606
164.607
164.608
164.61
164.608
164.607
164.606
164.606
164.606
164.606
164.607
164.608
164.609
164.611
164.609
164.609
164.608
164.608
164.608
164.608
164.609
164.61
164.611
164.613
114.089
114.088
114.088
114.088
114.088
114.089
114.089
114.09
114.091
114.093
114.088
114.087
114.086
114.086
114.087
114.087
114.088
114.089
114.09
114.091
114.086
114.085
114.085
114.085
114.086
114.086
114.087
114.088
114.089
114.091
114.086
114.085
114.085
114.085
114.085
114.085
114.086
114.087
114.088
114.09
114.085
114.084
114.084
114.084
114.085
114.085
114.086
114.087
114.088
114.09
114.085
114.084
114.084
114.084
114.085
114.085
114.086
114.087
114.088
114.09
114.086
114.085
114.085
114.085
114.085
114.086
114.086
114.087
114.089
114.091
114.087
114.086
114.086
114.086
114.086
114.087
114.087
114.088
114.09
114.092
114.088
114.087
114.087
114.087
114.087
114.088
114.089
114.09
114.091
114.093
114.089
114.088
114.089
114.089
114.089
114.09
114.091
114.092
114.093
114.095
75.505
75.5056
75.5072
75.5088
75.51
75.5109
75.5117
75.5126
75.5137
75.515
75.5036
75.5042
75.5058
75.5074
75.5086
75.5095
75.5103
75.5113
75.5125
75.514
75.5026
75.5032
75.5048
75.5064
75.5076
75.5085
75.5094
75.5104
75.5117
75.5133
75.502
75.5026
75.5042
75.5058
75.507
75.508
75.5089
75.5099
75.5112
75.5129
75.5017
75.5023
75.5039
75.5056
75.5068
75.5078
75.5087
75.5097
75.511
75.5128
75.5018
75.5024
75.504
75.5057
75.5069
75.5079
75.5088
75.5099
75.5112
75.5129
75.5022
75.5028
75.5045
75.5061
75.5074
75.5084
75.5093
75.5104
75.5117
75.5135
75.5029
75.5035
75.5053
75.507
75.5082
75.5092
75.5102
75.5113
75.5126
75.5144
75.5039
75.5047
75.5065
75.5082
75.5095
75.5105
75.5115
75.5126
75.5139
75.5157
75.5051
75.5062
75.5081
75.5098
75.5112
75.5122
75.5132
75.5143
75.5156
75.5174
47.6825
47.6874
47.6939
47.699
47.7023
47.7042
47.7055
47.7065
47.7076
47.7087
47.6813
47.6863
47.6928
47.6979
47.7012
47.7031
47.7044
47.7055
47.7066
47.708
47.6805
47.6855
47.692
47.6971
47.7004
47.7024
47.7037
47.7048
47.706
47.7074
47.6801
47.685
47.6915
47.6967
47.7
47.7019
47.7032
47.7044
47.7056
47.7071
47.6799
47.6848
47.6913
47.6965
47.6998
47.7018
47.7031
47.7042
47.7055
47.707
47.6799
47.6849
47.6914
47.6966
47.6999
47.7019
47.7032
47.7044
47.7056
47.7072
47.6803
47.6853
47.6918
47.697
47.7003
47.7023
47.7037
47.7048
47.7061
47.7076
47.6809
47.6859
47.6925
47.6977
47.7011
47.7031
47.7044
47.7056
47.7069
47.7084
47.6818
47.6869
47.6935
47.6988
47.7021
47.7042
47.7055
47.7067
47.708
47.7095
47.6829
47.6882
47.6949
47.7002
47.7036
47.7056
47.707
47.7082
47.7094
47.711
28.7016
28.7194
28.7385
28.7518
28.7593
28.7632
28.7652
28.7664
28.7674
28.7684
28.7008
28.7186
28.7377
28.751
28.7585
28.7624
28.7644
28.7657
28.7667
28.7679
28.7002
28.718
28.7372
28.7504
28.7579
28.7618
28.7639
28.7652
28.7663
28.7675
28.6999
28.7177
28.7368
28.7501
28.7576
28.7615
28.7636
28.7649
28.766
28.7672
28.6997
28.7176
28.7367
28.7499
28.7575
28.7614
28.7635
28.7648
28.7659
28.7672
28.6998
28.7176
28.7368
28.75
28.7576
28.7615
28.7636
28.7649
28.7661
28.7673
28.7001
28.7179
28.7371
28.7504
28.7579
28.7619
28.764
28.7653
28.7664
28.7677
28.7006
28.7185
28.7376
28.7509
28.7585
28.7625
28.7646
28.7659
28.7671
28.7683
28.7013
28.7192
28.7385
28.7518
28.7594
28.7633
28.7654
28.7668
28.7679
28.7692
28.7021
28.7203
28.7396
28.7529
28.7605
28.7645
28.7666
28.7679
28.7691
28.7704
16.3925
16.4512
16.5018
16.5319
16.5471
16.5542
16.5574
16.5589
16.5599
16.5607
16.3919
16.4506
16.5013
16.5314
16.5466
16.5536
16.5568
16.5584
16.5594
16.5604
16.3915
16.4502
16.5009
16.531
16.5462
16.5532
16.5565
16.5581
16.5591
16.5601
16.3913
16.45
16.5007
16.5308
16.546
16.553
16.5562
16.5579
16.5589
16.5599
16.3912
16.4499
16.5006
16.5307
16.5459
16.553
16.5562
16.5578
16.5589
16.5599
16.3913
16.45
16.5006
16.5308
16.546
16.5531
16.5563
16.5579
16.559
16.56
16.3915
16.4502
16.5009
16.531
16.5462
16.5533
16.5565
16.5582
16.5593
16.5603
16.3919
16.4506
16.5013
16.5314
16.5467
16.5538
16.557
16.5586
16.5597
16.5607
16.3924
16.4511
16.5019
16.5321
16.5473
16.5544
16.5576
16.5593
16.5604
16.5614
16.393
16.4519
16.5027
16.5329
16.5482
16.5552
16.5585
16.5601
16.5612
16.5623
8.68097
8.87712
8.99975
9.05938
9.08573
9.09679
9.10133
9.10328
9.10426
9.10494
8.68066
8.8768
8.99942
9.05905
9.0854
9.09646
9.10101
9.10297
9.10399
9.10475
8.68042
8.87656
8.99918
9.05881
9.08515
9.09622
9.10078
9.10275
9.10378
9.10457
8.68028
8.87641
8.99903
9.05866
9.08501
9.09608
9.10065
9.10262
9.10367
9.10447
8.68023
8.87636
8.99898
9.05862
9.08497
9.09604
9.10061
9.1026
9.10365
9.10446
8.68027
8.87641
8.99904
9.05867
9.08503
9.09611
9.10068
9.10267
9.10373
9.10454
8.68041
8.87656
8.9992
9.05884
9.0852
9.09629
9.10087
9.10286
9.10392
9.10473
8.68065
8.87682
8.99947
9.05913
9.0855
9.09659
9.10117
9.10316
9.10423
9.10504
8.68099
8.8772
8.99988
9.05955
9.08593
9.09702
9.10161
9.10361
9.10467
9.10548
8.68144
8.87774
9.00046
9.06015
9.08654
9.09763
9.10222
9.10422
9.10528
9.1061
0.000202933
0.000202652
0.000201948
0.000200422
0.000197361
0.000191682
0.000182067
0.000167545
0.000148887
0.000131511
0.00020291
0.000202629
0.000201926
0.000200401
0.00019734
0.000191662
0.000182049
0.000167529
0.000148874
0.000131502
0.000202896
0.000202615
0.000201912
0.000200387
0.000197327
0.000191649
0.000182038
0.000167518
0.000148865
0.000131495
0.000202889
0.000202608
0.000201905
0.00020038
0.000197321
0.000191644
0.000182033
0.000167514
0.000148862
0.000131492
0.00020289
0.00020261
0.000201906
0.000200382
0.000197323
0.000191646
0.000182035
0.000167517
0.000148864
0.000131495
0.0002029
0.00020262
0.000201917
0.000200393
0.000197334
0.000191657
0.000182046
0.000167527
0.000148873
0.000131503
0.000202921
0.000202641
0.000201938
0.000200415
0.000197355
0.000191678
0.000182066
0.000167546
0.000148891
0.000131519
0.000202952
0.000202673
0.000201972
0.000200448
0.000197389
0.000191711
0.000182098
0.000167575
0.000148917
0.000131543
0.000202996
0.000202719
0.000202019
0.000200496
0.000197436
0.000191758
0.000182142
0.000167617
0.000148955
0.000131576
0.000203051
0.00020278
0.000202082
0.00020056
0.0001975
0.000191819
0.000182201
0.000167671
0.000149004
0.00013162
6.89242e-05
6.88169e-05
6.85515e-05
6.79868e-05
6.68788e-05
6.48758e-05
6.15899e-05
5.68313e-05
5.11079e-05
4.63924e-05
6.89161e-05
6.8809e-05
6.85436e-05
6.79791e-05
6.68713e-05
6.48688e-05
6.15834e-05
5.68255e-05
5.1103e-05
4.63891e-05
6.89109e-05
6.88038e-05
6.85385e-05
6.79741e-05
6.68666e-05
6.48643e-05
6.15793e-05
5.68219e-05
5.11e-05
4.63867e-05
6.89085e-05
6.88015e-05
6.85362e-05
6.79719e-05
6.68645e-05
6.48624e-05
6.15776e-05
5.68205e-05
5.10989e-05
4.63858e-05
6.89091e-05
6.88021e-05
6.8537e-05
6.79727e-05
6.68654e-05
6.48633e-05
6.15786e-05
5.68215e-05
5.10999e-05
4.63869e-05
6.89131e-05
6.88061e-05
6.85411e-05
6.79769e-05
6.68696e-05
6.48675e-05
6.15827e-05
5.68254e-05
5.11035e-05
4.63902e-05
6.89208e-05
6.8814e-05
6.85491e-05
6.7985e-05
6.68777e-05
6.48755e-05
6.15903e-05
5.68325e-05
5.11101e-05
4.63963e-05
6.89327e-05
6.88262e-05
6.85616e-05
6.79977e-05
6.68903e-05
6.48879e-05
6.16022e-05
5.68436e-05
5.11202e-05
4.64057e-05
6.89492e-05
6.88435e-05
6.85794e-05
6.80157e-05
6.69082e-05
6.49053e-05
6.16189e-05
5.68592e-05
5.11343e-05
4.64187e-05
6.89698e-05
6.88665e-05
6.86032e-05
6.80395e-05
6.69319e-05
6.49284e-05
6.16409e-05
5.68796e-05
5.11529e-05
4.64357e-05
2.2634e-05
2.2595e-05
2.24996e-05
2.23002e-05
2.19173e-05
2.12424e-05
2.01684e-05
1.8674e-05
1.69755e-05
1.56894e-05
2.26312e-05
2.25923e-05
2.24969e-05
2.22976e-05
2.19148e-05
2.12399e-05
2.01661e-05
1.86719e-05
1.69738e-05
1.56883e-05
2.26294e-05
2.25905e-05
2.24951e-05
2.22959e-05
2.19131e-05
2.12384e-05
2.01647e-05
1.86707e-05
1.69727e-05
1.56875e-05
2.26286e-05
2.25897e-05
2.24944e-05
2.22951e-05
2.19124e-05
2.12378e-05
2.01642e-05
1.86703e-05
1.69724e-05
1.56872e-05
2.26289e-05
2.259e-05
2.24947e-05
2.22955e-05
2.19128e-05
2.12381e-05
2.01646e-05
1.86707e-05
1.69728e-05
1.56877e-05
2.26303e-05
2.25915e-05
2.24962e-05
2.2297e-05
2.19144e-05
2.12397e-05
2.01661e-05
1.86721e-05
1.69741e-05
1.56889e-05
2.26331e-05
2.25943e-05
2.24991e-05
2.23e-05
2.19173e-05
2.12426e-05
2.01689e-05
1.86747e-05
1.69766e-05
1.56912e-05
2.26375e-05
2.25988e-05
2.25037e-05
2.23046e-05
2.19219e-05
2.12471e-05
2.01732e-05
1.86787e-05
1.69803e-05
1.56947e-05
2.26435e-05
2.2605e-05
2.25101e-05
2.2311e-05
2.19283e-05
2.12534e-05
2.01792e-05
1.86843e-05
1.69854e-05
1.56995e-05
2.2651e-05
2.26134e-05
2.25187e-05
2.23197e-05
2.19369e-05
2.12617e-05
2.01871e-05
1.86918e-05
1.69922e-05
1.57058e-05
7.19311e-06
7.17959e-06
7.14681e-06
7.07947e-06
6.95278e-06
6.73477e-06
6.39778e-06
5.9456e-06
5.45537e-06
5.10577e-06
7.19218e-06
7.17867e-06
7.1459e-06
7.07858e-06
6.95192e-06
6.73395e-06
6.39702e-06
5.94493e-06
5.4548e-06
5.10541e-06
7.19159e-06
7.17808e-06
7.14532e-06
7.07801e-06
6.95138e-06
6.73344e-06
6.39656e-06
5.94452e-06
5.45446e-06
5.10515e-06
7.19133e-06
7.17783e-06
7.14508e-06
7.07778e-06
6.95116e-06
6.73325e-06
6.39638e-06
5.94437e-06
5.45435e-06
5.10507e-06
7.19144e-06
7.17794e-06
7.1452e-06
7.07791e-06
6.9513e-06
6.73339e-06
6.39654e-06
5.94453e-06
5.45451e-06
5.10523e-06
7.19196e-06
7.17847e-06
7.14574e-06
7.07846e-06
6.95185e-06
6.73394e-06
6.39707e-06
5.94504e-06
5.45499e-06
5.10568e-06
7.19295e-06
7.17948e-06
7.14677e-06
7.0795e-06
6.95288e-06
6.73495e-06
6.39804e-06
5.94595e-06
5.45584e-06
5.1065e-06
7.19447e-06
7.18104e-06
7.14836e-06
7.0811e-06
6.95448e-06
6.73651e-06
6.39954e-06
5.94736e-06
5.45715e-06
5.10773e-06
7.19657e-06
7.18323e-06
7.15061e-06
7.08337e-06
6.95673e-06
6.73871e-06
6.40164e-06
5.94933e-06
5.45897e-06
5.10946e-06
7.19919e-06
7.18614e-06
7.1536e-06
7.08637e-06
6.9597e-06
6.7416e-06
6.4044e-06
5.95191e-06
5.46136e-06
5.1117e-06
2.21424e-06
2.20974e-06
2.19895e-06
2.17713e-06
2.13689e-06
2.0692e-06
1.96735e-06
1.83506e-06
1.69711e-06
1.60295e-06
2.21394e-06
2.20944e-06
2.19865e-06
2.17684e-06
2.13661e-06
2.06894e-06
1.96711e-06
1.83484e-06
1.69693e-06
1.60284e-06
2.21374e-06
2.20925e-06
2.19847e-06
2.17666e-06
2.13644e-06
2.06878e-06
1.96696e-06
1.83471e-06
1.69682e-06
1.60275e-06
2.21367e-06
2.20917e-06
2.19839e-06
2.17659e-06
2.13637e-06
2.06872e-06
1.96691e-06
1.83466e-06
1.69678e-06
1.60273e-06
2.21371e-06
2.20922e-06
2.19844e-06
2.17664e-06
2.13642e-06
2.06877e-06
1.96697e-06
1.83472e-06
1.69684e-06
1.60279e-06
2.21389e-06
2.2094e-06
2.19862e-06
2.17683e-06
2.13661e-06
2.06896e-06
1.96715e-06
1.83489e-06
1.69701e-06
1.60295e-06
2.21422e-06
2.20974e-06
2.19897e-06
2.17718e-06
2.13696e-06
2.0693e-06
1.96748e-06
1.8352e-06
1.6973e-06
1.60323e-06
2.21474e-06
2.21027e-06
2.19951e-06
2.17772e-06
2.1375e-06
2.06982e-06
1.96798e-06
1.83568e-06
1.69774e-06
1.60365e-06
2.21544e-06
2.211e-06
2.20026e-06
2.17848e-06
2.13825e-06
2.07056e-06
1.96868e-06
1.83634e-06
1.69836e-06
1.60424e-06
2.21633e-06
2.21199e-06
2.20127e-06
2.17949e-06
2.13925e-06
2.07153e-06
1.96961e-06
1.83721e-06
1.69917e-06
1.60501e-06
6.60776e-07
6.59339e-07
6.55926e-07
6.49133e-07
6.36832e-07
6.16581e-07
5.86853e-07
5.49328e-07
5.11445e-07
4.86425e-07
6.60682e-07
6.59246e-07
6.55834e-07
6.49043e-07
6.36745e-07
6.16498e-07
5.86777e-07
5.4926e-07
5.11387e-07
4.8639e-07
6.60623e-07
6.59187e-07
6.55777e-07
6.48987e-07
6.36692e-07
6.16448e-07
5.86731e-07
5.49219e-07
5.11354e-07
4.86364e-07
6.60599e-07
6.59164e-07
6.55755e-07
6.48966e-07
6.36672e-07
6.16431e-07
5.86716e-07
5.49207e-07
5.11345e-07
4.86358e-07
6.60614e-07
6.5918e-07
6.55771e-07
6.48983e-07
6.3669e-07
6.1645e-07
5.86736e-07
5.49227e-07
5.11365e-07
4.86378e-07
6.60674e-07
6.5924e-07
6.55832e-07
6.49045e-07
6.36753e-07
6.16511e-07
5.86795e-07
5.49284e-07
5.11419e-07
4.86431e-07
6.60784e-07
6.59352e-07
6.55946e-07
6.4916e-07
6.36866e-07
6.16622e-07
5.86903e-07
5.49386e-07
5.11516e-07
4.86524e-07
6.60952e-07
6.59523e-07
6.5612e-07
6.49336e-07
6.37041e-07
6.16793e-07
5.87067e-07
5.49541e-07
5.11662e-07
4.86664e-07
6.61182e-07
6.59763e-07
6.56366e-07
6.49583e-07
6.37286e-07
6.17032e-07
5.87296e-07
5.49757e-07
5.11865e-07
4.86858e-07
6.61472e-07
6.60083e-07
6.56694e-07
6.49911e-07
6.3761e-07
6.17347e-07
5.87597e-07
5.50041e-07
5.1213e-07
4.87112e-07
1.91334e-07
1.90892e-07
1.89853e-07
1.87815e-07
1.84189e-07
1.78337e-07
1.69939e-07
1.59602e-07
1.49443e-07
1.42903e-07
1.91305e-07
1.90864e-07
1.89825e-07
1.87788e-07
1.84163e-07
1.78312e-07
1.69916e-07
1.59581e-07
1.49425e-07
1.42892e-07
1.91288e-07
1.90846e-07
1.89808e-07
1.87771e-07
1.84147e-07
1.78297e-07
1.69902e-07
1.59569e-07
1.49415e-07
1.42885e-07
1.91281e-07
1.9084e-07
1.89802e-07
1.87765e-07
1.84141e-07
1.78292e-07
1.69898e-07
1.59566e-07
1.49413e-07
1.42883e-07
1.91286e-07
1.90845e-07
1.89807e-07
1.87771e-07
1.84147e-07
1.78299e-07
1.69905e-07
1.59572e-07
1.4942e-07
1.4289e-07
1.91305e-07
1.90864e-07
1.89827e-07
1.87791e-07
1.84167e-07
1.78318e-07
1.69924e-07
1.5959e-07
1.49437e-07
1.42907e-07
1.9134e-07
1.909e-07
1.89863e-07
1.87827e-07
1.84203e-07
1.78353e-07
1.69958e-07
1.59623e-07
1.49468e-07
1.42936e-07
1.91393e-07
1.90954e-07
1.89918e-07
1.87882e-07
1.84258e-07
1.78407e-07
1.70009e-07
1.59672e-07
1.49514e-07
1.42981e-07
1.91465e-07
1.91029e-07
1.89995e-07
1.8796e-07
1.84335e-07
1.78482e-07
1.70081e-07
1.5974e-07
1.49578e-07
1.43043e-07
1.91557e-07
1.9113e-07
1.90098e-07
1.88063e-07
1.84437e-07
1.78581e-07
1.70176e-07
1.59829e-07
1.49662e-07
1.43124e-07
5.38503e-08
5.37192e-08
5.34138e-08
5.28231e-08
5.17894e-08
5.01519e-08
4.78497e-08
4.5078e-08
4.24154e-08
4.07357e-08
5.38419e-08
5.37109e-08
5.34057e-08
5.28151e-08
5.17817e-08
5.01446e-08
4.78429e-08
4.50718e-08
4.24102e-08
4.07326e-08
5.38368e-08
5.37058e-08
5.34007e-08
5.28103e-08
5.1777e-08
5.01402e-08
4.78389e-08
4.50683e-08
4.24073e-08
4.07304e-08
5.38349e-08
5.3704e-08
5.33989e-08
5.28086e-08
5.17755e-08
5.01389e-08
4.78377e-08
4.50675e-08
4.24067e-08
4.07301e-08
5.38366e-08
5.37058e-08
5.34008e-08
5.28106e-08
5.17775e-08
5.01409e-08
4.78398e-08
4.50696e-08
4.24088e-08
4.07323e-08
5.38425e-08
5.37117e-08
5.34068e-08
5.28167e-08
5.17836e-08
5.0147e-08
4.78457e-08
4.50752e-08
4.24143e-08
4.07376e-08
5.38532e-08
5.37226e-08
5.34178e-08
5.28277e-08
5.17946e-08
5.01577e-08
4.78561e-08
4.50851e-08
4.24237e-08
4.07467e-08
5.38694e-08
5.37391e-08
5.34346e-08
5.28446e-08
5.18113e-08
5.01741e-08
4.78718e-08
4.51001e-08
4.24379e-08
4.07605e-08
5.38916e-08
5.37621e-08
5.34581e-08
5.28683e-08
5.18348e-08
5.0197e-08
4.78938e-08
4.51209e-08
4.24577e-08
4.07795e-08
5.39195e-08
5.37927e-08
5.34895e-08
5.28996e-08
5.18657e-08
5.0227e-08
4.79226e-08
4.51482e-08
4.24834e-08
4.08044e-08
1.49491e-08
1.49109e-08
1.48228e-08
1.46547e-08
1.43652e-08
1.39147e-08
1.32933e-08
1.25602e-08
1.18697e-08
1.14415e-08
1.49467e-08
1.49085e-08
1.48204e-08
1.46524e-08
1.43629e-08
1.39125e-08
1.32913e-08
1.25584e-08
1.18682e-08
1.14406e-08
1.49452e-08
1.4907e-08
1.4819e-08
1.4651e-08
1.43616e-08
1.39113e-08
1.32902e-08
1.25574e-08
1.18674e-08
1.144e-08
1.49447e-08
1.49065e-08
1.48185e-08
1.46505e-08
1.43612e-08
1.39109e-08
1.32899e-08
1.25572e-08
1.18672e-08
1.14399e-08
1.49452e-08
1.49071e-08
1.48191e-08
1.46511e-08
1.43618e-08
1.39116e-08
1.32906e-08
1.25578e-08
1.18679e-08
1.14406e-08
1.4947e-08
1.49089e-08
1.48209e-08
1.4653e-08
1.43637e-08
1.39134e-08
1.32923e-08
1.25596e-08
1.18696e-08
1.14422e-08
1.49503e-08
1.49122e-08
1.48243e-08
1.46563e-08
1.4367e-08
1.39167e-08
1.32955e-08
1.25626e-08
1.18724e-08
1.1445e-08
1.49552e-08
1.49172e-08
1.48293e-08
1.46614e-08
1.4372e-08
1.39216e-08
1.33002e-08
1.25671e-08
1.18768e-08
1.14492e-08
1.49618e-08
1.49241e-08
1.48364e-08
1.46685e-08
1.43791e-08
1.39284e-08
1.33068e-08
1.25733e-08
1.18827e-08
1.1455e-08
1.49702e-08
1.49332e-08
1.48457e-08
1.46779e-08
1.43883e-08
1.39374e-08
1.33154e-08
1.25815e-08
1.18905e-08
1.14625e-08
4.91391e-09
4.9008e-09
4.87078e-09
4.81428e-09
4.71857e-09
4.57231e-09
4.37442e-09
4.14546e-09
3.93379e-09
3.80447e-09
4.91312e-09
4.90003e-09
4.87001e-09
4.81353e-09
4.71785e-09
4.57162e-09
4.37378e-09
4.14488e-09
3.93331e-09
3.80421e-09
4.91263e-09
4.89954e-09
4.86954e-09
4.81307e-09
4.71741e-09
4.57121e-09
4.3734e-09
4.14455e-09
3.93303e-09
3.80401e-09
4.91247e-09
4.89939e-09
4.86939e-09
4.81293e-09
4.71728e-09
4.5711e-09
4.37331e-09
4.14448e-09
3.933e-09
3.804e-09
4.91268e-09
4.89961e-09
4.86961e-09
4.81316e-09
4.71752e-09
4.57134e-09
4.37356e-09
4.14473e-09
3.93325e-09
3.80426e-09
4.91333e-09
4.90026e-09
4.87028e-09
4.81384e-09
4.71819e-09
4.57201e-09
4.3742e-09
4.14536e-09
3.93386e-09
3.80486e-09
4.9145e-09
4.90144e-09
4.87147e-09
4.81503e-09
4.71938e-09
4.57317e-09
4.37533e-09
4.14644e-09
3.9349e-09
3.80587e-09
4.91624e-09
4.90322e-09
4.87327e-09
4.81684e-09
4.72118e-09
4.57493e-09
4.37702e-09
4.14806e-09
3.93644e-09
3.80737e-09
4.9186e-09
4.90567e-09
4.87578e-09
4.81935e-09
4.72366e-09
4.57735e-09
4.37935e-09
4.15028e-09
3.93857e-09
3.80943e-09
4.92147e-09
4.9088e-09
4.87899e-09
4.82256e-09
4.72683e-09
4.58043e-09
4.38231e-09
4.1531e-09
3.94125e-09
3.81204e-09
0.000500853
0.000567669
0.000639182
0.000694777
0.00073158
0.000753342
0.00076511
0.000771025
0.000773819
0.000775014
0.000500789
0.0005676
0.000639107
0.000694697
0.000731497
0.000753258
0.000765026
0.000770944
0.000773747
0.000774967
0.000500745
0.000567552
0.000639055
0.000694643
0.000731441
0.000753202
0.000764971
0.000770892
0.000773701
0.00077493
0.000500721
0.000567526
0.000639027
0.000694614
0.000731412
0.000753174
0.000764945
0.000770868
0.000773681
0.000774913
0.000500719
0.000567524
0.000639027
0.000694614
0.000731414
0.000753177
0.000764949
0.000770875
0.000773689
0.000774923
0.00050074
0.000567549
0.000639055
0.000694647
0.000731449
0.000753214
0.000764989
0.000770916
0.000773732
0.000774966
0.000500787
0.000567603
0.000639117
0.000694715
0.000731522
0.000753291
0.000765068
0.000770997
0.000773814
0.000775049
0.000500864
0.000567691
0.000639217
0.000694826
0.00073164
0.000753414
0.000765194
0.000771125
0.000773943
0.000775179
0.000500974
0.000567817
0.000639361
0.000694985
0.00073181
0.000753591
0.000765375
0.000771308
0.000774128
0.000775364
0.000501113
0.000567986
0.000639555
0.000695198
0.000732037
0.000753827
0.000765616
0.000771552
0.000774374
0.000775612
0.000176753
0.000194863
0.000216795
0.000235014
0.000247595
0.000255273
0.000259534
0.000261726
0.000262781
0.000263238
0.000176729
0.000194838
0.000216768
0.000234985
0.000247565
0.000255243
0.000259504
0.000261697
0.000262755
0.000263221
0.000176713
0.00019482
0.000216749
0.000234966
0.000247545
0.000255223
0.000259485
0.000261679
0.000262739
0.000263208
0.000176705
0.000194811
0.00021674
0.000234956
0.000247536
0.000255213
0.000259476
0.00026167
0.000262732
0.000263203
0.000176704
0.000194811
0.00021674
0.000234956
0.000247537
0.000255215
0.000259478
0.000261673
0.000262736
0.000263207
0.000176713
0.000194821
0.000216751
0.000234969
0.00024755
0.000255229
0.000259493
0.000261689
0.000262752
0.000263223
0.000176732
0.000194842
0.000216775
0.000234995
0.000247578
0.000255258
0.000259523
0.00026172
0.000262783
0.000263255
0.000176762
0.000194875
0.000216812
0.000235036
0.000247622
0.000255305
0.000259571
0.000261768
0.000262832
0.000263304
0.000176804
0.000194923
0.000216867
0.000235096
0.000247686
0.000255371
0.000259639
0.000261837
0.000262902
0.000263374
0.000176858
0.000194987
0.00021694
0.000235176
0.000247771
0.00025546
0.000259729
0.000261929
0.000262994
0.000263467
5.9788e-05
6.47238e-05
7.12311e-05
7.69531e-05
8.10661e-05
8.36544e-05
8.51279e-05
8.59024e-05
8.62824e-05
8.64489e-05
5.97797e-05
6.4715e-05
7.12217e-05
7.69432e-05
8.10559e-05
8.3644e-05
8.51176e-05
8.58924e-05
8.62735e-05
8.64432e-05
5.9774e-05
6.4709e-05
7.12153e-05
7.69365e-05
8.1049e-05
8.36371e-05
8.51109e-05
8.58862e-05
8.6268e-05
8.64388e-05
5.9771e-05
6.4706e-05
7.12121e-05
7.69332e-05
8.10457e-05
8.36339e-05
8.51078e-05
8.58835e-05
8.62657e-05
8.6437e-05
5.9771e-05
6.47061e-05
7.12123e-05
7.69336e-05
8.10463e-05
8.36347e-05
8.51088e-05
8.58847e-05
8.62672e-05
8.64387e-05
5.97744e-05
6.47097e-05
7.12165e-05
7.69382e-05
8.10513e-05
8.364e-05
8.51144e-05
8.58905e-05
8.62732e-05
8.64448e-05
5.97814e-05
6.47174e-05
7.12251e-05
7.69477e-05
8.10614e-05
8.36506e-05
8.51254e-05
8.59017e-05
8.62846e-05
8.64562e-05
5.97927e-05
6.47298e-05
7.12389e-05
7.69628e-05
8.10775e-05
8.36674e-05
8.51426e-05
8.59193e-05
8.63023e-05
8.64741e-05
5.98084e-05
6.47474e-05
7.12586e-05
7.69844e-05
8.11006e-05
8.36914e-05
8.51672e-05
8.59442e-05
8.63275e-05
8.64994e-05
5.98282e-05
6.47709e-05
7.12851e-05
7.70133e-05
8.11313e-05
8.37234e-05
8.52e-05
8.59774e-05
8.6361e-05
8.65332e-05
1.94582e-05
2.07997e-05
2.26778e-05
2.44093e-05
2.57002e-05
2.65365e-05
2.70244e-05
2.72862e-05
2.7417e-05
2.74751e-05
1.94554e-05
2.07968e-05
2.26746e-05
2.44059e-05
2.56967e-05
2.6533e-05
2.70209e-05
2.72829e-05
2.74141e-05
2.74732e-05
1.94535e-05
2.07948e-05
2.26725e-05
2.44037e-05
2.56945e-05
2.65307e-05
2.70187e-05
2.72808e-05
2.74122e-05
2.74718e-05
1.94525e-05
2.07938e-05
2.26715e-05
2.44027e-05
2.56934e-05
2.65297e-05
2.70177e-05
2.728e-05
2.74115e-05
2.74712e-05
1.94526e-05
2.07939e-05
2.26716e-05
2.44029e-05
2.56937e-05
2.653e-05
2.70181e-05
2.72805e-05
2.74121e-05
2.74719e-05
1.94538e-05
2.07952e-05
2.26731e-05
2.44045e-05
2.56954e-05
2.65319e-05
2.70201e-05
2.72825e-05
2.74143e-05
2.7474e-05
1.94563e-05
2.07979e-05
2.26761e-05
2.44078e-05
2.5699e-05
2.65357e-05
2.7024e-05
2.72865e-05
2.74182e-05
2.7478e-05
1.94604e-05
2.08023e-05
2.2681e-05
2.44131e-05
2.57046e-05
2.65415e-05
2.703e-05
2.72926e-05
2.74245e-05
2.74843e-05
1.9466e-05
2.08085e-05
2.26879e-05
2.44207e-05
2.57126e-05
2.65499e-05
2.70386e-05
2.73013e-05
2.74332e-05
2.74931e-05
1.9473e-05
2.08168e-05
2.26971e-05
2.44307e-05
2.57234e-05
2.6561e-05
2.705e-05
2.73129e-05
2.74449e-05
2.75049e-05
6.1089e-06
6.47031e-06
6.99879e-06
7.50547e-06
7.89571e-06
8.15549e-06
8.31057e-06
8.39551e-06
8.43867e-06
8.45807e-06
6.10798e-06
6.46934e-06
6.99777e-06
7.5044e-06
7.89461e-06
8.15437e-06
8.30945e-06
8.39443e-06
8.43771e-06
8.45747e-06
6.10735e-06
6.4687e-06
6.99709e-06
7.50369e-06
7.89388e-06
8.15364e-06
8.30875e-06
8.39377e-06
8.43713e-06
8.45701e-06
6.10704e-06
6.46838e-06
6.99676e-06
7.50335e-06
7.89355e-06
8.15332e-06
8.30845e-06
8.39351e-06
8.43692e-06
8.45685e-06
6.10708e-06
6.46843e-06
6.99683e-06
7.50344e-06
7.89366e-06
8.15345e-06
8.30861e-06
8.3937e-06
8.43714e-06
8.45709e-06
6.10751e-06
6.46889e-06
6.99734e-06
7.50401e-06
7.89427e-06
8.1541e-06
8.30929e-06
8.3944e-06
8.43786e-06
8.45783e-06
6.10839e-06
6.46983e-06
6.99838e-06
7.50513e-06
7.89547e-06
8.15536e-06
8.31059e-06
8.39573e-06
8.43921e-06
8.45919e-06
6.10978e-06
6.47133e-06
7.00002e-06
7.50692e-06
7.89737e-06
8.15735e-06
8.31263e-06
8.39781e-06
8.44131e-06
8.4613e-06
6.11171e-06
6.47345e-06
7.00236e-06
7.50946e-06
7.90007e-06
8.16016e-06
8.31551e-06
8.40074e-06
8.44427e-06
8.46428e-06
6.11413e-06
6.47626e-06
7.00548e-06
7.51285e-06
7.90367e-06
8.16391e-06
8.31935e-06
8.40463e-06
8.4482e-06
8.46824e-06
1.85369e-06
1.94978e-06
2.09494e-06
2.23869e-06
2.35263e-06
2.43039e-06
2.47783e-06
2.50431e-06
2.51799e-06
2.52422e-06
1.8534e-06
1.94948e-06
2.09462e-06
2.23835e-06
2.35228e-06
2.43003e-06
2.47748e-06
2.50398e-06
2.5177e-06
2.52404e-06
1.8532e-06
1.94927e-06
2.09441e-06
2.23813e-06
2.35206e-06
2.42981e-06
2.47726e-06
2.50377e-06
2.51752e-06
2.5239e-06
1.85311e-06
1.94918e-06
2.09431e-06
2.23803e-06
2.35196e-06
2.42972e-06
2.47717e-06
2.5037e-06
2.51746e-06
2.52385e-06
1.85313e-06
1.9492e-06
2.09434e-06
2.23807e-06
2.352e-06
2.42976e-06
2.47723e-06
2.50376e-06
2.51753e-06
2.52394e-06
1.85327e-06
1.94935e-06
2.09451e-06
2.23825e-06
2.3522e-06
2.42998e-06
2.47745e-06
2.504e-06
2.51777e-06
2.52418e-06
1.85357e-06
1.94967e-06
2.09485e-06
2.23862e-06
2.35259e-06
2.43039e-06
2.47788e-06
2.50443e-06
2.51821e-06
2.52463e-06
1.85402e-06
1.95016e-06
2.09539e-06
2.2392e-06
2.35321e-06
2.43104e-06
2.47854e-06
2.50511e-06
2.5189e-06
2.52531e-06
1.85466e-06
1.95085e-06
2.09615e-06
2.24003e-06
2.35409e-06
2.43195e-06
2.47948e-06
2.50606e-06
2.51986e-06
2.52628e-06
1.85547e-06
1.95178e-06
2.09717e-06
2.24113e-06
2.35526e-06
2.43317e-06
2.48073e-06
2.50732e-06
2.52114e-06
2.52757e-06
5.44531e-07
5.69671e-07
6.08611e-07
6.48221e-07
6.80422e-07
7.02903e-07
7.16899e-07
7.24857e-07
7.29033e-07
7.3096e-07
5.44442e-07
5.69579e-07
6.08514e-07
6.4812e-07
6.80317e-07
7.02797e-07
7.16794e-07
7.24756e-07
7.28944e-07
7.30905e-07
5.44383e-07
5.69518e-07
6.08451e-07
6.48054e-07
6.8025e-07
7.0273e-07
7.16729e-07
7.24695e-07
7.28891e-07
7.30864e-07
5.44355e-07
5.6949e-07
6.08422e-07
6.48025e-07
6.80222e-07
7.02702e-07
7.16703e-07
7.24673e-07
7.28874e-07
7.30851e-07
5.44363e-07
5.69498e-07
6.08432e-07
6.48038e-07
6.80236e-07
7.02719e-07
7.16723e-07
7.24695e-07
7.28899e-07
7.30879e-07
5.4441e-07
5.69549e-07
6.08488e-07
6.48098e-07
6.80301e-07
7.02788e-07
7.16795e-07
7.2477e-07
7.28976e-07
7.30957e-07
5.44504e-07
5.69649e-07
6.08596e-07
6.48215e-07
6.80426e-07
7.02918e-07
7.16929e-07
7.24907e-07
7.29115e-07
7.31098e-07
5.44651e-07
5.69805e-07
6.08766e-07
6.48398e-07
6.8062e-07
7.03121e-07
7.17138e-07
7.2512e-07
7.29331e-07
7.31314e-07
5.44855e-07
5.70026e-07
6.09007e-07
6.48659e-07
6.80897e-07
7.03409e-07
7.17433e-07
7.2542e-07
7.29634e-07
7.31619e-07
5.45112e-07
5.70321e-07
6.0933e-07
6.49006e-07
6.81264e-07
7.03791e-07
7.17825e-07
7.25817e-07
7.30035e-07
7.32024e-07
1.55205e-07
1.61669e-07
1.7188e-07
1.82504e-07
1.91335e-07
1.9763e-07
2.01624e-07
2.03934e-07
2.05165e-07
2.05741e-07
1.55179e-07
1.61642e-07
1.71851e-07
1.82474e-07
1.91305e-07
1.97599e-07
2.01593e-07
2.03904e-07
2.05139e-07
2.05725e-07
1.55161e-07
1.61624e-07
1.71833e-07
1.82455e-07
1.91285e-07
1.97579e-07
2.01574e-07
2.03887e-07
2.05124e-07
2.05713e-07
1.55153e-07
1.61616e-07
1.71825e-07
1.82447e-07
1.91277e-07
1.97572e-07
2.01567e-07
2.03881e-07
2.05119e-07
2.0571e-07
1.55156e-07
1.61619e-07
1.71828e-07
1.82451e-07
1.91282e-07
1.97577e-07
2.01574e-07
2.03888e-07
2.05127e-07
2.05719e-07
1.55171e-07
1.61635e-07
1.71846e-07
1.8247e-07
1.91302e-07
1.97599e-07
2.01596e-07
2.03911e-07
2.05151e-07
2.05743e-07
1.552e-07
1.61666e-07
1.71879e-07
1.82506e-07
1.9134e-07
1.97639e-07
2.01637e-07
2.03953e-07
2.05194e-07
2.05786e-07
1.55246e-07
1.61714e-07
1.71931e-07
1.82562e-07
1.914e-07
1.97701e-07
2.01701e-07
2.04018e-07
2.0526e-07
2.05852e-07
1.55309e-07
1.61782e-07
1.72005e-07
1.82642e-07
1.91484e-07
1.97788e-07
2.01791e-07
2.0411e-07
2.05352e-07
2.05945e-07
1.55388e-07
1.61872e-07
1.72104e-07
1.82747e-07
1.91596e-07
1.97904e-07
2.0191e-07
2.04231e-07
2.05474e-07
2.06068e-07
4.35865e-08
4.52366e-08
4.78863e-08
5.06977e-08
5.30823e-08
5.48153e-08
5.59351e-08
5.65937e-08
5.69501e-08
5.71186e-08
4.35787e-08
4.52287e-08
4.78779e-08
5.0689e-08
5.30734e-08
5.48063e-08
5.59261e-08
5.65851e-08
5.69424e-08
5.7114e-08
4.35737e-08
4.52235e-08
4.78726e-08
5.06835e-08
5.30678e-08
5.48007e-08
5.59206e-08
5.658e-08
5.69381e-08
5.71106e-08
4.35715e-08
4.52213e-08
4.78703e-08
5.06812e-08
5.30656e-08
5.47986e-08
5.59187e-08
5.65784e-08
5.69369e-08
5.71099e-08
4.35724e-08
4.52223e-08
4.78716e-08
5.06827e-08
5.30672e-08
5.48004e-08
5.59208e-08
5.65808e-08
5.69395e-08
5.71127e-08
4.35771e-08
4.52273e-08
4.78769e-08
5.06884e-08
5.30734e-08
5.48069e-08
5.59276e-08
5.65878e-08
5.69467e-08
5.712e-08
4.35861e-08
4.52367e-08
4.7887e-08
5.06993e-08
5.30849e-08
5.4819e-08
5.59401e-08
5.66005e-08
5.69596e-08
5.7133e-08
4.35999e-08
4.52513e-08
4.79027e-08
5.07162e-08
5.31028e-08
5.48376e-08
5.59593e-08
5.66201e-08
5.69794e-08
5.71529e-08
4.36191e-08
4.52719e-08
4.79251e-08
5.07401e-08
5.31281e-08
5.48639e-08
5.59862e-08
5.66475e-08
5.70071e-08
5.71808e-08
4.36432e-08
4.52992e-08
4.79547e-08
5.07718e-08
5.31615e-08
5.48986e-08
5.60218e-08
5.66836e-08
5.70436e-08
5.72177e-08
1.44908e-08
1.49898e-08
1.58027e-08
1.66813e-08
1.74413e-08
1.80044e-08
1.8375e-08
1.85968e-08
1.87186e-08
1.87766e-08
1.44883e-08
1.49872e-08
1.58e-08
1.66785e-08
1.74384e-08
1.80014e-08
1.83721e-08
1.8594e-08
1.87162e-08
1.87753e-08
1.44866e-08
1.49855e-08
1.57982e-08
1.66766e-08
1.74365e-08
1.79996e-08
1.83703e-08
1.85924e-08
1.87148e-08
1.87742e-08
1.44859e-08
1.49848e-08
1.57975e-08
1.66759e-08
1.74358e-08
1.79989e-08
1.83697e-08
1.85919e-08
1.87144e-08
1.8774e-08
1.44863e-08
1.49852e-08
1.5798e-08
1.66765e-08
1.74364e-08
1.79996e-08
1.83705e-08
1.85928e-08
1.87154e-08
1.8775e-08
1.4488e-08
1.4987e-08
1.57999e-08
1.66786e-08
1.74387e-08
1.8002e-08
1.8373e-08
1.85953e-08
1.8718e-08
1.87777e-08
1.44912e-08
1.49904e-08
1.58036e-08
1.66825e-08
1.74428e-08
1.80063e-08
1.83774e-08
1.85999e-08
1.87227e-08
1.87824e-08
1.44963e-08
1.49957e-08
1.58093e-08
1.66885e-08
1.74492e-08
1.8013e-08
1.83843e-08
1.86069e-08
1.87297e-08
1.87895e-08
1.45031e-08
1.50031e-08
1.58172e-08
1.6697e-08
1.74581e-08
1.80223e-08
1.83938e-08
1.86166e-08
1.87395e-08
1.87994e-08
1.45114e-08
1.50125e-08
1.58274e-08
1.67079e-08
1.74696e-08
1.80342e-08
1.8406e-08
1.8629e-08
1.87521e-08
1.8812e-08
)
;

boundaryField
{
    inlet1
    {
        type            fixedValue;
        value           uniform 10;
    }
    inlet2
    {
        type            fixedValue;
        value           uniform 20;
    }
    outlet1
    {
        type            zeroGradient;
    }
    outlet2
    {
        type            zeroGradient;
    }
    fixedWalls
    {
        type            zeroGradient;
    }
}


// ************************************************************************* //
