/*--------------------------------*- C++ -*----------------------------------*\
  =========                 |
  \\      /  F ield         | OpenFOAM: The Open Source CFD Toolbox
   \\    /   O peration     | Website:  https://openfoam.org
    \\  /    A nd           | Version:  6
     \\/     M anipulation  |
\*---------------------------------------------------------------------------*/
FoamFile
{
    version     2.0;
    format      ascii;
    class       volScalarField;
    location    "0.055";
    object      T;
}
// * * * * * * * * * * * * * * * * * * * * * * * * * * * * * * * * * * * * * //

dimensions      [0 0 0 1 0 0 0];

internalField   nonuniform List<scalar> 
7000
(
96.6005
96.6003
96.6001
96.6001
96.6
96.6
96.6001
96.6001
96.6002
96.6003
96.6003
96.6
96.5999
96.5998
96.5998
96.5998
96.5998
96.5999
96.6
96.6001
96.6001
96.5999
96.5998
96.5997
96.5997
96.5997
96.5997
96.5998
96.5999
96.6
96.6001
96.5998
96.5997
96.5996
96.5996
96.5996
96.5996
96.5997
96.5998
96.5999
96.6
96.5998
96.5997
96.5996
96.5996
96.5996
96.5996
96.5997
96.5998
96.5999
96.6
96.5998
96.5997
96.5996
96.5996
96.5996
96.5996
96.5997
96.5998
96.5999
96.6001
96.5998
96.5997
96.5996
96.5996
96.5996
96.5997
96.5997
96.5998
96.6
96.6001
96.5999
96.5998
96.5997
96.5997
96.5997
96.5997
96.5998
96.5999
96.6
96.6002
96.6
96.5999
96.5998
96.5998
96.5998
96.5998
96.5999
96.6
96.6001
96.6003
96.6001
96.6
96.5999
96.5999
96.5999
96.6
96.6
96.6001
96.6003
71.0537
71.0531
71.0528
71.0526
71.0526
71.0526
71.0526
71.0528
71.053
71.0533
71.0531
71.0526
71.0523
71.0521
71.052
71.052
71.0521
71.0523
71.0526
71.0529
71.0528
71.0523
71.052
71.0518
71.0517
71.0517
71.0518
71.052
71.0523
71.0526
71.0526
71.0521
71.0518
71.0516
71.0515
71.0516
71.0516
71.0518
71.0521
71.0525
71.0526
71.052
71.0517
71.0515
71.0515
71.0515
71.0516
71.0518
71.0521
71.0524
71.0526
71.052
71.0517
71.0516
71.0515
71.0515
71.0516
71.0518
71.0521
71.0525
71.0526
71.0521
71.0518
71.0516
71.0516
71.0516
71.0517
71.0519
71.0522
71.0526
71.0528
71.0523
71.052
71.0518
71.0518
71.0518
71.0519
71.0521
71.0524
71.0528
71.053
71.0526
71.0523
71.0521
71.0521
71.0521
71.0522
71.0524
71.0527
71.0531
71.0533
71.0529
71.0526
71.0525
71.0524
71.0525
71.0526
71.0528
71.0531
71.0535
48.9112
48.9106
48.9102
48.9099
48.9098
48.9098
48.9099
48.9102
48.9105
48.9109
48.9106
48.9099
48.9095
48.9093
48.9092
48.9092
48.9093
48.9096
48.9099
48.9105
48.9102
48.9095
48.9091
48.9089
48.9088
48.9088
48.9089
48.9092
48.9096
48.9101
48.9099
48.9093
48.9089
48.9086
48.9085
48.9085
48.9087
48.909
48.9094
48.91
48.9098
48.9092
48.9088
48.9085
48.9084
48.9085
48.9086
48.9089
48.9093
48.9099
48.9098
48.9092
48.9088
48.9085
48.9085
48.9085
48.9086
48.9089
48.9093
48.9099
48.9099
48.9093
48.9089
48.9087
48.9086
48.9086
48.9088
48.9091
48.9095
48.9101
48.9102
48.9096
48.9092
48.909
48.9089
48.9089
48.9091
48.9094
48.9098
48.9104
48.9105
48.9099
48.9096
48.9094
48.9093
48.9093
48.9095
48.9098
48.9102
48.9108
48.9109
48.9105
48.9102
48.91
48.9099
48.9099
48.9101
48.9104
48.9108
48.9114
31.4345
31.4339
31.4335
31.4332
31.4331
31.4331
31.4333
31.4335
31.4339
31.4344
31.4339
31.4333
31.4328
31.4326
31.4325
31.4325
31.4327
31.4329
31.4334
31.434
31.4335
31.4328
31.4324
31.4322
31.4321
31.4321
31.4323
31.4326
31.433
31.4337
31.4332
31.4326
31.4322
31.432
31.4319
31.4319
31.432
31.4324
31.4328
31.4335
31.4331
31.4325
31.4321
31.4319
31.4318
31.4318
31.432
31.4323
31.4328
31.4334
31.4331
31.4325
31.4321
31.4319
31.4318
31.4318
31.432
31.4323
31.4328
31.4335
31.4333
31.4327
31.4323
31.432
31.432
31.432
31.4322
31.4325
31.433
31.4337
31.4335
31.4329
31.4326
31.4324
31.4323
31.4323
31.4325
31.4328
31.4333
31.434
31.4339
31.4334
31.433
31.4328
31.4328
31.4328
31.433
31.4333
31.4338
31.4345
31.4344
31.434
31.4337
31.4335
31.4334
31.4335
31.4337
31.434
31.4345
31.4352
18.8426
18.8421
18.8418
18.8416
18.8415
18.8415
18.8416
18.8419
18.8422
18.8427
18.8421
18.8416
18.8412
18.841
18.841
18.841
18.8411
18.8414
18.8418
18.8424
18.8418
18.8412
18.8409
18.8407
18.8406
18.8407
18.8408
18.8411
18.8415
18.8421
18.8416
18.841
18.8407
18.8405
18.8404
18.8405
18.8406
18.8409
18.8413
18.842
18.8415
18.841
18.8406
18.8404
18.8404
18.8404
18.8405
18.8408
18.8413
18.8419
18.8415
18.841
18.8407
18.8405
18.8404
18.8404
18.8406
18.8409
18.8413
18.842
18.8416
18.8411
18.8408
18.8406
18.8405
18.8406
18.8407
18.841
18.8415
18.8421
18.8419
18.8414
18.8411
18.8409
18.8408
18.8409
18.841
18.8413
18.8418
18.8424
18.8422
18.8418
18.8415
18.8413
18.8413
18.8413
18.8415
18.8418
18.8423
18.8429
18.8427
18.8424
18.8421
18.842
18.8419
18.842
18.8422
18.8425
18.8429
18.8436
10.5355
10.5352
10.5349
10.5348
10.5347
10.5347
10.5348
10.535
10.5353
10.5357
10.5352
10.5348
10.5345
10.5344
10.5343
10.5344
10.5345
10.5347
10.535
10.5354
10.5349
10.5345
10.5343
10.5341
10.5341
10.5341
10.5342
10.5344
10.5348
10.5352
10.5348
10.5344
10.5341
10.534
10.5339
10.534
10.5341
10.5343
10.5346
10.5351
10.5347
10.5343
10.5341
10.5339
10.5339
10.5339
10.534
10.5343
10.5346
10.5351
10.5347
10.5344
10.5341
10.534
10.5339
10.534
10.5341
10.5343
10.5346
10.5352
10.5348
10.5345
10.5342
10.5341
10.5341
10.5341
10.5342
10.5344
10.5348
10.5353
10.535
10.5347
10.5345
10.5343
10.5343
10.5343
10.5345
10.5347
10.535
10.5355
10.5353
10.535
10.5348
10.5347
10.5347
10.5347
10.5348
10.5351
10.5354
10.5359
10.5357
10.5355
10.5353
10.5352
10.5352
10.5352
10.5354
10.5356
10.5359
10.5365
5.50001
5.49976
5.4996
5.4995
5.49946
5.49947
5.49951
5.4996
5.49972
5.49991
5.49976
5.49952
5.49935
5.49925
5.49922
5.49922
5.49928
5.49937
5.49951
5.49976
5.4996
5.49935
5.49919
5.49909
5.49905
5.49907
5.49912
5.49922
5.49938
5.49965
5.4995
5.49926
5.49909
5.499
5.49896
5.49898
5.49903
5.49914
5.4993
5.49958
5.49946
5.49922
5.49906
5.49897
5.49893
5.49895
5.49901
5.49912
5.49928
5.49957
5.49948
5.49924
5.49908
5.49899
5.49896
5.49897
5.49904
5.49915
5.49932
5.4996
5.49956
5.49933
5.49917
5.49908
5.49905
5.49907
5.49913
5.49925
5.49942
5.4997
5.49971
5.49948
5.49933
5.49925
5.49922
5.49924
5.49931
5.49942
5.49959
5.49988
5.49993
5.49973
5.49959
5.49952
5.49949
5.49951
5.49958
5.4997
5.49987
5.50015
5.50023
5.50008
5.49997
5.4999
5.49988
5.4999
5.49997
5.50008
5.50026
5.50054
2.68491
2.68476
2.68466
2.68461
2.68457
2.68456
2.68452
2.68442
2.68421
2.68398
2.68476
2.68462
2.68452
2.68446
2.68443
2.68441
2.68438
2.68429
2.68408
2.68389
2.68467
2.68452
2.68442
2.68437
2.68434
2.68432
2.68429
2.6842
2.68401
2.68383
2.68461
2.68447
2.68437
2.68431
2.68428
2.68427
2.68424
2.68415
2.68396
2.68379
2.68459
2.68445
2.68435
2.68429
2.68427
2.68425
2.68423
2.68414
2.68395
2.68378
2.68461
2.68446
2.68437
2.68431
2.68429
2.68427
2.68425
2.68416
2.68398
2.68381
2.68466
2.68452
2.68443
2.68437
2.68435
2.68434
2.68431
2.68423
2.68404
2.68387
2.68475
2.68462
2.68453
2.68448
2.68446
2.68445
2.68443
2.68434
2.68416
2.68399
2.6849
2.68478
2.6847
2.68465
2.68463
2.68463
2.6846
2.68452
2.68434
2.68417
2.6851
2.68501
2.68495
2.6849
2.68489
2.68488
2.68486
2.68477
2.68459
2.68442
1.228
1.22792
1.22786
1.22783
1.22779
1.22773
1.22755
1.22705
1.22595
1.22434
1.22792
1.22784
1.22779
1.22775
1.22772
1.22765
1.22747
1.22698
1.22588
1.22429
1.22787
1.22779
1.22773
1.2277
1.22767
1.2276
1.22742
1.22693
1.22584
1.22426
1.22784
1.22776
1.2277
1.22767
1.22764
1.22758
1.2274
1.22691
1.22582
1.22424
1.22783
1.22775
1.2277
1.22766
1.22763
1.22757
1.22739
1.2269
1.22581
1.22424
1.22784
1.22776
1.22771
1.22767
1.22764
1.22758
1.2274
1.22692
1.22583
1.22425
1.22787
1.22779
1.22774
1.22771
1.22768
1.22762
1.22744
1.22695
1.22587
1.22429
1.22793
1.22785
1.2278
1.22777
1.22774
1.22768
1.22751
1.22702
1.22593
1.22436
1.22801
1.22795
1.2279
1.22787
1.22785
1.22779
1.22761
1.22713
1.22604
1.22446
1.22813
1.22808
1.22805
1.22802
1.228
1.22794
1.22776
1.22728
1.22619
1.22461
0.527364
0.527324
0.527296
0.52727
0.527226
0.527096
0.526673
0.52538
0.521894
0.514827
0.527325
0.527286
0.527257
0.527232
0.527188
0.527058
0.526636
0.525344
0.521862
0.514806
0.527299
0.52726
0.527232
0.527206
0.527162
0.527033
0.526611
0.525322
0.521842
0.51479
0.527285
0.527246
0.527217
0.527192
0.527148
0.527019
0.526598
0.52531
0.521832
0.514781
0.52728
0.527241
0.527213
0.527188
0.527145
0.527016
0.526595
0.525307
0.52183
0.51478
0.527286
0.527247
0.52722
0.527195
0.527152
0.527023
0.526603
0.525315
0.521838
0.514788
0.527304
0.527265
0.527238
0.527214
0.527172
0.527043
0.526623
0.525336
0.521858
0.514808
0.527335
0.527298
0.527273
0.527249
0.527207
0.527079
0.52666
0.525372
0.521895
0.514844
0.527383
0.52735
0.527327
0.527305
0.527263
0.527136
0.526716
0.525428
0.521951
0.514899
0.527447
0.527425
0.527405
0.527384
0.527344
0.527216
0.526797
0.525509
0.522031
0.514978
0.213142
0.213123
0.213108
0.213087
0.213033
0.212848
0.212186
0.20985
0.201583
0.171441
0.213124
0.213105
0.21309
0.213069
0.213016
0.21283
0.212169
0.209834
0.201569
0.171433
0.213112
0.213093
0.213078
0.213058
0.213004
0.212819
0.212158
0.209824
0.201561
0.171426
0.213105
0.213087
0.213072
0.213051
0.212998
0.212813
0.212152
0.209819
0.201556
0.171423
0.213104
0.213085
0.21307
0.21305
0.212996
0.212812
0.212151
0.209818
0.201556
0.171423
0.213107
0.213088
0.213073
0.213053
0.213
0.212815
0.212155
0.209822
0.20156
0.171426
0.213116
0.213097
0.213083
0.213063
0.21301
0.212825
0.212165
0.209832
0.201569
0.171434
0.213131
0.213114
0.2131
0.213081
0.213028
0.212843
0.212183
0.20985
0.201586
0.171449
0.213155
0.21314
0.213127
0.213108
0.213056
0.212871
0.212211
0.209877
0.201613
0.171472
0.213188
0.213177
0.213166
0.213148
0.213096
0.212911
0.212251
0.209917
0.201651
0.171505
0.0812617
0.0812532
0.0812449
0.0812296
0.0811828
0.0810216
0.0804755
0.0787099
0.0733513
0.058631
0.081254
0.0812456
0.0812373
0.081222
0.0811753
0.0810142
0.0804683
0.0787032
0.0733458
0.0586275
0.0812489
0.0812406
0.0812323
0.081217
0.0811704
0.0810094
0.0804636
0.078699
0.0733422
0.058625
0.0812462
0.0812378
0.0812296
0.0812143
0.0811677
0.0810068
0.0804612
0.0786968
0.0733404
0.0586238
0.0812455
0.0812372
0.081229
0.0812138
0.0811672
0.0810063
0.0804608
0.0786965
0.0733403
0.0586238
0.081247
0.0812388
0.0812306
0.0812155
0.081169
0.0810082
0.0804627
0.0786984
0.0733421
0.0586252
0.0812512
0.081243
0.081235
0.08122
0.0811736
0.0810129
0.0804674
0.078703
0.0733464
0.0586287
0.0812585
0.0812507
0.081243
0.0812282
0.0811818
0.0810211
0.0804756
0.0787111
0.0733539
0.0586347
0.0812697
0.0812626
0.0812554
0.0812409
0.0811947
0.081034
0.0804885
0.0787237
0.0733656
0.0586442
0.0812848
0.0812799
0.0812734
0.0812592
0.0812131
0.0810525
0.0805068
0.0787417
0.0733826
0.0586583
0.0292934
0.0292897
0.0292854
0.0292756
0.0292447
0.0291426
0.0288213
0.0278825
0.0254077
0.0198382
0.0292903
0.0292867
0.0292823
0.0292726
0.0292417
0.0291397
0.0288184
0.0278799
0.0254056
0.0198368
0.0292883
0.0292847
0.0292804
0.0292706
0.0292397
0.0291377
0.0288166
0.0278782
0.0254043
0.0198359
0.0292872
0.0292836
0.0292793
0.0292695
0.0292386
0.0291367
0.0288157
0.0278774
0.0254036
0.0198354
0.029287
0.0292834
0.0292791
0.0292693
0.0292385
0.0291366
0.0288156
0.0278773
0.0254036
0.0198354
0.0292877
0.0292841
0.0292798
0.0292701
0.0292393
0.0291374
0.0288164
0.0278782
0.0254043
0.019836
0.0292895
0.029286
0.0292817
0.0292721
0.0292413
0.0291394
0.0288184
0.0278801
0.0254061
0.0198375
0.0292927
0.0292893
0.0292852
0.0292756
0.0292448
0.029143
0.0288219
0.0278835
0.0254092
0.0198399
0.0292975
0.0292944
0.0292905
0.029281
0.0292503
0.0291485
0.0288274
0.0278888
0.0254141
0.0198438
0.029304
0.0293019
0.0292983
0.0292889
0.0292582
0.0291564
0.0288352
0.0278964
0.0254211
0.0198495
0.010007
0.0100055
0.0100033
0.00999799
0.0099813
0.00992904
0.00977578
0.00936649
0.00840277
0.006516
0.0100058
0.0100043
0.0100022
0.00999686
0.00998018
0.00992794
0.00977473
0.00936555
0.008402
0.00651548
0.010005
0.0100036
0.0100014
0.00999612
0.00997945
0.00992722
0.00977406
0.00936494
0.00840151
0.00651514
0.0100046
0.0100032
0.010001
0.00999573
0.00997906
0.00992685
0.00977371
0.00936463
0.00840126
0.00651498
0.0100046
0.0100031
0.010001
0.00999568
0.00997902
0.00992682
0.00977369
0.00936463
0.00840127
0.006515
0.0100049
0.0100034
0.0100013
0.009996
0.00997935
0.00992716
0.00977403
0.00936496
0.00840158
0.00651524
0.0100056
0.0100042
0.0100021
0.00999679
0.00998016
0.00992797
0.00977483
0.00936573
0.00840228
0.00651579
0.0100069
0.0100055
0.0100035
0.0099982
0.00998158
0.00992939
0.00977624
0.00936708
0.00840349
0.00651675
0.0100089
0.0100076
0.0100056
0.0100004
0.0099838
0.00993161
0.00977843
0.00936918
0.00840539
0.00651826
0.0100115
0.0100106
0.0100087
0.0100036
0.00998697
0.00993477
0.00978155
0.00937219
0.00840813
0.00652047
0.00324662
0.00324603
0.00324508
0.00324255
0.00323484
0.00321189
0.00314876
0.00299252
0.00265603
0.00205976
0.00324621
0.00324563
0.00324467
0.00324215
0.00323444
0.0032115
0.00314839
0.00299219
0.00265577
0.00205958
0.00324595
0.00324536
0.00324441
0.00324189
0.00323418
0.00321125
0.00314816
0.00299198
0.0026556
0.00205946
0.0032458
0.00324522
0.00324427
0.00324175
0.00323405
0.00321112
0.00314804
0.00299188
0.00265552
0.0020594
0.00324579
0.00324521
0.00324426
0.00324174
0.00323404
0.00321112
0.00314804
0.00299188
0.00265553
0.00205941
0.0032459
0.00324533
0.00324438
0.00324187
0.00323417
0.00321125
0.00314817
0.00299201
0.00265564
0.0020595
0.00324618
0.00324561
0.00324467
0.00324217
0.00323447
0.00321156
0.00314847
0.0029923
0.0026559
0.00205971
0.00324667
0.00324612
0.0032452
0.0032427
0.00323501
0.00321209
0.003149
0.0029928
0.00265635
0.00206006
0.00324742
0.00324691
0.00324601
0.00324353
0.00323585
0.00321293
0.00314982
0.00299358
0.00265705
0.00206062
0.00324843
0.00324804
0.00324719
0.00324472
0.00323704
0.00321411
0.00315099
0.0029947
0.00265806
0.00206143
0.00100245
0.00100224
0.00100184
0.00100078
0.000997627
0.000988684
0.000965417
0.000911391
0.000803007
0.000624465
0.00100232
0.0010021
0.00100171
0.00100064
0.000997495
0.000988555
0.000965296
0.000911283
0.00080292
0.000624404
0.00100223
0.00100201
0.00100162
0.00100056
0.000997409
0.000988472
0.000965218
0.000911214
0.000802864
0.000624365
0.00100218
0.00100197
0.00100157
0.00100051
0.000997366
0.000988431
0.00096518
0.000911181
0.000802838
0.000624347
0.00100218
0.00100196
0.00100157
0.00100051
0.000997365
0.000988431
0.000965181
0.000911184
0.000802842
0.000624351
0.00100222
0.00100201
0.00100162
0.00100056
0.000997412
0.000988479
0.000965229
0.000911229
0.000802883
0.000624385
0.00100232
0.00100211
0.00100172
0.00100066
0.000997521
0.000988588
0.000965336
0.000911331
0.000802974
0.000624457
0.0010025
0.00100229
0.00100191
0.00100085
0.000997712
0.000988778
0.000965522
0.000911508
0.00080313
0.000624581
0.00100276
0.00100257
0.0010022
0.00100115
0.000998009
0.000989073
0.000965811
0.000911782
0.000803374
0.000624776
0.00100312
0.00100298
0.00100262
0.00100157
0.000998433
0.000989495
0.000966224
0.000912174
0.000803725
0.000625058
0.000295164
0.000295088
0.000294938
0.000294533
0.00029337
0.000290207
0.000282365
0.000265108
0.000232404
0.000181402
0.000295121
0.000295045
0.000294896
0.000294491
0.000293329
0.000290166
0.000282327
0.000265074
0.000232377
0.000181383
0.000295093
0.000295017
0.000294868
0.000294464
0.000293302
0.00029014
0.000282303
0.000265052
0.000232359
0.000181371
0.000295079
0.000295003
0.000294854
0.00029445
0.000293288
0.000290127
0.000282291
0.000265042
0.000232351
0.000181365
0.000295078
0.000295002
0.000294854
0.00029445
0.000293289
0.000290128
0.000282292
0.000265044
0.000232353
0.000181367
0.000295093
0.000295018
0.000294869
0.000294466
0.000293305
0.000290144
0.000282308
0.000265059
0.000232367
0.000181378
0.000295127
0.000295053
0.000294905
0.000294502
0.000293342
0.000290181
0.000282344
0.000265093
0.000232397
0.000181402
0.000295186
0.000295113
0.000294968
0.000294566
0.000293406
0.000290245
0.000282407
0.000265152
0.000232449
0.000181444
0.000295276
0.000295208
0.000295065
0.000294665
0.000293505
0.000290344
0.000282503
0.000265243
0.00023253
0.000181508
0.000295398
0.000295344
0.000295206
0.000294807
0.000293648
0.000290485
0.000282641
0.000265373
0.000232646
0.000181602
8.30323e-05
8.3007e-05
8.29546e-05
8.28134e-05
8.24195e-05
8.13878e-05
7.89367e-05
7.37812e-05
6.44543e-05
5.05097e-05
8.30193e-05
8.29941e-05
8.29418e-05
8.28006e-05
8.24069e-05
8.13757e-05
7.89254e-05
7.37712e-05
6.44463e-05
5.05039e-05
8.30109e-05
8.29858e-05
8.29335e-05
8.27924e-05
8.23989e-05
8.13679e-05
7.89181e-05
7.37648e-05
6.44411e-05
5.05002e-05
8.30067e-05
8.29816e-05
8.29294e-05
8.27883e-05
8.23949e-05
8.13641e-05
7.89147e-05
7.37619e-05
6.44388e-05
5.04986e-05
8.30067e-05
8.29816e-05
8.29295e-05
8.27886e-05
8.23952e-05
8.13646e-05
7.89152e-05
7.37625e-05
6.44396e-05
5.04993e-05
8.30115e-05
8.29866e-05
8.29346e-05
8.27938e-05
8.24005e-05
8.13699e-05
7.89205e-05
7.37675e-05
6.4444e-05
5.0503e-05
8.30225e-05
8.29978e-05
8.29461e-05
8.28054e-05
8.24123e-05
8.13816e-05
7.89319e-05
7.37782e-05
6.44535e-05
5.05106e-05
8.30415e-05
8.30173e-05
8.29661e-05
8.28258e-05
8.24327e-05
8.14019e-05
7.89517e-05
7.37968e-05
6.44699e-05
5.05237e-05
8.30702e-05
8.30474e-05
8.29971e-05
8.28573e-05
8.24644e-05
8.14333e-05
7.89822e-05
7.38255e-05
6.44952e-05
5.0544e-05
8.31094e-05
8.30908e-05
8.30419e-05
8.29025e-05
8.25096e-05
8.14781e-05
7.90258e-05
7.38665e-05
6.45316e-05
5.05734e-05
2.23557e-05
2.23477e-05
2.23307e-05
2.2285e-05
2.21612e-05
2.18479e-05
2.11304e-05
1.96789e-05
1.71545e-05
1.35149e-05
2.23519e-05
2.2344e-05
2.2327e-05
2.22814e-05
2.21576e-05
2.18444e-05
2.11271e-05
1.96761e-05
1.71522e-05
1.35132e-05
2.23495e-05
2.23416e-05
2.23246e-05
2.2279e-05
2.21553e-05
2.18422e-05
2.11251e-05
1.96743e-05
1.71508e-05
1.35121e-05
2.23483e-05
2.23405e-05
2.23235e-05
2.22779e-05
2.21542e-05
2.18411e-05
2.11241e-05
1.96735e-05
1.71501e-05
1.35117e-05
2.23484e-05
2.23405e-05
2.23235e-05
2.2278e-05
2.21544e-05
2.18413e-05
2.11243e-05
1.96737e-05
1.71504e-05
1.3512e-05
2.23499e-05
2.23421e-05
2.23251e-05
2.22796e-05
2.2156e-05
2.1843e-05
2.1126e-05
1.96752e-05
1.71517e-05
1.35131e-05
2.23533e-05
2.23455e-05
2.23286e-05
2.22832e-05
2.21596e-05
2.18465e-05
2.11294e-05
1.96785e-05
1.71546e-05
1.35154e-05
2.2359e-05
2.23514e-05
2.23347e-05
2.22893e-05
2.21658e-05
2.18526e-05
2.11354e-05
1.96841e-05
1.71595e-05
1.35193e-05
2.23678e-05
2.23606e-05
2.23441e-05
2.22989e-05
2.21754e-05
2.18621e-05
2.11446e-05
1.96927e-05
1.71671e-05
1.35254e-05
2.23797e-05
2.23737e-05
2.23576e-05
2.23125e-05
2.2189e-05
2.18756e-05
2.11577e-05
1.9705e-05
1.7178e-05
1.35342e-05
5.77052e-06
5.76816e-06
5.76295e-06
5.74917e-06
5.71279e-06
5.62346e-06
5.42568e-06
5.04006e-06
4.39871e-06
3.54521e-06
5.7695e-06
5.76715e-06
5.76194e-06
5.74818e-06
5.71181e-06
5.62251e-06
5.4248e-06
5.03928e-06
4.39808e-06
3.54474e-06
5.76884e-06
5.7665e-06
5.7613e-06
5.74754e-06
5.71118e-06
5.62191e-06
5.42424e-06
5.0388e-06
4.39769e-06
3.54445e-06
5.76852e-06
5.76618e-06
5.76099e-06
5.74723e-06
5.71089e-06
5.62164e-06
5.42399e-06
5.03858e-06
4.39752e-06
3.54433e-06
5.76856e-06
5.76622e-06
5.76103e-06
5.74728e-06
5.71095e-06
5.6217e-06
5.42406e-06
5.03866e-06
4.39761e-06
3.54441e-06
5.769e-06
5.76667e-06
5.76149e-06
5.74776e-06
5.71143e-06
5.62218e-06
5.42453e-06
5.03911e-06
4.398e-06
3.54474e-06
5.76998e-06
5.76767e-06
5.76251e-06
5.74879e-06
5.71246e-06
5.62321e-06
5.42553e-06
5.04004e-06
4.39883e-06
3.54542e-06
5.77165e-06
5.76938e-06
5.76426e-06
5.75056e-06
5.71424e-06
5.62497e-06
5.42724e-06
5.04164e-06
4.40024e-06
3.54658e-06
5.77417e-06
5.77202e-06
5.76698e-06
5.75332e-06
5.717e-06
5.6277e-06
5.42988e-06
5.0441e-06
4.40242e-06
3.54838e-06
5.77763e-06
5.77582e-06
5.77088e-06
5.75725e-06
5.72093e-06
5.63158e-06
5.43364e-06
5.04762e-06
4.40552e-06
3.55094e-06
0.0543606
0.0170662
0.00526844
0.00168832
0.000927208
0.00184196
0.0059904
0.0199958
0.0651239
0.207522
0.0543575
0.0170651
0.00526804
0.00168813
0.000926973
0.00184135
0.00598861
0.0199908
0.0651104
0.207488
0.0543554
0.0170644
0.0052678
0.00168802
0.000926837
0.001841
0.00598761
0.019988
0.0651032
0.20747
0.0543543
0.0170641
0.00526769
0.00168797
0.000926772
0.00184082
0.00598712
0.0199867
0.0650997
0.207461
0.0543544
0.0170641
0.00526771
0.00168798
0.000926758
0.00184077
0.00598698
0.0199863
0.0650987
0.207458
0.0543557
0.0170646
0.00526791
0.00168805
0.000926793
0.00184082
0.00598711
0.0199867
0.0650999
0.207462
0.0543589
0.0170658
0.00526834
0.00168821
0.000926877
0.00184095
0.00598749
0.0199879
0.0651033
0.207471
0.0543644
0.0170679
0.00526908
0.00168848
0.000927016
0.00184116
0.0059881
0.0199898
0.0651089
0.207487
0.0543729
0.017071
0.00527021
0.00168888
0.00092721
0.00184143
0.00598887
0.0199922
0.0651163
0.20751
0.0543849
0.0170753
0.00527173
0.00168942
0.000927442
0.0018417
0.00598958
0.0199944
0.0651235
0.207533
0.026439
0.00998868
0.0034469
0.00119439
0.000694721
0.0013586
0.00420258
0.013061
0.0380977
0.100899
0.0264374
0.00998802
0.00344664
0.00119425
0.000694546
0.00135816
0.00420134
0.0130578
0.0380899
0.100882
0.0264363
0.00998758
0.00344647
0.00119417
0.000694443
0.0013579
0.00420063
0.0130559
0.0380854
0.100873
0.0264357
0.00998737
0.00344639
0.00119413
0.000694392
0.00135777
0.00420028
0.013055
0.0380832
0.100868
0.0264358
0.00998741
0.00344641
0.00119414
0.000694382
0.00135773
0.00420017
0.0130547
0.0380826
0.100866
0.0264365
0.00998776
0.00344656
0.0011942
0.000694409
0.00135776
0.00420027
0.013055
0.0380834
0.100868
0.0264383
0.00998852
0.00344686
0.00119432
0.000694476
0.00135787
0.00420055
0.0130558
0.0380855
0.100873
0.0264414
0.00998986
0.00344739
0.00119452
0.000694587
0.00135804
0.00420102
0.0130572
0.0380892
0.100882
0.0264462
0.00999195
0.00344821
0.00119484
0.000694749
0.00135827
0.00420165
0.013059
0.0380943
0.100895
0.0264533
0.00999499
0.0034494
0.00119529
0.000694965
0.00135855
0.00420239
0.0130612
0.0381006
0.100912
0.0105803
0.00458778
0.00175914
0.000666042
0.00041605
0.000796365
0.00231515
0.00665007
0.0174884
0.0403673
0.0105796
0.00458746
0.001759
0.000665965
0.000415944
0.000796104
0.00231447
0.00664841
0.0174848
0.0403605
0.0105791
0.00458724
0.00175891
0.000665917
0.00041588
0.000795948
0.00231406
0.00664743
0.0174826
0.0403563
0.0105788
0.00458714
0.00175887
0.000665895
0.000415849
0.000795869
0.00231386
0.00664692
0.0174815
0.0403541
0.0105789
0.00458717
0.00175889
0.000665899
0.000415843
0.000795845
0.0023138
0.00664678
0.0174812
0.0403535
0.0105792
0.00458735
0.00175897
0.000665933
0.00041586
0.000795868
0.00231385
0.00664694
0.0174816
0.0403544
0.0105801
0.00458776
0.00175914
0.000666007
0.000415903
0.000795934
0.00231403
0.0066474
0.0174827
0.0403568
0.0105815
0.00458846
0.00175945
0.000666133
0.000415977
0.000796046
0.00231432
0.00664818
0.0174846
0.040361
0.0105838
0.00458956
0.00175992
0.000666329
0.000416085
0.000796203
0.00231473
0.00664929
0.0174874
0.0403672
0.0105871
0.00459117
0.00176061
0.000666612
0.000416235
0.000796407
0.00231525
0.00665074
0.0174912
0.0403758
0.00381498
0.00182496
0.000763423
0.00031385
0.00021
0.000393044
0.00107573
0.00287761
0.00695208
0.0145516
0.00381469
0.00182482
0.000763359
0.000313811
0.000209945
0.000392914
0.00107541
0.00287688
0.0069506
0.0145491
0.0038145
0.00182473
0.000763318
0.000313787
0.000209912
0.000392835
0.00107522
0.00287643
0.00694968
0.0145474
0.0038144
0.00182468
0.0007633
0.000313776
0.000209895
0.000392794
0.00107511
0.0028762
0.0069492
0.0145466
0.00381443
0.0018247
0.000763308
0.000313779
0.000209892
0.000392782
0.00107508
0.00287614
0.00694908
0.0145463
0.00381458
0.00182478
0.000763348
0.000313796
0.000209901
0.000392795
0.00107512
0.00287621
0.00694926
0.0145467
0.00381493
0.00182497
0.000763434
0.000313835
0.000209925
0.000392831
0.0010752
0.00287644
0.00694977
0.0145477
0.00381554
0.00182529
0.000763582
0.000313901
0.000209966
0.000392893
0.00107536
0.00287682
0.00695065
0.0145495
0.00381649
0.00182579
0.000763815
0.000314004
0.000210028
0.000392983
0.00107558
0.00287739
0.00695197
0.0145522
0.00381788
0.00182652
0.000764155
0.000314153
0.000210114
0.000393104
0.00107588
0.00287816
0.0069538
0.014556
0.00127745
0.00065629
0.000294592
0.000130246
9.26568e-05
0.000169728
0.000439843
0.00110672
0.00249818
0.00487121
0.00127734
0.000656236
0.000294565
0.000130229
9.26319e-05
0.000169671
0.000439708
0.00110643
0.00249763
0.00487031
0.00127727
0.000656201
0.000294549
0.000130218
9.26165e-05
0.000169636
0.000439625
0.00110625
0.00249728
0.00486972
0.00127724
0.000656185
0.000294541
0.000130214
9.26087e-05
0.000169618
0.000439581
0.00110616
0.00249709
0.0048694
0.00127725
0.000656192
0.000294545
0.000130215
9.26074e-05
0.000169612
0.000439569
0.00110613
0.00249704
0.00486932
0.00127731
0.000656228
0.000294563
0.000130223
9.26121e-05
0.000169618
0.000439583
0.00110616
0.00249712
0.00486947
0.00127745
0.000656303
0.0002946
0.000130241
9.26238e-05
0.000169636
0.000439624
0.00110626
0.00249733
0.00486986
0.00127768
0.000656434
0.000294665
0.000130272
9.26438e-05
0.000169666
0.000439695
0.00110643
0.0024977
0.00487055
0.00127805
0.00065664
0.000294766
0.000130319
9.26742e-05
0.000169711
0.000439801
0.00110669
0.00249825
0.00487161
0.00127859
0.00065694
0.000294913
0.000130388
9.27169e-05
0.000169772
0.000439945
0.00110704
0.00249904
0.00487315
0.000402523
0.000218122
0.000103687
4.88406e-05
3.6638e-05
6.579e-05
0.000162468
0.000388098
0.000829552
0.00153441
0.000402486
0.000218103
0.000103677
4.88337e-05
3.66278e-05
6.57674e-05
0.000162417
0.000387993
0.000829361
0.00153411
0.000402463
0.00021809
0.000103671
4.88294e-05
3.66214e-05
6.57533e-05
0.000162385
0.000387927
0.000829238
0.00153391
0.000402452
0.000218085
0.000103668
4.88274e-05
3.66182e-05
6.57458e-05
0.000162368
0.000387891
0.000829172
0.0015338
0.000402456
0.000218088
0.00010367
4.8828e-05
3.66177e-05
6.57437e-05
0.000162363
0.000387882
0.000829155
0.00153378
0.000402479
0.000218102
0.000103677
4.88314e-05
3.66197e-05
6.57464e-05
0.000162369
0.000387896
0.000829184
0.00153383
0.000402528
0.00021813
0.000103692
4.88389e-05
3.66248e-05
6.5754e-05
0.000162386
0.000387934
0.000829264
0.00153397
0.000402613
0.00021818
0.000103717
4.88516e-05
3.66336e-05
6.57672e-05
0.000162416
0.000388002
0.000829404
0.00153422
0.000402746
0.000218257
0.000103757
4.88715e-05
3.66471e-05
6.5787e-05
0.000162461
0.000388105
0.000829619
0.00153462
0.000402938
0.000218369
0.000103815
4.89001e-05
3.6666e-05
6.58144e-05
0.000162523
0.00038825
0.000829925
0.00153518
0.000120198
6.786e-05
3.38175e-05
1.68311e-05
1.32127e-05
2.3299e-05
5.51596e-05
0.000126078
0.000257825
0.000458024
0.000120187
6.78534e-05
3.3814e-05
1.68286e-05
1.32089e-05
2.32908e-05
5.51418e-05
0.000126042
0.000257763
0.000457929
0.000120179
6.78493e-05
3.38118e-05
1.68269e-05
1.32065e-05
2.32857e-05
5.51304e-05
0.00012602
0.000257722
0.000457866
0.000120176
6.78476e-05
3.38109e-05
1.68262e-05
1.32053e-05
2.32829e-05
5.51244e-05
0.000126008
0.000257701
0.000457831
0.000120177
6.78487e-05
3.38116e-05
1.68265e-05
1.32051e-05
2.32822e-05
5.51227e-05
0.000126004
0.000257695
0.000457824
0.000120185
6.78536e-05
3.38142e-05
1.68278e-05
1.32059e-05
2.32832e-05
5.5125e-05
0.00012601
0.000257706
0.000457842
0.000120202
6.78637e-05
3.38196e-05
1.68306e-05
1.32079e-05
2.32862e-05
5.51315e-05
0.000126024
0.000257734
0.000457891
0.000120231
6.7881e-05
3.38289e-05
1.68355e-05
1.32115e-05
2.32915e-05
5.51429e-05
0.000126049
0.000257784
0.000457978
0.000120276
6.79081e-05
3.38435e-05
1.68431e-05
1.32168e-05
2.32995e-05
5.51604e-05
0.000126087
0.00025786
0.000458113
0.000120341
6.79474e-05
3.38645e-05
1.6854e-05
1.32244e-05
2.33106e-05
5.51848e-05
0.000126142
0.000257971
0.000458309
3.41798e-05
1.99365e-05
1.03367e-05
5.39862e-06
4.40629e-06
7.64285e-06
1.74361e-05
3.83762e-05
7.56624e-05
0.00013019
3.41761e-05
1.99344e-05
1.03355e-05
5.39774e-06
4.40497e-06
7.64008e-06
1.74302e-05
3.8365e-05
7.56433e-05
0.000130162
3.41738e-05
1.99331e-05
1.03348e-05
5.39718e-06
4.40414e-06
7.63832e-06
1.74265e-05
3.83577e-05
7.56308e-05
0.000130143
3.41728e-05
1.99326e-05
1.03345e-05
5.39694e-06
4.40371e-06
7.63738e-06
1.74245e-05
3.83538e-05
7.56241e-05
0.000130132
3.41734e-05
1.9933e-05
1.03347e-05
5.39703e-06
4.40366e-06
7.63713e-06
1.7424e-05
3.83529e-05
7.56225e-05
0.00013013
3.4176e-05
1.99346e-05
1.03357e-05
5.39751e-06
4.40397e-06
7.63754e-06
1.74248e-05
3.83547e-05
7.5626e-05
0.000130136
3.41814e-05
1.9938e-05
1.03375e-05
5.39851e-06
4.40472e-06
7.63863e-06
1.74271e-05
3.83595e-05
7.56353e-05
0.000130152
3.41907e-05
1.99437e-05
1.03407e-05
5.40024e-06
4.40601e-06
7.64057e-06
1.74312e-05
3.83682e-05
7.56519e-05
0.00013018
3.42051e-05
1.99526e-05
1.03456e-05
5.40292e-06
4.408e-06
7.64351e-06
1.74374e-05
3.83815e-05
7.56777e-05
0.000130224
3.42258e-05
1.99655e-05
1.03527e-05
5.40677e-06
4.41082e-06
7.64764e-06
1.74462e-05
3.84004e-05
7.57148e-05
0.000130288
9.35927e-06
5.6254e-06
3.02279e-06
1.64993e-06
1.39409e-06
2.3809e-06
5.25121e-06
1.1172e-05
2.13227e-05
3.56323e-05
9.35818e-06
5.62476e-06
3.02242e-06
1.64964e-06
1.39365e-06
2.38001e-06
5.24939e-06
1.11686e-05
2.13171e-05
3.5624e-05
9.35751e-06
5.62437e-06
3.0222e-06
1.64946e-06
1.39338e-06
2.37944e-06
5.24821e-06
1.11664e-05
2.13134e-05
3.56185e-05
9.35724e-06
5.62423e-06
3.02211e-06
1.64938e-06
1.39324e-06
2.37913e-06
5.24758e-06
1.11652e-05
2.13113e-05
3.56155e-05
9.35744e-06
5.62437e-06
3.0222e-06
1.64941e-06
1.39322e-06
2.37906e-06
5.24742e-06
1.11649e-05
2.13109e-05
3.56149e-05
9.35825e-06
5.62489e-06
3.02249e-06
1.64958e-06
1.39333e-06
2.3792e-06
5.24771e-06
1.11655e-05
2.1312e-05
3.56169e-05
9.35991e-06
5.62595e-06
3.0231e-06
1.64992e-06
1.39359e-06
2.37958e-06
5.24849e-06
1.11671e-05
2.1315e-05
3.56218e-05
9.36276e-06
5.62776e-06
3.02413e-06
1.6505e-06
1.39405e-06
2.38026e-06
5.24987e-06
1.11699e-05
2.13203e-05
3.56305e-05
9.36719e-06
5.63057e-06
3.02573e-06
1.6514e-06
1.39475e-06
2.38129e-06
5.25199e-06
1.11743e-05
2.13286e-05
3.56442e-05
9.37354e-06
5.6346e-06
3.02803e-06
1.65269e-06
1.39573e-06
2.38273e-06
5.25499e-06
1.11806e-05
2.13404e-05
3.5664e-05
2.85017e-06
1.81419e-06
1.01688e-06
5.80823e-07
5.07389e-07
8.5323e-07
1.81984e-06
3.73882e-06
6.86601e-06
1.08445e-05
2.84984e-06
1.81399e-06
1.01676e-06
5.8072e-07
5.0723e-07
8.52911e-07
1.8192e-06
3.73767e-06
6.86418e-06
1.0842e-05
2.84962e-06
1.81386e-06
1.01668e-06
5.80653e-07
5.07126e-07
8.52701e-07
1.81878e-06
3.7369e-06
6.86294e-06
1.08403e-05
2.84954e-06
1.81381e-06
1.01666e-06
5.80624e-07
5.07073e-07
8.52588e-07
1.81855e-06
3.73648e-06
6.86225e-06
1.08393e-05
2.84962e-06
1.81387e-06
1.01669e-06
5.80637e-07
5.07068e-07
8.52562e-07
1.8185e-06
3.73639e-06
6.86212e-06
1.08391e-05
2.8499e-06
1.81406e-06
1.0168e-06
5.80702e-07
5.07114e-07
8.5262e-07
1.81861e-06
3.73662e-06
6.86254e-06
1.08398e-05
2.85047e-06
1.81445e-06
1.01703e-06
5.80835e-07
5.0722e-07
8.52774e-07
1.81892e-06
3.73723e-06
6.86364e-06
1.08415e-05
2.85145e-06
1.8151e-06
1.01742e-06
5.81063e-07
5.07403e-07
8.53045e-07
1.81946e-06
3.73831e-06
6.86557e-06
1.08445e-05
2.85295e-06
1.81611e-06
1.01801e-06
5.81412e-07
5.07682e-07
8.53456e-07
1.82028e-06
3.73996e-06
6.86856e-06
1.08492e-05
2.85504e-06
1.81751e-06
1.01884e-06
5.81895e-07
5.08064e-07
8.54014e-07
1.82141e-06
3.74223e-06
6.87273e-06
1.08559e-05
0.654501
0.769598
0.801191
0.810138
0.812688
0.81342
0.813651
0.813761
0.813857
0.81395
0.654416
0.769501
0.801091
0.810037
0.812587
0.813319
0.813551
0.813664
0.813767
0.813879
0.654373
0.76945
0.801038
0.809984
0.812534
0.813267
0.8135
0.813615
0.813722
0.813841
0.65435
0.769424
0.801011
0.809957
0.812508
0.813241
0.813475
0.813592
0.813701
0.813822
0.654344
0.769417
0.801004
0.80995
0.812501
0.813235
0.813469
0.813588
0.813699
0.813821
0.654353
0.769428
0.801017
0.809963
0.812515
0.813249
0.813484
0.813603
0.813715
0.813837
0.654379
0.76946
0.801051
0.809999
0.812552
0.813286
0.813522
0.813641
0.813753
0.813876
0.654424
0.769516
0.801112
0.810063
0.812617
0.813352
0.813588
0.813708
0.81382
0.813943
0.654491
0.7696
0.801204
0.810158
0.812714
0.81345
0.813687
0.813807
0.813919
0.814042
0.654566
0.769702
0.801317
0.810275
0.812832
0.813569
0.813806
0.813926
0.814039
0.814163
0.223763
0.279965
0.300435
0.307189
0.309285
0.309912
0.310103
0.310177
0.310227
0.310278
0.223734
0.279931
0.300399
0.307152
0.309248
0.309874
0.310066
0.310141
0.310194
0.310254
0.223716
0.279909
0.300376
0.307128
0.309225
0.309851
0.310043
0.310119
0.310174
0.310237
0.223707
0.279898
0.300364
0.307116
0.309213
0.30984
0.310032
0.310109
0.310165
0.310228
0.223705
0.279895
0.300361
0.307113
0.30921
0.309837
0.31003
0.310107
0.310164
0.310228
0.223708
0.2799
0.300367
0.307119
0.309216
0.309844
0.310037
0.310114
0.310171
0.310235
0.223719
0.279914
0.300382
0.307136
0.309233
0.309861
0.310054
0.310132
0.310189
0.310253
0.223738
0.279938
0.300409
0.307164
0.309263
0.309891
0.310084
0.310162
0.310219
0.310283
0.223765
0.279974
0.30045
0.307208
0.309307
0.309935
0.310129
0.310207
0.310264
0.310329
0.223802
0.280025
0.300507
0.307267
0.309367
0.309996
0.31019
0.310268
0.310326
0.31039
0.0757021
0.0969662
0.106419
0.110009
0.111241
0.111635
0.111759
0.111803
0.111829
0.111853
0.0756916
0.0969536
0.106406
0.109995
0.111227
0.111621
0.111745
0.11179
0.111817
0.111845
0.0756849
0.0969453
0.106397
0.109986
0.111218
0.111612
0.111736
0.111781
0.111809
0.111838
0.0756813
0.0969409
0.106392
0.109981
0.111213
0.111607
0.111732
0.111777
0.111805
0.111835
0.0756804
0.0969398
0.106391
0.10998
0.111212
0.111606
0.111731
0.111777
0.111805
0.111834
0.0756819
0.0969419
0.106393
0.109983
0.111214
0.111609
0.111734
0.11178
0.111808
0.111838
0.0756862
0.0969475
0.1064
0.109989
0.111222
0.111617
0.111741
0.111787
0.111815
0.111845
0.0756938
0.0969575
0.106411
0.110002
0.111234
0.111629
0.111754
0.1118
0.111828
0.111858
0.0757052
0.0969728
0.106429
0.11002
0.111253
0.111649
0.111773
0.111819
0.111848
0.111878
0.0757216
0.096995
0.106454
0.110047
0.111281
0.111676
0.111801
0.111847
0.111876
0.111906
0.0248612
0.0320648
0.0357461
0.0373109
0.0378981
0.0380997
0.0381657
0.0381891
0.0382011
0.0382118
0.0248575
0.0320604
0.0357413
0.037306
0.0378932
0.0380947
0.0381608
0.0381843
0.0381968
0.0382089
0.024855
0.0320574
0.035738
0.0373026
0.0378898
0.0380914
0.0381575
0.0381812
0.038194
0.0382065
0.0248537
0.0320557
0.0357362
0.0373008
0.0378879
0.0380895
0.0381558
0.0381796
0.0381925
0.0382052
0.0248534
0.0320553
0.0357358
0.0373004
0.0378875
0.0380892
0.0381555
0.0381794
0.0381924
0.0382051
0.024854
0.0320562
0.0357368
0.0373014
0.0378887
0.0380904
0.0381567
0.0381806
0.0381937
0.0382065
0.0248557
0.0320584
0.0357393
0.0373042
0.0378915
0.0380933
0.0381596
0.0381836
0.0381967
0.0382095
0.0248586
0.0320623
0.0357438
0.037309
0.0378965
0.0380983
0.0381648
0.0381887
0.0382019
0.0382147
0.0248632
0.0320683
0.0357509
0.0373165
0.0379042
0.0381062
0.0381726
0.0381966
0.0382098
0.0382226
0.0248698
0.0320773
0.0357611
0.0373275
0.0379155
0.0381176
0.0381841
0.0382081
0.0382213
0.0382342
0.00785746
0.0101341
0.0114195
0.0120168
0.0122587
0.0123471
0.0123774
0.0123883
0.0123935
0.0123979
0.0078562
0.0101326
0.0114178
0.0120152
0.012257
0.0123454
0.0123758
0.0123866
0.0123921
0.0123969
0.00785536
0.0101316
0.0114167
0.012014
0.0122558
0.0123442
0.0123746
0.0123856
0.0123911
0.0123961
0.0078549
0.010131
0.0114161
0.0120133
0.0122551
0.0123436
0.012374
0.012385
0.0123906
0.0123956
0.00785479
0.0101309
0.0114159
0.0120132
0.012255
0.0123435
0.0123739
0.0123849
0.0123905
0.0123956
0.00785502
0.0101312
0.0114163
0.0120136
0.0122554
0.0123439
0.0123744
0.0123854
0.012391
0.0123961
0.00785564
0.010132
0.0114173
0.0120146
0.0122565
0.012345
0.0123755
0.0123865
0.0123922
0.0123972
0.00785674
0.0101334
0.0114189
0.0120165
0.0122584
0.0123469
0.0123774
0.0123885
0.0123941
0.0123992
0.00785845
0.0101357
0.0114216
0.0120193
0.0122613
0.0123499
0.0123804
0.0123915
0.0123971
0.0124022
0.00786096
0.0101391
0.0114255
0.0120235
0.0122656
0.0123542
0.0123848
0.0123959
0.0124015
0.0124067
0.00238171
0.00306343
0.00347749
0.00368407
0.0037732
0.00380764
0.00382001
0.00382451
0.00382663
0.00382826
0.0023813
0.00306295
0.00347696
0.00368352
0.00377264
0.00380708
0.00381946
0.00382398
0.00382615
0.00382795
0.00238103
0.00306261
0.00347659
0.00368314
0.00377226
0.0038067
0.00381908
0.00382362
0.00382583
0.00382768
0.00238088
0.00306243
0.00347639
0.00368293
0.00377204
0.00380649
0.00381888
0.00382344
0.00382566
0.00382753
0.00238084
0.00306239
0.00347635
0.00368289
0.00377201
0.00380646
0.00381885
0.00382342
0.00382566
0.00382754
0.00238092
0.0030625
0.00347648
0.00368303
0.00377216
0.00380661
0.00381902
0.00382359
0.00382583
0.00382772
0.00238114
0.00306278
0.00347681
0.0036834
0.00377254
0.003807
0.00381941
0.00382399
0.00382623
0.00382812
0.00238153
0.00306329
0.00347741
0.00368404
0.00377321
0.00380769
0.0038201
0.00382468
0.00382693
0.00382882
0.00238214
0.0030641
0.00347834
0.00368505
0.00377426
0.00380875
0.00382118
0.00382576
0.00382802
0.00382991
0.00238303
0.00306528
0.00347972
0.00368653
0.0037758
0.00381031
0.00382275
0.00382734
0.0038296
0.0038315
0.000691718
0.00088647
0.00101142
0.00107741
0.00110746
0.00111964
0.0011242
0.0011259
0.00112668
0.00112726
0.000691592
0.000886319
0.00101125
0.00107724
0.00110728
0.00111946
0.00112402
0.00112573
0.00112654
0.00112717
0.000691505
0.000886216
0.00101114
0.00107712
0.00110716
0.00111934
0.00112391
0.00112562
0.00112644
0.00112708
0.000691458
0.000886158
0.00101107
0.00107706
0.00110709
0.00111928
0.00112384
0.00112556
0.00112639
0.00112704
0.000691448
0.000886147
0.00101106
0.00107705
0.00110708
0.00111927
0.00112384
0.00112556
0.00112639
0.00112704
0.000691476
0.000886185
0.00101111
0.0010771
0.00110714
0.00111932
0.00112389
0.00112562
0.00112645
0.0011271
0.00069155
0.00088628
0.00101122
0.00107722
0.00110726
0.00111946
0.00112403
0.00112575
0.00112658
0.00112724
0.00069168
0.00088645
0.00101142
0.00107743
0.00110749
0.00111969
0.00112426
0.00112599
0.00112682
0.00112748
0.000691885
0.000886719
0.00101173
0.00107777
0.00110784
0.00112005
0.00112462
0.00112635
0.00112718
0.00112784
0.000692185
0.000887112
0.00101219
0.00107827
0.00110836
0.00112057
0.00112515
0.00112688
0.00112772
0.00112838
0.000192556
0.000245809
0.000281447
0.000301165
0.000310558
0.00031453
0.000316073
0.000316664
0.000316936
0.000317129
0.000192518
0.000245764
0.000281398
0.000301114
0.000310506
0.000314478
0.000316022
0.000316615
0.000316892
0.000317101
0.000192493
0.000245734
0.000281364
0.000301079
0.00031047
0.000314443
0.000315987
0.000316582
0.000316863
0.000317077
0.000192479
0.000245717
0.000281345
0.000301059
0.00031045
0.000314423
0.000315968
0.000316565
0.000316848
0.000317063
0.000192476
0.000245714
0.000281342
0.000301057
0.000310448
0.000314422
0.000315967
0.000316565
0.000316849
0.000317065
0.000192485
0.000245726
0.000281357
0.000301073
0.000310465
0.000314439
0.000315985
0.000316583
0.000316868
0.000317085
0.000192508
0.000245756
0.000281392
0.000301112
0.000310506
0.000314481
0.000316028
0.000316626
0.000316911
0.000317128
0.00019255
0.00024581
0.000281455
0.00030118
0.000310578
0.000314555
0.000316102
0.000316701
0.000316986
0.000317204
0.000192616
0.000245895
0.000281555
0.000301289
0.000310691
0.00031467
0.000316219
0.000316818
0.000317104
0.000317322
0.000192711
0.000246019
0.0002817
0.000301447
0.000310856
0.000314838
0.000316388
0.000316988
0.000317275
0.000317494
5.15083e-05
6.54095e-05
7.50565e-05
8.0609e-05
8.3359e-05
8.45661e-05
8.50508e-05
8.52414e-05
8.53292e-05
8.53898e-05
5.14976e-05
6.53969e-05
7.50427e-05
8.05945e-05
8.33443e-05
8.45513e-05
8.50362e-05
8.52273e-05
8.53168e-05
8.53819e-05
5.14903e-05
6.53882e-05
7.50332e-05
8.05844e-05
8.33341e-05
8.45411e-05
8.50263e-05
8.5218e-05
8.53085e-05
8.53752e-05
5.14863e-05
6.53835e-05
7.5028e-05
8.0579e-05
8.33286e-05
8.45357e-05
8.50211e-05
8.52132e-05
8.53043e-05
8.53716e-05
5.14856e-05
6.53828e-05
7.50273e-05
8.05784e-05
8.33281e-05
8.45354e-05
8.5021e-05
8.52133e-05
8.53047e-05
8.53722e-05
5.14885e-05
6.53865e-05
7.50317e-05
8.05833e-05
8.33333e-05
8.45408e-05
8.50266e-05
8.52191e-05
8.53106e-05
8.53783e-05
5.14956e-05
6.53957e-05
7.50424e-05
8.05951e-05
8.33457e-05
8.45535e-05
8.50395e-05
8.52321e-05
8.53238e-05
8.53915e-05
5.15082e-05
6.5412e-05
7.50615e-05
8.06159e-05
8.33675e-05
8.45758e-05
8.50621e-05
8.52549e-05
8.53466e-05
8.54144e-05
5.15281e-05
6.54376e-05
7.50915e-05
8.06487e-05
8.34018e-05
8.46109e-05
8.50975e-05
8.52905e-05
8.53824e-05
8.54503e-05
5.15571e-05
6.5475e-05
7.51352e-05
8.06964e-05
8.34517e-05
8.46618e-05
8.51489e-05
8.53421e-05
8.54342e-05
8.55025e-05
1.35074e-05
1.67686e-05
1.922e-05
2.06955e-05
2.14538e-05
2.1798e-05
2.19406e-05
2.1998e-05
2.20247e-05
2.20427e-05
1.35044e-05
1.67652e-05
1.92162e-05
2.06916e-05
2.14498e-05
2.1794e-05
2.19366e-05
2.19942e-05
2.20213e-05
2.20406e-05
1.35024e-05
1.67628e-05
1.92137e-05
2.06889e-05
2.1447e-05
2.17913e-05
2.19339e-05
2.19917e-05
2.20191e-05
2.20388e-05
1.35013e-05
1.67615e-05
1.92123e-05
2.06874e-05
2.14456e-05
2.17898e-05
2.19325e-05
2.19904e-05
2.2018e-05
2.20379e-05
1.35011e-05
1.67614e-05
1.92121e-05
2.06873e-05
2.14455e-05
2.17898e-05
2.19326e-05
2.19905e-05
2.20181e-05
2.20381e-05
1.3502e-05
1.67625e-05
1.92134e-05
2.06887e-05
2.1447e-05
2.17914e-05
2.19342e-05
2.19922e-05
2.20199e-05
2.20399e-05
1.35041e-05
1.67651e-05
1.92165e-05
2.06921e-05
2.14506e-05
2.1795e-05
2.19379e-05
2.1996e-05
2.20237e-05
2.20437e-05
1.35079e-05
1.67698e-05
1.9222e-05
2.06981e-05
2.14569e-05
2.18015e-05
2.19445e-05
2.20025e-05
2.20303e-05
2.20504e-05
1.35137e-05
1.67772e-05
1.92306e-05
2.07076e-05
2.14668e-05
2.18116e-05
2.19547e-05
2.20129e-05
2.20407e-05
2.20607e-05
1.35223e-05
1.6788e-05
1.92432e-05
2.07213e-05
2.14812e-05
2.18263e-05
2.19696e-05
2.20278e-05
2.20556e-05
2.20758e-05
368.838
368.837
368.837
368.837
368.836
368.836
368.837
368.837
368.837
368.837
368.837
368.836
368.836
368.836
368.836
368.836
368.836
368.836
368.836
368.837
368.837
368.836
368.836
368.835
368.835
368.835
368.835
368.835
368.836
368.836
368.837
368.836
368.835
368.835
368.835
368.835
368.835
368.835
368.836
368.836
368.836
368.836
368.835
368.835
368.835
368.835
368.835
368.835
368.836
368.836
368.836
368.836
368.835
368.835
368.835
368.835
368.835
368.835
368.836
368.836
368.837
368.836
368.835
368.835
368.835
368.835
368.835
368.835
368.836
368.836
368.837
368.836
368.835
368.835
368.835
368.835
368.835
368.836
368.836
368.836
368.837
368.836
368.836
368.836
368.836
368.836
368.836
368.836
368.836
368.837
368.837
368.837
368.836
368.836
368.836
368.836
368.836
368.836
368.837
368.837
271.296
271.294
271.293
271.292
271.292
271.292
271.292
271.292
271.293
271.294
271.294
271.292
271.291
271.29
271.29
271.29
271.29
271.291
271.292
271.293
271.293
271.291
271.289
271.289
271.288
271.288
271.289
271.289
271.291
271.292
271.292
271.29
271.289
271.288
271.288
271.288
271.288
271.289
271.29
271.291
271.292
271.29
271.288
271.288
271.287
271.287
271.288
271.289
271.29
271.291
271.292
271.29
271.288
271.288
271.287
271.288
271.288
271.289
271.29
271.291
271.292
271.29
271.289
271.288
271.288
271.288
271.288
271.289
271.29
271.292
271.292
271.291
271.289
271.289
271.289
271.289
271.289
271.29
271.291
271.292
271.293
271.292
271.291
271.29
271.29
271.29
271.29
271.291
271.292
271.294
271.294
271.293
271.292
271.291
271.291
271.291
271.292
271.292
271.294
271.295
186.752
186.749
186.748
186.747
186.747
186.747
186.747
186.748
186.749
186.751
186.749
186.747
186.745
186.745
186.744
186.744
186.745
186.746
186.747
186.749
186.748
186.745
186.744
186.743
186.743
186.743
186.743
186.744
186.746
186.748
186.747
186.745
186.743
186.742
186.742
186.742
186.742
186.743
186.745
186.747
186.747
186.744
186.743
186.742
186.741
186.741
186.742
186.743
186.745
186.747
186.747
186.744
186.743
186.742
186.741
186.741
186.742
186.743
186.745
186.747
186.747
186.745
186.743
186.742
186.742
186.742
186.743
186.744
186.745
186.748
186.748
186.746
186.744
186.743
186.743
186.743
186.744
186.745
186.746
186.749
186.749
186.747
186.746
186.745
186.745
186.745
186.745
186.746
186.748
186.75
186.751
186.749
186.748
186.747
186.747
186.747
186.748
186.749
186.75
186.753
120.023
120.02
120.019
120.018
120.017
120.017
120.018
120.019
120.02
120.022
120.02
120.018
120.016
120.015
120.015
120.015
120.016
120.017
120.018
120.021
120.019
120.016
120.015
120.014
120.013
120.014
120.014
120.015
120.017
120.02
120.018
120.015
120.014
120.013
120.013
120.013
120.013
120.014
120.016
120.019
120.017
120.015
120.013
120.013
120.012
120.012
120.013
120.014
120.016
120.019
120.017
120.015
120.014
120.013
120.012
120.012
120.013
120.014
120.016
120.019
120.018
120.016
120.014
120.013
120.013
120.013
120.014
120.015
120.017
120.019
120.019
120.017
120.015
120.014
120.014
120.014
120.015
120.016
120.018
120.021
120.02
120.018
120.017
120.016
120.016
120.016
120.017
120.018
120.02
120.023
120.022
120.021
120.02
120.019
120.019
120.019
120.019
120.021
120.023
120.025
71.9445
71.9425
71.9412
71.9405
71.9402
71.9403
71.9408
71.9417
71.9431
71.9449
71.9425
71.9405
71.9393
71.9385
71.9382
71.9383
71.9388
71.9398
71.9414
71.9436
71.9412
71.9392
71.938
71.9372
71.9369
71.937
71.9376
71.9386
71.9403
71.9427
71.9404
71.9385
71.9372
71.9365
71.9362
71.9363
71.9369
71.938
71.9397
71.9421
71.9401
71.9382
71.9369
71.9362
71.9359
71.936
71.9366
71.9377
71.9395
71.942
71.9402
71.9383
71.937
71.9363
71.936
71.9362
71.9368
71.9379
71.9397
71.9422
71.9407
71.9388
71.9375
71.9369
71.9366
71.9368
71.9374
71.9385
71.9403
71.9428
71.9416
71.9398
71.9386
71.9379
71.9377
71.9379
71.9385
71.9397
71.9415
71.944
71.943
71.9413
71.9403
71.9397
71.9395
71.9397
71.9403
71.9415
71.9432
71.9457
71.9448
71.9436
71.9427
71.9421
71.942
71.9422
71.9428
71.944
71.9457
71.9482
40.2263
40.2249
40.2241
40.2236
40.2234
40.2235
40.2239
40.2247
40.2259
40.2274
40.2248
40.2235
40.2227
40.2222
40.222
40.2221
40.2225
40.2233
40.2246
40.2265
40.2239
40.2225
40.2217
40.2212
40.221
40.2212
40.2216
40.2225
40.2238
40.2258
40.2233
40.222
40.2211
40.2207
40.2205
40.2206
40.2211
40.222
40.2234
40.2254
40.2231
40.2218
40.2209
40.2205
40.2203
40.2204
40.2209
40.2218
40.2233
40.2253
40.2232
40.2219
40.221
40.2206
40.2204
40.2206
40.2211
40.222
40.2234
40.2255
40.2236
40.2223
40.2215
40.221
40.2209
40.2211
40.2216
40.2225
40.224
40.226
40.2244
40.2231
40.2223
40.2219
40.2218
40.222
40.2225
40.2234
40.2249
40.2269
40.2255
40.2244
40.2237
40.2233
40.2232
40.2234
40.224
40.2249
40.2263
40.2284
40.227
40.2262
40.2257
40.2254
40.2253
40.2255
40.226
40.2269
40.2284
40.2305
20.9988
20.9983
20.998
20.9979
20.9979
20.998
20.9983
20.9989
20.9997
21.0009
20.9979
20.9973
20.9971
20.997
20.997
20.9971
20.9974
20.998
20.999
21.0003
20.9972
20.9967
20.9965
20.9964
20.9963
20.9965
20.9968
20.9975
20.9984
20.9999
20.9969
20.9963
20.9961
20.996
20.996
20.9961
20.9965
20.9971
20.9982
20.9996
20.9967
20.9962
20.996
20.9959
20.9959
20.996
20.9964
20.9971
20.9981
20.9996
20.9968
20.9963
20.9961
20.996
20.996
20.9961
20.9965
20.9972
20.9982
20.9997
20.9971
20.9966
20.9964
20.9963
20.9963
20.9965
20.9969
20.9975
20.9986
21.0001
20.9977
20.9972
20.997
20.997
20.997
20.9972
20.9975
20.9982
20.9993
21.0008
20.9985
20.9981
20.998
20.998
20.998
20.9982
20.9986
20.9993
21.0003
21.0018
20.9996
20.9995
20.9994
20.9994
20.9995
20.9997
21.0001
21.0008
21.0018
21.0033
10.2472
10.2483
10.2493
10.2498
10.2501
10.2502
10.2505
10.2509
10.2514
10.2522
10.2466
10.2477
10.2487
10.2493
10.2495
10.2497
10.25
10.2504
10.251
10.2519
10.2463
10.2473
10.2484
10.2489
10.2492
10.2493
10.2496
10.25
10.2507
10.2516
10.2461
10.2471
10.2481
10.2487
10.249
10.2491
10.2494
10.2498
10.2505
10.2515
10.246
10.2471
10.2481
10.2486
10.2489
10.2491
10.2494
10.2498
10.2505
10.2514
10.246
10.2471
10.2481
10.2487
10.249
10.2492
10.2494
10.2499
10.2506
10.2515
10.2462
10.2473
10.2484
10.2489
10.2492
10.2494
10.2497
10.2501
10.2508
10.2518
10.2466
10.2477
10.2488
10.2493
10.2496
10.2498
10.2501
10.2506
10.2512
10.2522
10.2472
10.2483
10.2494
10.25
10.2503
10.2505
10.2508
10.2512
10.2519
10.2529
10.2479
10.2492
10.2503
10.251
10.2513
10.2515
10.2518
10.2522
10.2529
10.2539
4.67423
4.68052
4.68487
4.68687
4.68765
4.68797
4.68817
4.68842
4.68876
4.68921
4.67394
4.68022
4.68458
4.68658
4.68736
4.68767
4.68789
4.68814
4.68851
4.68904
4.67374
4.68003
4.68438
4.68638
4.68716
4.68748
4.6877
4.68797
4.68836
4.68891
4.67362
4.67991
4.68427
4.68627
4.68705
4.68738
4.6876
4.68787
4.68827
4.68884
4.67359
4.67988
4.68424
4.68624
4.68702
4.68735
4.68757
4.68785
4.68825
4.68882
4.67362
4.67992
4.68428
4.68628
4.68707
4.68739
4.68762
4.6879
4.68831
4.68888
4.67375
4.68004
4.68441
4.68642
4.68721
4.68754
4.68776
4.68805
4.68845
4.68903
4.67396
4.68027
4.68465
4.68667
4.68746
4.68779
4.68802
4.6883
4.68871
4.68929
4.6743
4.68063
4.68503
4.68706
4.68785
4.68819
4.68842
4.68871
4.68912
4.68969
4.67474
4.68116
4.68558
4.68762
4.68842
4.68876
4.68899
4.68928
4.68969
4.69027
1.96537
1.99245
2.00583
2.01083
2.01249
2.01303
2.01325
2.01341
2.01361
2.01386
1.96523
1.99231
2.0057
2.01069
2.01236
2.0129
2.01312
2.01328
2.01349
2.01379
1.96513
1.99221
2.0056
2.01059
2.01226
2.0128
2.01302
2.0132
2.01341
2.01372
1.96508
1.99216
2.00554
2.01054
2.0122
2.01275
2.01297
2.01315
2.01337
2.01368
1.96506
1.99214
2.00553
2.01052
2.01219
2.01273
2.01296
2.01314
2.01336
2.01368
1.96508
1.99216
2.00555
2.01055
2.01222
2.01276
2.01299
2.01317
2.01339
2.01371
1.96515
1.99223
2.00562
2.01062
2.01229
2.01284
2.01307
2.01325
2.01347
2.01379
1.96526
1.99235
2.00575
2.01076
2.01243
2.01298
2.0132
2.01339
2.01361
2.01393
1.96544
1.99254
2.00595
2.01097
2.01264
2.01319
2.01342
2.0136
2.01383
2.01415
1.96568
1.99283
2.00626
2.01128
2.01295
2.0135
2.01373
2.01392
2.01414
2.01447
1.43026e-06
1.4296e-06
1.4281e-06
1.4242e-06
1.41413e-06
1.39011e-06
1.33863e-06
1.24217e-06
1.09159e-06
9.23193e-07
1.43e-06
1.42934e-06
1.42784e-06
1.42394e-06
1.41388e-06
1.38987e-06
1.3384e-06
1.24197e-06
1.09142e-06
9.23083e-07
1.42983e-06
1.42917e-06
1.42767e-06
1.42377e-06
1.41371e-06
1.38971e-06
1.33826e-06
1.24185e-06
1.09132e-06
9.23006e-07
1.42974e-06
1.42909e-06
1.42759e-06
1.42369e-06
1.41364e-06
1.38964e-06
1.3382e-06
1.24179e-06
1.09128e-06
9.22974e-07
1.42976e-06
1.4291e-06
1.42761e-06
1.42371e-06
1.41366e-06
1.38966e-06
1.33822e-06
1.24182e-06
1.0913e-06
9.22999e-07
1.42988e-06
1.42923e-06
1.42774e-06
1.42384e-06
1.41379e-06
1.3898e-06
1.33835e-06
1.24194e-06
1.09141e-06
9.23096e-07
1.43015e-06
1.4295e-06
1.42802e-06
1.42413e-06
1.41408e-06
1.39008e-06
1.33862e-06
1.2422e-06
1.09164e-06
9.23293e-07
1.43061e-06
1.42997e-06
1.4285e-06
1.42462e-06
1.41457e-06
1.39056e-06
1.33909e-06
1.24264e-06
1.09203e-06
9.2363e-07
1.43131e-06
1.4307e-06
1.42925e-06
1.42538e-06
1.41533e-06
1.39131e-06
1.33982e-06
1.24331e-06
1.09263e-06
9.24148e-07
1.43227e-06
1.43175e-06
1.43033e-06
1.42646e-06
1.41641e-06
1.39238e-06
1.34085e-06
1.24427e-06
1.09349e-06
9.24879e-07
3.40911e-07
3.40733e-07
3.40326e-07
3.39281e-07
3.36647e-07
3.30532e-07
3.17834e-07
2.9499e-07
2.61504e-07
2.28455e-07
3.40844e-07
3.40666e-07
3.4026e-07
3.39215e-07
3.36583e-07
3.3047e-07
3.17776e-07
2.9494e-07
2.61463e-07
2.28429e-07
3.40801e-07
3.40624e-07
3.40218e-07
3.39174e-07
3.36542e-07
3.30431e-07
3.17741e-07
2.94908e-07
2.61438e-07
2.2841e-07
3.40781e-07
3.40604e-07
3.40199e-07
3.39155e-07
3.36524e-07
3.30414e-07
3.17725e-07
2.94895e-07
2.61427e-07
2.28402e-07
3.40785e-07
3.40609e-07
3.40204e-07
3.3916e-07
3.3653e-07
3.30421e-07
3.17732e-07
2.94902e-07
2.61435e-07
2.28409e-07
3.40819e-07
3.40643e-07
3.40239e-07
3.39196e-07
3.36566e-07
3.30456e-07
3.17767e-07
2.94935e-07
2.61464e-07
2.28436e-07
3.40891e-07
3.40716e-07
3.40313e-07
3.39271e-07
3.36641e-07
3.30531e-07
3.17839e-07
2.95003e-07
2.61525e-07
2.2849e-07
3.41013e-07
3.40841e-07
3.40441e-07
3.394e-07
3.3677e-07
3.30659e-07
3.17962e-07
2.95118e-07
2.61629e-07
2.28582e-07
3.41198e-07
3.41033e-07
3.40638e-07
3.396e-07
3.3697e-07
3.30855e-07
3.18152e-07
2.95295e-07
2.61788e-07
2.28723e-07
3.41451e-07
3.41309e-07
3.40921e-07
3.39885e-07
3.37254e-07
3.31135e-07
3.18422e-07
2.95547e-07
2.62013e-07
2.28922e-07
7.82526e-08
7.82072e-08
7.81025e-08
7.78369e-08
7.71827e-08
7.57028e-08
7.2723e-08
6.75699e-08
6.04351e-08
5.40132e-08
7.82364e-08
7.81912e-08
7.80865e-08
7.78211e-08
7.71673e-08
7.5688e-08
7.27092e-08
6.75578e-08
6.04252e-08
5.40072e-08
7.82262e-08
7.8181e-08
7.80764e-08
7.78112e-08
7.71575e-08
7.56787e-08
7.27007e-08
6.75503e-08
6.04191e-08
5.40026e-08
7.82215e-08
7.81764e-08
7.80719e-08
7.78067e-08
7.71533e-08
7.56747e-08
7.26971e-08
6.75473e-08
6.04168e-08
5.40008e-08
7.82228e-08
7.81778e-08
7.80734e-08
7.78084e-08
7.7155e-08
7.56766e-08
7.2699e-08
6.75493e-08
6.04188e-08
5.40028e-08
7.82315e-08
7.81865e-08
7.80823e-08
7.78174e-08
7.71641e-08
7.56856e-08
7.27079e-08
6.75577e-08
6.04264e-08
5.40098e-08
7.82497e-08
7.8205e-08
7.81012e-08
7.78365e-08
7.71832e-08
7.57045e-08
7.27261e-08
6.75748e-08
6.04419e-08
5.40239e-08
7.82806e-08
7.82366e-08
7.81334e-08
7.78691e-08
7.72159e-08
7.57367e-08
7.27572e-08
6.76038e-08
6.04682e-08
5.40477e-08
7.83274e-08
7.82853e-08
7.81833e-08
7.79195e-08
7.72662e-08
7.57863e-08
7.2805e-08
6.76485e-08
6.05086e-08
5.40843e-08
7.83916e-08
7.8355e-08
7.82547e-08
7.79914e-08
7.73378e-08
7.58567e-08
7.28729e-08
6.7712e-08
6.05658e-08
5.41359e-08
1.73207e-08
1.73097e-08
1.7284e-08
1.72198e-08
1.7065e-08
1.67234e-08
1.60556e-08
1.49428e-08
1.34771e-08
1.22468e-08
1.7317e-08
1.7306e-08
1.72803e-08
1.72161e-08
1.70614e-08
1.672e-08
1.60524e-08
1.494e-08
1.34748e-08
1.22454e-08
1.73146e-08
1.73036e-08
1.7278e-08
1.72138e-08
1.70592e-08
1.67179e-08
1.60505e-08
1.49383e-08
1.34734e-08
1.22444e-08
1.73136e-08
1.73026e-08
1.72769e-08
1.72129e-08
1.70582e-08
1.6717e-08
1.60497e-08
1.49376e-08
1.34729e-08
1.2244e-08
1.7314e-08
1.7303e-08
1.72774e-08
1.72133e-08
1.70587e-08
1.67175e-08
1.60502e-08
1.49381e-08
1.34734e-08
1.22445e-08
1.73161e-08
1.73051e-08
1.72796e-08
1.72155e-08
1.70609e-08
1.67197e-08
1.60524e-08
1.49402e-08
1.34753e-08
1.22463e-08
1.73205e-08
1.73096e-08
1.72841e-08
1.72202e-08
1.70656e-08
1.67243e-08
1.60568e-08
1.49444e-08
1.34791e-08
1.22498e-08
1.7328e-08
1.73173e-08
1.7292e-08
1.72281e-08
1.70735e-08
1.67321e-08
1.60643e-08
1.49514e-08
1.34856e-08
1.22557e-08
1.73394e-08
1.73291e-08
1.73041e-08
1.72403e-08
1.70857e-08
1.6744e-08
1.60759e-08
1.49622e-08
1.34954e-08
1.22647e-08
1.7355e-08
1.7346e-08
1.73214e-08
1.72577e-08
1.7103e-08
1.67611e-08
1.60923e-08
1.49776e-08
1.35094e-08
1.22775e-08
3.70158e-09
3.69899e-09
3.69298e-09
3.67817e-09
3.64316e-09
3.56774e-09
3.42433e-09
3.19338e-09
2.90206e-09
2.67038e-09
3.70074e-09
3.69816e-09
3.69216e-09
3.67735e-09
3.64237e-09
3.56697e-09
3.42362e-09
3.19275e-09
2.90155e-09
2.67008e-09
3.70022e-09
3.69764e-09
3.69164e-09
3.67684e-09
3.64187e-09
3.5665e-09
3.42319e-09
3.19237e-09
2.90124e-09
2.66985e-09
3.69999e-09
3.69742e-09
3.69142e-09
3.67663e-09
3.64166e-09
3.56631e-09
3.42302e-09
3.19223e-09
2.90113e-09
2.66977e-09
3.70009e-09
3.69752e-09
3.69153e-09
3.67674e-09
3.64178e-09
3.56643e-09
3.42314e-09
3.19236e-09
2.90126e-09
2.6699e-09
3.70059e-09
3.69803e-09
3.69204e-09
3.67727e-09
3.64231e-09
3.56696e-09
3.42365e-09
3.19284e-09
2.90171e-09
2.67032e-09
3.70163e-09
3.69908e-09
3.69312e-09
3.67835e-09
3.6434e-09
3.56803e-09
3.42469e-09
3.19381e-09
2.9026e-09
2.67116e-09
3.70339e-09
3.70088e-09
3.69495e-09
3.6802e-09
3.64524e-09
3.56984e-09
3.42644e-09
3.19546e-09
2.90411e-09
2.67256e-09
3.70605e-09
3.70364e-09
3.69776e-09
3.68304e-09
3.64808e-09
3.57263e-09
3.42913e-09
3.19798e-09
2.90643e-09
2.67471e-09
3.7097e-09
3.70758e-09
3.7018e-09
3.6871e-09
3.65211e-09
3.57659e-09
3.43294e-09
3.20156e-09
2.90969e-09
2.67774e-09
7.64668e-10
7.64089e-10
7.62741e-10
7.59469e-10
7.51885e-10
7.35906e-10
7.06311e-10
6.60107e-10
6.0396e-10
5.61176e-10
7.64487e-10
7.6391e-10
7.62564e-10
7.59294e-10
7.51714e-10
7.35743e-10
7.06159e-10
6.59971e-10
6.03848e-10
5.61114e-10
7.64375e-10
7.63798e-10
7.62453e-10
7.59185e-10
7.51607e-10
7.35641e-10
7.06066e-10
6.5989e-10
6.03782e-10
5.61064e-10
7.64327e-10
7.63751e-10
7.62407e-10
7.5914e-10
7.51565e-10
7.35602e-10
7.0603e-10
6.59861e-10
6.0376e-10
5.61048e-10
7.64352e-10
7.63776e-10
7.62433e-10
7.59168e-10
7.51594e-10
7.35632e-10
7.06061e-10
6.59892e-10
6.03791e-10
5.6108e-10
7.64466e-10
7.63892e-10
7.62551e-10
7.59287e-10
7.51713e-10
7.3575e-10
7.06176e-10
6.60001e-10
6.03894e-10
5.61177e-10
7.64701e-10
7.6413e-10
7.62793e-10
7.59531e-10
7.51957e-10
7.35991e-10
7.06409e-10
6.6022e-10
6.04097e-10
5.61367e-10
7.65097e-10
7.64534e-10
7.63204e-10
7.59946e-10
7.52371e-10
7.36398e-10
7.06802e-10
6.6059e-10
6.04438e-10
5.61688e-10
7.65696e-10
7.65154e-10
7.63837e-10
7.60584e-10
7.53008e-10
7.37024e-10
7.07404e-10
6.61157e-10
6.04961e-10
5.62178e-10
7.66519e-10
7.6604e-10
7.64743e-10
7.61494e-10
7.53912e-10
7.37911e-10
7.08259e-10
6.61959e-10
6.05699e-10
5.62868e-10
1.52866e-10
1.52741e-10
1.52451e-10
1.51758e-10
1.50179e-10
1.46924e-10
1.4104e-10
1.32108e-10
1.21599e-10
1.13864e-10
1.52828e-10
1.52704e-10
1.52414e-10
1.51721e-10
1.50144e-10
1.4689e-10
1.41008e-10
1.3208e-10
1.21576e-10
1.13851e-10
1.52805e-10
1.52681e-10
1.52392e-10
1.51699e-10
1.50122e-10
1.46869e-10
1.40989e-10
1.32063e-10
1.21562e-10
1.13841e-10
1.52795e-10
1.52671e-10
1.52382e-10
1.5169e-10
1.50113e-10
1.46861e-10
1.40982e-10
1.32057e-10
1.21558e-10
1.13838e-10
1.52801e-10
1.52677e-10
1.52388e-10
1.51696e-10
1.5012e-10
1.46868e-10
1.40989e-10
1.32064e-10
1.21565e-10
1.13845e-10
1.52826e-10
1.52703e-10
1.52414e-10
1.51722e-10
1.50146e-10
1.46894e-10
1.41014e-10
1.32088e-10
1.21587e-10
1.13866e-10
1.52877e-10
1.52754e-10
1.52467e-10
1.51775e-10
1.50199e-10
1.46946e-10
1.41064e-10
1.32136e-10
1.21632e-10
1.13908e-10
1.52963e-10
1.52842e-10
1.52556e-10
1.51865e-10
1.50289e-10
1.47035e-10
1.4115e-10
1.32216e-10
1.21706e-10
1.13979e-10
1.53093e-10
1.52976e-10
1.52693e-10
1.52003e-10
1.50427e-10
1.4717e-10
1.4128e-10
1.32339e-10
1.2182e-10
1.14086e-10
1.53272e-10
1.53168e-10
1.52889e-10
1.522e-10
1.50622e-10
1.47362e-10
1.41465e-10
1.32513e-10
1.21981e-10
1.14238e-10
2.96091e-11
2.95832e-11
2.95234e-11
2.93819e-11
2.90657e-11
2.84265e-11
2.72967e-11
2.5625e-11
2.37125e-11
2.23444e-11
2.96015e-11
2.95758e-11
2.95159e-11
2.93746e-11
2.90586e-11
2.84196e-11
2.72903e-11
2.56193e-11
2.37078e-11
2.23419e-11
2.95969e-11
2.95711e-11
2.95114e-11
2.93701e-11
2.90542e-11
2.84155e-11
2.72865e-11
2.56159e-11
2.37051e-11
2.23399e-11
2.9595e-11
2.95693e-11
2.95096e-11
2.93684e-11
2.90525e-11
2.84139e-11
2.72851e-11
2.56148e-11
2.37043e-11
2.23393e-11
2.95963e-11
2.95706e-11
2.9511e-11
2.93698e-11
2.9054e-11
2.84155e-11
2.72867e-11
2.56164e-11
2.37058e-11
2.23409e-11
2.96016e-11
2.9576e-11
2.95164e-11
2.93753e-11
2.90595e-11
2.84209e-11
2.7292e-11
2.56215e-11
2.37106e-11
2.23455e-11
2.96124e-11
2.95869e-11
2.95274e-11
2.93864e-11
2.90706e-11
2.84318e-11
2.73026e-11
2.56315e-11
2.372e-11
2.23544e-11
2.96304e-11
2.96052e-11
2.95461e-11
2.94052e-11
2.90894e-11
2.84503e-11
2.73204e-11
2.56483e-11
2.37357e-11
2.23693e-11
2.96576e-11
2.96334e-11
2.95748e-11
2.94341e-11
2.91182e-11
2.84785e-11
2.73476e-11
2.5674e-11
2.37596e-11
2.2392e-11
2.96951e-11
2.96736e-11
2.96158e-11
2.94753e-11
2.9159e-11
2.85186e-11
2.73862e-11
2.57103e-11
2.37934e-11
2.24241e-11
5.59036e-12
5.58516e-12
5.57316e-12
5.54521e-12
5.48378e-12
5.36192e-12
5.15107e-12
4.84626e-12
4.50609e-12
4.26859e-12
5.58888e-12
5.58369e-12
5.57171e-12
5.54378e-12
5.48237e-12
5.36058e-12
5.14982e-12
4.84514e-12
4.50517e-12
4.26808e-12
5.58797e-12
5.58279e-12
5.57081e-12
5.5429e-12
5.48152e-12
5.35977e-12
5.14907e-12
4.84449e-12
4.50464e-12
4.2677e-12
5.58762e-12
5.58244e-12
5.57048e-12
5.54257e-12
5.48121e-12
5.35948e-12
5.14882e-12
4.84429e-12
4.50449e-12
4.2676e-12
5.5879e-12
5.58273e-12
5.57078e-12
5.54288e-12
5.48153e-12
5.35981e-12
5.14915e-12
4.84462e-12
4.50482e-12
4.26794e-12
5.58899e-12
5.58383e-12
5.5719e-12
5.54401e-12
5.48266e-12
5.36093e-12
5.15024e-12
4.84566e-12
4.50581e-12
4.26889e-12
5.59119e-12
5.58606e-12
5.57415e-12
5.54628e-12
5.48492e-12
5.36316e-12
5.1524e-12
4.8477e-12
4.50773e-12
4.27073e-12
5.59487e-12
5.5898e-12
5.57795e-12
5.55011e-12
5.48874e-12
5.36691e-12
5.15602e-12
4.85113e-12
4.51095e-12
4.27379e-12
5.60042e-12
5.59553e-12
5.58379e-12
5.55599e-12
5.49459e-12
5.37265e-12
5.16156e-12
4.85637e-12
4.51585e-12
4.27847e-12
5.60806e-12
5.6037e-12
5.59211e-12
5.56434e-12
5.50288e-12
5.38078e-12
5.16938e-12
4.86376e-12
4.52275e-12
4.28504e-12
1.19295e-12
1.19178e-12
1.18907e-12
1.18283e-12
1.16937e-12
1.1432e-12
1.09888e-12
1.0363e-12
9.68115e-13
9.21554e-13
1.19263e-12
1.19146e-12
1.18875e-12
1.18252e-12
1.16907e-12
1.14291e-12
1.09862e-12
1.03606e-12
9.67917e-13
9.21452e-13
1.19243e-12
1.19127e-12
1.18856e-12
1.18233e-12
1.16888e-12
1.14273e-12
1.09845e-12
1.03592e-12
9.67801e-13
9.21369e-13
1.19236e-12
1.19119e-12
1.18849e-12
1.18226e-12
1.16882e-12
1.14267e-12
1.0984e-12
1.03588e-12
9.67773e-13
9.21351e-13
1.19243e-12
1.19127e-12
1.18856e-12
1.18234e-12
1.1689e-12
1.14275e-12
1.09848e-12
1.03596e-12
9.67853e-13
9.21433e-13
1.19269e-12
1.19152e-12
1.18882e-12
1.1826e-12
1.16916e-12
1.14301e-12
1.09874e-12
1.0362e-12
9.68085e-13
9.21657e-13
1.1932e-12
1.19204e-12
1.18934e-12
1.18313e-12
1.16969e-12
1.14353e-12
1.09923e-12
1.03667e-12
9.68533e-13
9.22087e-13
1.19405e-12
1.19291e-12
1.19022e-12
1.18401e-12
1.17057e-12
1.1444e-12
1.10007e-12
1.03747e-12
9.69281e-13
9.22803e-13
1.19533e-12
1.19422e-12
1.19157e-12
1.18536e-12
1.17191e-12
1.14572e-12
1.10134e-12
1.03867e-12
9.70414e-13
9.23888e-13
1.19705e-12
1.19606e-12
1.19344e-12
1.18724e-12
1.17378e-12
1.14754e-12
1.10311e-12
1.04034e-12
9.71978e-13
9.25386e-13
3.51715e-06
4.16048e-06
4.73617e-06
5.10535e-06
5.30281e-06
5.3954e-06
5.43487e-06
5.45115e-06
5.45879e-06
5.46389e-06
3.51635e-06
4.15958e-06
4.73519e-06
5.10433e-06
5.30176e-06
5.39435e-06
5.43383e-06
5.45016e-06
5.45791e-06
5.46335e-06
3.51581e-06
4.15897e-06
4.73452e-06
5.10362e-06
5.30104e-06
5.39364e-06
5.43313e-06
5.4495e-06
5.45734e-06
5.46289e-06
3.51551e-06
4.15864e-06
4.73417e-06
5.10325e-06
5.30067e-06
5.39327e-06
5.43278e-06
5.44918e-06
5.45705e-06
5.46265e-06
3.51548e-06
4.15861e-06
4.73414e-06
5.10324e-06
5.30066e-06
5.39327e-06
5.4328e-06
5.44922e-06
5.45711e-06
5.46273e-06
3.51573e-06
4.15892e-06
4.73451e-06
5.10364e-06
5.30109e-06
5.39372e-06
5.43326e-06
5.44969e-06
5.4576e-06
5.46322e-06
3.51635e-06
4.15966e-06
4.73536e-06
5.10458e-06
5.30208e-06
5.39473e-06
5.43429e-06
5.45073e-06
5.45865e-06
5.46428e-06
3.51745e-06
4.16096e-06
4.73687e-06
5.10623e-06
5.30381e-06
5.39652e-06
5.4361e-06
5.45256e-06
5.46048e-06
5.46612e-06
3.51916e-06
4.16301e-06
4.73924e-06
5.10883e-06
5.30654e-06
5.39931e-06
5.43893e-06
5.4554e-06
5.46334e-06
5.46899e-06
3.52155e-06
4.16599e-06
4.74269e-06
5.11259e-06
5.31049e-06
5.40335e-06
5.44301e-06
5.45951e-06
5.46747e-06
5.47315e-06
8.70126e-07
9.96483e-07
1.12454e-06
1.212e-06
1.26072e-06
1.28431e-06
1.29465e-06
1.29901e-06
1.30109e-06
1.30246e-06
8.6992e-07
9.96257e-07
1.1243e-06
1.21174e-06
1.26046e-06
1.28405e-06
1.29439e-06
1.29876e-06
1.30087e-06
1.30233e-06
8.6978e-07
9.96104e-07
1.12413e-06
1.21157e-06
1.26028e-06
1.28387e-06
1.29422e-06
1.2986e-06
1.30072e-06
1.30221e-06
8.69705e-07
9.96022e-07
1.12404e-06
1.21148e-06
1.26019e-06
1.28378e-06
1.29413e-06
1.29852e-06
1.30066e-06
1.30216e-06
8.69698e-07
9.96017e-07
1.12404e-06
1.21148e-06
1.26019e-06
1.28379e-06
1.29414e-06
1.29854e-06
1.30067e-06
1.30218e-06
8.69771e-07
9.96101e-07
1.12414e-06
1.21158e-06
1.26031e-06
1.28391e-06
1.29426e-06
1.29866e-06
1.3008e-06
1.30231e-06
8.69942e-07
9.96298e-07
1.12436e-06
1.21183e-06
1.26057e-06
1.28418e-06
1.29453e-06
1.29894e-06
1.30108e-06
1.30259e-06
8.70244e-07
9.96647e-07
1.12476e-06
1.21227e-06
1.26103e-06
1.28465e-06
1.29501e-06
1.29942e-06
1.30157e-06
1.30308e-06
8.7071e-07
9.97192e-07
1.12539e-06
1.21295e-06
1.26175e-06
1.28538e-06
1.29576e-06
1.30017e-06
1.30232e-06
1.30383e-06
8.71356e-07
9.9798e-07
1.12629e-06
1.21394e-06
1.26278e-06
1.28645e-06
1.29684e-06
1.30126e-06
1.30341e-06
1.30493e-06
2.05661e-07
2.30239e-07
2.57537e-07
2.77274e-07
2.88713e-07
2.94426e-07
2.96996e-07
2.98107e-07
2.98641e-07
2.98994e-07
2.0561e-07
2.30185e-07
2.57478e-07
2.77212e-07
2.8865e-07
2.94363e-07
2.96934e-07
2.98047e-07
2.98589e-07
2.98963e-07
2.05576e-07
2.30148e-07
2.57438e-07
2.7717e-07
2.88608e-07
2.94321e-07
2.96893e-07
2.98008e-07
2.98555e-07
2.98936e-07
2.05558e-07
2.30128e-07
2.57417e-07
2.77149e-07
2.88586e-07
2.94299e-07
2.96872e-07
2.9799e-07
2.98539e-07
2.98923e-07
2.05557e-07
2.30128e-07
2.57418e-07
2.7715e-07
2.88587e-07
2.94301e-07
2.96875e-07
2.97994e-07
2.98544e-07
2.98929e-07
2.05576e-07
2.3015e-07
2.57443e-07
2.77177e-07
2.88617e-07
2.94332e-07
2.96907e-07
2.98026e-07
2.98578e-07
2.98963e-07
2.05621e-07
2.302e-07
2.575e-07
2.7724e-07
2.88683e-07
2.944e-07
2.96976e-07
2.98097e-07
2.98648e-07
2.99034e-07
2.057e-07
2.3029e-07
2.57601e-07
2.7735e-07
2.88799e-07
2.94519e-07
2.97097e-07
2.98218e-07
2.98771e-07
2.99157e-07
2.05821e-07
2.30429e-07
2.57759e-07
2.77522e-07
2.8898e-07
2.94705e-07
2.97286e-07
2.98408e-07
2.98962e-07
2.99349e-07
2.05988e-07
2.30629e-07
2.57988e-07
2.77772e-07
2.89242e-07
2.94974e-07
2.97558e-07
2.98682e-07
2.99237e-07
2.99626e-07
4.6616e-08
5.13311e-08
5.69419e-08
6.12061e-08
6.37712e-08
6.50909e-08
6.56999e-08
6.59689e-08
6.61004e-08
6.61872e-08
4.66041e-08
5.13184e-08
5.69283e-08
6.11919e-08
6.37566e-08
6.50763e-08
6.56855e-08
6.59551e-08
6.60882e-08
6.618e-08
4.65961e-08
5.13098e-08
5.69191e-08
6.11823e-08
6.37468e-08
6.50665e-08
6.5676e-08
6.59462e-08
6.60804e-08
6.61738e-08
4.65918e-08
5.13054e-08
5.69144e-08
6.11774e-08
6.37419e-08
6.50617e-08
6.56714e-08
6.59421e-08
6.60769e-08
6.61709e-08
4.65918e-08
5.13055e-08
5.69146e-08
6.11778e-08
6.37425e-08
6.50624e-08
6.56724e-08
6.59433e-08
6.60784e-08
6.61727e-08
4.65967e-08
5.13109e-08
5.69208e-08
6.11846e-08
6.37497e-08
6.507e-08
6.56802e-08
6.59513e-08
6.60866e-08
6.6181e-08
4.66079e-08
5.13234e-08
5.69348e-08
6.11998e-08
6.37658e-08
6.50866e-08
6.56971e-08
6.59684e-08
6.61039e-08
6.61984e-08
4.66276e-08
5.13452e-08
5.69593e-08
6.12265e-08
6.37939e-08
6.51155e-08
6.57264e-08
6.5998e-08
6.61336e-08
6.62283e-08
4.66577e-08
5.13793e-08
5.69977e-08
6.12683e-08
6.38379e-08
6.51607e-08
6.57722e-08
6.60441e-08
6.618e-08
6.62748e-08
4.66992e-08
5.14282e-08
5.70532e-08
6.13286e-08
6.39013e-08
6.52257e-08
6.58381e-08
6.61104e-08
6.62466e-08
6.6342e-08
1.0161e-08
1.10503e-08
1.21663e-08
1.30518e-08
1.3603e-08
1.38947e-08
1.40326e-08
1.40949e-08
1.41258e-08
1.41462e-08
1.01584e-08
1.10475e-08
1.21633e-08
1.30486e-08
1.35997e-08
1.38914e-08
1.40294e-08
1.40918e-08
1.4123e-08
1.41446e-08
1.01565e-08
1.10456e-08
1.21612e-08
1.30465e-08
1.35976e-08
1.38893e-08
1.40273e-08
1.40898e-08
1.41213e-08
1.41433e-08
1.01556e-08
1.10446e-08
1.21602e-08
1.30454e-08
1.35965e-08
1.38882e-08
1.40263e-08
1.40889e-08
1.41206e-08
1.41427e-08
1.01556e-08
1.10446e-08
1.21603e-08
1.30456e-08
1.35967e-08
1.38884e-08
1.40266e-08
1.40892e-08
1.4121e-08
1.41431e-08
1.01568e-08
1.1046e-08
1.21618e-08
1.30472e-08
1.35984e-08
1.38902e-08
1.40284e-08
1.40911e-08
1.41229e-08
1.41451e-08
1.01595e-08
1.10489e-08
1.2165e-08
1.30507e-08
1.36022e-08
1.38941e-08
1.40324e-08
1.40951e-08
1.41269e-08
1.41491e-08
1.01642e-08
1.10541e-08
1.21708e-08
1.3057e-08
1.36087e-08
1.39008e-08
1.40392e-08
1.41021e-08
1.41339e-08
1.41561e-08
1.01714e-08
1.10621e-08
1.21798e-08
1.30667e-08
1.3619e-08
1.39114e-08
1.40499e-08
1.41128e-08
1.41447e-08
1.4167e-08
1.01813e-08
1.10736e-08
1.21927e-08
1.30808e-08
1.36337e-08
1.39265e-08
1.40653e-08
1.41283e-08
1.41603e-08
1.41827e-08
2.13456e-09
2.29909e-09
2.51435e-09
2.69162e-09
2.80545e-09
2.86731e-09
2.89725e-09
2.91104e-09
2.918e-09
2.92263e-09
2.13398e-09
2.29847e-09
2.5137e-09
2.69094e-09
2.80476e-09
2.86661e-09
2.89656e-09
2.91038e-09
2.91742e-09
2.9223e-09
2.13359e-09
2.29806e-09
2.51326e-09
2.69048e-09
2.80429e-09
2.86615e-09
2.89611e-09
2.90996e-09
2.91706e-09
2.92201e-09
2.13339e-09
2.29785e-09
2.51304e-09
2.69026e-09
2.80407e-09
2.86593e-09
2.8959e-09
2.90978e-09
2.9169e-09
2.92188e-09
2.1334e-09
2.29787e-09
2.51307e-09
2.6903e-09
2.80412e-09
2.86599e-09
2.89597e-09
2.90986e-09
2.917e-09
2.922e-09
2.13368e-09
2.29818e-09
2.51341e-09
2.69066e-09
2.80451e-09
2.86639e-09
2.89639e-09
2.91029e-09
2.91744e-09
2.92244e-09
2.1343e-09
2.29885e-09
2.51415e-09
2.69147e-09
2.80536e-09
2.86727e-09
2.89728e-09
2.91119e-09
2.91835e-09
2.92336e-09
2.13537e-09
2.30002e-09
2.51545e-09
2.69287e-09
2.80683e-09
2.86879e-09
2.89882e-09
2.91275e-09
2.91991e-09
2.92493e-09
2.13701e-09
2.30183e-09
2.51747e-09
2.69506e-09
2.80913e-09
2.87115e-09
2.90122e-09
2.91517e-09
2.92235e-09
2.92738e-09
2.13927e-09
2.30444e-09
2.52038e-09
2.69821e-09
2.81244e-09
2.87455e-09
2.90467e-09
2.91864e-09
2.92584e-09
2.93089e-09
4.32943e-10
4.62754e-10
5.03083e-10
5.37376e-10
5.60028e-10
5.72643e-10
5.78886e-10
5.81822e-10
5.83327e-10
5.84336e-10
4.32821e-10
4.62626e-10
5.02948e-10
5.37235e-10
5.59883e-10
5.72498e-10
5.78743e-10
5.81685e-10
5.83207e-10
5.84267e-10
4.32739e-10
4.62541e-10
5.02858e-10
5.37141e-10
5.59788e-10
5.72403e-10
5.78651e-10
5.81598e-10
5.83132e-10
5.84208e-10
4.32698e-10
4.62498e-10
5.02813e-10
5.37095e-10
5.59742e-10
5.72359e-10
5.78609e-10
5.81561e-10
5.83101e-10
5.84184e-10
4.32703e-10
4.62504e-10
5.02822e-10
5.37106e-10
5.59755e-10
5.72373e-10
5.78625e-10
5.81581e-10
5.83124e-10
5.8421e-10
4.32765e-10
4.62571e-10
5.02896e-10
5.37186e-10
5.5984e-10
5.72462e-10
5.78717e-10
5.81675e-10
5.8322e-10
5.84307e-10
4.32902e-10
4.62719e-10
5.03058e-10
5.37361e-10
5.60025e-10
5.72652e-10
5.78911e-10
5.81871e-10
5.83418e-10
5.84506e-10
4.33138e-10
4.62974e-10
5.03339e-10
5.37665e-10
5.60345e-10
5.72982e-10
5.79246e-10
5.82209e-10
5.83758e-10
5.84848e-10
4.33499e-10
4.63371e-10
5.03778e-10
5.38139e-10
5.60843e-10
5.73494e-10
5.79766e-10
5.82733e-10
5.84285e-10
5.85378e-10
4.33998e-10
4.63941e-10
5.0441e-10
5.38821e-10
5.61558e-10
5.7423e-10
5.80512e-10
5.83485e-10
5.85041e-10
5.8614e-10
8.49266e-11
9.0212e-11
9.75594e-11
1.03983e-10
1.08336e-10
1.10816e-10
1.1207e-10
1.12671e-10
1.12984e-10
1.13196e-10
8.4902e-11
9.01863e-11
9.75322e-11
1.03955e-10
1.08307e-10
1.10787e-10
1.12041e-10
1.12643e-10
1.1296e-10
1.13182e-10
8.48854e-11
9.0169e-11
9.75141e-11
1.03936e-10
1.08288e-10
1.10768e-10
1.12023e-10
1.12626e-10
1.12945e-10
1.13171e-10
8.48772e-11
9.01606e-11
9.75054e-11
1.03927e-10
1.08279e-10
1.1076e-10
1.12014e-10
1.12619e-10
1.12939e-10
1.13166e-10
8.48786e-11
9.01623e-11
9.75075e-11
1.0393e-10
1.08282e-10
1.10763e-10
1.12018e-10
1.12623e-10
1.12944e-10
1.13172e-10
8.4892e-11
9.01766e-11
9.75232e-11
1.03947e-10
1.083e-10
1.10782e-10
1.12038e-10
1.12643e-10
1.12965e-10
1.13192e-10
8.49211e-11
9.02078e-11
9.75573e-11
1.03983e-10
1.08339e-10
1.10822e-10
1.12078e-10
1.12684e-10
1.13006e-10
1.13234e-10
8.49712e-11
9.02618e-11
9.76165e-11
1.04047e-10
1.08406e-10
1.10891e-10
1.12148e-10
1.12755e-10
1.13078e-10
1.13306e-10
8.50478e-11
9.03455e-11
9.77085e-11
1.04146e-10
1.0851e-10
1.10998e-10
1.12257e-10
1.12865e-10
1.13188e-10
1.13417e-10
8.51538e-11
9.04656e-11
9.7841e-11
1.04289e-10
1.08659e-10
1.11152e-10
1.12413e-10
1.13022e-10
1.13346e-10
1.13576e-10
1.62173e-11
1.71375e-11
1.8446e-11
1.96183e-11
2.04314e-11
2.09049e-11
2.1149e-11
2.12684e-11
2.13317e-11
2.13748e-11
1.62124e-11
1.71324e-11
1.84406e-11
1.96127e-11
2.04257e-11
2.08992e-11
2.11434e-11
2.1263e-11
2.13269e-11
2.13721e-11
1.62092e-11
1.7129e-11
1.84371e-11
1.9609e-11
2.0422e-11
2.08955e-11
2.11398e-11
2.12596e-11
2.1324e-11
2.13699e-11
1.62076e-11
1.71274e-11
1.84354e-11
1.96074e-11
2.04203e-11
2.08938e-11
2.11382e-11
2.12583e-11
2.13229e-11
2.1369e-11
1.6208e-11
1.71278e-11
1.84359e-11
1.96079e-11
2.0421e-11
2.08946e-11
2.11391e-11
2.12592e-11
2.1324e-11
2.13702e-11
1.62108e-11
1.71308e-11
1.84392e-11
1.96115e-11
2.04248e-11
2.08985e-11
2.11431e-11
2.12633e-11
2.13282e-11
2.13745e-11
1.62168e-11
1.71372e-11
1.84462e-11
1.9619e-11
2.04327e-11
2.09067e-11
2.11514e-11
2.12717e-11
2.13367e-11
2.1383e-11
1.62271e-11
1.71483e-11
1.84583e-11
1.9632e-11
2.04463e-11
2.09207e-11
2.11657e-11
2.12862e-11
2.13512e-11
2.13976e-11
1.62429e-11
1.71655e-11
1.8477e-11
1.96522e-11
2.04675e-11
2.09425e-11
2.11879e-11
2.13085e-11
2.13737e-11
2.14202e-11
1.62648e-11
1.719e-11
1.8504e-11
1.96811e-11
2.04978e-11
2.09737e-11
2.12195e-11
2.13404e-11
2.14058e-11
2.14526e-11
3.49963e-12
3.68055e-12
3.94323e-12
4.1842e-12
4.3553e-12
4.45716e-12
4.5108e-12
4.53756e-12
4.552e-12
4.56178e-12
3.49857e-12
3.67946e-12
3.94208e-12
4.18301e-12
4.35408e-12
4.45594e-12
4.50959e-12
4.53641e-12
4.55099e-12
4.56123e-12
3.49786e-12
3.67871e-12
3.94131e-12
4.18221e-12
4.35327e-12
4.45513e-12
4.5088e-12
4.53568e-12
4.55037e-12
4.56075e-12
3.49751e-12
3.67836e-12
3.94095e-12
4.18184e-12
4.35291e-12
4.45477e-12
4.50847e-12
4.53539e-12
4.55013e-12
4.56058e-12
3.49762e-12
3.67848e-12
3.94108e-12
4.182e-12
4.35308e-12
4.45497e-12
4.50869e-12
4.53563e-12
4.55041e-12
4.56088e-12
3.49828e-12
3.67918e-12
3.94185e-12
4.18283e-12
4.35396e-12
4.45588e-12
4.50963e-12
4.53659e-12
4.55139e-12
4.56187e-12
3.49969e-12
3.68069e-12
3.94348e-12
4.18457e-12
4.35579e-12
4.45777e-12
4.51156e-12
4.53854e-12
4.55336e-12
4.56386e-12
3.50212e-12
3.68327e-12
3.94628e-12
4.18758e-12
4.35895e-12
4.46102e-12
4.51486e-12
4.54188e-12
4.55672e-12
4.56724e-12
3.5058e-12
3.68725e-12
3.95062e-12
4.19223e-12
4.36382e-12
4.46604e-12
4.51996e-12
4.54702e-12
4.56189e-12
4.57244e-12
3.51077e-12
3.69283e-12
3.9567e-12
4.19875e-12
4.37065e-12
4.47306e-12
4.52708e-12
4.55421e-12
4.56913e-12
4.57973e-12
)
;

boundaryField
{
    inlet1
    {
        type            fixedValue;
        value           uniform 10;
    }
    inlet2
    {
        type            fixedValue;
        value           uniform 20;
    }
    outlet1
    {
        type            zeroGradient;
    }
    outlet2
    {
        type            zeroGradient;
    }
    fixedWalls
    {
        type            zeroGradient;
    }
}


// ************************************************************************* //
