/*--------------------------------*- C++ -*----------------------------------*\
  =========                 |
  \\      /  F ield         | OpenFOAM: The Open Source CFD Toolbox
   \\    /   O peration     | Website:  https://openfoam.org
    \\  /    A nd           | Version:  6
     \\/     M anipulation  |
\*---------------------------------------------------------------------------*/
FoamFile
{
    version     2.0;
    format      ascii;
    class       volScalarField;
    location    "0.05";
    object      T;
}
// * * * * * * * * * * * * * * * * * * * * * * * * * * * * * * * * * * * * * //

dimensions      [0 0 0 1 0 0 0];

internalField   nonuniform List<scalar> 
7000
(
95.9276
95.9274
95.9272
95.9272
95.9271
95.9271
95.9272
95.9272
95.9273
95.9274
95.9274
95.9271
95.927
95.9269
95.9269
95.9269
95.9269
95.927
95.9271
95.9272
95.9272
95.927
95.9268
95.9268
95.9267
95.9267
95.9268
95.9268
95.9269
95.9271
95.9272
95.9269
95.9268
95.9267
95.9267
95.9267
95.9267
95.9268
95.9269
95.927
95.9271
95.9269
95.9267
95.9267
95.9266
95.9266
95.9267
95.9267
95.9269
95.927
95.9271
95.9269
95.9267
95.9267
95.9266
95.9266
95.9267
95.9267
95.9269
95.927
95.9272
95.9269
95.9268
95.9267
95.9267
95.9267
95.9267
95.9268
95.9269
95.927
95.9272
95.927
95.9268
95.9268
95.9267
95.9267
95.9268
95.9269
95.927
95.9271
95.9273
95.9271
95.9269
95.9269
95.9269
95.9269
95.9269
95.927
95.9271
95.9272
95.9274
95.9272
95.9271
95.927
95.927
95.927
95.927
95.9271
95.9272
95.9274
69.234
69.2334
69.233
69.2328
69.2327
69.2327
69.2328
69.233
69.2332
69.2335
69.2334
69.2328
69.2324
69.2322
69.2322
69.2322
69.2323
69.2324
69.2327
69.2331
69.233
69.2324
69.2321
69.2319
69.2318
69.2318
69.2319
69.2321
69.2324
69.2328
69.2328
69.2322
69.2319
69.2317
69.2316
69.2316
69.2317
69.2319
69.2323
69.2327
69.2327
69.2322
69.2318
69.2316
69.2315
69.2316
69.2317
69.2319
69.2322
69.2326
69.2327
69.2322
69.2318
69.2316
69.2316
69.2316
69.2317
69.2319
69.2322
69.2327
69.2328
69.2323
69.2319
69.2317
69.2317
69.2317
69.2318
69.232
69.2323
69.2328
69.233
69.2324
69.2321
69.2319
69.2319
69.2319
69.232
69.2322
69.2326
69.233
69.2332
69.2327
69.2324
69.2323
69.2322
69.2322
69.2323
69.2326
69.2329
69.2333
69.2335
69.2331
69.2328
69.2327
69.2326
69.2327
69.2328
69.233
69.2333
69.2338
46.4428
46.4421
46.4416
46.4414
46.4413
46.4413
46.4414
46.4416
46.442
46.4424
46.4421
46.4414
46.4409
46.4407
46.4406
46.4406
46.4407
46.441
46.4414
46.442
46.4416
46.4409
46.4405
46.4402
46.4401
46.4401
46.4403
46.4406
46.441
46.4416
46.4414
46.4407
46.4402
46.44
46.4399
46.4399
46.44
46.4403
46.4408
46.4415
46.4413
46.4406
46.4401
46.4399
46.4398
46.4398
46.44
46.4403
46.4407
46.4414
46.4413
46.4406
46.4401
46.4399
46.4398
46.4398
46.44
46.4403
46.4408
46.4414
46.4414
46.4407
46.4403
46.44
46.44
46.44
46.4401
46.4404
46.4409
46.4416
46.4416
46.441
46.4406
46.4403
46.4403
46.4403
46.4404
46.4408
46.4412
46.4419
46.442
46.4414
46.441
46.4408
46.4407
46.4408
46.4409
46.4412
46.4417
46.4424
46.4424
46.442
46.4416
46.4415
46.4414
46.4414
46.4416
46.4419
46.4424
46.4431
28.8881
28.8874
28.887
28.8867
28.8866
28.8866
28.8868
28.887
28.8874
28.888
28.8874
28.8867
28.8863
28.8861
28.886
28.886
28.8861
28.8864
28.8869
28.8875
28.887
28.8863
28.8859
28.8856
28.8855
28.8856
28.8857
28.886
28.8865
28.8872
28.8867
28.8861
28.8856
28.8854
28.8853
28.8853
28.8855
28.8858
28.8863
28.8871
28.8866
28.886
28.8855
28.8853
28.8852
28.8852
28.8854
28.8857
28.8862
28.887
28.8866
28.886
28.8856
28.8853
28.8852
28.8853
28.8854
28.8858
28.8863
28.887
28.8868
28.8861
28.8857
28.8855
28.8854
28.8854
28.8856
28.886
28.8865
28.8872
28.887
28.8864
28.886
28.8858
28.8857
28.8858
28.886
28.8863
28.8868
28.8876
28.8874
28.8869
28.8865
28.8863
28.8863
28.8863
28.8865
28.8868
28.8873
28.8881
28.888
28.8875
28.8872
28.8871
28.887
28.887
28.8872
28.8876
28.8881
28.8888
16.6504
16.6499
16.6496
16.6494
16.6493
16.6493
16.6494
16.6497
16.6501
16.6505
16.6499
16.6494
16.649
16.6488
16.6488
16.6488
16.6489
16.6492
16.6496
16.6502
16.6496
16.649
16.6487
16.6485
16.6484
16.6485
16.6486
16.6489
16.6493
16.65
16.6494
16.6488
16.6485
16.6483
16.6482
16.6483
16.6484
16.6487
16.6492
16.6498
16.6493
16.6488
16.6484
16.6482
16.6482
16.6482
16.6484
16.6486
16.6491
16.6498
16.6493
16.6488
16.6485
16.6483
16.6482
16.6482
16.6484
16.6487
16.6492
16.6498
16.6494
16.6489
16.6486
16.6484
16.6484
16.6484
16.6486
16.6489
16.6493
16.65
16.6497
16.6492
16.6489
16.6487
16.6486
16.6487
16.6489
16.6492
16.6496
16.6503
16.6501
16.6496
16.6493
16.6492
16.6491
16.6492
16.6493
16.6496
16.6501
16.6508
16.6506
16.6502
16.65
16.6498
16.6498
16.6499
16.65
16.6503
16.6508
16.6515
8.89835
8.89799
8.89775
8.89761
8.89756
8.89758
8.89768
8.89786
8.89815
8.89854
8.89799
8.89762
8.89739
8.89725
8.8972
8.89722
8.89732
8.89752
8.89784
8.89832
8.89775
8.89739
8.89715
8.89701
8.89696
8.89699
8.8971
8.89731
8.89765
8.89816
8.89761
8.89725
8.89702
8.89688
8.89683
8.89686
8.89697
8.89719
8.89754
8.89806
8.89756
8.8972
8.89696
8.89683
8.89678
8.89681
8.89693
8.89715
8.89751
8.89804
8.89758
8.89722
8.89699
8.89686
8.89682
8.89685
8.89697
8.89719
8.89755
8.89808
8.89768
8.89733
8.8971
8.89698
8.89694
8.89697
8.89709
8.89732
8.89768
8.89821
8.89788
8.89754
8.89732
8.8972
8.89717
8.8972
8.89732
8.89755
8.89791
8.89844
8.89818
8.89787
8.89768
8.89757
8.89754
8.89758
8.8977
8.89793
8.89829
8.89882
8.89858
8.89836
8.8982
8.8981
8.89807
8.89812
8.89824
8.89847
8.89883
8.89937
4.41615
4.41593
4.41578
4.41569
4.41566
4.41568
4.41573
4.41584
4.41601
4.41624
4.41593
4.4157
4.41556
4.41547
4.41544
4.41545
4.41552
4.41563
4.41582
4.41611
4.41578
4.41556
4.41541
4.41533
4.4153
4.41531
4.41538
4.4155
4.4157
4.41601
4.4157
4.41547
4.41533
4.41524
4.41521
4.41523
4.4153
4.41543
4.41563
4.41595
4.41566
4.41544
4.4153
4.41522
4.41519
4.41521
4.41528
4.41541
4.41561
4.41594
4.41568
4.41546
4.41532
4.41524
4.41521
4.41523
4.4153
4.41544
4.41564
4.41597
4.41575
4.41554
4.4154
4.41532
4.41529
4.41532
4.41539
4.41552
4.41573
4.41606
4.41589
4.41568
4.41555
4.41548
4.41545
4.41548
4.41555
4.41568
4.41589
4.41622
4.4161
4.41591
4.41579
4.41573
4.41571
4.41573
4.41581
4.41594
4.41615
4.41648
4.41639
4.41625
4.41615
4.4161
4.41608
4.41611
4.41618
4.41632
4.41653
4.41686
2.03972
2.03959
2.03951
2.03946
2.03944
2.03944
2.03945
2.03944
2.03939
2.03935
2.03959
2.03947
2.03938
2.03934
2.03932
2.03932
2.03933
2.03932
2.03928
2.03928
2.03951
2.03938
2.0393
2.03926
2.03924
2.03924
2.03925
2.03925
2.03922
2.03922
2.03946
2.03934
2.03926
2.03921
2.03919
2.03919
2.03921
2.03921
2.03918
2.03919
2.03945
2.03932
2.03924
2.0392
2.03918
2.03918
2.03919
2.0392
2.03918
2.03918
2.03946
2.03934
2.03926
2.03921
2.03919
2.0392
2.03921
2.03922
2.0392
2.0392
2.0395
2.03938
2.03931
2.03926
2.03925
2.03925
2.03927
2.03927
2.03925
2.03926
2.03959
2.03947
2.0394
2.03936
2.03934
2.03935
2.03936
2.03937
2.03935
2.03936
2.03972
2.03962
2.03955
2.03951
2.0395
2.03951
2.03952
2.03953
2.03951
2.03952
2.0399
2.03983
2.03977
2.03974
2.03973
2.03974
2.03975
2.03976
2.03974
2.03975
0.878999
0.878935
0.878893
0.878867
0.87885
0.878826
0.878752
0.878525
0.877969
0.877107
0.878935
0.878872
0.87883
0.878804
0.878787
0.878764
0.878691
0.878466
0.877916
0.877072
0.878893
0.87883
0.878788
0.878763
0.878747
0.878724
0.878652
0.878429
0.877883
0.877045
0.87887
0.878807
0.878765
0.87874
0.878724
0.878702
0.878631
0.878409
0.877866
0.87703
0.878863
0.8788
0.878758
0.878733
0.878718
0.878696
0.878626
0.878405
0.877862
0.877028
0.87887
0.878808
0.878767
0.878743
0.878727
0.878706
0.878636
0.878416
0.877874
0.87704
0.878896
0.878835
0.878795
0.878771
0.878757
0.878735
0.878666
0.878446
0.877904
0.87707
0.878944
0.878885
0.878847
0.878825
0.878811
0.87879
0.878721
0.878502
0.87796
0.877126
0.879018
0.878965
0.878931
0.878911
0.878899
0.878878
0.87881
0.87859
0.878049
0.877215
0.87912
0.879084
0.879056
0.879039
0.879027
0.879007
0.878938
0.878719
0.878178
0.877344
0.354391
0.354362
0.354341
0.354326
0.354306
0.354249
0.354047
0.35338
0.351449
0.347292
0.354362
0.354332
0.354312
0.354297
0.354277
0.35422
0.354019
0.353352
0.351425
0.347277
0.354343
0.354313
0.354293
0.354278
0.354258
0.354201
0.354001
0.353335
0.35141
0.347265
0.354332
0.354302
0.354282
0.354268
0.354248
0.354191
0.353991
0.353327
0.351402
0.347258
0.354329
0.354299
0.354279
0.354265
0.354245
0.354189
0.353989
0.353325
0.351401
0.347257
0.354333
0.354304
0.354284
0.35427
0.354251
0.354194
0.353995
0.353331
0.351407
0.347263
0.354346
0.354318
0.354298
0.354284
0.354266
0.35421
0.35401
0.353346
0.351423
0.347278
0.354371
0.354343
0.354325
0.354312
0.354293
0.354237
0.354038
0.353374
0.351451
0.347306
0.354409
0.354384
0.354368
0.354356
0.354338
0.354282
0.354083
0.353419
0.351495
0.34735
0.354461
0.354445
0.354432
0.35442
0.354403
0.354347
0.354148
0.353484
0.35156
0.347414
0.13405
0.134037
0.134027
0.134017
0.133994
0.133908
0.133577
0.132313
0.127506
0.108834
0.134037
0.134024
0.134015
0.134005
0.133981
0.133895
0.133564
0.132301
0.127497
0.108828
0.134029
0.134016
0.134007
0.133997
0.133973
0.133888
0.133557
0.132294
0.127491
0.108824
0.134024
0.134012
0.134002
0.133992
0.133969
0.133883
0.133553
0.13229
0.127487
0.108822
0.134023
0.13401
0.134001
0.133991
0.133968
0.133882
0.133552
0.13229
0.127487
0.108822
0.134025
0.134013
0.134003
0.133994
0.13397
0.133885
0.133555
0.132292
0.12749
0.108824
0.134032
0.134019
0.13401
0.134
0.133977
0.133892
0.133562
0.1323
0.127497
0.10883
0.134043
0.134031
0.134022
0.134013
0.13399
0.133905
0.133575
0.132312
0.127509
0.10884
0.134061
0.13405
0.134043
0.134034
0.134011
0.133926
0.133596
0.132333
0.127529
0.108857
0.134086
0.134079
0.134072
0.134064
0.134041
0.133956
0.133626
0.132363
0.127558
0.108883
0.0477023
0.047697
0.0476925
0.0476858
0.047666
0.0475931
0.0473273
0.0464065
0.0434282
0.0347716
0.0476972
0.047692
0.0476875
0.0476808
0.047661
0.0475882
0.0473226
0.0464021
0.0434246
0.0347694
0.047694
0.0476887
0.0476843
0.0476776
0.0476578
0.047585
0.0473195
0.0463993
0.0434223
0.0347678
0.0476922
0.0476869
0.0476825
0.0476759
0.0476561
0.0475834
0.0473179
0.0463979
0.0434211
0.034767
0.0476917
0.0476865
0.0476821
0.0476755
0.0476558
0.0475831
0.0473177
0.0463977
0.043421
0.034767
0.0476927
0.0476875
0.0476832
0.0476766
0.0476569
0.0475843
0.0473189
0.0463989
0.0434222
0.0347679
0.0476955
0.0476904
0.0476861
0.0476796
0.04766
0.0475873
0.047322
0.046402
0.043425
0.0347702
0.0477005
0.0476956
0.0476915
0.0476851
0.0476655
0.0475929
0.0473276
0.0464074
0.0434301
0.0347743
0.0477083
0.0477039
0.0477001
0.0476939
0.0476744
0.0476019
0.0473365
0.0464162
0.0434383
0.0347809
0.047719
0.0477161
0.0477129
0.0477069
0.0476875
0.0476149
0.0473495
0.046429
0.0434504
0.034791
0.0160129
0.0160109
0.0160089
0.0160049
0.0159924
0.0159482
0.0157992
0.0153344
0.0140339
0.0109496
0.0160111
0.016009
0.016007
0.0160031
0.0159905
0.0159464
0.0157974
0.0153328
0.0140326
0.0109487
0.0160099
0.0160078
0.0160058
0.0160019
0.0159894
0.0159452
0.0157963
0.0153318
0.0140317
0.0109482
0.0160092
0.0160072
0.0160051
0.0160012
0.0159887
0.0159446
0.0157958
0.0153313
0.0140313
0.0109479
0.0160091
0.016007
0.016005
0.0160011
0.0159886
0.0159446
0.0157957
0.0153313
0.0140313
0.0109479
0.0160095
0.0160075
0.0160055
0.0160016
0.0159891
0.015945
0.0157962
0.0153318
0.0140318
0.0109483
0.0160106
0.0160086
0.0160067
0.0160028
0.0159903
0.0159463
0.0157974
0.015333
0.0140329
0.0109491
0.0160126
0.0160107
0.0160088
0.016005
0.0159926
0.0159485
0.0157996
0.0153351
0.0140348
0.0109507
0.0160157
0.016014
0.0160123
0.0160085
0.0159961
0.0159521
0.0158032
0.0153386
0.014038
0.0109532
0.0160201
0.016019
0.0160174
0.0160137
0.0160013
0.0159573
0.0158084
0.0153436
0.0140427
0.010957
0.00508375
0.00508299
0.00508211
0.00508013
0.00507372
0.00505229
0.00498512
0.00479416
0.00431812
0.00333961
0.0050831
0.00508234
0.00508146
0.00507948
0.00507308
0.00505166
0.00498452
0.00479362
0.00431769
0.00333932
0.00508267
0.00508192
0.00508105
0.00507907
0.00507267
0.00505126
0.00498414
0.00479327
0.00431741
0.00333913
0.00508245
0.0050817
0.00508082
0.00507885
0.00507245
0.00505105
0.00498395
0.0047931
0.00431727
0.00333904
0.00508241
0.00508166
0.00508079
0.00507882
0.00507243
0.00505103
0.00498393
0.0047931
0.00431727
0.00333905
0.00508258
0.00508183
0.00508097
0.005079
0.00507261
0.00505122
0.00498412
0.00479328
0.00431745
0.00333919
0.005083
0.00508226
0.00508141
0.00507945
0.00507307
0.00505168
0.00498458
0.00479372
0.00431784
0.0033395
0.00508375
0.00508304
0.00508222
0.00508028
0.0050739
0.00505251
0.0049854
0.00479452
0.00431856
0.00334006
0.00508493
0.00508429
0.00508351
0.0050816
0.00507523
0.00505384
0.00498672
0.00479578
0.00431971
0.00334097
0.00508657
0.00508614
0.00508542
0.00508353
0.00507718
0.00505579
0.00498864
0.00479764
0.0043214
0.00334233
0.00153019
0.00152992
0.00152957
0.00152869
0.0015259
0.00151705
0.00149104
0.00142266
0.00126711
0.000978696
0.00152998
0.00152971
0.00152936
0.00152848
0.00152569
0.00151684
0.00149085
0.00142249
0.00126697
0.000978601
0.00152984
0.00152957
0.00152922
0.00152835
0.00152556
0.00151671
0.00149072
0.00142238
0.00126688
0.00097854
0.00152977
0.0015295
0.00152915
0.00152828
0.00152549
0.00151664
0.00149066
0.00142232
0.00126684
0.000978511
0.00152976
0.00152949
0.00152914
0.00152827
0.00152549
0.00151664
0.00149066
0.00142232
0.00126684
0.000978516
0.00152982
0.00152956
0.00152921
0.00152834
0.00152555
0.00151671
0.00149073
0.00142239
0.0012669
0.000978564
0.00152997
0.00152971
0.00152936
0.00152849
0.00152571
0.00151687
0.00149089
0.00142254
0.00126704
0.000978671
0.00153023
0.00152998
0.00152964
0.00152878
0.00152601
0.00151716
0.00149118
0.00142281
0.00126729
0.000978864
0.00153065
0.00153042
0.0015301
0.00152925
0.00152647
0.00151762
0.00149163
0.00142325
0.00126768
0.000979176
0.00153123
0.00153107
0.00153077
0.00152992
0.00152715
0.0015183
0.0014923
0.00142389
0.00126826
0.000979638
0.000437688
0.000437599
0.000437467
0.000437122
0.000436053
0.000432816
0.000423844
0.000401741
0.00035501
0.000274714
0.000437622
0.000437534
0.000437401
0.000437057
0.000435989
0.000432753
0.000423784
0.000401688
0.000354967
0.000274685
0.000437579
0.000437491
0.000437359
0.000437015
0.000435947
0.000432713
0.000423746
0.000401655
0.00035494
0.000274666
0.000437557
0.000437469
0.000437337
0.000436994
0.000435926
0.000432693
0.000423728
0.000401638
0.000354928
0.000274658
0.000437555
0.000437468
0.000437336
0.000436993
0.000435926
0.000432693
0.000423728
0.00040164
0.000354929
0.00027466
0.000437576
0.000437488
0.000437357
0.000437015
0.000435948
0.000432716
0.000423751
0.000401661
0.000354949
0.000274676
0.000437625
0.000437539
0.000437409
0.000437068
0.000436002
0.000432769
0.000423803
0.000401711
0.000354993
0.000274711
0.000437713
0.00043763
0.000437502
0.000437163
0.000436098
0.000432865
0.000423897
0.000401801
0.000355073
0.000274773
0.000437851
0.000437775
0.000437652
0.000437315
0.000436251
0.000433017
0.000424047
0.000401943
0.0003552
0.000274874
0.000438043
0.000437988
0.000437872
0.000437538
0.000436474
0.00043324
0.000424265
0.000402151
0.000355386
0.000275023
0.000119232
0.000119204
0.000119158
0.000119036
0.000118666
0.000117596
0.000114773
0.000108193
9.50761e-05
7.38003e-05
0.000119212
0.000119184
0.000119138
0.000119016
0.000118648
0.000117578
0.000114756
0.000108177
9.50638e-05
7.37918e-05
0.0001192
0.000119172
0.000119126
0.000119004
0.000118636
0.000117566
0.000114745
0.000108168
9.50561e-05
7.37864e-05
0.000119193
0.000119166
0.00011912
0.000118998
0.00011863
0.00011756
0.00011474
0.000108163
9.50525e-05
7.37839e-05
0.000119193
0.000119165
0.00011912
0.000118998
0.00011863
0.000117561
0.00011474
0.000108164
9.50533e-05
7.37847e-05
0.0001192
0.000119172
0.000119127
0.000119005
0.000118637
0.000117568
0.000114747
0.00010817
9.50594e-05
7.37897e-05
0.000119215
0.000119188
0.000119143
0.000119022
0.000118653
0.000117584
0.000114764
0.000108186
9.50731e-05
7.38005e-05
0.000119243
0.000119216
0.000119172
0.000119051
0.000118683
0.000117614
0.000114793
0.000108213
9.50974e-05
7.38198e-05
0.000119286
0.000119261
0.000119218
0.000119099
0.000118731
0.000117661
0.000114839
0.000108257
9.51362e-05
7.38507e-05
0.000119346
0.000119328
0.000119287
0.000119168
0.0001188
0.00011773
0.000114906
0.000108321
9.51932e-05
7.38962e-05
3.09969e-05
3.09886e-05
3.09738e-05
3.09341e-05
3.08175e-05
3.04922e-05
2.96704e-05
2.78422e-05
2.43699e-05
1.89834e-05
3.09916e-05
3.09832e-05
3.09684e-05
3.09288e-05
3.08123e-05
3.04871e-05
2.96657e-05
2.7838e-05
2.43666e-05
1.8981e-05
3.09881e-05
3.09798e-05
3.0965e-05
3.09254e-05
3.0809e-05
3.04839e-05
2.96627e-05
2.78354e-05
2.43644e-05
1.89795e-05
3.09864e-05
3.09781e-05
3.09633e-05
3.09238e-05
3.08073e-05
3.04823e-05
2.96612e-05
2.78341e-05
2.43635e-05
1.89789e-05
3.09864e-05
3.09781e-05
3.09634e-05
3.09238e-05
3.08074e-05
3.04825e-05
2.96614e-05
2.78344e-05
2.43638e-05
1.89792e-05
3.09883e-05
3.09801e-05
3.09654e-05
3.0926e-05
3.08096e-05
3.04846e-05
2.96635e-05
2.78364e-05
2.43656e-05
1.89806e-05
3.09929e-05
3.09848e-05
3.09702e-05
3.09308e-05
3.08145e-05
3.04895e-05
2.96683e-05
2.78409e-05
2.43696e-05
1.89838e-05
3.10011e-05
3.09931e-05
3.09788e-05
3.09396e-05
3.08233e-05
3.04982e-05
2.96768e-05
2.78489e-05
2.43766e-05
1.89894e-05
3.10138e-05
3.10065e-05
3.09925e-05
3.09535e-05
3.08372e-05
3.05121e-05
2.96904e-05
2.78617e-05
2.43879e-05
1.89984e-05
3.10316e-05
3.1026e-05
3.10127e-05
3.09738e-05
3.08576e-05
3.05323e-05
2.97101e-05
2.78803e-05
2.44044e-05
1.90116e-05
7.7052e-06
7.70283e-06
7.69838e-06
7.68647e-06
7.65236e-06
7.56042e-06
7.33684e-06
6.859e-06
5.98772e-06
4.68606e-06
7.70378e-06
7.70141e-06
7.69698e-06
7.68507e-06
7.65098e-06
7.55908e-06
7.33559e-06
6.8579e-06
5.98684e-06
4.68544e-06
7.70287e-06
7.70051e-06
7.69608e-06
7.68418e-06
7.65011e-06
7.55824e-06
7.3348e-06
6.85721e-06
5.98629e-06
4.68504e-06
7.70242e-06
7.70006e-06
7.69564e-06
7.68375e-06
7.64969e-06
7.55784e-06
7.33444e-06
6.8569e-06
5.98604e-06
4.68488e-06
7.70244e-06
7.70009e-06
7.69567e-06
7.68379e-06
7.64974e-06
7.5579e-06
7.33451e-06
6.85698e-06
5.98613e-06
4.68496e-06
7.703e-06
7.70066e-06
7.69626e-06
7.68439e-06
7.65035e-06
7.55851e-06
7.33511e-06
6.85755e-06
5.98664e-06
4.68537e-06
7.7043e-06
7.70198e-06
7.6976e-06
7.68576e-06
7.65172e-06
7.55988e-06
7.33644e-06
6.8588e-06
5.98775e-06
4.68626e-06
7.70658e-06
7.70432e-06
7.70001e-06
7.6882e-06
7.65417e-06
7.56231e-06
7.33881e-06
6.86103e-06
5.9897e-06
4.68782e-06
7.71015e-06
7.70805e-06
7.70384e-06
7.69208e-06
7.65807e-06
7.56617e-06
7.34257e-06
6.86456e-06
5.99282e-06
4.69032e-06
7.71514e-06
7.71352e-06
7.70947e-06
7.69776e-06
7.66375e-06
7.5718e-06
7.34804e-06
6.86971e-06
5.99738e-06
4.69398e-06
1.83473e-06
1.83409e-06
1.83284e-06
1.8295e-06
1.82018e-06
1.79584e-06
1.73862e-06
1.62084e-06
1.41536e-06
1.1304e-06
1.83437e-06
1.83373e-06
1.83248e-06
1.82915e-06
1.81984e-06
1.7955e-06
1.73831e-06
1.62056e-06
1.41513e-06
1.13023e-06
1.83414e-06
1.83351e-06
1.83226e-06
1.82893e-06
1.81962e-06
1.79529e-06
1.73811e-06
1.62039e-06
1.415e-06
1.13013e-06
1.83403e-06
1.8334e-06
1.83215e-06
1.82882e-06
1.81951e-06
1.79519e-06
1.73803e-06
1.62032e-06
1.41494e-06
1.13009e-06
1.83404e-06
1.83341e-06
1.83216e-06
1.82884e-06
1.81953e-06
1.79521e-06
1.73805e-06
1.62034e-06
1.41496e-06
1.13012e-06
1.83419e-06
1.83356e-06
1.83232e-06
1.829e-06
1.8197e-06
1.79538e-06
1.73821e-06
1.62049e-06
1.4151e-06
1.13023e-06
1.83454e-06
1.83392e-06
1.83268e-06
1.82936e-06
1.82006e-06
1.79574e-06
1.73856e-06
1.62083e-06
1.41539e-06
1.13047e-06
1.83515e-06
1.83454e-06
1.83332e-06
1.83001e-06
1.82071e-06
1.79639e-06
1.73919e-06
1.62141e-06
1.41591e-06
1.13089e-06
1.8361e-06
1.83553e-06
1.83434e-06
1.83104e-06
1.82175e-06
1.79741e-06
1.74019e-06
1.62235e-06
1.41673e-06
1.13157e-06
1.83744e-06
1.83699e-06
1.83584e-06
1.83255e-06
1.82326e-06
1.7989e-06
1.74163e-06
1.6237e-06
1.41794e-06
1.13255e-06
0.0324154
0.00951451
0.00273273
0.000803189
0.000400038
0.000821841
0.00289137
0.0103908
0.0363128
0.123745
0.0324134
0.00951386
0.00273251
0.000803096
0.000399922
0.000821513
0.00289034
0.0103877
0.0363039
0.123721
0.032412
0.00951343
0.00273237
0.000803041
0.000399857
0.000821333
0.00288979
0.0103861
0.0362993
0.123708
0.0324113
0.00951322
0.00273231
0.000803017
0.000399826
0.000821247
0.00288953
0.0103853
0.0362972
0.123703
0.0324113
0.00951324
0.00273232
0.00080302
0.000399821
0.000821223
0.00288946
0.0103851
0.0362966
0.123701
0.0324122
0.00951357
0.00273244
0.000803058
0.000399837
0.000821246
0.00288953
0.0103853
0.0362974
0.123703
0.0324143
0.0095143
0.00273268
0.000803143
0.000399878
0.000821313
0.00288974
0.010386
0.0362995
0.12371
0.0324181
0.00951561
0.00273312
0.000803291
0.000399948
0.000821423
0.00289008
0.0103872
0.0363032
0.123721
0.0324241
0.00951768
0.00273381
0.000803519
0.000400048
0.000821564
0.00289052
0.0103886
0.0363081
0.123737
0.0324327
0.00952059
0.00273477
0.000803831
0.000400171
0.000821702
0.00289092
0.01039
0.0363129
0.123753
0.0149554
0.0053299
0.00172159
0.000549336
0.000291342
0.000588739
0.00196279
0.00653696
0.0203315
0.0570698
0.0149544
0.00532952
0.00172145
0.000549272
0.000291258
0.000588508
0.0019621
0.00653504
0.0203266
0.0570588
0.0149538
0.00532927
0.00172136
0.000549233
0.00029121
0.000588378
0.00196172
0.00653398
0.0203239
0.0570527
0.0149534
0.00532915
0.00172132
0.000549216
0.000291187
0.000588315
0.00196154
0.00653347
0.0203226
0.0570497
0.0149535
0.00532917
0.00172133
0.000549219
0.000291183
0.000588297
0.00196148
0.00653333
0.0203223
0.0570489
0.0149539
0.00532937
0.00172141
0.000549247
0.000291196
0.000588314
0.00196153
0.00653349
0.0203227
0.0570501
0.014955
0.00532983
0.00172158
0.000549308
0.000291227
0.000588365
0.00196169
0.00653395
0.0203241
0.0570534
0.014957
0.00533065
0.00172188
0.000549417
0.000291282
0.000588451
0.00196194
0.00653474
0.0203263
0.0570593
0.0149603
0.00533196
0.00172237
0.00054959
0.000291363
0.000588568
0.00196229
0.00653583
0.0203295
0.0570679
0.0149651
0.00533392
0.00172309
0.000549841
0.000291473
0.00058871
0.0019627
0.00653715
0.0203335
0.0570791
0.0056206
0.00231302
0.000833658
0.000291422
0.000166876
0.000329857
0.00103015
0.00315939
0.00881863
0.0214421
0.00562019
0.00231284
0.000833588
0.000291387
0.000166827
0.000329728
0.00102979
0.00315846
0.00881649
0.0214379
0.00561991
0.00231273
0.000833543
0.000291365
0.000166799
0.000329653
0.00102959
0.00315792
0.00881525
0.0214354
0.00561977
0.00231267
0.000833523
0.000291355
0.000166785
0.000329616
0.00102948
0.00315766
0.00881463
0.0214341
0.00561979
0.00231269
0.00083353
0.000291357
0.000166782
0.000329606
0.00102945
0.00315759
0.00881447
0.0214338
0.00562001
0.00231279
0.000833572
0.000291374
0.00016679
0.000329616
0.00102948
0.00315767
0.0088147
0.0214343
0.00562049
0.00231301
0.000833665
0.00029141
0.00016681
0.000329647
0.00102957
0.00315792
0.00881534
0.0214357
0.00562137
0.00231342
0.00083383
0.000291474
0.000166844
0.000329701
0.00102972
0.00315835
0.00881647
0.0214383
0.00562279
0.00231407
0.000834095
0.000291576
0.000166896
0.000329777
0.00102994
0.00315897
0.00881813
0.0214422
0.00562493
0.00231506
0.000834493
0.000291727
0.000166969
0.000329877
0.00103021
0.0031598
0.00882038
0.0214477
0.00189323
0.000863495
0.00034057
0.000129482
7.9798e-05
0.000154168
0.000452114
0.00128771
0.00329025
0.0072205
0.00189308
0.000863424
0.00034054
0.000129465
7.97742e-05
0.000154107
0.000451954
0.00128732
0.00328944
0.00721903
0.00189298
0.000863378
0.000340521
0.000129455
7.976e-05
0.000154072
0.00045186
0.00128709
0.00328894
0.00721811
0.00189293
0.000863357
0.000340512
0.00012945
7.9753e-05
0.000154054
0.000451812
0.00128698
0.00328869
0.00721764
0.00189294
0.000863364
0.000340516
0.000129451
7.97518e-05
0.000154048
0.000451798
0.00128695
0.00328863
0.00721752
0.00189302
0.000863408
0.000340536
0.000129459
7.97559e-05
0.000154054
0.000451813
0.00128699
0.00328873
0.00721773
0.00189322
0.000863504
0.000340578
0.000129477
7.97662e-05
0.00015407
0.000451856
0.0012871
0.003289
0.00721829
0.00189356
0.000863678
0.000340654
0.000129509
7.97843e-05
0.000154098
0.00045193
0.0012873
0.00328948
0.00721931
0.00189412
0.000863958
0.000340777
0.000129559
7.98122e-05
0.00015414
0.00045204
0.0012876
0.00329022
0.00722088
0.00189495
0.000864378
0.00034096
0.000129634
7.98518e-05
0.000154196
0.000452189
0.00128801
0.00329126
0.00722315
0.000590139
0.00029013
0.000123077
5.03797e-05
3.31506e-05
6.26636e-05
0.000173634
0.000464125
0.00110478
0.00225002
0.000590086
0.000290105
0.000123065
5.03727e-05
3.31404e-05
6.26386e-05
0.000173572
0.000463983
0.0011045
0.00224954
0.000590051
0.000290088
0.000123058
5.03684e-05
3.31343e-05
6.26236e-05
0.000173534
0.000463896
0.00110432
0.00224923
0.000590035
0.000290081
0.000123055
5.03664e-05
3.31312e-05
6.26159e-05
0.000173514
0.000463852
0.00110423
0.00224907
0.00059004
0.000290084
0.000123057
5.0367e-05
3.31307e-05
6.26137e-05
0.000173509
0.00046384
0.00110421
0.00224903
0.000590071
0.000290101
0.000123065
5.03705e-05
3.31326e-05
6.26163e-05
0.000173515
0.000463856
0.00110425
0.00224911
0.000590141
0.000290138
0.000123082
5.03782e-05
3.31373e-05
6.26236e-05
0.000173534
0.000463902
0.00110435
0.00224931
0.000590265
0.000290204
0.000123113
5.03919e-05
3.31457e-05
6.26365e-05
0.000173566
0.000463984
0.00110454
0.00224968
0.000590465
0.000290312
0.000123163
5.04138e-05
3.31586e-05
6.26559e-05
0.000173615
0.00046411
0.00110483
0.00225026
0.000590763
0.000290472
0.000123237
5.04462e-05
3.31772e-05
6.26827e-05
0.000173683
0.000464288
0.00110525
0.00225111
0.00017266
8.9798e-05
4.04178e-05
1.76418e-05
1.22882e-05
2.27643e-05
6.00011e-05
0.000151969
0.000341686
0.000658078
0.000172642
8.97894e-05
4.04136e-05
1.76392e-05
1.22843e-05
2.2755e-05
5.99789e-05
0.000151921
0.000341595
0.00065793
0.000172632
8.97839e-05
4.04111e-05
1.76375e-05
1.22819e-05
2.27494e-05
5.99653e-05
0.000151891
0.000341537
0.000657834
0.000172627
8.97816e-05
4.041e-05
1.76368e-05
1.22807e-05
2.27465e-05
5.99582e-05
0.000151876
0.000341507
0.000657783
0.000172629
8.97828e-05
4.04107e-05
1.7637e-05
1.22805e-05
2.27457e-05
5.99563e-05
0.000151871
0.000341499
0.000657771
0.000172639
8.97889e-05
4.04137e-05
1.76384e-05
1.22813e-05
2.27467e-05
5.99587e-05
0.000151878
0.000341513
0.000657796
0.000172663
8.9802e-05
4.04201e-05
1.76414e-05
1.22833e-05
2.27497e-05
5.99659e-05
0.000151895
0.00034155
0.000657865
0.000172704
8.98253e-05
4.04315e-05
1.76468e-05
1.22867e-05
2.27549e-05
5.99786e-05
0.000151925
0.000341616
0.00065799
0.000172771
8.98629e-05
4.04499e-05
1.76553e-05
1.2292e-05
2.2763e-05
5.99981e-05
0.000151973
0.00034172
0.000658187
0.000172871
8.99188e-05
4.04773e-05
1.76679e-05
1.22997e-05
2.27743e-05
6.00257e-05
0.000152041
0.000341872
0.00065848
4.77787e-05
2.59506e-05
1.22637e-05
5.66031e-06
4.14045e-06
7.53064e-06
1.89986e-05
4.59653e-05
9.86615e-05
0.000182037
4.77736e-05
2.5948e-05
1.22624e-05
5.6594e-06
4.13908e-06
7.5275e-06
1.89914e-05
4.59503e-05
9.86341e-05
0.000181994
4.77704e-05
2.59463e-05
1.22616e-05
5.65884e-06
4.13824e-06
7.52557e-06
1.89869e-05
4.59409e-05
9.86165e-05
0.000181966
4.7769e-05
2.59456e-05
1.22612e-05
5.6586e-06
4.13782e-06
7.52456e-06
1.89846e-05
4.59359e-05
9.86073e-05
0.000181951
4.77696e-05
2.5946e-05
1.22615e-05
5.65868e-06
4.13776e-06
7.52429e-06
1.89839e-05
4.59346e-05
9.8605e-05
0.000181947
4.7773e-05
2.5948e-05
1.22625e-05
5.65918e-06
4.13805e-06
7.52468e-06
1.89848e-05
4.59367e-05
9.86094e-05
0.000181956
4.77804e-05
2.59523e-05
1.22647e-05
5.66025e-06
4.13877e-06
7.52577e-06
1.89873e-05
4.59426e-05
9.86215e-05
0.000181977
4.77935e-05
2.59599e-05
1.22686e-05
5.66215e-06
4.14005e-06
7.52773e-06
1.89919e-05
4.59531e-05
9.86435e-05
0.000182017
4.78145e-05
2.59722e-05
1.22748e-05
5.66517e-06
4.14206e-06
7.53075e-06
1.89989e-05
4.59696e-05
9.86781e-05
0.00018208
4.78456e-05
2.59903e-05
1.2284e-05
5.66963e-06
4.14495e-06
7.53505e-06
1.9009e-05
4.59935e-05
9.87288e-05
0.000182174
1.25692e-05
7.06622e-06
3.47844e-06
1.68585e-06
1.28628e-06
2.30073e-06
5.58549e-06
1.29937e-05
2.68404e-05
4.78692e-05
1.25677e-05
7.06543e-06
3.47803e-06
1.68556e-06
1.28584e-06
2.29975e-06
5.5833e-06
1.29893e-05
2.68326e-05
4.78572e-05
1.25668e-05
7.06495e-06
3.47778e-06
1.68538e-06
1.28557e-06
2.29913e-06
5.58193e-06
1.29865e-05
2.68275e-05
4.78493e-05
1.25664e-05
7.06475e-06
3.47768e-06
1.6853e-06
1.28543e-06
2.29881e-06
5.58121e-06
1.29851e-05
2.68249e-05
4.78451e-05
1.25667e-05
7.0649e-06
3.47777e-06
1.68533e-06
1.28541e-06
2.29873e-06
5.58101e-06
1.29847e-05
2.68243e-05
4.78442e-05
1.25677e-05
7.06552e-06
3.4781e-06
1.68549e-06
1.28551e-06
2.29886e-06
5.58131e-06
1.29854e-05
2.68256e-05
4.78466e-05
1.25699e-05
7.06684e-06
3.47879e-06
1.68585e-06
1.28576e-06
2.29924e-06
5.58214e-06
1.29872e-05
2.68294e-05
4.78532e-05
1.25738e-05
7.06916e-06
3.48002e-06
1.68647e-06
1.2862e-06
2.2999e-06
5.58365e-06
1.29906e-05
2.68361e-05
4.7865e-05
1.258e-05
7.07289e-06
3.48198e-06
1.68747e-06
1.28689e-06
2.30095e-06
5.586e-06
1.29959e-05
2.68469e-05
4.78841e-05
1.25892e-05
7.07839e-06
3.48488e-06
1.68893e-06
1.28788e-06
2.30244e-06
5.58938e-06
1.30036e-05
2.68627e-05
4.79123e-05
3.17508e-06
1.84083e-06
9.39659e-07
4.76092e-07
3.77115e-07
6.64083e-07
1.55695e-06
3.49744e-06
6.98506e-06
1.20866e-05
3.17468e-06
1.84061e-06
9.3954e-07
4.76003e-07
3.7698e-07
6.6379e-07
1.55632e-06
3.4962e-06
6.98293e-06
1.20834e-05
3.17444e-06
1.84048e-06
9.39468e-07
4.75949e-07
3.76896e-07
6.63607e-07
1.55592e-06
3.49542e-06
6.98156e-06
1.20813e-05
3.17434e-06
1.84043e-06
9.39441e-07
4.75926e-07
3.76854e-07
6.63511e-07
1.55571e-06
3.495e-06
6.98082e-06
1.20802e-05
3.17441e-06
1.84048e-06
9.39468e-07
4.75936e-07
3.76849e-07
6.63487e-07
1.55566e-06
3.4949e-06
6.98066e-06
1.208e-05
3.1747e-06
1.84066e-06
9.39568e-07
4.75988e-07
3.76882e-07
6.63531e-07
1.55575e-06
3.4951e-06
6.98108e-06
1.20807e-05
3.17533e-06
1.84104e-06
9.39777e-07
4.76098e-07
3.76962e-07
6.6365e-07
1.55601e-06
3.49567e-06
6.98217e-06
1.20825e-05
3.17643e-06
1.84172e-06
9.40145e-07
4.76293e-07
3.77104e-07
6.63866e-07
1.55648e-06
3.49669e-06
6.98417e-06
1.20859e-05
3.1782e-06
1.8428e-06
9.40733e-07
4.76602e-07
3.77328e-07
6.64204e-07
1.55722e-06
3.49831e-06
6.98734e-06
1.20914e-05
3.18078e-06
1.84439e-06
9.41596e-07
4.77054e-07
3.77651e-07
6.64687e-07
1.55829e-06
3.50065e-06
6.992e-06
1.20995e-05
8.85641e-07
5.4313e-07
2.89141e-07
1.53348e-07
1.25965e-07
2.18363e-07
4.94495e-07
1.07169e-06
2.05834e-06
3.36949e-06
8.85529e-07
5.43066e-07
2.89105e-07
1.5332e-07
1.2592e-07
2.18266e-07
4.94293e-07
1.0713e-06
2.0577e-06
3.3686e-06
8.85458e-07
5.43025e-07
2.89082e-07
1.53301e-07
1.25891e-07
2.18204e-07
4.94161e-07
1.07105e-06
2.05728e-06
3.36798e-06
8.8543e-07
5.4301e-07
2.89074e-07
1.53294e-07
1.25877e-07
2.18171e-07
4.94091e-07
1.07092e-06
2.05705e-06
3.36765e-06
8.85454e-07
5.43027e-07
2.89083e-07
1.53297e-07
1.25875e-07
2.18163e-07
4.94074e-07
1.07089e-06
2.05701e-06
3.36759e-06
8.85548e-07
5.43088e-07
2.89118e-07
1.53316e-07
1.25888e-07
2.1818e-07
4.94108e-07
1.07096e-06
2.05715e-06
3.36782e-06
8.85745e-07
5.43215e-07
2.8919e-07
1.53356e-07
1.25917e-07
2.18224e-07
4.94202e-07
1.07116e-06
2.05751e-06
3.36841e-06
8.86091e-07
5.43439e-07
2.89317e-07
1.53425e-07
1.2597e-07
2.18304e-07
4.9437e-07
1.07151e-06
2.05818e-06
3.36949e-06
8.8664e-07
5.43794e-07
2.89517e-07
1.53534e-07
1.26052e-07
2.18427e-07
4.94634e-07
1.07207e-06
2.05923e-06
3.37121e-06
8.87425e-07
5.44301e-07
2.89802e-07
1.5369e-07
1.26167e-07
2.18599e-07
4.95002e-07
1.07285e-06
2.06074e-06
3.37369e-06
0.415479
0.486782
0.505156
0.510004
0.511286
0.51163
0.511739
0.511802
0.511869
0.511938
0.415417
0.486711
0.505083
0.50993
0.511213
0.511557
0.511666
0.511731
0.511802
0.511886
0.415386
0.486675
0.505046
0.509893
0.511175
0.51152
0.51163
0.511696
0.511771
0.51186
0.41537
0.486657
0.505027
0.509874
0.511157
0.511502
0.511612
0.51168
0.511757
0.511847
0.415366
0.486652
0.505022
0.50987
0.511153
0.511498
0.511609
0.511677
0.511755
0.511846
0.415372
0.48666
0.505031
0.509879
0.511162
0.511507
0.511619
0.511688
0.511766
0.511857
0.415391
0.486683
0.505055
0.509904
0.511188
0.511534
0.511646
0.511715
0.511793
0.511885
0.415424
0.486724
0.5051
0.509951
0.511236
0.511582
0.511694
0.511763
0.511842
0.511933
0.415474
0.486787
0.505169
0.510022
0.511308
0.511655
0.511767
0.511837
0.511915
0.512007
0.415533
0.486865
0.505254
0.51011
0.511398
0.511745
0.511857
0.511927
0.512006
0.512098
0.132691
0.165743
0.177122
0.180647
0.181669
0.181955
0.182039
0.182075
0.182106
0.182142
0.132671
0.165719
0.177098
0.180622
0.181644
0.18193
0.182014
0.182051
0.182084
0.182125
0.13266
0.165705
0.177082
0.180606
0.181629
0.181914
0.181999
0.182037
0.182071
0.182114
0.132654
0.165697
0.177075
0.180599
0.181621
0.181907
0.181992
0.18203
0.182065
0.182109
0.132652
0.165696
0.177073
0.180597
0.181619
0.181905
0.18199
0.182029
0.182064
0.182108
0.132655
0.165699
0.177076
0.180601
0.181623
0.18191
0.181995
0.182034
0.182069
0.182113
0.132662
0.165708
0.177087
0.180612
0.181634
0.181921
0.182006
0.182045
0.182081
0.182125
0.132675
0.165725
0.177105
0.180631
0.181654
0.181941
0.182026
0.182065
0.182101
0.182145
0.132694
0.16575
0.177134
0.180661
0.181685
0.181972
0.182057
0.182097
0.182132
0.182177
0.132721
0.165786
0.177174
0.180703
0.181728
0.182015
0.182101
0.18214
0.182176
0.18222
0.0417782
0.0535536
0.0585224
0.0603005
0.0608726
0.0610442
0.0610956
0.0611151
0.0611289
0.0611445
0.0417716
0.0535457
0.058514
0.0602918
0.060864
0.0610356
0.061087
0.0611068
0.0611214
0.0611391
0.0417674
0.0535406
0.0585084
0.0602861
0.0608582
0.0610299
0.0610815
0.0611016
0.0611166
0.0611351
0.0417652
0.0535379
0.0585055
0.0602832
0.0608553
0.061027
0.0610787
0.0610989
0.0611143
0.061133
0.0417647
0.0535372
0.0585048
0.0602825
0.0608547
0.0610264
0.0610782
0.0610985
0.061114
0.0611329
0.0417656
0.0535385
0.0585063
0.0602841
0.0608563
0.0610282
0.06108
0.0611004
0.0611159
0.0611348
0.0417683
0.053542
0.0585103
0.0602884
0.0608607
0.0610326
0.0610845
0.0611049
0.0611205
0.0611394
0.0417731
0.0535484
0.0585176
0.0602961
0.0608686
0.0610406
0.0610925
0.061113
0.0611286
0.0611476
0.0417806
0.0535584
0.058529
0.0603081
0.0608809
0.061053
0.061105
0.0611255
0.0611412
0.0611601
0.0417914
0.0535732
0.0585457
0.0603257
0.0608989
0.0610712
0.0611232
0.0611437
0.0611594
0.0611785
0.0127401
0.0164759
0.0182946
0.019025
0.0192827
0.0193656
0.0193914
0.0194008
0.0194066
0.0194128
0.0127379
0.0164733
0.0182918
0.0190222
0.0192798
0.0193628
0.0193886
0.0193981
0.0194042
0.0194111
0.0127365
0.0164716
0.0182899
0.0190202
0.0192778
0.0193608
0.0193867
0.0193963
0.0194025
0.0194098
0.0127358
0.0164706
0.0182889
0.0190192
0.0192768
0.0193598
0.0193857
0.0193954
0.0194017
0.0194091
0.0127356
0.0164704
0.0182887
0.019019
0.0192766
0.0193596
0.0193856
0.0193952
0.0194016
0.019409
0.0127359
0.0164709
0.0182892
0.0190196
0.0192772
0.0193603
0.0193862
0.0193959
0.0194024
0.0194097
0.0127369
0.0164722
0.0182907
0.0190211
0.0192789
0.0193619
0.0193879
0.0193976
0.0194041
0.0194115
0.0127386
0.0164745
0.0182933
0.019024
0.0192818
0.0193649
0.0193909
0.0194006
0.0194071
0.0194145
0.0127414
0.0164782
0.0182976
0.0190285
0.0192864
0.0193696
0.0193956
0.0194053
0.0194118
0.0194192
0.0127455
0.0164837
0.0183039
0.0190352
0.0192933
0.0193765
0.0194026
0.0194123
0.0194188
0.0194263
0.00373283
0.00483397
0.00542825
0.00568982
0.00578954
0.00582378
0.00583491
0.00583892
0.0058412
0.00584349
0.00373215
0.00483316
0.00542737
0.00568892
0.00578863
0.00582286
0.00583401
0.00583805
0.00584042
0.00584297
0.0037317
0.00483261
0.00542677
0.0056883
0.005788
0.00582224
0.0058334
0.00583747
0.0058399
0.00584253
0.00373146
0.00483231
0.00542644
0.00568796
0.00578766
0.00582191
0.00583308
0.00583717
0.00583964
0.0058423
0.0037314
0.00483225
0.00542638
0.00568789
0.0057876
0.00582185
0.00583303
0.00583713
0.00583962
0.00584229
0.00373152
0.00483241
0.00542657
0.0056881
0.00578782
0.00582208
0.00583327
0.00583738
0.00583987
0.00584255
0.00373186
0.00483285
0.00542708
0.00568865
0.00578838
0.00582265
0.00583385
0.00583797
0.00584046
0.00584315
0.00373246
0.00483364
0.005428
0.00568964
0.00578941
0.00582369
0.0058349
0.00583902
0.00584152
0.00584421
0.00373341
0.00483492
0.00542948
0.00569122
0.00579104
0.00582535
0.00583656
0.00584069
0.00584319
0.00584589
0.00373485
0.00483684
0.0054317
0.0056936
0.00579348
0.00582782
0.00583904
0.00584317
0.00584569
0.0058484
0.00104755
0.00135412
0.00153267
0.00161722
0.00165163
0.00166413
0.00166838
0.00166992
0.00167075
0.00167154
0.00104735
0.00135387
0.00153241
0.00161695
0.00165135
0.00166385
0.0016681
0.00166965
0.00167051
0.00167138
0.00104721
0.00135371
0.00153222
0.00161676
0.00165116
0.00166366
0.00166792
0.00166948
0.00167036
0.00167125
0.00104714
0.00135362
0.00153212
0.00161665
0.00165106
0.00166356
0.00166782
0.00166939
0.00167028
0.00167118
0.00104712
0.0013536
0.0015321
0.00161664
0.00165104
0.00166354
0.00166781
0.00166938
0.00167027
0.00167118
0.00104716
0.00135365
0.00153217
0.00161671
0.00165111
0.00166362
0.00166789
0.00166946
0.00167036
0.00167127
0.00104727
0.0013538
0.00153233
0.00161688
0.0016513
0.00166381
0.00166808
0.00166965
0.00167055
0.00167146
0.00104747
0.00135405
0.00153264
0.00161721
0.00165164
0.00166415
0.00166842
0.00167
0.0016709
0.00167181
0.00104778
0.00135447
0.00153312
0.00161773
0.00165218
0.0016647
0.00166897
0.00167055
0.00167146
0.00167237
0.00104825
0.0013551
0.00153385
0.00161852
0.00165299
0.00166552
0.0016698
0.00167138
0.00167228
0.00167321
0.000281349
0.000362582
0.000412702
0.00043788
0.000448706
0.000452838
0.0004543
0.00045484
0.000455122
0.000455376
0.000281291
0.000362513
0.000412627
0.000437801
0.000448626
0.000452758
0.000454221
0.000454764
0.000455055
0.000455333
0.000281252
0.000362466
0.000412575
0.000437746
0.000448571
0.000452703
0.000454168
0.000454714
0.000455009
0.000455295
0.000281231
0.00036244
0.000412546
0.000437717
0.000448541
0.000452674
0.00045414
0.000454687
0.000454986
0.000455275
0.000281226
0.000362435
0.000412541
0.000437712
0.000448536
0.00045267
0.000454137
0.000454685
0.000454986
0.000455276
0.000281239
0.000362452
0.000412561
0.000437734
0.00044856
0.000452694
0.000454161
0.000454711
0.000455012
0.000455303
0.000281272
0.000362495
0.000412612
0.000437789
0.000448617
0.000452753
0.000454221
0.000454771
0.000455073
0.000455364
0.000281333
0.000362575
0.000412705
0.00043789
0.000448722
0.000452859
0.000454329
0.000454879
0.000455181
0.000455473
0.000281431
0.000362704
0.000412856
0.000438053
0.000448891
0.000453031
0.000454502
0.000455053
0.000455356
0.000455648
0.000281578
0.000362898
0.000413082
0.000438297
0.000449144
0.000453287
0.000454759
0.000455311
0.000455615
0.000455909
7.23511e-05
9.29184e-05
0.000106188
0.000113184
0.000116336
0.000117592
0.000118053
0.000118227
0.000118316
0.000118393
7.23351e-05
9.28995e-05
0.000106167
0.000113162
0.000116314
0.00011757
0.000118031
0.000118206
0.000118298
0.000118382
7.23244e-05
9.28865e-05
0.000106153
0.000113147
0.000116299
0.000117555
0.000118017
0.000118192
0.000118285
0.000118372
7.23186e-05
9.28795e-05
0.000106145
0.000113139
0.00011629
0.000117547
0.000118009
0.000118185
0.000118279
0.000118366
7.23174e-05
9.28783e-05
0.000106144
0.000113138
0.000116289
0.000117546
0.000118008
0.000118185
0.000118279
0.000118367
7.23212e-05
9.28833e-05
0.00010615
0.000113144
0.000116296
0.000117553
0.000118016
0.000118192
0.000118287
0.000118375
7.2331e-05
9.28961e-05
0.000106165
0.000113161
0.000116313
0.00011757
0.000118033
0.00011821
0.000118305
0.000118393
7.2349e-05
9.29195e-05
0.000106192
0.00011319
0.000116344
0.000117602
0.000118065
0.000118242
0.000118337
0.000118425
7.23779e-05
9.29573e-05
0.000106236
0.000113238
0.000116394
0.000117653
0.000118116
0.000118294
0.000118389
0.000118477
7.2421e-05
9.30139e-05
0.000106302
0.00011331
0.000116468
0.000117728
0.000118192
0.00011837
0.000118465
0.000118554
1.78546e-05
2.28251e-05
2.61552e-05
2.7984e-05
2.88418e-05
2.91969e-05
2.93318e-05
2.93838e-05
2.94102e-05
2.94324e-05
1.78505e-05
2.28202e-05
2.61498e-05
2.79783e-05
2.88361e-05
2.91911e-05
2.93261e-05
2.93783e-05
2.94054e-05
2.94294e-05
1.78476e-05
2.28168e-05
2.61461e-05
2.79744e-05
2.88321e-05
2.91872e-05
2.93223e-05
2.93747e-05
2.94022e-05
2.94268e-05
1.78461e-05
2.2815e-05
2.6144e-05
2.79723e-05
2.883e-05
2.91851e-05
2.93203e-05
2.93729e-05
2.94006e-05
2.94254e-05
1.78458e-05
2.28147e-05
2.61438e-05
2.79721e-05
2.88298e-05
2.91849e-05
2.93202e-05
2.93729e-05
2.94007e-05
2.94256e-05
1.78469e-05
2.28161e-05
2.61454e-05
2.7974e-05
2.88317e-05
2.9187e-05
2.93223e-05
2.9375e-05
2.94029e-05
2.94279e-05
1.78497e-05
2.28197e-05
2.61496e-05
2.79785e-05
2.88365e-05
2.91919e-05
2.93272e-05
2.938e-05
2.94079e-05
2.94329e-05
1.78547e-05
2.28262e-05
2.61572e-05
2.79868e-05
2.88452e-05
2.92007e-05
2.93361e-05
2.9389e-05
2.94169e-05
2.9442e-05
1.78628e-05
2.28367e-05
2.61695e-05
2.80002e-05
2.88591e-05
2.92149e-05
2.93505e-05
2.94034e-05
2.94314e-05
2.94565e-05
1.78749e-05
2.28525e-05
2.61879e-05
2.80201e-05
2.88799e-05
2.9236e-05
2.93718e-05
2.94248e-05
2.94528e-05
2.94781e-05
4.30553e-06
5.39402e-06
6.17953e-06
6.63044e-06
6.85002e-06
6.94408e-06
6.98095e-06
6.99548e-06
7.00286e-06
7.00891e-06
4.30447e-06
5.39278e-06
6.17818e-06
6.62903e-06
6.84859e-06
6.94265e-06
6.97953e-06
6.99412e-06
7.00165e-06
7.00817e-06
4.30375e-06
5.39194e-06
6.17726e-06
6.62806e-06
6.8476e-06
6.94166e-06
6.97858e-06
6.99322e-06
7.00085e-06
7.00753e-06
4.30337e-06
5.39149e-06
6.17676e-06
6.62754e-06
6.84708e-06
6.94115e-06
6.97808e-06
6.99276e-06
7.00045e-06
7.00718e-06
4.30331e-06
5.39143e-06
6.17671e-06
6.62749e-06
6.84704e-06
6.94112e-06
6.97807e-06
6.99277e-06
7.0005e-06
7.00725e-06
4.3036e-06
5.39181e-06
6.17716e-06
6.62799e-06
6.84757e-06
6.94167e-06
6.97863e-06
6.99335e-06
7.00109e-06
7.00786e-06
4.30435e-06
5.39276e-06
6.17827e-06
6.62921e-06
6.84884e-06
6.94297e-06
6.97995e-06
6.99468e-06
7.00243e-06
7.00921e-06
4.30572e-06
5.39449e-06
6.18029e-06
6.63141e-06
6.85114e-06
6.94533e-06
6.98233e-06
6.99708e-06
7.00484e-06
7.01162e-06
4.30792e-06
5.39729e-06
6.18355e-06
6.63497e-06
6.85486e-06
6.94912e-06
6.98616e-06
7.00092e-06
7.0087e-06
7.0155e-06
4.3112e-06
5.40146e-06
6.18841e-06
6.64026e-06
6.86038e-06
6.95474e-06
6.99183e-06
7.00662e-06
7.01441e-06
7.02125e-06
366.269
366.268
366.268
366.267
366.267
366.267
366.267
366.268
366.268
366.268
366.268
366.267
366.267
366.266
366.266
366.266
366.266
366.267
366.267
366.267
366.268
366.267
366.266
366.266
366.266
366.266
366.266
366.266
366.267
366.267
366.267
366.266
366.266
366.266
366.265
366.265
366.266
366.266
366.266
366.267
366.267
366.266
366.266
366.265
366.265
366.265
366.265
366.266
366.266
366.267
366.267
366.266
366.266
366.265
366.265
366.265
366.265
366.266
366.266
366.267
366.267
366.266
366.266
366.266
366.265
366.265
366.266
366.266
366.266
366.267
366.268
366.267
366.266
366.266
366.266
366.266
366.266
366.266
366.267
366.267
366.268
366.267
366.267
366.266
366.266
366.266
366.266
366.267
366.267
366.268
366.268
366.267
366.267
366.267
366.267
366.267
366.267
366.267
366.268
366.268
264.348
264.346
264.344
264.343
264.343
264.343
264.344
264.344
264.345
264.346
264.346
264.343
264.342
264.341
264.341
264.341
264.341
264.342
264.343
264.345
264.344
264.342
264.341
264.34
264.34
264.34
264.34
264.341
264.342
264.344
264.343
264.341
264.34
264.339
264.339
264.339
264.339
264.34
264.341
264.343
264.343
264.341
264.34
264.339
264.339
264.339
264.339
264.34
264.341
264.343
264.343
264.341
264.34
264.339
264.339
264.339
264.339
264.34
264.341
264.343
264.344
264.341
264.34
264.339
264.339
264.339
264.34
264.34
264.342
264.343
264.344
264.342
264.341
264.34
264.34
264.34
264.34
264.341
264.342
264.344
264.345
264.343
264.342
264.341
264.341
264.341
264.342
264.342
264.344
264.345
264.346
264.345
264.344
264.343
264.343
264.343
264.343
264.344
264.345
264.347
177.327
177.324
177.323
177.322
177.321
177.321
177.322
177.323
177.324
177.326
177.324
177.322
177.32
177.319
177.318
177.319
177.319
177.32
177.322
177.324
177.323
177.32
177.318
177.317
177.317
177.317
177.317
177.318
177.32
177.323
177.322
177.319
177.317
177.316
177.316
177.316
177.317
177.318
177.319
177.322
177.321
177.318
177.317
177.316
177.315
177.316
177.316
177.317
177.319
177.322
177.321
177.319
177.317
177.316
177.316
177.316
177.316
177.317
177.319
177.322
177.322
177.319
177.317
177.317
177.316
177.316
177.317
177.318
177.32
177.322
177.323
177.32
177.318
177.318
177.317
177.317
177.318
177.319
177.321
177.324
177.324
177.322
177.32
177.319
177.319
177.319
177.32
177.321
177.323
177.325
177.326
177.324
177.323
177.322
177.322
177.322
177.322
177.324
177.325
177.328
110.3
110.297
110.296
110.295
110.294
110.294
110.295
110.296
110.298
110.299
110.297
110.295
110.293
110.292
110.292
110.292
110.292
110.294
110.295
110.298
110.296
110.293
110.292
110.291
110.29
110.29
110.291
110.292
110.294
110.297
110.295
110.292
110.291
110.29
110.289
110.289
110.29
110.291
110.293
110.296
110.294
110.292
110.29
110.289
110.289
110.289
110.29
110.291
110.293
110.296
110.294
110.292
110.29
110.289
110.289
110.289
110.29
110.291
110.293
110.296
110.295
110.292
110.291
110.29
110.29
110.29
110.291
110.292
110.294
110.297
110.296
110.294
110.292
110.291
110.291
110.291
110.292
110.293
110.295
110.298
110.298
110.295
110.294
110.293
110.293
110.293
110.294
110.295
110.297
110.3
110.299
110.298
110.297
110.296
110.296
110.296
110.297
110.298
110.3
110.303
63.5743
63.5723
63.571
63.5703
63.57
63.5701
63.5706
63.5715
63.573
63.5748
63.5723
63.5703
63.569
63.5683
63.568
63.5681
63.5686
63.5696
63.5712
63.5736
63.571
63.569
63.5678
63.567
63.5667
63.5668
63.5674
63.5684
63.5702
63.5727
63.5703
63.5683
63.567
63.5663
63.566
63.5661
63.5667
63.5678
63.5696
63.5722
63.57
63.568
63.5667
63.566
63.5657
63.5659
63.5664
63.5676
63.5694
63.572
63.5701
63.5681
63.5668
63.5661
63.5659
63.566
63.5666
63.5677
63.5696
63.5722
63.5705
63.5686
63.5674
63.5667
63.5664
63.5666
63.5672
63.5684
63.5702
63.5728
63.5715
63.5696
63.5684
63.5678
63.5676
63.5677
63.5684
63.5695
63.5713
63.574
63.5729
63.5712
63.5701
63.5696
63.5694
63.5696
63.5702
63.5713
63.5732
63.5758
63.5748
63.5736
63.5727
63.5721
63.572
63.5722
63.5728
63.574
63.5758
63.5784
33.9754
33.974
33.9732
33.9727
33.9725
33.9726
33.973
33.9737
33.9749
33.9764
33.974
33.9726
33.9718
33.9713
33.9711
33.9712
33.9716
33.9724
33.9737
33.9756
33.9731
33.9717
33.9709
33.9704
33.9702
33.9703
33.9708
33.9716
33.9729
33.9749
33.9726
33.9712
33.9704
33.9699
33.9697
33.9698
33.9703
33.9711
33.9725
33.9746
33.9724
33.971
33.9702
33.9697
33.9695
33.9697
33.9701
33.971
33.9724
33.9745
33.9724
33.9711
33.9703
33.9698
33.9697
33.9698
33.9703
33.9711
33.9726
33.9746
33.9728
33.9715
33.9707
33.9703
33.9701
33.9703
33.9707
33.9716
33.9731
33.9751
33.9736
33.9723
33.9715
33.9711
33.971
33.9711
33.9716
33.9725
33.974
33.976
33.9747
33.9736
33.9729
33.9725
33.9724
33.9726
33.9731
33.974
33.9754
33.9775
33.9763
33.9755
33.9749
33.9745
33.9745
33.9746
33.9751
33.976
33.9775
33.9795
16.8611
16.8604
16.8601
16.8599
16.8598
16.8599
16.8602
16.8607
16.8615
16.8626
16.8603
16.8596
16.8592
16.859
16.8589
16.859
16.8593
16.8599
16.8608
16.8621
16.8597
16.859
16.8587
16.8584
16.8584
16.8585
16.8588
16.8594
16.8603
16.8617
16.8594
16.8587
16.8583
16.8581
16.8581
16.8582
16.8585
16.8591
16.8601
16.8615
16.8592
16.8586
16.8582
16.858
16.858
16.8581
16.8584
16.859
16.86
16.8614
16.8593
16.8587
16.8583
16.8581
16.8581
16.8582
16.8585
16.8591
16.8601
16.8615
16.8596
16.859
16.8586
16.8584
16.8584
16.8585
16.8588
16.8595
16.8604
16.8619
16.8601
16.8595
16.8592
16.859
16.859
16.8591
16.8594
16.8601
16.8611
16.8625
16.8609
16.8604
16.8601
16.86
16.86
16.8601
16.8604
16.8611
16.862
16.8635
16.862
16.8617
16.8615
16.8614
16.8614
16.8615
16.8619
16.8625
16.8635
16.8649
7.7859
7.78627
7.78664
7.78682
7.7869
7.787
7.78719
7.78752
7.78802
7.78871
7.78542
7.78579
7.78617
7.78634
7.78643
7.78653
7.78673
7.78707
7.78762
7.78843
7.78511
7.78548
7.78586
7.78603
7.78612
7.78623
7.78643
7.78679
7.78737
7.78823
7.78493
7.7853
7.78568
7.78586
7.78595
7.78606
7.78627
7.78664
7.78723
7.78811
7.78487
7.78524
7.78562
7.78581
7.7859
7.78601
7.78622
7.7866
7.7872
7.78808
7.78492
7.78529
7.78568
7.78586
7.78596
7.78607
7.78629
7.78667
7.78728
7.78816
7.78509
7.78547
7.78587
7.78606
7.78616
7.78628
7.7865
7.78688
7.78749
7.78837
7.78541
7.78581
7.78622
7.78642
7.78653
7.78665
7.78687
7.78726
7.78787
7.78875
7.78592
7.78636
7.7868
7.78702
7.78713
7.78726
7.78748
7.78787
7.78848
7.78936
7.7866
7.78717
7.78765
7.78789
7.78801
7.78814
7.78836
7.78875
7.78936
7.79025
3.34849
3.35192
3.35417
3.35513
3.35548
3.35563
3.35577
3.35596
3.35624
3.35663
3.34825
3.35169
3.35393
3.35489
3.35524
3.3554
3.35553
3.35573
3.35604
3.3565
3.34809
3.35153
3.35377
3.35474
3.35509
3.35524
3.35538
3.35559
3.35592
3.3564
3.348
3.35144
3.35369
3.35465
3.355
3.35516
3.3553
3.35552
3.35585
3.35634
3.34797
3.35141
3.35366
3.35462
3.35498
3.35514
3.35528
3.3555
3.35584
3.35633
3.348
3.35144
3.35369
3.35466
3.35501
3.35517
3.35532
3.35554
3.35588
3.35637
3.3481
3.35154
3.3538
3.35477
3.35513
3.35529
3.35544
3.35566
3.356
3.35649
3.34828
3.35173
3.354
3.35497
3.35533
3.3555
3.35565
3.35587
3.35621
3.3567
3.34856
3.35204
3.35432
3.3553
3.35567
3.35583
3.35598
3.35621
3.35655
3.35704
3.34895
3.35249
3.3548
3.35579
3.35616
3.35632
3.35648
3.3567
3.35704
3.35754
1.32575
1.34171
1.34914
1.35174
1.35255
1.3528
1.35292
1.35303
1.35318
1.35338
1.32564
1.3416
1.34904
1.35164
1.35244
1.3527
1.35281
1.35293
1.35309
1.35332
1.32557
1.34153
1.34896
1.35156
1.35237
1.35263
1.35274
1.35286
1.35303
1.35328
1.32553
1.34149
1.34892
1.35152
1.35233
1.35259
1.35271
1.35283
1.353
1.35325
1.32552
1.34147
1.34891
1.35151
1.35232
1.35258
1.3527
1.35282
1.35299
1.35325
1.32553
1.34149
1.34893
1.35153
1.35234
1.3526
1.35272
1.35284
1.35302
1.35327
1.32558
1.34154
1.34898
1.35159
1.3524
1.35265
1.35278
1.3529
1.35307
1.35333
1.32567
1.34164
1.34908
1.35169
1.3525
1.35276
1.35288
1.35301
1.35318
1.35344
1.32581
1.34179
1.34925
1.35186
1.35267
1.35293
1.35305
1.35318
1.35335
1.35361
1.32601
1.34203
1.34949
1.35211
1.35292
1.35318
1.35331
1.35343
1.35361
1.35387
4.19198e-07
4.19033e-07
4.18702e-07
4.17825e-07
4.15431e-07
4.09358e-07
3.95547e-07
3.68222e-07
3.23422e-07
2.71052e-07
4.19111e-07
4.18947e-07
4.18617e-07
4.1774e-07
4.15348e-07
4.09277e-07
3.95472e-07
3.68156e-07
3.23368e-07
2.71017e-07
4.19056e-07
4.18893e-07
4.18562e-07
4.17686e-07
4.15295e-07
4.09227e-07
3.95425e-07
3.68115e-07
3.23335e-07
2.70992e-07
4.1903e-07
4.18867e-07
4.18537e-07
4.17661e-07
4.15271e-07
4.09204e-07
3.95404e-07
3.68097e-07
3.23321e-07
2.70982e-07
4.19034e-07
4.18871e-07
4.18541e-07
4.17666e-07
4.15277e-07
4.0921e-07
3.95411e-07
3.68104e-07
3.23329e-07
2.70989e-07
4.19073e-07
4.18911e-07
4.18583e-07
4.17708e-07
4.15319e-07
4.09252e-07
3.95452e-07
3.68143e-07
3.23364e-07
2.7102e-07
4.19162e-07
4.19001e-07
4.18674e-07
4.17801e-07
4.15412e-07
4.09345e-07
3.95542e-07
3.68227e-07
3.23439e-07
2.71084e-07
4.19317e-07
4.1916e-07
4.18837e-07
4.17966e-07
4.15578e-07
4.09508e-07
3.95701e-07
3.68376e-07
3.23571e-07
2.71197e-07
4.19559e-07
4.19412e-07
4.19096e-07
4.18227e-07
4.1584e-07
4.09768e-07
3.95952e-07
3.68611e-07
3.2378e-07
2.71375e-07
4.199e-07
4.19782e-07
4.19475e-07
4.1861e-07
4.16221e-07
4.10145e-07
3.96317e-07
3.68953e-07
3.24084e-07
2.71633e-07
9.20479e-08
9.20077e-08
9.19247e-08
9.17069e-08
9.11264e-08
8.96931e-08
8.65362e-08
8.05383e-08
7.12982e-08
6.17602e-08
9.20279e-08
9.19878e-08
9.1905e-08
9.16874e-08
9.11072e-08
8.96746e-08
8.6519e-08
8.05231e-08
7.12859e-08
6.17526e-08
9.20152e-08
9.19753e-08
9.18925e-08
9.1675e-08
9.10951e-08
8.9663e-08
8.65082e-08
8.05138e-08
7.12784e-08
6.17469e-08
9.20093e-08
9.19694e-08
9.18868e-08
9.16694e-08
9.10896e-08
8.96578e-08
8.65035e-08
8.05098e-08
7.12753e-08
6.17446e-08
9.20105e-08
9.19707e-08
9.18881e-08
9.16709e-08
9.10912e-08
8.96596e-08
8.65054e-08
8.05118e-08
7.12773e-08
6.17465e-08
9.20203e-08
9.19806e-08
9.18983e-08
9.16812e-08
9.11016e-08
8.96699e-08
8.65155e-08
8.05213e-08
7.12859e-08
6.17543e-08
9.20418e-08
9.20025e-08
9.19206e-08
9.17038e-08
9.11243e-08
8.96924e-08
8.65373e-08
8.05418e-08
7.13042e-08
6.17704e-08
9.20797e-08
9.20412e-08
9.19601e-08
9.17438e-08
9.11644e-08
8.97321e-08
8.65757e-08
8.05777e-08
7.13364e-08
6.17988e-08
9.21386e-08
9.21025e-08
9.20229e-08
9.18073e-08
9.12279e-08
8.97948e-08
8.66364e-08
8.06345e-08
7.13872e-08
6.18435e-08
9.22215e-08
9.21923e-08
9.21149e-08
9.18999e-08
9.13204e-08
8.9886e-08
8.67247e-08
8.07171e-08
7.14611e-08
6.19082e-08
1.94538e-08
1.94444e-08
1.94247e-08
1.93735e-08
1.92399e-08
1.89187e-08
1.82327e-08
1.69797e-08
1.51562e-08
1.34411e-08
1.94493e-08
1.944e-08
1.94203e-08
1.93691e-08
1.92356e-08
1.89146e-08
1.82289e-08
1.69763e-08
1.51535e-08
1.34394e-08
1.94465e-08
1.94372e-08
1.94175e-08
1.93664e-08
1.9233e-08
1.8912e-08
1.82265e-08
1.69743e-08
1.51518e-08
1.34382e-08
1.94453e-08
1.94359e-08
1.94163e-08
1.93652e-08
1.92318e-08
1.89109e-08
1.82255e-08
1.69734e-08
1.51511e-08
1.34377e-08
1.94456e-08
1.94363e-08
1.94167e-08
1.93656e-08
1.92322e-08
1.89113e-08
1.8226e-08
1.69739e-08
1.51516e-08
1.34382e-08
1.94479e-08
1.94386e-08
1.94191e-08
1.9368e-08
1.92347e-08
1.89138e-08
1.82283e-08
1.69762e-08
1.51537e-08
1.34401e-08
1.94529e-08
1.94438e-08
1.94243e-08
1.93733e-08
1.92399e-08
1.8919e-08
1.82334e-08
1.69809e-08
1.5158e-08
1.34439e-08
1.94618e-08
1.94528e-08
1.94335e-08
1.93826e-08
1.92493e-08
1.89282e-08
1.82423e-08
1.69893e-08
1.51655e-08
1.34507e-08
1.94755e-08
1.9467e-08
1.94481e-08
1.93973e-08
1.9264e-08
1.89428e-08
1.82564e-08
1.70024e-08
1.51774e-08
1.34614e-08
1.94948e-08
1.94879e-08
1.94694e-08
1.94188e-08
1.92854e-08
1.89639e-08
1.82768e-08
1.70216e-08
1.51946e-08
1.34768e-08
3.96274e-09
3.96065e-09
3.95619e-09
3.94473e-09
3.91548e-09
3.84687e-09
3.70462e-09
3.45428e-09
3.10781e-09
2.80437e-09
3.9618e-09
3.95971e-09
3.95525e-09
3.94381e-09
3.91457e-09
3.846e-09
3.70381e-09
3.45357e-09
3.10723e-09
2.80403e-09
3.9612e-09
3.95912e-09
3.95467e-09
3.94323e-09
3.91401e-09
3.84545e-09
3.70331e-09
3.45313e-09
3.10688e-09
2.80377e-09
3.96094e-09
3.95886e-09
3.95441e-09
3.94298e-09
3.91377e-09
3.84523e-09
3.7031e-09
3.45296e-09
3.10674e-09
2.80367e-09
3.96102e-09
3.95895e-09
3.9545e-09
3.94308e-09
3.91387e-09
3.84534e-09
3.70322e-09
3.45308e-09
3.10687e-09
2.80379e-09
3.96155e-09
3.95948e-09
3.95504e-09
3.94363e-09
3.91442e-09
3.84589e-09
3.70376e-09
3.45358e-09
3.10733e-09
2.80422e-09
3.96268e-09
3.96062e-09
3.95621e-09
3.94481e-09
3.9156e-09
3.84705e-09
3.70489e-09
3.45465e-09
3.1083e-09
2.8051e-09
3.96465e-09
3.96264e-09
3.95826e-09
3.94688e-09
3.91768e-09
3.8491e-09
3.70687e-09
3.4565e-09
3.10999e-09
2.80665e-09
3.96772e-09
3.96582e-09
3.96152e-09
3.95017e-09
3.92096e-09
3.85234e-09
3.70999e-09
3.45944e-09
3.11265e-09
2.80908e-09
3.97204e-09
3.97048e-09
3.96628e-09
3.95496e-09
3.92574e-09
3.85704e-09
3.71454e-09
3.46369e-09
3.11651e-09
2.81259e-09
7.79041e-10
7.78593e-10
7.77629e-10
7.75185e-10
7.69068e-10
7.55057e-10
7.26814e-10
6.7879e-10
6.15176e-10
5.62492e-10
7.78847e-10
7.78401e-10
7.77438e-10
7.74996e-10
7.68882e-10
7.54879e-10
7.26648e-10
6.78643e-10
6.15056e-10
5.62425e-10
7.78726e-10
7.7828e-10
7.77319e-10
7.74878e-10
7.68767e-10
7.54769e-10
7.26547e-10
6.78554e-10
6.14984e-10
5.62371e-10
7.78673e-10
7.78228e-10
7.77267e-10
7.74828e-10
7.68718e-10
7.54723e-10
7.26506e-10
6.7852e-10
6.14958e-10
5.62352e-10
7.78693e-10
7.78249e-10
7.7729e-10
7.74851e-10
7.68743e-10
7.54749e-10
7.26533e-10
6.78547e-10
6.14986e-10
5.62379e-10
7.78807e-10
7.78365e-10
7.77407e-10
7.7497e-10
7.68863e-10
7.54868e-10
7.26648e-10
6.78657e-10
6.15087e-10
5.62474e-10
7.7905e-10
7.78611e-10
7.77658e-10
7.75224e-10
7.69116e-10
7.55118e-10
7.26891e-10
6.78885e-10
6.15297e-10
5.62668e-10
7.79475e-10
7.79044e-10
7.78098e-10
7.75669e-10
7.69561e-10
7.55557e-10
7.27315e-10
6.79284e-10
6.15661e-10
5.63006e-10
7.80135e-10
7.79727e-10
7.78796e-10
7.76373e-10
7.70264e-10
7.5625e-10
7.27984e-10
6.79912e-10
6.16236e-10
5.63536e-10
7.81064e-10
7.80726e-10
7.79817e-10
7.77399e-10
7.71286e-10
7.57255e-10
7.28955e-10
6.80822e-10
6.17066e-10
5.64301e-10
1.47991e-10
1.47899e-10
1.47699e-10
1.472e-10
1.45975e-10
1.43232e-10
1.37847e-10
1.28974e-10
1.17661e-10
1.08701e-10
1.47952e-10
1.4786e-10
1.47661e-10
1.47163e-10
1.45939e-10
1.43197e-10
1.37815e-10
1.28945e-10
1.17637e-10
1.08688e-10
1.47928e-10
1.47837e-10
1.47638e-10
1.4714e-10
1.45916e-10
1.43176e-10
1.37795e-10
1.28927e-10
1.17623e-10
1.08678e-10
1.47918e-10
1.47827e-10
1.47628e-10
1.4713e-10
1.45907e-10
1.43167e-10
1.37787e-10
1.28921e-10
1.17618e-10
1.08674e-10
1.47923e-10
1.47832e-10
1.47633e-10
1.47135e-10
1.45912e-10
1.43173e-10
1.37793e-10
1.28927e-10
1.17624e-10
1.0868e-10
1.47947e-10
1.47856e-10
1.47658e-10
1.4716e-10
1.45937e-10
1.43197e-10
1.37817e-10
1.2895e-10
1.17645e-10
1.087e-10
1.47997e-10
1.47907e-10
1.4771e-10
1.47213e-10
1.4599e-10
1.43249e-10
1.37867e-10
1.28997e-10
1.17689e-10
1.08741e-10
1.48085e-10
1.47996e-10
1.47801e-10
1.47304e-10
1.46081e-10
1.4334e-10
1.37954e-10
1.29079e-10
1.17765e-10
1.08812e-10
1.48221e-10
1.48137e-10
1.47945e-10
1.4745e-10
1.46226e-10
1.43482e-10
1.38092e-10
1.29209e-10
1.17884e-10
1.08923e-10
1.48414e-10
1.48344e-10
1.48155e-10
1.47661e-10
1.46437e-10
1.43689e-10
1.38292e-10
1.29397e-10
1.18056e-10
1.09083e-10
2.71971e-11
2.71789e-11
2.71394e-11
2.70417e-11
2.68062e-11
2.62902e-11
2.53016e-11
2.37187e-11
2.17665e-11
2.02761e-11
2.71897e-11
2.71717e-11
2.71322e-11
2.70346e-11
2.67992e-11
2.62834e-11
2.52953e-11
2.37131e-11
2.1762e-11
2.02736e-11
2.71852e-11
2.71671e-11
2.71277e-11
2.70302e-11
2.67949e-11
2.62793e-11
2.52915e-11
2.37098e-11
2.17593e-11
2.02717e-11
2.71833e-11
2.71653e-11
2.71259e-11
2.70284e-11
2.67932e-11
2.62777e-11
2.52901e-11
2.37086e-11
2.17584e-11
2.0271e-11
2.71843e-11
2.71663e-11
2.7127e-11
2.70295e-11
2.67944e-11
2.6279e-11
2.52914e-11
2.37099e-11
2.17597e-11
2.02723e-11
2.71891e-11
2.71712e-11
2.71319e-11
2.70345e-11
2.67994e-11
2.62839e-11
2.52962e-11
2.37145e-11
2.1764e-11
2.02764e-11
2.71992e-11
2.71814e-11
2.71423e-11
2.7045e-11
2.68098e-11
2.62942e-11
2.53062e-11
2.37239e-11
2.17727e-11
2.02846e-11
2.72167e-11
2.71992e-11
2.71604e-11
2.70633e-11
2.68281e-11
2.63122e-11
2.53236e-11
2.37403e-11
2.17879e-11
2.02989e-11
2.7244e-11
2.72273e-11
2.71891e-11
2.70922e-11
2.68569e-11
2.63406e-11
2.5351e-11
2.37661e-11
2.18118e-11
2.03213e-11
2.72823e-11
2.72684e-11
2.7231e-11
2.71342e-11
2.68988e-11
2.63817e-11
2.53906e-11
2.38035e-11
2.18462e-11
2.03536e-11
4.84114e-12
4.83769e-12
4.83016e-12
4.81177e-12
4.76821e-12
4.67467e-12
4.49955e-12
4.22636e-12
3.89912e-12
3.65677e-12
4.83979e-12
4.83634e-12
4.82882e-12
4.81045e-12
4.76692e-12
4.67343e-12
4.4984e-12
4.22533e-12
3.89827e-12
3.65631e-12
4.83895e-12
4.83552e-12
4.828e-12
4.80964e-12
4.76613e-12
4.67268e-12
4.4977e-12
4.22473e-12
3.89778e-12
3.65595e-12
4.83861e-12
4.83518e-12
4.82767e-12
4.80932e-12
4.76582e-12
4.67239e-12
4.49745e-12
4.22452e-12
3.89762e-12
3.65584e-12
4.83883e-12
4.8354e-12
4.8279e-12
4.80955e-12
4.76606e-12
4.67264e-12
4.4977e-12
4.22477e-12
3.89788e-12
3.6561e-12
4.83976e-12
4.83634e-12
4.82885e-12
4.81052e-12
4.76703e-12
4.6736e-12
4.49864e-12
4.22566e-12
3.89872e-12
3.6569e-12
4.8417e-12
4.83831e-12
4.83085e-12
4.81253e-12
4.76904e-12
4.67558e-12
4.50056e-12
4.22748e-12
3.90041e-12
3.65851e-12
4.84508e-12
4.84174e-12
4.83434e-12
4.81605e-12
4.77255e-12
4.67904e-12
4.5039e-12
4.23064e-12
3.90335e-12
3.66129e-12
4.85032e-12
4.84715e-12
4.83985e-12
4.8216e-12
4.77808e-12
4.68448e-12
4.50915e-12
4.2356e-12
3.90796e-12
3.66564e-12
4.85771e-12
4.85504e-12
4.84789e-12
4.82967e-12
4.78611e-12
4.69237e-12
4.51676e-12
4.24277e-12
3.91461e-12
3.67192e-12
8.38848e-13
8.3821e-13
8.36821e-13
8.33471e-13
8.25671e-13
8.09241e-13
7.79135e-13
7.33278e-13
6.79747e-13
6.41121e-13
8.38604e-13
8.37968e-13
8.36581e-13
8.33234e-13
8.25439e-13
8.09018e-13
7.78927e-13
7.33092e-13
6.79594e-13
6.4104e-13
8.38454e-13
8.3782e-13
8.36434e-13
8.33089e-13
8.25298e-13
8.08883e-13
7.78803e-13
7.32984e-13
6.79507e-13
6.40976e-13
8.38395e-13
8.37762e-13
8.36377e-13
8.33034e-13
8.25245e-13
8.08834e-13
7.78759e-13
7.32948e-13
6.79481e-13
6.40959e-13
8.38438e-13
8.37805e-13
8.36422e-13
8.3308e-13
8.25292e-13
8.08883e-13
7.78809e-13
7.32998e-13
6.79531e-13
6.41009e-13
8.38613e-13
8.37983e-13
8.36602e-13
8.33262e-13
8.25474e-13
8.09063e-13
7.78984e-13
7.33166e-13
6.79689e-13
6.41161e-13
8.38978e-13
8.38352e-13
8.36976e-13
8.33639e-13
8.25851e-13
8.09434e-13
7.79344e-13
7.33506e-13
6.80008e-13
6.41465e-13
8.39609e-13
8.38993e-13
8.37628e-13
8.34295e-13
8.26506e-13
8.10079e-13
7.79967e-13
7.34096e-13
6.8056e-13
6.41989e-13
8.40589e-13
8.40003e-13
8.38656e-13
8.3533e-13
8.27537e-13
8.11093e-13
7.80947e-13
7.35023e-13
6.81424e-13
6.42809e-13
8.4197e-13
8.41473e-13
8.40154e-13
8.36834e-13
8.29031e-13
8.12561e-13
7.82363e-13
7.3636e-13
6.82669e-13
6.43992e-13
1.6263e-13
1.625e-13
1.62213e-13
1.61531e-13
1.59972e-13
1.56752e-13
1.50981e-13
1.424e-13
1.32632e-13
1.2575e-13
1.62582e-13
1.62452e-13
1.62166e-13
1.61485e-13
1.59926e-13
1.56708e-13
1.50941e-13
1.42364e-13
1.32602e-13
1.25735e-13
1.62552e-13
1.62423e-13
1.62137e-13
1.61456e-13
1.59898e-13
1.56682e-13
1.50916e-13
1.42342e-13
1.32585e-13
1.25722e-13
1.62541e-13
1.62411e-13
1.62126e-13
1.61445e-13
1.59888e-13
1.56672e-13
1.50908e-13
1.42336e-13
1.3258e-13
1.25719e-13
1.62551e-13
1.62421e-13
1.62136e-13
1.61456e-13
1.59899e-13
1.56683e-13
1.50919e-13
1.42347e-13
1.32591e-13
1.2573e-13
1.62588e-13
1.62459e-13
1.62174e-13
1.61494e-13
1.59937e-13
1.56721e-13
1.50956e-13
1.42382e-13
1.32625e-13
1.25763e-13
1.62665e-13
1.62537e-13
1.62253e-13
1.61573e-13
1.60016e-13
1.56799e-13
1.51032e-13
1.42454e-13
1.32692e-13
1.25827e-13
1.62797e-13
1.62671e-13
1.6239e-13
1.61711e-13
1.60154e-13
1.56934e-13
1.51162e-13
1.42578e-13
1.32808e-13
1.25939e-13
1.63002e-13
1.62882e-13
1.62604e-13
1.61927e-13
1.60369e-13
1.57146e-13
1.51367e-13
1.42772e-13
1.3299e-13
1.26112e-13
1.63285e-13
1.63184e-13
1.62911e-13
1.62235e-13
1.60675e-13
1.57446e-13
1.51657e-13
1.43046e-13
1.33247e-13
1.26357e-13
1.03226e-06
1.23229e-06
1.40359e-06
1.50823e-06
1.56125e-06
1.58473e-06
1.5942e-06
1.59802e-06
1.59997e-06
1.60153e-06
1.03199e-06
1.23199e-06
1.40326e-06
1.50789e-06
1.56091e-06
1.58439e-06
1.59386e-06
1.59769e-06
1.59968e-06
1.60136e-06
1.03181e-06
1.23179e-06
1.40304e-06
1.50766e-06
1.56067e-06
1.58415e-06
1.59364e-06
1.59748e-06
1.59949e-06
1.60121e-06
1.03172e-06
1.23168e-06
1.40292e-06
1.50753e-06
1.56055e-06
1.58403e-06
1.59352e-06
1.59737e-06
1.59939e-06
1.60113e-06
1.03171e-06
1.23167e-06
1.40292e-06
1.50753e-06
1.56055e-06
1.58403e-06
1.59352e-06
1.59738e-06
1.59941e-06
1.60115e-06
1.03179e-06
1.23177e-06
1.40303e-06
1.50765e-06
1.56068e-06
1.58417e-06
1.59367e-06
1.59753e-06
1.59956e-06
1.6013e-06
1.03199e-06
1.23201e-06
1.40331e-06
1.50796e-06
1.56101e-06
1.5845e-06
1.594e-06
1.59787e-06
1.5999e-06
1.60165e-06
1.03236e-06
1.23246e-06
1.40383e-06
1.50852e-06
1.56159e-06
1.5851e-06
1.59461e-06
1.59848e-06
1.60052e-06
1.60226e-06
1.03295e-06
1.23317e-06
1.40465e-06
1.50942e-06
1.56253e-06
1.58606e-06
1.59558e-06
1.59946e-06
1.6015e-06
1.60325e-06
1.03379e-06
1.23423e-06
1.40588e-06
1.51076e-06
1.56393e-06
1.58749e-06
1.59702e-06
1.6009e-06
1.60295e-06
1.60471e-06
2.35121e-07
2.71587e-07
3.06931e-07
3.29908e-07
3.42035e-07
3.4758e-07
3.4988e-07
3.50827e-07
3.51313e-07
3.51701e-07
2.35059e-07
2.71519e-07
3.06857e-07
3.29831e-07
3.41956e-07
3.475e-07
3.49801e-07
3.50752e-07
3.51247e-07
3.51661e-07
2.35016e-07
2.71472e-07
3.06807e-07
3.29778e-07
3.41902e-07
3.47447e-07
3.49749e-07
3.50703e-07
3.51204e-07
3.51626e-07
2.34994e-07
2.71447e-07
3.0678e-07
3.2975e-07
3.41874e-07
3.47419e-07
3.49723e-07
3.50679e-07
3.51183e-07
3.51609e-07
2.34992e-07
2.71446e-07
3.06778e-07
3.29749e-07
3.41874e-07
3.4742e-07
3.49724e-07
3.50682e-07
3.51187e-07
3.51615e-07
2.35013e-07
2.7147e-07
3.06807e-07
3.29781e-07
3.41908e-07
3.47454e-07
3.4976e-07
3.50718e-07
3.51225e-07
3.51653e-07
2.35064e-07
2.7153e-07
3.06876e-07
3.29856e-07
3.41986e-07
3.47535e-07
3.49842e-07
3.50801e-07
3.51308e-07
3.51737e-07
2.35157e-07
2.71639e-07
3.07e-07
3.29991e-07
3.42129e-07
3.47681e-07
3.49989e-07
3.50949e-07
3.51457e-07
3.51886e-07
2.35306e-07
2.71813e-07
3.07201e-07
3.3021e-07
3.42357e-07
3.47915e-07
3.50226e-07
3.51187e-07
3.51696e-07
3.52126e-07
2.35517e-07
2.72072e-07
3.07498e-07
3.30534e-07
3.42696e-07
3.48261e-07
3.50575e-07
3.51538e-07
3.52048e-07
3.52481e-07
5.11512e-08
5.77165e-08
6.46952e-08
6.94973e-08
7.2134e-08
7.33776e-08
7.39075e-08
7.41306e-08
7.42461e-08
7.43375e-08
5.11371e-08
5.77013e-08
6.46788e-08
6.94801e-08
7.21165e-08
7.33601e-08
7.38902e-08
7.4114e-08
7.42315e-08
7.43288e-08
5.11276e-08
5.7691e-08
6.46677e-08
6.94685e-08
7.21047e-08
7.33483e-08
7.38787e-08
7.41032e-08
7.4222e-08
7.43213e-08
5.11226e-08
5.76856e-08
6.46619e-08
6.94625e-08
7.20986e-08
7.33423e-08
7.3873e-08
7.4098e-08
7.42175e-08
7.43175e-08
5.11222e-08
5.76853e-08
6.46618e-08
6.94625e-08
7.20988e-08
7.33426e-08
7.38735e-08
7.40989e-08
7.42188e-08
7.43191e-08
5.11274e-08
5.76912e-08
6.46685e-08
6.947e-08
7.21067e-08
7.33508e-08
7.38819e-08
7.41075e-08
7.42276e-08
7.43281e-08
5.11398e-08
5.77053e-08
6.46845e-08
6.94874e-08
7.2125e-08
7.33696e-08
7.39011e-08
7.41268e-08
7.42471e-08
7.43477e-08
5.11622e-08
5.77308e-08
6.47135e-08
6.9519e-08
7.21581e-08
7.34035e-08
7.39354e-08
7.41613e-08
7.42818e-08
7.43825e-08
5.11977e-08
5.77718e-08
6.47602e-08
6.95697e-08
7.22113e-08
7.3458e-08
7.39904e-08
7.42167e-08
7.43374e-08
7.44384e-08
5.1248e-08
5.78322e-08
6.48292e-08
6.96448e-08
7.22899e-08
7.35383e-08
7.40716e-08
7.42983e-08
7.44194e-08
7.4521e-08
1.06681e-08
1.18314e-08
1.31582e-08
1.41182e-08
1.46653e-08
1.49312e-08
1.50474e-08
1.50974e-08
1.51236e-08
1.51442e-08
1.06651e-08
1.18282e-08
1.31548e-08
1.41146e-08
1.46616e-08
1.49275e-08
1.50437e-08
1.50939e-08
1.51205e-08
1.51424e-08
1.0663e-08
1.1826e-08
1.31524e-08
1.41121e-08
1.46591e-08
1.4925e-08
1.50413e-08
1.50916e-08
1.51185e-08
1.51409e-08
1.06619e-08
1.18248e-08
1.31512e-08
1.41108e-08
1.46578e-08
1.49237e-08
1.50401e-08
1.50905e-08
1.51176e-08
1.51401e-08
1.06619e-08
1.18248e-08
1.31512e-08
1.41109e-08
1.46579e-08
1.49238e-08
1.50403e-08
1.50908e-08
1.51179e-08
1.51405e-08
1.06631e-08
1.18262e-08
1.31527e-08
1.41126e-08
1.46597e-08
1.49257e-08
1.50422e-08
1.50927e-08
1.51199e-08
1.51425e-08
1.0666e-08
1.18293e-08
1.31563e-08
1.41165e-08
1.46638e-08
1.49299e-08
1.50465e-08
1.50971e-08
1.51243e-08
1.51469e-08
1.06711e-08
1.18351e-08
1.31628e-08
1.41235e-08
1.46712e-08
1.49375e-08
1.50541e-08
1.51048e-08
1.5132e-08
1.51547e-08
1.06792e-08
1.18443e-08
1.31732e-08
1.41348e-08
1.4683e-08
1.49496e-08
1.50664e-08
1.51171e-08
1.51444e-08
1.51672e-08
1.06907e-08
1.18579e-08
1.31886e-08
1.41516e-08
1.47005e-08
1.49675e-08
1.50845e-08
1.51353e-08
1.51627e-08
1.51856e-08
2.1389e-09
2.34124e-09
2.58504e-09
2.76932e-09
2.87802e-09
2.93237e-09
2.95673e-09
2.96743e-09
2.97311e-09
2.97758e-09
2.13827e-09
2.34057e-09
2.58433e-09
2.76857e-09
2.87726e-09
2.93161e-09
2.95597e-09
2.96671e-09
2.97247e-09
2.97721e-09
2.13785e-09
2.34012e-09
2.58385e-09
2.76807e-09
2.87675e-09
2.9311e-09
2.95548e-09
2.96625e-09
2.97207e-09
2.97689e-09
2.13763e-09
2.33988e-09
2.5836e-09
2.76782e-09
2.8765e-09
2.93085e-09
2.95524e-09
2.96603e-09
2.97189e-09
2.97674e-09
2.13763e-09
2.33989e-09
2.58362e-09
2.76784e-09
2.87653e-09
2.93089e-09
2.95529e-09
2.96609e-09
2.97196e-09
2.97683e-09
2.1379e-09
2.34019e-09
2.58395e-09
2.76821e-09
2.87692e-09
2.93129e-09
2.9557e-09
2.96651e-09
2.9724e-09
2.97727e-09
2.13852e-09
2.34088e-09
2.58472e-09
2.76905e-09
2.8778e-09
2.9322e-09
2.95662e-09
2.96744e-09
2.97333e-09
2.97821e-09
2.13965e-09
2.34213e-09
2.58612e-09
2.77056e-09
2.87938e-09
2.93382e-09
2.95827e-09
2.9691e-09
2.975e-09
2.97989e-09
2.14143e-09
2.34412e-09
2.58835e-09
2.77298e-09
2.88193e-09
2.93643e-09
2.96091e-09
2.97176e-09
2.97767e-09
2.98257e-09
2.14394e-09
2.34705e-09
2.59166e-09
2.77656e-09
2.88567e-09
2.94026e-09
2.96479e-09
2.97566e-09
2.98159e-09
2.98652e-09
4.13164e-10
4.47645e-10
4.91045e-10
5.25118e-10
5.45862e-10
5.56515e-10
5.61402e-10
5.63595e-10
5.64775e-10
5.65705e-10
4.13038e-10
4.47513e-10
4.90905e-10
5.24972e-10
5.45713e-10
5.56364e-10
5.61253e-10
5.63453e-10
5.6465e-10
5.65633e-10
4.12954e-10
4.47423e-10
4.9081e-10
5.24873e-10
5.45612e-10
5.56264e-10
5.61156e-10
5.63362e-10
5.64571e-10
5.65571e-10
4.1291e-10
4.47378e-10
4.90762e-10
5.24824e-10
5.45563e-10
5.56216e-10
5.6111e-10
5.63321e-10
5.64536e-10
5.65543e-10
4.12912e-10
4.47381e-10
4.90767e-10
5.2483e-10
5.45571e-10
5.56225e-10
5.61122e-10
5.63335e-10
5.64554e-10
5.65563e-10
4.12969e-10
4.47444e-10
4.90837e-10
5.24907e-10
5.45652e-10
5.56309e-10
5.61208e-10
5.63423e-10
5.64644e-10
5.65655e-10
4.13102e-10
4.47588e-10
4.90998e-10
5.25081e-10
5.45835e-10
5.56497e-10
5.61399e-10
5.63616e-10
5.64838e-10
5.6585e-10
4.13339e-10
4.47848e-10
4.91286e-10
5.25393e-10
5.46162e-10
5.56833e-10
5.61739e-10
5.63959e-10
5.65183e-10
5.66197e-10
4.13712e-10
4.48263e-10
4.91749e-10
5.25893e-10
5.46687e-10
5.57371e-10
5.62284e-10
5.64508e-10
5.65734e-10
5.66751e-10
4.14241e-10
4.48874e-10
4.92431e-10
5.26631e-10
5.47459e-10
5.58162e-10
5.63084e-10
5.65313e-10
5.66544e-10
5.67566e-10
7.70331e-11
8.27832e-11
9.02801e-11
9.63634e-11
1.00175e-10
1.02182e-10
1.03123e-10
1.03555e-10
1.0379e-10
1.03976e-10
7.7009e-11
8.27579e-11
9.02533e-11
9.63354e-11
1.00146e-10
1.02153e-10
1.03095e-10
1.03528e-10
1.03766e-10
1.03963e-10
7.69927e-11
8.27408e-11
9.02352e-11
9.63167e-11
1.00127e-10
1.02134e-10
1.03077e-10
1.0351e-10
1.03752e-10
1.03951e-10
7.69845e-11
8.27323e-11
9.02263e-11
9.63075e-11
1.00118e-10
1.02125e-10
1.03068e-10
1.03503e-10
1.03745e-10
1.03946e-10
7.69852e-11
8.27332e-11
9.02276e-11
9.63091e-11
1.0012e-10
1.02127e-10
1.03071e-10
1.03506e-10
1.03749e-10
1.0395e-10
7.6997e-11
8.2746e-11
9.02418e-11
9.63246e-11
1.00136e-10
1.02144e-10
1.03088e-10
1.03524e-10
1.03767e-10
1.03969e-10
7.70239e-11
8.27751e-11
9.02739e-11
9.63593e-11
1.00173e-10
1.02182e-10
1.03126e-10
1.03562e-10
1.03806e-10
1.04008e-10
7.70719e-11
8.28273e-11
9.03316e-11
9.64215e-11
1.00238e-10
1.02249e-10
1.03194e-10
1.03631e-10
1.03875e-10
1.04077e-10
7.71474e-11
8.29106e-11
9.04239e-11
9.65211e-11
1.00342e-10
1.02356e-10
1.03303e-10
1.0374e-10
1.03984e-10
1.04187e-10
7.72544e-11
8.3033e-11
9.05598e-11
9.66677e-11
1.00496e-10
1.02513e-10
1.03462e-10
1.039e-10
1.04145e-10
1.0435e-10
1.38863e-11
1.48239e-11
1.60822e-11
1.7133e-11
1.78089e-11
1.81731e-11
1.83478e-11
1.84294e-11
1.84746e-11
1.85105e-11
1.38818e-11
1.48192e-11
1.60772e-11
1.71279e-11
1.78036e-11
1.81679e-11
1.83425e-11
1.84244e-11
1.84702e-11
1.85081e-11
1.38788e-11
1.48161e-11
1.60739e-11
1.71245e-11
1.78001e-11
1.81644e-11
1.83392e-11
1.84212e-11
1.84675e-11
1.8506e-11
1.38773e-11
1.48145e-11
1.60723e-11
1.71228e-11
1.77985e-11
1.81628e-11
1.83376e-11
1.84198e-11
1.84663e-11
1.8505e-11
1.38775e-11
1.48147e-11
1.60726e-11
1.71232e-11
1.77989e-11
1.81633e-11
1.83382e-11
1.84205e-11
1.84672e-11
1.8506e-11
1.38798e-11
1.48173e-11
1.60754e-11
1.71262e-11
1.78021e-11
1.81665e-11
1.83416e-11
1.8424e-11
1.84707e-11
1.85095e-11
1.38851e-11
1.48229e-11
1.60816e-11
1.71329e-11
1.78091e-11
1.81738e-11
1.83489e-11
1.84314e-11
1.84782e-11
1.85171e-11
1.38944e-11
1.4833e-11
1.60927e-11
1.71448e-11
1.78217e-11
1.81867e-11
1.8362e-11
1.84446e-11
1.84914e-11
1.85304e-11
1.39092e-11
1.48492e-11
1.61105e-11
1.7164e-11
1.78417e-11
1.82072e-11
1.83828e-11
1.84656e-11
1.85125e-11
1.85516e-11
1.393e-11
1.48729e-11
1.61366e-11
1.71921e-11
1.78712e-11
1.82374e-11
1.84134e-11
1.84963e-11
1.85434e-11
1.85828e-11
2.43342e-12
2.58333e-12
2.78944e-12
2.96602e-12
3.08233e-12
3.14642e-12
3.17777e-12
3.19272e-12
3.20114e-12
3.20786e-12
2.43261e-12
2.58248e-12
2.78855e-12
2.96509e-12
3.08139e-12
3.14547e-12
3.17683e-12
3.19182e-12
3.20035e-12
3.20742e-12
2.43207e-12
2.58192e-12
2.78796e-12
2.96448e-12
3.08077e-12
3.14485e-12
3.17623e-12
3.19126e-12
3.19987e-12
3.20705e-12
2.4318e-12
2.58164e-12
2.78767e-12
2.96419e-12
3.08047e-12
3.14456e-12
3.17596e-12
3.19102e-12
3.19967e-12
3.20689e-12
2.43185e-12
2.5817e-12
2.78774e-12
2.96427e-12
3.08057e-12
3.14467e-12
3.17608e-12
3.19116e-12
3.19983e-12
3.20707e-12
2.43229e-12
2.58217e-12
2.78826e-12
2.96483e-12
3.08117e-12
3.14529e-12
3.17672e-12
3.19181e-12
3.20049e-12
3.20774e-12
2.43329e-12
2.58324e-12
2.78943e-12
2.96609e-12
3.08248e-12
3.14664e-12
3.17809e-12
3.1932e-12
3.20189e-12
3.20915e-12
2.43506e-12
2.58515e-12
2.79151e-12
2.96833e-12
3.08483e-12
3.14905e-12
3.18054e-12
3.19566e-12
3.20437e-12
3.21164e-12
2.43785e-12
2.58818e-12
2.79484e-12
2.9719e-12
3.08857e-12
3.15289e-12
3.18443e-12
3.19958e-12
3.20831e-12
3.21561e-12
2.44179e-12
2.59263e-12
2.79973e-12
2.97714e-12
3.09405e-12
3.15851e-12
3.19012e-12
3.20532e-12
3.21408e-12
3.22142e-12
4.77042e-13
5.03841e-13
5.41517e-13
5.746e-13
5.96924e-13
6.09503e-13
6.15793e-13
6.18856e-13
6.20608e-13
6.21994e-13
4.76882e-13
5.03674e-13
5.41341e-13
5.74419e-13
5.96739e-13
6.09318e-13
6.1561e-13
6.18681e-13
6.20456e-13
6.21913e-13
4.76773e-13
5.03561e-13
5.41223e-13
5.74297e-13
5.96615e-13
6.09194e-13
6.1549e-13
6.18569e-13
6.2036e-13
6.21839e-13
4.7672e-13
5.03507e-13
5.41167e-13
5.7424e-13
5.96558e-13
6.09139e-13
6.15438e-13
6.18523e-13
6.20322e-13
6.2181e-13
4.76733e-13
5.03521e-13
5.41184e-13
5.74259e-13
5.9658e-13
6.09163e-13
6.15466e-13
6.18554e-13
6.20358e-13
6.2185e-13
4.76829e-13
5.03623e-13
5.41296e-13
5.7438e-13
5.96707e-13
6.09295e-13
6.15601e-13
6.18692e-13
6.20499e-13
6.21993e-13
4.77042e-13
5.03851e-13
5.41543e-13
5.74644e-13
5.96984e-13
6.0958e-13
6.15891e-13
6.18985e-13
6.20795e-13
6.2229e-13
4.77419e-13
5.04254e-13
5.41981e-13
5.75114e-13
5.97476e-13
6.10086e-13
6.16403e-13
6.19503e-13
6.21315e-13
6.22813e-13
4.78008e-13
5.04892e-13
5.42678e-13
5.75862e-13
5.98258e-13
6.10888e-13
6.17216e-13
6.20322e-13
6.22139e-13
6.23642e-13
4.78826e-13
5.05809e-13
5.43682e-13
5.76936e-13
5.99381e-13
6.12039e-13
6.18383e-13
6.21497e-13
6.23321e-13
6.24834e-13
)
;

boundaryField
{
    inlet1
    {
        type            fixedValue;
        value           uniform 10;
    }
    inlet2
    {
        type            fixedValue;
        value           uniform 20;
    }
    outlet1
    {
        type            zeroGradient;
    }
    outlet2
    {
        type            zeroGradient;
    }
    fixedWalls
    {
        type            zeroGradient;
    }
}


// ************************************************************************* //
