/*--------------------------------*- C++ -*----------------------------------*\
  =========                 |
  \\      /  F ield         | OpenFOAM: The Open Source CFD Toolbox
   \\    /   O peration     | Website:  https://openfoam.org
    \\  /    A nd           | Version:  6
     \\/     M anipulation  |
\*---------------------------------------------------------------------------*/
FoamFile
{
    version     2.0;
    format      ascii;
    class       volScalarField;
    location    "0.91";
    object      T;
}
// * * * * * * * * * * * * * * * * * * * * * * * * * * * * * * * * * * * * * //

dimensions      [0 0 0 1 0 0 0];

internalField   nonuniform List<scalar> 
7000
(
106.641
106.64
106.638
106.635
106.631
106.627
106.623
106.619
106.616
106.615
106.641
106.64
106.638
106.635
106.631
106.627
106.623
106.619
106.616
106.615
106.641
106.64
106.638
106.635
106.631
106.627
106.623
106.619
106.616
106.615
106.641
106.64
106.638
106.635
106.631
106.627
106.623
106.619
106.616
106.615
106.641
106.64
106.638
106.635
106.631
106.627
106.623
106.619
106.616
106.615
106.641
106.64
106.638
106.635
106.631
106.627
106.623
106.619
106.616
106.615
106.641
106.64
106.638
106.635
106.631
106.627
106.623
106.619
106.616
106.615
106.641
106.64
106.638
106.635
106.631
106.627
106.623
106.619
106.616
106.615
106.641
106.64
106.638
106.635
106.631
106.627
106.623
106.619
106.616
106.615
106.641
106.64
106.638
106.635
106.631
106.627
106.623
106.619
106.616
106.615
99.944
99.9405
99.9338
99.9243
99.9128
99.9001
99.8874
99.8762
99.8678
99.8632
99.944
99.9405
99.9338
99.9243
99.9127
99.9001
99.8874
99.8762
99.8678
99.8632
99.944
99.9405
99.9338
99.9243
99.9127
99.9001
99.8874
99.8762
99.8678
99.8632
99.9439
99.9405
99.9338
99.9243
99.9127
99.9
99.8874
99.8762
99.8678
99.8632
99.9439
99.9405
99.9338
99.9243
99.9127
99.9
99.8874
99.8762
99.8678
99.8632
99.9439
99.9405
99.9338
99.9243
99.9127
99.9
99.8874
99.8762
99.8678
99.8632
99.9439
99.9405
99.9338
99.9243
99.9127
99.9
99.8874
99.8762
99.8678
99.8632
99.9439
99.9405
99.9338
99.9243
99.9127
99.9
99.8874
99.8762
99.8678
99.8632
99.9439
99.9405
99.9338
99.9243
99.9127
99.9001
99.8874
99.8762
99.8678
99.8632
99.944
99.9405
99.9338
99.9243
99.9127
99.9001
99.8874
99.8762
99.8678
99.8632
93.3062
93.3003
93.289
93.2729
93.2531
93.2313
93.2094
93.1898
93.1749
93.1668
93.3062
93.3003
93.289
93.2729
93.2531
93.2313
93.2094
93.1898
93.1748
93.1668
93.3061
93.3003
93.289
93.2729
93.2531
93.2313
93.2094
93.1897
93.1748
93.1667
93.3061
93.3003
93.289
93.2729
93.2531
93.2313
93.2094
93.1897
93.1748
93.1667
93.3061
93.3003
93.289
93.2728
93.2531
93.2313
93.2094
93.1897
93.1748
93.1667
93.3061
93.3003
93.2889
93.2728
93.2531
93.2313
93.2094
93.1897
93.1748
93.1667
93.3061
93.3003
93.289
93.2728
93.2531
93.2313
93.2094
93.1897
93.1748
93.1667
93.3061
93.3003
93.289
93.2729
93.2531
93.2313
93.2094
93.1897
93.1748
93.1667
93.3061
93.3003
93.289
93.2729
93.2531
93.2313
93.2094
93.1897
93.1748
93.1668
93.3061
93.3003
93.289
93.2729
93.2531
93.2313
93.2094
93.1898
93.1748
93.1668
86.767
86.7587
86.7425
86.7195
86.6909
86.6589
86.6264
86.5968
86.574
86.5615
86.767
86.7587
86.7425
86.7194
86.6909
86.6589
86.6264
86.5968
86.5739
86.5615
86.7669
86.7586
86.7425
86.7194
86.6908
86.6589
86.6263
86.5967
86.5739
86.5614
86.7669
86.7586
86.7425
86.7194
86.6908
86.6589
86.6263
86.5967
86.5739
86.5614
86.7669
86.7586
86.7425
86.7194
86.6908
86.6589
86.6263
86.5967
86.5739
86.5614
86.7669
86.7586
86.7425
86.7194
86.6908
86.6589
86.6263
86.5967
86.5739
86.5614
86.7669
86.7586
86.7425
86.7194
86.6908
86.6589
86.6263
86.5967
86.5739
86.5614
86.7669
86.7586
86.7425
86.7194
86.6908
86.6589
86.6263
86.5967
86.5739
86.5614
86.7669
86.7586
86.7425
86.7194
86.6908
86.6589
86.6264
86.5968
86.5739
86.5614
86.7669
86.7587
86.7425
86.7194
86.6909
86.6589
86.6264
86.5968
86.574
86.5615
80.3643
80.3535
80.3325
80.3021
80.264
80.2207
80.1756
80.1336
80.1004
80.0819
80.3643
80.3535
80.3325
80.3021
80.264
80.2207
80.1756
80.1336
80.1004
80.0819
80.3643
80.3535
80.3325
80.3021
80.264
80.2206
80.1756
80.1336
80.1004
80.0819
80.3642
80.3535
80.3324
80.3021
80.264
80.2206
80.1756
80.1336
80.1004
80.0819
80.3642
80.3535
80.3324
80.3021
80.264
80.2206
80.1756
80.1335
80.1004
80.0819
80.3642
80.3535
80.3324
80.3021
80.264
80.2206
80.1755
80.1335
80.1004
80.0819
80.3642
80.3535
80.3324
80.3021
80.264
80.2206
80.1756
80.1335
80.1004
80.0819
80.3642
80.3535
80.3324
80.3021
80.264
80.2206
80.1756
80.1336
80.1004
80.0819
80.3643
80.3535
80.3325
80.3021
80.264
80.2206
80.1756
80.1336
80.1004
80.0819
80.3643
80.3535
80.3325
80.3021
80.264
80.2207
80.1756
80.1336
80.1004
80.0819
74.1345
74.1214
74.0957
74.058
74.01
73.9539
73.8939
73.8358
73.7881
73.7605
74.1345
74.1214
74.0956
74.058
74.0099
73.9539
73.8938
73.8358
73.7881
73.7605
74.1344
74.1214
74.0956
74.058
74.0099
73.9539
73.8938
73.8357
73.7881
73.7605
74.1344
74.1213
74.0956
74.0579
74.0099
73.9539
73.8938
73.8357
73.788
73.7605
74.1344
74.1213
74.0956
74.0579
74.0099
73.9538
73.8938
73.8357
73.788
73.7605
74.1344
74.1213
74.0956
74.0579
74.0099
73.9538
73.8938
73.8357
73.788
73.7605
74.1344
74.1213
74.0956
74.0579
74.0099
73.9538
73.8938
73.8357
73.788
73.7605
74.1344
74.1213
74.0956
74.058
74.0099
73.9539
73.8938
73.8357
73.7881
73.7605
74.1344
74.1214
74.0956
74.058
74.0099
73.9539
73.8938
73.8357
73.7881
73.7605
74.1345
74.1214
74.0956
74.058
74.0099
73.9539
73.8938
73.8358
73.7881
73.7605
68.1117
68.0967
68.067
68.0228
67.9652
67.8957
67.8179
67.7384
67.669
67.6263
68.1117
68.0967
68.067
68.0228
67.9651
67.8956
67.8178
67.7384
67.669
67.6263
68.1117
68.0967
68.0669
68.0228
67.9651
67.8956
67.8178
67.7384
67.6689
67.6262
68.1116
68.0967
68.0669
68.0228
67.9651
67.8956
67.8178
67.7384
67.6689
67.6262
68.1116
68.0967
68.0669
68.0227
67.9651
67.8956
67.8178
67.7383
67.6689
67.6262
68.1116
68.0966
68.0669
68.0227
67.9651
67.8956
67.8178
67.7383
67.6689
67.6262
68.1116
68.0967
68.0669
68.0227
67.9651
67.8956
67.8178
67.7383
67.6689
67.6262
68.1116
68.0967
68.0669
68.0228
67.9651
67.8956
67.8178
67.7384
67.6689
67.6262
68.1117
68.0967
68.0669
68.0228
67.9651
67.8956
67.8178
67.7384
67.669
67.6262
68.1117
68.0967
68.067
68.0228
67.9651
67.8956
67.8178
67.7384
67.669
67.6263
62.3273
62.3113
62.2791
62.2306
62.1652
62.0831
61.9855
61.8777
61.7735
61.7018
62.3273
62.3113
62.2791
62.2305
62.1652
62.083
61.9855
61.8776
61.7735
61.7018
62.3273
62.3112
62.2791
62.2305
62.1651
62.083
61.9854
61.8776
61.7734
61.7017
62.3272
62.3112
62.279
62.2305
62.1651
62.083
61.9854
61.8776
61.7734
61.7017
62.3272
62.3112
62.279
62.2304
62.1651
62.083
61.9854
61.8776
61.7734
61.7017
62.3272
62.3112
62.279
62.2304
62.1651
62.083
61.9854
61.8776
61.7734
61.7017
62.3272
62.3112
62.279
62.2304
62.1651
62.083
61.9854
61.8776
61.7734
61.7017
62.3272
62.3112
62.2791
62.2305
62.1651
62.083
61.9854
61.8776
61.7734
61.7017
62.3273
62.3112
62.2791
62.2305
62.1651
62.083
61.9854
61.8776
61.7734
61.7018
62.3273
62.3113
62.2791
62.2305
62.1652
62.0831
61.9855
61.8776
61.7735
61.7018
56.809
56.7933
56.7616
56.7126
56.6445
56.5542
56.4381
56.2945
56.1326
55.9964
56.809
56.7933
56.7615
56.7126
56.6445
56.5542
56.4381
56.2945
56.1326
55.9963
56.8089
56.7933
56.7615
56.7126
56.6444
56.5541
56.438
56.2944
56.1326
55.9963
56.8089
56.7932
56.7615
56.7125
56.6444
56.5541
56.438
56.2944
56.1325
55.9963
56.8089
56.7932
56.7615
56.7125
56.6444
56.5541
56.438
56.2944
56.1325
55.9962
56.8089
56.7932
56.7615
56.7125
56.6444
56.5541
56.438
56.2944
56.1325
55.9962
56.8089
56.7932
56.7615
56.7125
56.6444
56.5541
56.438
56.2944
56.1325
55.9963
56.8089
56.7933
56.7615
56.7125
56.6444
56.5541
56.438
56.2944
56.1326
55.9963
56.8089
56.7933
56.7615
56.7126
56.6445
56.5542
56.4381
56.2945
56.1326
55.9963
56.809
56.7933
56.7616
56.7126
56.6445
56.5542
56.4381
56.2945
56.1326
55.9964
51.5799
51.5666
51.5395
51.4968
51.4351
51.3478
51.2237
51.0447
50.7904
50.4855
51.5798
51.5666
51.5395
51.4968
51.435
51.3478
51.2237
51.0446
50.7904
50.4855
51.5798
51.5665
51.5394
51.4967
51.435
51.3478
51.2236
51.0446
50.7904
50.4854
51.5798
51.5665
51.5394
51.4967
51.435
51.3477
51.2236
51.0446
50.7903
50.4854
51.5797
51.5665
51.5394
51.4967
51.435
51.3477
51.2236
51.0445
50.7903
50.4854
51.5797
51.5665
51.5394
51.4967
51.435
51.3477
51.2236
51.0445
50.7903
50.4854
51.5797
51.5665
51.5394
51.4967
51.435
51.3477
51.2236
51.0446
50.7903
50.4854
51.5798
51.5665
51.5394
51.4967
51.435
51.3477
51.2236
51.0446
50.7903
50.4854
51.5798
51.5665
51.5394
51.4967
51.435
51.3478
51.2237
51.0446
50.7904
50.4854
51.5798
51.5666
51.5395
51.4968
51.4351
51.3478
51.2237
51.0447
50.7904
50.4855
46.6575
46.6492
46.6322
46.6049
46.5636
46.5004
46.3979
46.2171
45.861
45.0455
46.6575
46.6492
46.6321
46.6048
46.5635
46.5003
46.3978
46.2171
45.861
45.0454
46.6574
46.6492
46.6321
46.6048
46.5635
46.5003
46.3978
46.217
45.8609
45.0454
46.6574
46.6491
46.6321
46.6047
46.5635
46.5003
46.3978
46.217
45.8609
45.0453
46.6574
46.6491
46.6321
46.6047
46.5635
46.5002
46.3977
46.217
45.8609
45.0453
46.6574
46.6491
46.6321
46.6047
46.5634
46.5002
46.3977
46.217
45.8609
45.0453
46.6574
46.6491
46.6321
46.6047
46.5635
46.5002
46.3978
46.217
45.8609
45.0453
46.6574
46.6491
46.6321
46.6048
46.5635
46.5003
46.3978
46.217
45.8609
45.0454
46.6574
46.6492
46.6321
46.6048
46.5635
46.5003
46.3978
46.2171
45.861
45.0454
46.6575
46.6492
46.6322
46.6048
46.5636
46.5004
46.3979
46.2171
45.861
45.0455
42.0534
42.0528
42.0517
42.0499
42.046
42.0357
42.0083
41.941
41.7903
41.4947
42.0533
42.0527
42.0516
42.0498
42.046
42.0357
42.0082
41.9409
41.7903
41.4946
42.0533
42.0527
42.0516
42.0498
42.0459
42.0356
42.0082
41.9409
41.7902
41.4945
42.0533
42.0527
42.0515
42.0498
42.0459
42.0356
42.0082
41.9408
41.7902
41.4945
42.0533
42.0526
42.0515
42.0497
42.0459
42.0356
42.0081
41.9408
41.7902
41.4945
42.0533
42.0526
42.0515
42.0497
42.0459
42.0356
42.0081
41.9408
41.7902
41.4945
42.0533
42.0526
42.0515
42.0498
42.0459
42.0356
42.0082
41.9408
41.7902
41.4945
42.0533
42.0527
42.0516
42.0498
42.0459
42.0356
42.0082
41.9408
41.7902
41.4945
42.0533
42.0527
42.0516
42.0498
42.046
42.0356
42.0082
41.9409
41.7902
41.4946
42.0534
42.0527
42.0516
42.0499
42.046
42.0357
42.0083
41.9409
41.7903
41.4946
37.7724
37.7817
37.8015
37.8341
37.8822
37.9486
38.0357
38.1461
38.2892
38.5076
37.7723
37.7816
37.8015
37.8341
37.8822
37.9486
38.0356
38.146
38.2891
38.5076
37.7723
37.7816
37.8015
37.834
37.8821
37.9485
38.0356
38.1459
38.289
38.5075
37.7723
37.7816
37.8014
37.834
37.8821
37.9485
38.0356
38.1459
38.289
38.5075
37.7722
37.7815
37.8014
37.834
37.8821
37.9485
38.0356
38.1459
38.289
38.5074
37.7722
37.7815
37.8014
37.834
37.8821
37.9485
38.0356
38.1459
38.289
38.5074
37.7722
37.7816
37.8014
37.834
37.8821
37.9485
38.0356
38.1459
38.289
38.5075
37.7723
37.7816
37.8014
37.834
37.8821
37.9485
38.0356
38.1459
38.289
38.5075
37.7723
37.7816
37.8015
37.8341
37.8822
37.9486
38.0356
38.146
38.2891
38.5075
37.7723
37.7816
37.8015
37.8341
37.8822
37.9486
38.0357
38.146
38.2891
38.5076
33.8131
33.8338
33.8777
33.9499
34.0581
34.2133
34.4302
34.7311
35.1526
35.7632
33.813
33.8337
33.8776
33.9498
34.0581
34.2132
34.4302
34.731
35.1526
35.7631
33.813
33.8337
33.8776
33.9498
34.058
34.2132
34.4301
34.731
35.1525
35.763
33.813
33.8336
33.8776
33.9498
34.058
34.2131
34.4301
34.731
35.1525
35.763
33.8129
33.8336
33.8775
33.9497
34.058
34.2131
34.4301
34.7309
35.1525
35.763
33.8129
33.8336
33.8775
33.9497
34.058
34.2131
34.4301
34.7309
35.1525
35.763
33.813
33.8336
33.8775
33.9498
34.058
34.2131
34.4301
34.731
35.1525
35.763
33.813
33.8336
33.8776
33.9498
34.058
34.2131
34.4301
34.731
35.1525
35.763
33.813
33.8337
33.8776
33.9498
34.0581
34.2132
34.4301
34.731
35.1526
35.7631
33.813
33.8337
33.8776
33.9499
34.0581
34.2132
34.4302
34.7311
35.1526
35.7631
30.1689
30.2011
30.2696
30.3822
30.5514
30.7952
31.1388
31.6164
32.2755
33.1818
30.1688
30.2011
30.2695
30.3821
30.5513
30.7952
31.1388
31.6164
32.2754
33.1818
30.1688
30.2011
30.2695
30.3821
30.5513
30.7951
31.1387
31.6163
32.2754
33.1817
30.1688
30.201
30.2695
30.382
30.5512
30.7951
31.1387
31.6163
32.2753
33.1817
30.1687
30.201
30.2695
30.382
30.5512
30.7951
31.1387
31.6163
32.2753
33.1817
30.1687
30.201
30.2695
30.382
30.5512
30.7951
31.1387
31.6163
32.2753
33.1817
30.1687
30.201
30.2695
30.382
30.5512
30.7951
31.1387
31.6163
32.2753
33.1817
30.1688
30.201
30.2695
30.3821
30.5512
30.7951
31.1387
31.6163
32.2754
33.1817
30.1688
30.2011
30.2695
30.3821
30.5513
30.7952
31.1388
31.6164
32.2754
33.1818
30.1688
30.2011
30.2696
30.3821
30.5513
30.7952
31.1388
31.6164
32.2755
33.1818
26.8291
26.8719
26.9627
27.1117
27.3357
27.6588
28.1138
28.7438
29.6018
30.7463
26.829
26.8719
26.9626
27.1117
27.3357
27.6587
28.1137
28.7437
29.6017
30.7462
26.829
26.8718
26.9626
27.1116
27.3356
27.6587
28.1136
28.7437
29.6017
30.7462
26.829
26.8718
26.9626
27.1116
27.3356
27.6586
28.1136
28.7437
29.6017
30.7462
26.829
26.8718
26.9625
27.1116
27.3356
27.6586
28.1136
28.7437
29.6016
30.7461
26.829
26.8718
26.9625
27.1116
27.3356
27.6586
28.1136
28.7436
29.6016
30.7461
26.829
26.8718
26.9626
27.1116
27.3356
27.6586
28.1136
28.7437
29.6017
30.7462
26.829
26.8718
26.9626
27.1116
27.3356
27.6587
28.1136
28.7437
29.6017
30.7462
26.829
26.8719
26.9626
27.1117
27.3357
27.6587
28.1137
28.7437
29.6017
30.7462
26.8291
26.8719
26.9627
27.1117
27.3357
27.6588
28.1137
28.7438
29.6018
30.7463
23.7806
23.8318
23.9401
24.1178
24.3844
24.769
25.3115
26.0642
27.0899
28.4487
23.7805
23.8317
23.9401
24.1177
24.3844
24.7689
25.3114
26.0642
27.0898
28.4487
23.7805
23.8317
23.94
24.1177
24.3843
24.7689
25.3114
26.0641
27.0897
28.4486
23.7805
23.8317
23.94
24.1176
24.3843
24.7689
25.3113
26.0641
27.0897
28.4486
23.7805
23.8317
23.94
24.1176
24.3843
24.7689
25.3113
26.0641
27.0897
28.4486
23.7804
23.8317
23.94
24.1176
24.3843
24.7689
25.3113
26.0641
27.0897
28.4486
23.7805
23.8317
23.94
24.1176
24.3843
24.7689
25.3113
26.0641
27.0897
28.4486
23.7805
23.8317
23.94
24.1177
24.3843
24.7689
25.3113
26.0641
27.0897
28.4486
23.7805
23.8317
23.9401
24.1177
24.3844
24.7689
25.3114
26.0642
27.0898
28.4487
23.7805
23.8318
23.9401
24.1178
24.3844
24.769
25.3114
26.0642
27.0898
28.4487
21.0091
21.0656
21.1849
21.38
21.6721
22.0933
22.6896
23.5255
24.6856
26.2615
21.0091
21.0656
21.1848
21.3799
21.6721
22.0932
22.6895
23.5254
24.6856
26.2614
21.0091
21.0656
21.1848
21.3799
21.672
22.0932
22.6895
23.5254
24.6855
26.2614
21.009
21.0655
21.1848
21.3798
21.672
22.0932
22.6895
23.5253
24.6855
26.2613
21.009
21.0655
21.1848
21.3798
21.672
22.0932
22.6895
23.5253
24.6855
26.2613
21.009
21.0655
21.1848
21.3798
21.672
22.0932
22.6895
23.5253
24.6855
26.2613
21.009
21.0655
21.1848
21.3798
21.672
22.0932
22.6895
23.5253
24.6855
26.2613
21.009
21.0655
21.1848
21.3799
21.672
22.0932
22.6895
23.5254
24.6855
26.2614
21.0091
21.0656
21.1848
21.3799
21.6721
22.0932
22.6895
23.5254
24.6856
26.2614
21.0091
21.0656
21.1849
21.3799
21.6721
22.0933
22.6896
23.5255
24.6856
26.2615
18.5009
18.5591
18.6816
18.8808
19.1777
19.6038
20.2075
21.0641
22.2945
24.0887
18.5008
18.559
18.6815
18.8808
19.1776
19.6037
20.2075
21.064
22.2945
24.0886
18.5008
18.559
18.6815
18.8807
19.1776
19.6037
20.2074
21.064
22.2944
24.0886
18.5008
18.559
18.6814
18.8807
19.1775
19.6037
20.2074
21.064
22.2944
24.0885
18.5008
18.559
18.6814
18.8807
19.1775
19.6037
20.2074
21.0639
22.2944
24.0885
18.5007
18.559
18.6814
18.8807
19.1775
19.6037
20.2074
21.0639
22.2944
24.0885
18.5008
18.559
18.6814
18.8807
19.1775
19.6037
20.2074
21.064
22.2944
24.0886
18.5008
18.559
18.6815
18.8807
19.1776
19.6037
20.2074
21.064
22.2944
24.0886
18.5008
18.559
18.6815
18.8808
19.1776
19.6037
20.2075
21.064
22.2945
24.0886
18.5008
18.5591
18.6815
18.8808
19.1777
19.6038
20.2075
21.0641
22.2945
24.0887
16.2431
16.2995
16.4175
16.6078
16.8878
17.2838
17.8365
18.6135
19.7508
21.606
16.2431
16.2995
16.4175
16.6078
16.8877
17.2838
17.8365
18.6135
19.7507
21.606
16.243
16.2995
16.4175
16.6077
16.8877
17.2838
17.8364
18.6134
19.7507
21.6059
16.243
16.2994
16.4174
16.6077
16.8877
17.2837
17.8364
18.6134
19.7506
21.6059
16.243
16.2994
16.4174
16.6077
16.8877
17.2837
17.8364
18.6134
19.7506
21.6059
16.243
16.2994
16.4174
16.6077
16.8877
17.2837
17.8364
18.6134
19.7506
21.6059
16.243
16.2994
16.4174
16.6077
16.8877
17.2837
17.8364
18.6134
19.7506
21.6059
16.243
16.2994
16.4174
16.6077
16.8877
17.2838
17.8365
18.6134
19.7507
21.6059
16.2431
16.2995
16.4175
16.6078
16.8877
17.2838
17.8365
18.6135
19.7507
21.606
16.2431
16.2995
16.4175
16.6078
16.8878
17.2839
17.8365
18.6135
19.7508
21.606
42.7733
42.6745
44.1391
46.9749
51.1788
56.8753
64.3233
73.9818
86.6854
104.11
42.7732
42.6745
44.139
46.9748
51.1786
56.8751
64.3232
73.9817
86.6853
104.11
42.7732
42.6744
44.139
46.9747
51.1786
56.8751
64.3231
73.9816
86.6852
104.11
42.7731
42.6744
44.1389
46.9747
51.1785
56.875
64.323
73.9816
86.6851
104.11
42.7731
42.6743
44.1389
46.9746
51.1785
56.875
64.323
73.9816
86.6851
104.11
42.7731
42.6743
44.1389
46.9746
51.1785
56.875
64.323
73.9815
86.6851
104.11
42.7731
42.6743
44.1389
46.9746
51.1785
56.875
64.323
73.9816
86.6851
104.11
42.7731
42.6744
44.1389
46.9747
51.1785
56.875
64.323
73.9816
86.6852
104.11
42.7732
42.6744
44.139
46.9747
51.1786
56.8751
64.3231
73.9817
86.6852
104.11
42.7732
42.6745
44.1391
46.9748
51.1787
56.8752
64.3232
73.9817
86.6853
104.11
41.0942
41.6558
43.357
46.2362
50.3529
55.8245
62.8438
71.6939
82.7413
96.283
41.0941
41.6557
43.3569
46.2361
50.3528
55.8244
62.8437
71.6937
82.7411
96.2829
41.094
41.6556
43.3568
46.2361
50.3527
55.8243
62.8436
71.6937
82.7411
96.2828
41.094
41.6556
43.3568
46.236
50.3526
55.8242
62.8435
71.6936
82.741
96.2828
41.094
41.6556
43.3567
46.236
50.3526
55.8242
62.8435
71.6936
82.741
96.2827
41.0939
41.6556
43.3567
46.236
50.3526
55.8242
62.8435
71.6936
82.741
96.2827
41.094
41.6556
43.3567
46.236
50.3526
55.8242
62.8435
71.6936
82.741
96.2828
41.094
41.6556
43.3568
46.236
50.3527
55.8242
62.8435
71.6936
82.741
96.2828
41.094
41.6557
43.3568
46.2361
50.3527
55.8243
62.8436
71.6937
82.7411
96.2829
41.0941
41.6557
43.3569
46.2362
50.3528
55.8244
62.8437
71.6938
82.7412
96.283
38.9566
40.0456
41.9869
44.8899
48.8385
53.9261
60.264
67.9654
77.0811
87.4167
38.9566
40.0455
41.9868
44.8898
48.8384
53.926
60.2639
67.9653
77.081
87.4166
38.9565
40.0454
41.9867
44.8897
48.8383
53.9259
60.2638
67.9652
77.0809
87.4165
38.9565
40.0454
41.9867
44.8896
48.8383
53.9259
60.2637
67.9651
77.0809
87.4165
38.9564
40.0454
41.9867
44.8896
48.8382
53.9259
60.2637
67.9651
77.0808
87.4164
38.9564
40.0454
41.9867
44.8896
48.8382
53.9259
60.2637
67.9651
77.0808
87.4164
38.9565
40.0454
41.9867
44.8896
48.8383
53.9259
60.2637
67.9651
77.0809
87.4164
38.9565
40.0454
41.9867
44.8897
48.8383
53.9259
60.2638
67.9652
77.0809
87.4165
38.9565
40.0455
41.9868
44.8897
48.8384
53.926
60.2638
67.9652
77.081
87.4166
38.9566
40.0455
41.9868
44.8898
48.8385
53.9261
60.2639
67.9653
77.0811
87.4167
36.6908
38.1346
40.2464
43.1271
46.8504
51.4762
57.0495
63.5781
70.9794
78.9824
36.6907
38.1345
40.2463
43.127
46.8503
51.4761
57.0494
63.578
70.9793
78.9823
36.6906
38.1345
40.2462
43.1269
46.8502
51.4761
57.0493
63.5779
70.9792
78.9822
36.6906
38.1344
40.2461
43.1269
46.8502
51.476
57.0493
63.5779
70.9792
78.9822
36.6906
38.1344
40.2461
43.1268
46.8501
51.476
57.0493
63.5779
70.9791
78.9821
36.6906
38.1344
40.2461
43.1268
46.8501
51.476
57.0493
63.5779
70.9791
78.9821
36.6906
38.1344
40.2461
43.1269
46.8501
51.476
57.0493
63.5779
70.9791
78.9822
36.6906
38.1345
40.2462
43.1269
46.8502
51.476
57.0493
63.5779
70.9792
78.9822
36.6907
38.1345
40.2462
43.127
46.8503
51.4761
57.0494
63.578
70.9793
78.9823
36.6907
38.1346
40.2463
43.1271
46.8504
51.4762
57.0495
63.5781
70.9794
78.9824
34.4244
36.1091
38.3279
41.1498
44.623
48.775
53.606
59.0712
65.0521
71.3196
34.4243
36.1091
38.3278
41.1497
44.6229
48.7749
53.6059
59.0711
65.052
71.3195
34.4243
36.109
38.3277
41.1496
44.6228
48.7749
53.6058
59.071
65.0519
71.3194
34.4242
36.109
38.3277
41.1496
44.6228
48.7748
53.6057
59.0709
65.0519
71.3193
34.4242
36.1089
38.3277
41.1495
44.6227
48.7748
53.6057
59.0709
65.0518
71.3193
34.4242
36.1089
38.3277
41.1495
44.6227
48.7748
53.6057
59.0709
65.0518
71.3193
34.4242
36.1089
38.3277
41.1496
44.6228
48.7748
53.6057
59.0709
65.0518
71.3193
34.4243
36.109
38.3277
41.1496
44.6228
48.7749
53.6058
59.071
65.0519
71.3194
34.4243
36.109
38.3278
41.1497
44.6229
48.7749
53.6059
59.0711
65.052
71.3195
34.4244
36.1091
38.3279
41.1498
44.623
48.775
53.606
59.0712
65.0521
71.3196
32.2323
34.1024
36.3958
39.1468
42.377
46.0877
50.2505
54.7974
59.6102
64.5176
32.2322
34.1023
36.3957
39.1467
42.3769
46.0876
50.2504
54.7973
59.6101
64.5175
32.2322
34.1022
36.3957
39.1466
42.3768
46.0875
50.2503
54.7972
59.61
64.5174
32.2321
34.1022
36.3956
39.1466
42.3768
46.0874
50.2503
54.7971
59.6099
64.5174
32.2321
34.1022
36.3956
39.1466
42.3768
46.0874
50.2502
54.7971
59.6099
64.5174
32.2321
34.1022
36.3956
39.1466
42.3768
46.0874
50.2502
54.7971
59.6099
64.5174
32.2321
34.1022
36.3956
39.1466
42.3768
46.0874
50.2503
54.7971
59.6099
64.5174
32.2322
34.1022
36.3957
39.1466
42.3768
46.0875
50.2503
54.7972
59.61
64.5174
32.2322
34.1023
36.3957
39.1467
42.3769
46.0876
50.2504
54.7973
59.6101
64.5175
32.2323
34.1024
36.3958
39.1468
42.377
46.0877
50.2505
54.7974
59.6102
64.5177
30.1699
32.222
34.5927
37.2869
40.3071
43.6366
47.2286
51.0011
54.8395
58.615
30.1698
32.2219
34.5926
37.2868
40.307
43.6365
47.2285
51.001
54.8394
58.6148
30.1698
32.2219
34.5925
37.2867
40.3069
43.6364
47.2284
51.0009
54.8393
58.6148
30.1697
32.2218
34.5925
37.2867
40.3069
43.6364
47.2284
51.0009
54.8393
58.6147
30.1697
32.2218
34.5924
37.2866
40.3069
43.6363
47.2283
51.0008
54.8392
58.6147
30.1697
32.2218
34.5924
37.2866
40.3069
43.6363
47.2283
51.0008
54.8392
58.6147
30.1697
32.2218
34.5925
37.2867
40.3069
43.6364
47.2284
51.0009
54.8393
58.6147
30.1698
32.2219
34.5925
37.2867
40.3069
43.6364
47.2284
51.0009
54.8393
58.6148
30.1698
32.2219
34.5926
37.2868
40.307
43.6365
47.2285
51.001
54.8394
58.6148
30.1699
32.222
34.5927
37.2869
40.3071
43.6366
47.2286
51.0011
54.8395
58.615
28.2844
30.5681
33.048
35.7191
38.5803
41.6069
44.7386
47.8762
50.8904
53.6568
28.2844
30.568
33.0479
35.719
38.5802
41.6068
44.7385
47.8761
50.8903
53.6567
28.2843
30.568
33.0478
35.719
38.5801
41.6067
44.7384
47.876
50.8902
53.6566
28.2843
30.5679
33.0478
35.7189
38.5801
41.6067
44.7384
47.876
50.8902
53.6565
28.2843
30.5679
33.0478
35.7189
38.5801
41.6066
44.7384
47.876
50.8902
53.6565
28.2843
30.5679
33.0478
35.7189
38.5801
41.6066
44.7384
47.876
50.8902
53.6565
28.2843
30.5679
33.0478
35.7189
38.5801
41.6067
44.7384
47.876
50.8902
53.6565
28.2843
30.568
33.0479
35.719
38.5801
41.6067
44.7384
47.8761
50.8903
53.6566
28.2844
30.568
33.0479
35.719
38.5802
41.6068
44.7385
47.8761
50.8903
53.6567
28.2844
30.5681
33.048
35.7191
38.5803
41.6069
44.7386
47.8762
50.8904
53.6568
26.6376
29.2566
31.8893
34.5753
37.3363
40.1516
42.9501
45.606
47.94
49.7461
26.6376
29.2565
31.8892
34.5752
37.3362
40.1515
42.95
45.6059
47.9399
49.746
26.6375
29.2564
31.8891
34.5751
37.3362
40.1515
42.9499
45.6058
47.9398
49.7459
26.6375
29.2564
31.8891
34.5751
37.3361
40.1514
42.9499
45.6058
47.9397
49.7459
26.6375
29.2564
31.8891
34.5751
37.3361
40.1514
42.9498
45.6058
47.9397
49.7459
26.6375
29.2564
31.8891
34.5751
37.3361
40.1514
42.9499
45.6058
47.9397
49.7459
26.6375
29.2564
31.8891
34.5751
37.3361
40.1514
42.9499
45.6058
47.9398
49.7459
26.6375
29.2564
31.8891
34.5751
37.3362
40.1515
42.9499
45.6059
47.9398
49.746
26.6376
29.2565
31.8892
34.5752
37.3363
40.1516
42.95
45.6059
47.9399
49.746
26.6377
29.2566
31.8893
34.5753
37.3363
40.1517
42.9501
45.606
47.94
49.7462
25.4096
28.4631
31.2498
33.9667
36.6831
39.3893
42.0074
44.3838
46.261
47.1982
25.4095
28.463
31.2498
33.9666
36.683
39.3893
42.0074
44.3838
46.2609
47.1981
25.4095
28.463
31.2497
33.9666
36.683
39.3892
42.0073
44.3837
46.2609
47.198
25.4095
28.463
31.2497
33.9665
36.6829
39.3892
42.0073
44.3837
46.2608
47.198
25.4094
28.4629
31.2497
33.9665
36.6829
39.3891
42.0072
44.3836
46.2608
47.1979
25.4094
28.4629
31.2497
33.9665
36.6829
39.3892
42.0072
44.3836
46.2608
47.1979
25.4095
28.463
31.2497
33.9665
36.6829
39.3892
42.0073
44.3837
46.2608
47.198
25.4095
28.463
31.2497
33.9666
36.683
39.3892
42.0073
44.3837
46.2609
47.198
25.4095
28.4631
31.2498
33.9667
36.6831
39.3893
42.0074
44.3838
46.261
47.1981
25.4096
28.4631
31.2499
33.9667
36.6832
39.3894
42.0075
44.3839
46.2611
47.1982
130.153
142.631
150.346
155.793
159.853
162.922
165.209
166.839
167.889
168.403
130.153
142.631
150.346
155.793
159.853
162.922
165.208
166.839
167.889
168.403
130.153
142.63
150.346
155.793
159.853
162.921
165.208
166.839
167.889
168.403
130.153
142.63
150.346
155.793
159.853
162.921
165.208
166.839
167.889
168.403
130.153
142.63
150.346
155.793
159.853
162.921
165.208
166.839
167.889
168.403
130.153
142.63
150.346
155.793
159.853
162.921
165.208
166.839
167.889
168.403
130.153
142.63
150.346
155.793
159.853
162.921
165.208
166.839
167.889
168.403
130.153
142.63
150.346
155.793
159.853
162.921
165.208
166.839
167.889
168.403
130.153
142.631
150.346
155.793
159.853
162.922
165.209
166.839
167.889
168.403
130.153
142.631
150.346
155.793
159.853
162.922
165.209
166.839
167.889
168.403
111.658
122.884
130.869
136.703
141.061
144.338
146.766
148.489
149.595
150.135
111.658
122.884
130.869
136.702
141.061
144.338
146.766
148.488
149.594
150.135
111.658
122.884
130.869
136.702
141.061
144.338
146.766
148.488
149.594
150.135
111.658
122.884
130.869
136.702
141.061
144.338
146.766
148.488
149.594
150.135
111.658
122.884
130.869
136.702
141.061
144.338
146.766
148.488
149.594
150.135
111.658
122.884
130.869
136.702
141.061
144.338
146.766
148.488
149.594
150.135
111.658
122.884
130.869
136.702
141.061
144.338
146.766
148.488
149.594
150.135
111.658
122.884
130.869
136.702
141.061
144.338
146.766
148.488
149.594
150.135
111.658
122.884
130.869
136.702
141.061
144.338
146.766
148.489
149.594
150.135
111.658
122.884
130.869
136.703
141.061
144.338
146.766
148.489
149.595
150.136
98.1169
107.194
114.366
119.919
124.191
127.449
129.88
131.611
132.723
133.268
98.1168
107.194
114.366
119.918
124.191
127.449
129.88
131.61
132.723
133.268
98.1167
107.194
114.366
119.918
124.191
127.449
129.88
131.61
132.723
133.268
98.1167
107.194
114.366
119.918
124.191
127.449
129.88
131.61
132.723
133.268
98.1166
107.194
114.366
119.918
124.191
127.449
129.88
131.61
132.723
133.268
98.1166
107.194
114.366
119.918
124.191
127.449
129.88
131.61
132.723
133.268
98.1167
107.194
114.366
119.918
124.191
127.449
129.88
131.61
132.723
133.268
98.1167
107.194
114.366
119.918
124.191
127.449
129.88
131.61
132.723
133.268
98.1168
107.194
114.366
119.918
124.191
127.449
129.88
131.61
132.723
133.268
98.1169
107.194
114.366
119.919
124.191
127.449
129.88
131.611
132.723
133.268
87.0097
94.2337
100.317
105.259
109.187
112.247
114.56
116.22
117.294
117.82
87.0096
94.2336
100.316
105.259
109.187
112.246
114.56
116.22
117.293
117.82
87.0095
94.2335
100.316
105.258
109.187
112.246
114.56
116.22
117.293
117.82
87.0095
94.2335
100.316
105.258
109.187
112.246
114.56
116.22
117.293
117.82
87.0094
94.2334
100.316
105.258
109.187
112.246
114.56
116.22
117.293
117.82
87.0094
94.2334
100.316
105.258
109.187
112.246
114.56
116.22
117.293
117.82
87.0095
94.2335
100.316
105.258
109.187
112.246
114.56
116.22
117.293
117.82
87.0095
94.2335
100.316
105.259
109.187
112.246
114.56
116.22
117.293
117.82
87.0096
94.2336
100.316
105.259
109.187
112.247
114.56
116.22
117.293
117.82
87.0097
94.2337
100.317
105.259
109.187
112.247
114.56
116.22
117.294
117.82
77.518
83.2404
88.2457
92.461
95.9102
98.6553
100.764
102.293
103.289
103.779
77.5179
83.2403
88.2456
92.4608
95.9101
98.6551
100.763
102.293
103.289
103.779
77.5178
83.2402
88.2455
92.4608
95.91
98.6551
100.763
102.293
103.289
103.779
77.5177
83.2401
88.2454
92.4607
95.9099
98.655
100.763
102.293
103.289
103.779
77.5177
83.2401
88.2454
92.4607
95.9099
98.655
100.763
102.293
103.289
103.779
77.5177
83.2401
88.2454
92.4607
95.9099
98.655
100.763
102.293
103.289
103.779
77.5177
83.2401
88.2454
92.4607
95.9099
98.655
100.763
102.293
103.289
103.779
77.5178
83.2402
88.2455
92.4608
95.91
98.6551
100.763
102.293
103.289
103.779
77.5179
83.2403
88.2456
92.4609
95.9101
98.6552
100.763
102.293
103.289
103.779
77.518
83.2404
88.2457
92.461
95.9102
98.6553
100.764
102.293
103.289
103.779
69.3109
73.7869
77.7999
81.2748
84.1918
86.5628
88.4139
89.7731
90.6649
91.1063
69.3107
73.7868
77.7998
81.2747
84.1917
86.5627
88.4137
89.773
90.6647
91.1063
69.3107
73.7867
77.7997
81.2746
84.1916
86.5626
88.4136
89.7729
90.6647
91.1062
69.3106
73.7866
77.7996
81.2746
84.1915
86.5626
88.4136
89.7728
90.6646
91.1061
69.3106
73.7866
77.7996
81.2745
84.1915
86.5625
88.4136
89.7728
90.6646
91.1061
69.3106
73.7866
77.7996
81.2745
84.1915
86.5625
88.4136
89.7728
90.6646
91.1061
69.3106
73.7866
77.7996
81.2746
84.1915
86.5626
88.4136
89.7729
90.6646
91.1062
69.3107
73.7867
77.7997
81.2746
84.1916
86.5626
88.4137
89.7729
90.6647
91.1062
69.3108
73.7868
77.7998
81.2747
84.1917
86.5627
88.4138
89.773
90.6648
91.1063
69.3109
73.7869
77.7999
81.2749
84.1918
86.5629
88.4139
89.7732
90.6649
91.1065
62.222
65.6112
68.7185
71.4832
73.8644
75.8427
77.4141
78.583
79.3568
79.7418
62.2219
65.6111
68.7184
71.4831
73.8643
75.8426
77.414
78.5829
79.3566
79.7417
62.2218
65.611
68.7183
71.483
73.8642
75.8425
77.4139
78.5828
79.3566
79.7416
62.2218
65.6109
68.7182
71.4829
73.8641
75.8424
77.4139
78.5828
79.3565
79.7416
62.2217
65.6109
68.7182
71.4829
73.8641
75.8424
77.4138
78.5828
79.3565
79.7416
62.2217
65.6109
68.7182
71.4829
73.8641
75.8424
77.4138
78.5828
79.3565
79.7416
62.2218
65.6109
68.7183
71.4829
73.8641
75.8425
77.4139
78.5828
79.3565
79.7416
62.2218
65.611
68.7183
71.483
73.8642
75.8425
77.4139
78.5829
79.3566
79.7417
62.2219
65.6111
68.7184
71.4831
73.8643
75.8426
77.414
78.583
79.3567
79.7418
62.222
65.6112
68.7185
71.4832
73.8644
75.8427
77.4142
78.5831
79.3568
79.7419
56.1416
58.52
60.7929
62.8972
64.7698
66.366
67.6588
68.6343
69.2862
69.6124
56.1415
58.5199
60.7927
62.897
64.7697
66.3659
67.6587
68.6341
69.2861
69.6124
56.1414
58.5198
60.7927
62.897
64.7696
66.3658
67.6586
68.6341
69.286
69.6123
56.1414
58.5197
60.7926
62.8969
64.7696
66.3658
67.6586
68.634
69.286
69.6123
56.1414
58.5197
60.7926
62.8969
64.7696
66.3657
67.6585
68.634
69.2859
69.6122
56.1414
58.5197
60.7926
62.8969
64.7696
66.3658
67.6586
68.634
69.2859
69.6122
56.1414
58.5197
60.7926
62.8969
64.7696
66.3658
67.6586
68.634
69.286
69.6123
56.1415
58.5198
60.7927
62.897
64.7697
66.3659
67.6587
68.6341
69.2861
69.6124
56.1415
58.5199
60.7928
62.8971
64.7698
66.3659
67.6587
68.6342
69.2861
69.6125
56.1417
58.52
60.7929
62.8972
64.7699
66.3661
67.6589
68.6343
69.2863
69.6126
50.9454
52.3214
53.8315
55.3461
56.7618
58.0086
59.0415
59.8333
60.3681
60.6374
50.9453
52.3213
53.8314
55.3459
56.7617
58.0085
59.0414
59.8332
60.368
60.6373
50.9452
52.3212
53.8313
55.3459
56.7616
58.0084
59.0413
59.8331
60.3679
60.6372
50.9451
52.3212
53.8312
55.3458
56.7616
58.0083
59.0413
59.8331
60.3679
60.6372
50.9451
52.3212
53.8312
55.3458
56.7616
58.0083
59.0413
59.8331
60.3679
60.6372
50.9451
52.3212
53.8312
55.3458
56.7616
58.0083
59.0413
59.8331
60.3679
60.6372
50.9451
52.3212
53.8312
55.3458
56.7616
58.0084
59.0413
59.8331
60.3679
60.6372
50.9452
52.3213
53.8313
55.3459
56.7617
58.0084
59.0414
59.8332
60.368
60.6373
50.9453
52.3213
53.8314
55.346
56.7617
58.0085
59.0415
59.8333
60.3681
60.6374
50.9454
52.3215
53.8315
55.3461
56.7619
58.0086
59.0416
59.8334
60.3682
60.6375
46.3348
46.7577
47.6404
48.6745
49.7091
50.6562
51.4607
52.0879
52.5163
52.7333
46.3347
46.7576
47.6403
48.6744
49.709
50.656
51.4606
52.0878
52.5162
52.7332
46.3346
46.7575
47.6402
48.6744
49.7089
50.656
51.4605
52.0878
52.5161
52.7331
46.3346
46.7575
47.6401
48.6743
49.7089
50.6559
51.4605
52.0877
52.516
52.7331
46.3345
46.7574
47.6401
48.6743
49.7089
50.6559
51.4605
52.0877
52.516
52.7331
46.3345
46.7574
47.6401
48.6743
49.7089
50.6559
51.4605
52.0877
52.516
52.7331
46.3346
46.7575
47.6401
48.6743
49.7089
50.6559
51.4605
52.0877
52.5161
52.7331
46.3346
46.7575
47.6402
48.6744
49.709
50.656
51.4606
52.0878
52.5161
52.7332
46.3347
46.7576
47.6403
48.6745
49.709
50.6561
51.4607
52.0879
52.5162
52.7333
46.3348
46.7577
47.6404
48.6746
49.7092
50.6562
51.4608
52.088
52.5164
52.7334
406.393
406.413
406.449
406.498
406.552
406.608
406.658
406.7
406.729
406.744
406.393
406.413
406.449
406.498
406.552
406.608
406.658
406.7
406.729
406.744
406.393
406.413
406.449
406.498
406.552
406.608
406.658
406.7
406.729
406.744
406.393
406.413
406.449
406.498
406.552
406.608
406.658
406.7
406.729
406.744
406.393
406.413
406.449
406.498
406.552
406.608
406.658
406.7
406.729
406.744
406.393
406.413
406.449
406.498
406.552
406.608
406.658
406.7
406.729
406.744
406.393
406.413
406.449
406.498
406.552
406.608
406.658
406.7
406.729
406.744
406.393
406.413
406.449
406.498
406.552
406.608
406.658
406.7
406.729
406.744
406.393
406.413
406.449
406.498
406.552
406.608
406.658
406.7
406.729
406.744
406.393
406.413
406.449
406.498
406.552
406.608
406.658
406.7
406.729
406.744
379.213
379.274
379.389
379.54
379.711
379.882
380.039
380.166
380.257
380.303
379.213
379.274
379.389
379.54
379.711
379.882
380.039
380.166
380.257
380.303
379.213
379.274
379.389
379.54
379.711
379.882
380.039
380.166
380.257
380.303
379.213
379.274
379.389
379.54
379.711
379.882
380.038
380.166
380.257
380.303
379.213
379.274
379.389
379.54
379.711
379.882
380.038
380.166
380.257
380.303
379.213
379.274
379.389
379.54
379.711
379.882
380.038
380.166
380.257
380.303
379.213
379.274
379.389
379.54
379.711
379.882
380.038
380.166
380.257
380.303
379.213
379.274
379.389
379.54
379.711
379.882
380.038
380.166
380.257
380.303
379.213
379.274
379.389
379.54
379.711
379.882
380.039
380.166
380.257
380.303
379.213
379.274
379.389
379.54
379.711
379.882
380.039
380.166
380.257
380.303
352.131
352.244
352.451
352.725
353.03
353.334
353.609
353.833
353.99
354.071
352.131
352.244
352.451
352.725
353.03
353.334
353.609
353.833
353.99
354.071
352.131
352.243
352.451
352.725
353.03
353.334
353.609
353.833
353.99
354.071
352.131
352.243
352.451
352.725
353.03
353.334
353.609
353.833
353.99
354.071
352.131
352.243
352.451
352.725
353.03
353.334
353.609
353.833
353.99
354.071
352.131
352.243
352.451
352.725
353.03
353.334
353.609
353.833
353.99
354.071
352.131
352.243
352.451
352.725
353.03
353.334
353.609
353.833
353.99
354.071
352.131
352.243
352.451
352.725
353.03
353.334
353.609
353.833
353.99
354.071
352.131
352.243
352.451
352.725
353.03
353.334
353.609
353.833
353.99
354.071
352.131
352.244
352.451
352.725
353.03
353.334
353.609
353.833
353.99
354.071
325.2
325.381
325.712
326.142
326.616
327.081
327.498
327.834
328.069
328.189
325.2
325.381
325.712
326.142
326.615
327.081
327.498
327.834
328.068
328.189
325.2
325.381
325.712
326.142
326.615
327.081
327.497
327.834
328.068
328.189
325.2
325.381
325.712
326.142
326.615
327.081
327.497
327.834
328.068
328.189
325.2
325.381
325.712
326.142
326.615
327.081
327.497
327.834
328.068
328.189
325.2
325.381
325.712
326.142
326.615
327.081
327.497
327.834
328.068
328.189
325.2
325.381
325.712
326.142
326.615
327.081
327.497
327.834
328.068
328.189
325.2
325.381
325.712
326.142
326.615
327.081
327.497
327.834
328.068
328.189
325.2
325.381
325.712
326.142
326.615
327.081
327.497
327.834
328.068
328.189
325.2
325.381
325.712
326.142
326.615
327.081
327.498
327.834
328.069
328.189
298.449
298.73
299.236
299.88
300.574
301.244
301.833
302.304
302.63
302.796
298.449
298.73
299.236
299.879
300.574
301.243
301.833
302.304
302.63
302.796
298.449
298.73
299.236
299.879
300.573
301.243
301.833
302.304
302.63
302.796
298.449
298.73
299.236
299.879
300.573
301.243
301.833
302.304
302.63
302.796
298.449
298.73
299.236
299.879
300.573
301.243
301.833
302.304
302.63
302.796
298.449
298.73
299.236
299.879
300.573
301.243
301.833
302.304
302.63
302.796
298.449
298.73
299.236
299.879
300.573
301.243
301.833
302.304
302.63
302.796
298.449
298.73
299.236
299.879
300.573
301.243
301.833
302.304
302.63
302.796
298.449
298.73
299.236
299.879
300.573
301.243
301.833
302.304
302.63
302.796
298.449
298.73
299.236
299.88
300.574
301.244
301.833
302.304
302.63
302.796
271.87
272.309
273.076
274.023
275.013
275.945
276.749
277.381
277.813
278.033
271.87
272.309
273.076
274.023
275.013
275.945
276.749
277.381
277.813
278.033
271.87
272.309
273.076
274.023
275.013
275.945
276.749
277.38
277.813
278.033
271.87
272.309
273.076
274.023
275.013
275.945
276.749
277.38
277.813
278.033
271.87
272.309
273.076
274.023
275.013
275.945
276.749
277.38
277.813
278.033
271.87
272.309
273.076
274.023
275.013
275.945
276.749
277.38
277.813
278.033
271.87
272.309
273.076
274.023
275.013
275.945
276.749
277.38
277.813
278.033
271.87
272.309
273.076
274.023
275.013
275.945
276.749
277.38
277.813
278.033
271.87
272.309
273.076
274.023
275.013
275.945
276.749
277.381
277.813
278.033
271.87
272.309
273.076
274.023
275.013
275.945
276.749
277.381
277.813
278.033
245.388
246.096
247.276
248.663
250.054
251.32
252.384
253.204
253.759
254.039
245.388
246.096
247.276
248.663
250.054
251.32
252.384
253.204
253.759
254.039
245.388
246.096
247.276
248.663
250.054
251.32
252.384
253.204
253.759
254.039
245.388
246.096
247.276
248.663
250.054
251.32
252.384
253.204
253.759
254.039
245.388
246.096
247.276
248.663
250.054
251.32
252.384
253.204
253.759
254.039
245.388
246.096
247.276
248.663
250.054
251.32
252.384
253.204
253.759
254.039
245.388
246.096
247.276
248.663
250.054
251.32
252.384
253.204
253.759
254.039
245.388
246.096
247.276
248.663
250.054
251.32
252.384
253.204
253.759
254.039
245.388
246.096
247.276
248.663
250.054
251.32
252.384
253.204
253.759
254.039
245.388
246.096
247.276
248.663
250.054
251.32
252.384
253.204
253.76
254.039
218.809
220.023
221.883
223.914
225.839
227.518
228.886
229.919
230.608
230.952
218.809
220.023
221.882
223.914
225.839
227.518
228.886
229.919
230.608
230.952
218.809
220.023
221.882
223.914
225.839
227.518
228.886
229.919
230.608
230.952
218.809
220.023
221.882
223.914
225.839
227.518
228.886
229.919
230.608
230.952
218.809
220.023
221.882
223.914
225.839
227.518
228.886
229.919
230.608
230.952
218.809
220.023
221.882
223.914
225.839
227.518
228.886
229.919
230.608
230.952
218.809
220.023
221.882
223.914
225.839
227.518
228.886
229.919
230.608
230.952
218.809
220.023
221.882
223.914
225.839
227.518
228.886
229.919
230.608
230.952
218.809
220.023
221.882
223.914
225.839
227.518
228.886
229.919
230.608
230.952
218.809
220.023
221.883
223.914
225.839
227.518
228.886
229.919
230.608
230.953
191.689
193.979
196.995
199.952
202.555
204.713
206.414
207.67
208.496
208.905
191.689
193.979
196.994
199.952
202.555
204.713
206.414
207.67
208.496
208.905
191.689
193.978
196.994
199.952
202.554
204.713
206.414
207.67
208.496
208.905
191.689
193.978
196.994
199.952
202.554
204.713
206.414
207.67
208.496
208.905
191.689
193.978
196.994
199.952
202.554
204.713
206.414
207.67
208.496
208.905
191.689
193.978
196.994
199.952
202.554
204.713
206.414
207.67
208.496
208.905
191.689
193.978
196.994
199.952
202.554
204.713
206.414
207.67
208.496
208.905
191.689
193.978
196.994
199.952
202.554
204.713
206.414
207.67
208.496
208.905
191.689
193.979
196.994
199.952
202.555
204.713
206.414
207.67
208.496
208.905
191.689
193.979
196.995
199.952
202.555
204.713
206.414
207.67
208.496
208.906
163.004
167.935
172.896
177.079
180.453
183.109
185.135
186.6
187.552
188.021
163.004
167.935
172.896
177.079
180.453
183.109
185.135
186.6
187.552
188.021
163.004
167.935
172.896
177.079
180.453
183.109
185.135
186.6
187.552
188.02
163.004
167.935
172.895
177.079
180.453
183.108
185.135
186.6
187.552
188.02
163.004
167.935
172.895
177.079
180.453
183.108
185.135
186.6
187.552
188.02
163.004
167.935
172.895
177.079
180.453
183.108
185.135
186.6
187.552
188.02
163.004
167.935
172.895
177.079
180.453
183.108
185.135
186.6
187.552
188.02
163.004
167.935
172.896
177.079
180.453
183.109
185.135
186.6
187.552
188.02
163.004
167.935
172.896
177.079
180.453
183.109
185.135
186.6
187.552
188.021
163.004
167.935
172.896
177.079
180.453
183.109
185.135
186.6
187.552
188.021
14.2249
14.2766
14.3839
14.5545
14.8003
15.1375
15.586
16.1654
16.8747
17.5933
14.2249
14.2766
14.3839
14.5544
14.8002
15.1374
15.5859
16.1654
16.8747
17.5933
14.2249
14.2766
14.3838
14.5544
14.8002
15.1374
15.5859
16.1653
16.8747
17.5933
14.2249
14.2765
14.3838
14.5544
14.8002
15.1374
15.5859
16.1653
16.8746
17.5933
14.2248
14.2765
14.3838
14.5544
14.8002
15.1373
15.5858
16.1653
16.8746
17.5932
14.2248
14.2765
14.3838
14.5544
14.8002
15.1373
15.5858
16.1653
16.8746
17.5932
14.2248
14.2765
14.3838
14.5544
14.8002
15.1374
15.5859
16.1653
16.8746
17.5933
14.2249
14.2766
14.3838
14.5544
14.8002
15.1374
15.5859
16.1653
16.8747
17.5933
14.2249
14.2766
14.3839
14.5544
14.8002
15.1374
15.5859
16.1654
16.8747
17.5933
14.2249
14.2766
14.3839
14.5545
14.8003
15.1375
15.586
16.1654
16.8748
17.5934
12.4372
12.4822
12.5749
12.7196
12.9228
13.1909
13.5274
13.9239
14.3408
14.6643
12.4371
12.4822
12.5748
12.7196
12.9228
13.1909
13.5273
13.9239
14.3408
14.6642
12.4371
12.4822
12.5748
12.7195
12.9227
13.1909
13.5273
13.9238
14.3407
14.6642
12.4371
12.4822
12.5748
12.7195
12.9227
13.1908
13.5273
13.9238
14.3407
14.6642
12.4371
12.4822
12.5748
12.7195
12.9227
13.1908
13.5272
13.9238
14.3407
14.6642
12.4371
12.4822
12.5748
12.7195
12.9227
13.1908
13.5273
13.9238
14.3407
14.6642
12.4371
12.4822
12.5748
12.7195
12.9227
13.1908
13.5273
13.9238
14.3407
14.6642
12.4371
12.4822
12.5748
12.7195
12.9227
13.1909
13.5273
13.9238
14.3408
14.6642
12.4371
12.4822
12.5748
12.7196
12.9228
13.1909
13.5273
13.9239
14.3408
14.6643
12.4372
12.4822
12.5749
12.7196
12.9228
13.1909
13.5274
13.9239
14.3408
14.6643
10.8719
10.9096
10.9861
11.1036
11.2641
11.4676
11.709
11.9722
12.2197
12.3846
10.8719
10.9095
10.9861
11.1036
11.264
11.4675
11.709
11.9721
12.2197
12.3846
10.8718
10.9095
10.9861
11.1036
11.264
11.4675
11.709
11.9721
12.2197
12.3846
10.8718
10.9095
10.9861
11.1036
11.264
11.4675
11.709
11.9721
12.2196
12.3846
10.8718
10.9095
10.986
11.1036
11.264
11.4675
11.709
11.9721
12.2196
12.3846
10.8718
10.9095
10.986
11.1036
11.264
11.4675
11.709
11.9721
12.2196
12.3846
10.8718
10.9095
10.9861
11.1036
11.264
11.4675
11.709
11.9721
12.2197
12.3846
10.8718
10.9095
10.9861
11.1036
11.264
11.4675
11.709
11.9721
12.2197
12.3846
10.8719
10.9095
10.9861
11.1036
11.264
11.4675
11.709
11.9722
12.2197
12.3846
10.8719
10.9096
10.9861
11.1037
11.2641
11.4676
11.7091
11.9722
12.2198
12.3847
9.52201
9.55242
9.6136
9.70579
9.82837
9.97832
10.1479
10.3216
10.4728
10.5651
9.52198
9.55239
9.61356
9.70576
9.82834
9.97828
10.1479
10.3215
10.4728
10.565
9.52195
9.55236
9.61354
9.70573
9.82831
9.97826
10.1479
10.3215
10.4727
10.565
9.52194
9.55234
9.61352
9.70572
9.82829
9.97824
10.1478
10.3215
10.4727
10.565
9.52193
9.55234
9.61351
9.70571
9.82829
9.97823
10.1478
10.3215
10.4727
10.565
9.52193
9.55234
9.61351
9.70571
9.82829
9.97823
10.1478
10.3215
10.4727
10.565
9.52193
9.55234
9.61352
9.70572
9.8283
9.97825
10.1478
10.3215
10.4727
10.565
9.52195
9.55236
9.61354
9.70574
9.82832
9.97827
10.1479
10.3215
10.4727
10.565
9.52197
9.55238
9.61356
9.70576
9.82835
9.97829
10.1479
10.3216
10.4728
10.5651
9.522
9.55242
9.6136
9.7058
9.82838
9.97833
10.1479
10.3216
10.4728
10.5651
8.38081
8.40473
8.4524
8.52304
8.61476
8.72347
8.84166
8.95707
9.05236
9.10758
8.38078
8.4047
8.45236
8.52301
8.61473
8.72344
8.84163
8.95704
9.05233
9.10756
8.38075
8.40468
8.45234
8.52299
8.6147
8.72342
8.84161
8.95702
9.05231
9.10754
8.38074
8.40466
8.45232
8.52297
8.61469
8.7234
8.84159
8.957
9.05229
9.10753
8.38073
8.40465
8.45232
8.52296
8.61468
8.72339
8.84159
8.957
9.05229
9.10752
8.38073
8.40465
8.45232
8.52296
8.61468
8.7234
8.84159
8.957
9.05229
9.10753
8.38074
8.40466
8.45233
8.52297
8.61469
8.72341
8.8416
8.95701
9.0523
9.10754
8.38075
8.40468
8.45234
8.52299
8.61471
8.72343
8.84162
8.95703
9.05233
9.10756
8.38077
8.4047
8.45237
8.52302
8.61474
8.72345
8.84165
8.95706
9.05235
9.10759
8.3808
8.40473
8.4524
8.52305
8.61477
8.72349
8.84168
8.9571
9.05239
9.10763
7.44187
7.46041
7.49702
7.55048
7.61846
7.69694
7.77958
7.85743
7.91938
7.95416
7.44184
7.46038
7.49699
7.55045
7.61843
7.6969
7.77955
7.8574
7.91935
7.95414
7.44182
7.46036
7.49696
7.55043
7.61841
7.69688
7.77952
7.85738
7.91933
7.95412
7.4418
7.46034
7.49695
7.55041
7.61839
7.69687
7.77951
7.85737
7.91932
7.95411
7.4418
7.46033
7.49694
7.55041
7.61839
7.69686
7.77951
7.85736
7.91932
7.95411
7.4418
7.46033
7.49694
7.55041
7.61839
7.69686
7.77951
7.85736
7.91932
7.95411
7.44181
7.46034
7.49695
7.55042
7.6184
7.69687
7.77952
7.85738
7.91933
7.95412
7.44182
7.46036
7.49697
7.55043
7.61842
7.69689
7.77954
7.8574
7.91935
7.95414
7.44184
7.46038
7.49699
7.55046
7.61844
7.69692
7.77956
7.85742
7.91938
7.95417
7.44186
7.46041
7.49702
7.55049
7.61848
7.69695
7.7796
7.85746
7.91941
7.95421
6.69919
6.71353
6.74165
6.78218
6.83282
6.89
6.94872
7.00255
7.04427
7.06723
6.69916
6.7135
6.74162
6.78215
6.83279
6.88997
6.94869
7.00252
7.04425
7.06721
6.69914
6.71348
6.74159
6.78213
6.83277
6.88995
6.94867
7.0025
7.04423
7.0672
6.69913
6.71347
6.74158
6.78211
6.83275
6.88994
6.94865
7.00249
7.04422
7.06719
6.69912
6.71346
6.74158
6.78211
6.83275
6.88993
6.94865
7.00248
7.04421
7.06718
6.69912
6.71346
6.74158
6.78211
6.83275
6.88994
6.94865
7.00248
7.04422
7.06719
6.69913
6.71347
6.74158
6.78212
6.83276
6.88995
6.94866
7.00249
7.04423
7.0672
6.69914
6.71349
6.7416
6.78213
6.83278
6.88996
6.94868
7.00251
7.04425
7.06722
6.69916
6.71351
6.74162
6.78216
6.8328
6.88999
6.94871
7.00254
7.04427
7.06724
6.69918
6.71354
6.74165
6.78219
6.83283
6.89002
6.94874
7.00257
7.04431
7.06728
6.14742
6.15873
6.18076
6.21219
6.25089
6.29382
6.33703
6.37584
6.40537
6.4214
6.14739
6.1587
6.18073
6.21216
6.25086
6.29379
6.337
6.37582
6.40535
6.42138
6.14737
6.15868
6.18071
6.21214
6.25084
6.29377
6.33698
6.3758
6.40533
6.42137
6.14736
6.15867
6.1807
6.21213
6.25083
6.29376
6.33697
6.37579
6.40532
6.42136
6.14735
6.15866
6.18069
6.21212
6.25082
6.29376
6.33697
6.37578
6.40532
6.42135
6.14735
6.15866
6.1807
6.21212
6.25082
6.29376
6.33697
6.37579
6.40532
6.42136
6.14736
6.15867
6.1807
6.21213
6.25083
6.29377
6.33698
6.3758
6.40533
6.42137
6.14737
6.15868
6.18072
6.21215
6.25085
6.29378
6.337
6.37582
6.40535
6.42139
6.14739
6.1587
6.18074
6.21217
6.25087
6.29381
6.33702
6.37584
6.40538
6.42141
6.14741
6.15873
6.18077
6.2122
6.2509
6.29384
6.33706
6.37587
6.40541
6.42144
5.78217
5.79153
5.80968
5.83536
5.86663
5.90087
5.93483
5.9649
5.98748
5.99962
5.78215
5.79151
5.80966
5.83533
5.8666
5.90084
5.93481
5.96487
5.98745
5.9996
5.78213
5.79149
5.80964
5.83532
5.86659
5.90083
5.93479
5.96486
5.98744
5.99959
5.78212
5.79148
5.80963
5.8353
5.86658
5.90082
5.93478
5.96485
5.98743
5.99958
5.78211
5.79148
5.80962
5.8353
5.86657
5.90081
5.93478
5.96484
5.98743
5.99958
5.78211
5.79148
5.80962
5.8353
5.86657
5.90081
5.93478
5.96485
5.98743
5.99959
5.78212
5.79148
5.80963
5.83531
5.86658
5.90082
5.93479
5.96486
5.98744
5.9996
5.78213
5.7915
5.80965
5.83533
5.8666
5.90084
5.93481
5.96488
5.98746
5.99961
5.78215
5.79152
5.80967
5.83535
5.86662
5.90086
5.93483
5.9649
5.98748
5.99964
5.78217
5.79154
5.8097
5.83538
5.86665
5.90089
5.93486
5.96493
5.98752
5.99967
5.60036
5.60878
5.62504
5.64794
5.67566
5.70579
5.73544
5.76148
5.7809
5.7913
5.60034
5.60876
5.62502
5.64792
5.67564
5.70577
5.73542
5.76146
5.78088
5.79129
5.60032
5.60874
5.625
5.6479
5.67563
5.70576
5.73541
5.76145
5.78087
5.79127
5.60031
5.60873
5.62499
5.64789
5.67562
5.70575
5.7354
5.76144
5.78086
5.79127
5.60031
5.60872
5.62499
5.64789
5.67561
5.70574
5.7354
5.76144
5.78086
5.79127
5.60031
5.60873
5.62499
5.64789
5.67561
5.70575
5.7354
5.76144
5.78086
5.79127
5.60032
5.60873
5.625
5.6479
5.67562
5.70576
5.73541
5.76145
5.78087
5.79128
5.60033
5.60875
5.62501
5.64791
5.67564
5.70577
5.73543
5.76147
5.78089
5.7913
5.60035
5.60877
5.62503
5.64794
5.67566
5.7058
5.73545
5.76149
5.78092
5.79132
5.60037
5.60879
5.62506
5.64797
5.67569
5.70583
5.73548
5.76152
5.78095
5.79135
41.1829
41.4814
42.0488
42.7579
43.5035
44.2098
44.8242
45.3111
45.6473
45.8187
41.1828
41.4813
42.0487
42.7578
43.5034
44.2097
44.8241
45.311
45.6472
45.8186
41.1827
41.4812
42.0486
42.7578
43.5033
44.2096
44.824
45.311
45.6471
45.8185
41.1827
41.4811
42.0485
42.7577
43.5033
44.2095
44.824
45.3109
45.6471
45.8185
41.1826
41.4811
42.0485
42.7577
43.5033
44.2095
44.824
45.3109
45.6471
45.8185
41.1826
41.4811
42.0485
42.7577
43.5033
44.2095
44.824
45.3109
45.6471
45.8185
41.1827
41.4812
42.0485
42.7577
43.5033
44.2096
44.824
45.3109
45.6471
45.8185
41.1827
41.4812
42.0486
42.7578
43.5034
44.2096
44.8241
45.311
45.6472
45.8186
41.1828
41.4813
42.0487
42.7579
43.5034
44.2097
44.8241
45.3111
45.6473
45.8187
41.1829
41.4814
42.0488
42.758
43.5035
44.2098
44.8243
45.3112
45.6474
45.8188
36.4528
36.658
37.0398
37.5325
38.068
38.5892
39.052
39.4242
39.6836
39.8167
36.4527
36.6579
37.0397
37.5324
38.0679
38.5891
39.0519
39.4241
39.6835
39.8166
36.4526
36.6578
37.0396
37.5323
38.0679
38.5891
39.0518
39.424
39.6835
39.8166
36.4526
36.6578
37.0395
37.5322
38.0678
38.589
39.0518
39.4239
39.6834
39.8165
36.4526
36.6578
37.0395
37.5322
38.0678
38.589
39.0518
39.4239
39.6834
39.8165
36.4526
36.6578
37.0395
37.5322
38.0678
38.589
39.0518
39.4239
39.6834
39.8165
36.4526
36.6578
37.0396
37.5323
38.0678
38.589
39.0518
39.424
39.6835
39.8166
36.4526
36.6579
37.0396
37.5323
38.0679
38.5891
39.0519
39.424
39.6835
39.8166
36.4527
36.6579
37.0397
37.5324
38.068
38.5892
39.0519
39.4241
39.6836
39.8167
36.4528
36.658
37.0398
37.5325
38.0681
38.5893
39.0521
39.4242
39.6837
39.8168
32.2108
32.3526
32.616
32.9626
33.348
33.7307
34.0762
34.3575
34.5553
34.6573
32.2107
32.3525
32.6159
32.9626
33.3479
33.7306
34.0761
34.3574
34.5553
34.6573
32.2107
32.3524
32.6159
32.9625
33.3479
33.7306
34.076
34.3573
34.5552
34.6572
32.2106
32.3524
32.6158
32.9624
33.3478
33.7305
34.076
34.3573
34.5552
34.6572
32.2106
32.3523
32.6158
32.9624
33.3478
33.7305
34.076
34.3573
34.5551
34.6572
32.2106
32.3523
32.6158
32.9624
33.3478
33.7305
34.076
34.3573
34.5552
34.6572
32.2106
32.3524
32.6158
32.9625
33.3478
33.7306
34.076
34.3573
34.5552
34.6572
32.2107
32.3524
32.6159
32.9625
33.3479
33.7306
34.0761
34.3574
34.5552
34.6573
32.2107
32.3525
32.616
32.9626
33.348
33.7307
34.0761
34.3575
34.5553
34.6574
32.2108
32.3526
32.6161
32.9627
33.3481
33.7308
34.0762
34.3576
34.5554
34.6575
28.4926
28.5918
28.7769
29.0235
29.302
29.5828
29.8396
30.0509
30.2005
30.278
28.4925
28.5917
28.7768
29.0234
29.3019
29.5827
29.8395
30.0508
30.2005
30.278
28.4925
28.5916
28.7767
29.0233
29.3019
29.5827
29.8395
30.0507
30.2004
30.2779
28.4924
28.5916
28.7767
29.0233
29.3018
29.5826
29.8394
30.0507
30.2004
30.2779
28.4924
28.5916
28.7766
29.0233
29.3018
29.5826
29.8394
30.0507
30.2003
30.2779
28.4924
28.5916
28.7766
29.0233
29.3018
29.5826
29.8394
30.0507
30.2004
30.2779
28.4924
28.5916
28.7767
29.0233
29.3018
29.5827
29.8394
30.0507
30.2004
30.2779
28.4925
28.5916
28.7767
29.0233
29.3019
29.5827
29.8395
30.0508
30.2004
30.278
28.4925
28.5917
28.7768
29.0234
29.302
29.5828
29.8396
30.0508
30.2005
30.2781
28.4926
28.5918
28.7769
29.0235
29.3021
29.5829
29.8397
30.0509
30.2006
30.2782
25.3136
25.384
25.516
25.6936
25.8965
26.1033
26.2943
26.4527
26.5656
26.6243
25.3135
25.3839
25.516
25.6935
25.8964
26.1032
26.2942
26.4526
26.5656
26.6243
25.3134
25.3838
25.5159
25.6935
25.8963
26.1031
26.2941
26.4526
26.5655
26.6242
25.3134
25.3838
25.5158
25.6934
25.8963
26.1031
26.2941
26.4525
26.5655
26.6242
25.3133
25.3838
25.5158
25.6934
25.8963
26.1031
26.2941
26.4525
26.5655
26.6242
25.3133
25.3838
25.5158
25.6934
25.8963
26.1031
26.2941
26.4525
26.5655
26.6242
25.3134
25.3838
25.5159
25.6935
25.8963
26.1031
26.2941
26.4526
26.5655
26.6242
25.3134
25.3838
25.5159
25.6935
25.8963
26.1031
26.2942
26.4526
26.5656
26.6243
25.3135
25.3839
25.516
25.6936
25.8964
26.1032
26.2942
26.4527
26.5656
26.6244
25.3135
25.384
25.5161
25.6937
25.8965
26.1033
26.2943
26.4528
26.5657
26.6244
22.6768
22.7277
22.8237
22.9536
23.1031
23.2569
23.4001
23.5196
23.6052
23.6498
22.6767
22.7276
22.8236
22.9535
23.103
23.2568
23.4
23.5195
23.6051
23.6497
22.6766
22.7276
22.8235
22.9534
23.103
23.2568
23.3999
23.5194
23.605
23.6497
22.6766
22.7275
22.8235
22.9534
23.103
23.2567
23.3999
23.5194
23.605
23.6497
22.6766
22.7275
22.8235
22.9534
23.1029
23.2567
23.3999
23.5194
23.605
23.6497
22.6766
22.7275
22.8235
22.9534
23.1029
23.2567
23.3999
23.5194
23.605
23.6497
22.6766
22.7275
22.8235
22.9534
23.103
23.2568
23.3999
23.5194
23.605
23.6497
22.6766
22.7276
22.8235
22.9534
23.103
23.2568
23.4
23.5195
23.6051
23.6498
22.6767
22.7276
22.8236
22.9535
23.1031
23.2569
23.4
23.5196
23.6052
23.6498
22.6767
22.7277
22.8237
22.9536
23.1032
23.257
23.4001
23.5196
23.6053
23.6499
20.5789
20.6167
20.6882
20.7855
20.8982
21.0148
21.124
21.2157
21.2816
21.316
20.5788
20.6166
20.6881
20.7854
20.8981
21.0148
21.124
21.2156
21.2815
21.316
20.5787
20.6166
20.6881
20.7854
20.8981
21.0147
21.1239
21.2156
21.2815
21.3159
20.5787
20.6165
20.688
20.7853
20.898
21.0147
21.1239
21.2155
21.2814
21.3159
20.5787
20.6165
20.688
20.7853
20.898
21.0147
21.1239
21.2155
21.2814
21.3159
20.5787
20.6165
20.688
20.7853
20.898
21.0147
21.1239
21.2155
21.2814
21.3159
20.5787
20.6165
20.6881
20.7854
20.8981
21.0147
21.1239
21.2155
21.2815
21.3159
20.5787
20.6166
20.6881
20.7854
20.8981
21.0147
21.1239
21.2156
21.2815
21.316
20.5788
20.6166
20.6882
20.7855
20.8982
21.0148
21.124
21.2157
21.2816
21.316
20.5788
20.6167
20.6882
20.7855
20.8983
21.0149
21.1241
21.2158
21.2817
21.3161
19.0136
19.0429
19.0984
19.1741
19.2622
19.3538
19.44
19.5126
19.5649
19.5924
19.0135
19.0428
19.0983
19.174
19.2621
19.3537
19.4399
19.5125
19.5649
19.5923
19.0135
19.0428
19.0982
19.174
19.2621
19.3537
19.4399
19.5125
19.5648
19.5923
19.0134
19.0427
19.0982
19.1739
19.262
19.3537
19.4398
19.5124
19.5648
19.5923
19.0134
19.0427
19.0982
19.1739
19.262
19.3536
19.4398
19.5124
19.5648
19.5922
19.0134
19.0427
19.0982
19.1739
19.262
19.3537
19.4398
19.5124
19.5648
19.5923
19.0135
19.0427
19.0982
19.1739
19.2621
19.3537
19.4399
19.5125
19.5648
19.5923
19.0135
19.0428
19.0982
19.174
19.2621
19.3537
19.4399
19.5125
19.5649
19.5923
19.0135
19.0428
19.0983
19.174
19.2622
19.3538
19.44
19.5126
19.565
19.5924
19.0136
19.0429
19.0984
19.1741
19.2623
19.3539
19.4401
19.5127
19.565
19.5925
17.9745
17.9986
18.0444
18.107
18.1801
18.2563
18.3282
18.389
18.4329
18.456
17.9745
17.9986
18.0443
18.1069
18.18
18.2563
18.3282
18.3889
18.4329
18.4559
17.9744
17.9985
18.0443
18.1069
18.18
18.2562
18.3281
18.3889
18.4328
18.4559
17.9744
17.9985
18.0442
18.1069
18.1799
18.2562
18.3281
18.3889
18.4328
18.4559
17.9744
17.9985
18.0442
18.1068
18.1799
18.2562
18.3281
18.3889
18.4328
18.4559
17.9744
17.9985
18.0442
18.1068
18.1799
18.2562
18.3281
18.3889
18.4328
18.4559
17.9744
17.9985
18.0442
18.1069
18.18
18.2562
18.3281
18.3889
18.4328
18.4559
17.9744
17.9985
18.0443
18.1069
18.18
18.2562
18.3282
18.3889
18.4329
18.4559
17.9745
17.9986
18.0443
18.107
18.1801
18.2563
18.3282
18.389
18.4329
18.456
17.9745
17.9987
18.0444
18.1071
18.1802
18.2564
18.3283
18.3891
18.433
18.4561
17.4564
17.4781
17.5193
17.5757
17.6417
17.7106
17.7757
17.8308
17.8707
17.8916
17.4564
17.478
17.5192
17.5756
17.6416
17.7105
17.7756
17.8307
17.8706
17.8916
17.4563
17.478
17.5192
17.5756
17.6416
17.7105
17.7756
17.8307
17.8706
17.8915
17.4563
17.478
17.5191
17.5756
17.6415
17.7104
17.7756
17.8307
17.8706
17.8915
17.4563
17.478
17.5191
17.5756
17.6415
17.7104
17.7756
17.8307
17.8706
17.8915
17.4563
17.478
17.5191
17.5756
17.6415
17.7104
17.7756
17.8307
17.8706
17.8915
17.4563
17.478
17.5192
17.5756
17.6415
17.7105
17.7756
17.8307
17.8706
17.8916
17.4563
17.478
17.5192
17.5756
17.6416
17.7105
17.7756
17.8308
17.8706
17.8916
17.4564
17.4781
17.5193
17.5757
17.6417
17.7106
17.7757
17.8308
17.8707
17.8917
17.4564
17.4781
17.5193
17.5758
17.6417
17.7107
17.7758
17.8309
17.8708
17.8918
)
;

boundaryField
{
    inlet1
    {
        type            fixedValue;
        value           uniform 10;
    }
    inlet2
    {
        type            fixedValue;
        value           uniform 20;
    }
    outlet1
    {
        type            zeroGradient;
    }
    outlet2
    {
        type            zeroGradient;
    }
    fixedWalls
    {
        type            zeroGradient;
    }
}


// ************************************************************************* //
