/*--------------------------------*- C++ -*----------------------------------*\
  =========                 |
  \\      /  F ield         | OpenFOAM: The Open Source CFD Toolbox
   \\    /   O peration     | Website:  https://openfoam.org
    \\  /    A nd           | Version:  6
     \\/     M anipulation  |
\*---------------------------------------------------------------------------*/
FoamFile
{
    version     2.0;
    format      ascii;
    class       volScalarField;
    location    "0.095";
    object      T;
}
// * * * * * * * * * * * * * * * * * * * * * * * * * * * * * * * * * * * * * //

dimensions      [0 0 0 1 0 0 0];

internalField   nonuniform List<scalar> 
7000
(
99.8602
99.8601
99.86
99.8599
99.8599
99.8599
99.8599
99.86
99.86
99.86
99.8601
99.86
99.8599
99.8598
99.8598
99.8598
99.8598
99.8599
99.8599
99.8599
99.86
99.8599
99.8598
99.8598
99.8598
99.8598
99.8598
99.8598
99.8598
99.8599
99.86
99.8598
99.8598
99.8597
99.8597
99.8597
99.8597
99.8598
99.8598
99.8599
99.8599
99.8598
99.8598
99.8597
99.8597
99.8597
99.8597
99.8597
99.8598
99.8598
99.8599
99.8598
99.8598
99.8597
99.8597
99.8597
99.8597
99.8597
99.8598
99.8598
99.8599
99.8598
99.8598
99.8597
99.8597
99.8597
99.8597
99.8598
99.8598
99.8599
99.86
99.8599
99.8598
99.8598
99.8598
99.8598
99.8598
99.8598
99.8598
99.8599
99.86
99.8599
99.8599
99.8598
99.8598
99.8598
99.8598
99.8599
99.8599
99.86
99.86
99.86
99.8599
99.8599
99.8599
99.8599
99.8599
99.8599
99.86
99.86
80.1224
80.1222
80.122
80.1219
80.1218
80.1218
80.1218
80.1219
80.1219
80.122
80.1222
80.1219
80.1217
80.1216
80.1215
80.1215
80.1216
80.1216
80.1217
80.1219
80.122
80.1217
80.1215
80.1214
80.1214
80.1214
80.1214
80.1215
80.1216
80.1217
80.1219
80.1216
80.1214
80.1213
80.1213
80.1213
80.1213
80.1214
80.1215
80.1216
80.1218
80.1216
80.1214
80.1213
80.1212
80.1212
80.1212
80.1213
80.1214
80.1216
80.1218
80.1216
80.1214
80.1213
80.1212
80.1212
80.1213
80.1213
80.1215
80.1216
80.1219
80.1216
80.1214
80.1213
80.1213
80.1213
80.1213
80.1214
80.1215
80.1217
80.1219
80.1217
80.1215
80.1214
80.1214
80.1214
80.1214
80.1215
80.1216
80.1218
80.122
80.1218
80.1217
80.1216
80.1215
80.1215
80.1216
80.1216
80.1218
80.1219
80.1222
80.122
80.1218
80.1217
80.1217
80.1217
80.1217
80.1218
80.122
80.1221
61.9234
61.923
61.9228
61.9226
61.9225
61.9225
61.9225
61.9226
61.9227
61.9228
61.9231
61.9227
61.9224
61.9223
61.9222
61.9221
61.9222
61.9222
61.9224
61.9226
61.9228
61.9224
61.9222
61.922
61.9219
61.9219
61.9219
61.922
61.9221
61.9224
61.9226
61.9223
61.922
61.9219
61.9218
61.9217
61.9218
61.9219
61.922
61.9223
61.9226
61.9222
61.922
61.9218
61.9217
61.9217
61.9217
61.9218
61.922
61.9222
61.9226
61.9222
61.922
61.9218
61.9217
61.9217
61.9217
61.9218
61.922
61.9223
61.9226
61.9223
61.922
61.9219
61.9218
61.9218
61.9218
61.9219
61.9221
61.9223
61.9228
61.9224
61.9222
61.922
61.922
61.922
61.922
61.9221
61.9223
61.9225
61.9229
61.9226
61.9224
61.9223
61.9222
61.9222
61.9222
61.9223
61.9225
61.9228
61.9231
61.9229
61.9227
61.9226
61.9225
61.9225
61.9225
61.9226
61.9228
61.9231
46.0223
46.0219
46.0216
46.0214
46.0213
46.0212
46.0211
46.0211
46.0211
46.0213
46.0219
46.0215
46.0212
46.021
46.0209
46.0208
46.0207
46.0207
46.0208
46.021
46.0216
46.0212
46.0209
46.0207
46.0206
46.0205
46.0205
46.0205
46.0206
46.0208
46.0215
46.0211
46.0208
46.0206
46.0204
46.0203
46.0203
46.0203
46.0204
46.0207
46.0214
46.021
46.0207
46.0205
46.0204
46.0203
46.0202
46.0203
46.0204
46.0206
46.0214
46.021
46.0207
46.0205
46.0204
46.0203
46.0203
46.0203
46.0204
46.0207
46.0215
46.0211
46.0208
46.0206
46.0205
46.0204
46.0204
46.0204
46.0205
46.0208
46.0216
46.0212
46.021
46.0208
46.0207
46.0206
46.0206
46.0206
46.0207
46.021
46.0219
46.0215
46.0212
46.0211
46.021
46.0209
46.0209
46.0209
46.021
46.0213
46.0221
46.0218
46.0216
46.0214
46.0213
46.0213
46.0213
46.0213
46.0214
46.0217
32.851
32.8506
32.8503
32.8501
32.8499
32.8497
32.8494
32.8491
32.8489
32.8488
32.8507
32.8502
32.8499
32.8497
32.8495
32.8493
32.849
32.8488
32.8485
32.8486
32.8504
32.85
32.8497
32.8494
32.8492
32.849
32.8488
32.8485
32.8483
32.8484
32.8502
32.8498
32.8495
32.8492
32.849
32.8488
32.8486
32.8484
32.8482
32.8482
32.8501
32.8497
32.8494
32.8492
32.849
32.8488
32.8486
32.8483
32.8481
32.8482
32.8501
32.8497
32.8494
32.8492
32.849
32.8488
32.8486
32.8483
32.8482
32.8482
32.8502
32.8498
32.8495
32.8493
32.8491
32.8489
32.8487
32.8485
32.8483
32.8484
32.8504
32.85
32.8497
32.8495
32.8493
32.8492
32.8489
32.8487
32.8485
32.8486
32.8506
32.8503
32.85
32.8498
32.8497
32.8495
32.8493
32.849
32.8488
32.8489
32.8509
32.8507
32.8504
32.8502
32.8501
32.8499
32.8497
32.8494
32.8492
32.8493
22.5017
22.5014
22.501
22.5007
22.5004
22.4999
22.4992
22.4982
22.4971
22.4964
22.5014
22.501
22.5007
22.5004
22.5001
22.4996
22.4989
22.4979
22.4968
22.4962
22.5011
22.5008
22.5004
22.5002
22.4998
22.4993
22.4986
22.4976
22.4966
22.496
22.501
22.5006
22.5003
22.5
22.4997
22.4992
22.4985
22.4975
22.4965
22.4959
22.5009
22.5005
22.5002
22.4999
22.4996
22.4991
22.4984
22.4975
22.4964
22.4959
22.5009
22.5005
22.5002
22.5
22.4996
22.4992
22.4985
22.4975
22.4965
22.4959
22.501
22.5006
22.5004
22.5001
22.4998
22.4993
22.4986
22.4976
22.4966
22.496
22.5012
22.5008
22.5005
22.5003
22.5
22.4995
22.4988
22.4979
22.4968
22.4963
22.5014
22.5011
22.5008
22.5006
22.5003
22.4998
22.4991
22.4982
22.4971
22.4966
22.5017
22.5015
22.5012
22.501
22.5007
22.5002
22.4995
22.4986
22.4976
22.497
14.782
14.7817
14.7814
14.781
14.7804
14.7794
14.7776
14.7749
14.7717
14.7692
14.7817
14.7814
14.7811
14.7807
14.7801
14.7791
14.7773
14.7747
14.7714
14.769
14.7815
14.7812
14.7809
14.7805
14.7799
14.7789
14.7771
14.7745
14.7712
14.7688
14.7814
14.7811
14.7807
14.7804
14.7798
14.7787
14.777
14.7744
14.7711
14.7687
14.7813
14.781
14.7807
14.7803
14.7797
14.7787
14.777
14.7743
14.7711
14.7687
14.7814
14.781
14.7807
14.7803
14.7798
14.7787
14.777
14.7744
14.7712
14.7687
14.7814
14.7811
14.7808
14.7804
14.7799
14.7789
14.7771
14.7745
14.7713
14.7689
14.7816
14.7813
14.781
14.7806
14.7801
14.779
14.7773
14.7747
14.7715
14.7691
14.7818
14.7815
14.7812
14.7809
14.7803
14.7793
14.7776
14.775
14.7718
14.7693
14.7821
14.7819
14.7816
14.7813
14.7807
14.7797
14.778
14.7753
14.7721
14.7697
9.31095
9.31066
9.31031
9.30977
9.30874
9.30671
9.30294
9.29661
9.28791
9.28007
9.31073
9.31044
9.31009
9.30954
9.30852
9.3065
9.30272
9.2964
9.28772
9.27993
9.31057
9.31028
9.30993
9.30939
9.30836
9.30634
9.30257
9.29626
9.28759
9.27982
9.31047
9.31018
9.30984
9.30929
9.30827
9.30626
9.30249
9.29618
9.28752
9.27975
9.31043
9.31015
9.3098
9.30926
9.30824
9.30623
9.30246
9.29616
9.2875
9.27973
9.31045
9.31017
9.30982
9.30929
9.30827
9.30626
9.30249
9.29619
9.28754
9.27977
9.31053
9.31025
9.30991
9.30937
9.30836
9.30635
9.30259
9.29629
9.28763
9.27987
9.31066
9.31038
9.31005
9.30952
9.30851
9.30651
9.30275
9.29645
9.2878
9.28003
9.31085
9.31059
9.31027
9.30975
9.30874
9.30673
9.30298
9.29668
9.28803
9.28026
9.31107
9.31086
9.31056
9.31004
9.30904
9.30704
9.30328
9.29698
9.28833
9.28057
5.62336
5.6231
5.6227
5.62192
5.62026
5.6167
5.60942
5.59579
5.57404
5.54998
5.6232
5.62294
5.62254
5.62176
5.62011
5.61655
5.60926
5.59564
5.5739
5.54988
5.62308
5.62282
5.62242
5.62165
5.62
5.61644
5.60916
5.59554
5.57381
5.54981
5.62302
5.62276
5.62236
5.62159
5.61993
5.61638
5.6091
5.59548
5.57376
5.54976
5.62299
5.62273
5.62233
5.62156
5.61991
5.61636
5.60908
5.59547
5.57375
5.54975
5.62301
5.62275
5.62235
5.62158
5.61993
5.61638
5.60911
5.5955
5.57378
5.54979
5.62307
5.62281
5.62242
5.62165
5.62001
5.61646
5.60918
5.59558
5.57386
5.54986
5.62317
5.62292
5.62253
5.62177
5.62013
5.61658
5.60931
5.5957
5.57398
5.54998
5.62331
5.62308
5.6227
5.62194
5.6203
5.61675
5.60948
5.59587
5.57416
5.55016
5.62349
5.62329
5.62292
5.62217
5.62053
5.61698
5.60971
5.59611
5.57439
5.55039
3.25706
3.25682
3.25636
3.25535
3.25299
3.24754
3.23535
3.20942
3.15909
3.08254
3.25695
3.25671
3.25626
3.25524
3.25288
3.24743
3.23524
3.20932
3.159
3.08248
3.25688
3.25664
3.25618
3.25516
3.25281
3.24736
3.23517
3.20926
3.15894
3.08243
3.25683
3.25659
3.25613
3.25512
3.25276
3.24732
3.23513
3.20922
3.15891
3.0824
3.25681
3.25658
3.25612
3.25511
3.25275
3.24731
3.23512
3.20921
3.1589
3.0824
3.25683
3.25659
3.25614
3.25512
3.25277
3.24733
3.23515
3.20924
3.15893
3.08242
3.25687
3.25664
3.25618
3.25518
3.25282
3.24738
3.2352
3.20929
3.15898
3.08248
3.25695
3.25672
3.25627
3.25526
3.25291
3.24747
3.23529
3.20938
3.15907
3.08256
3.25705
3.25683
3.25639
3.25538
3.25303
3.24759
3.23541
3.2095
3.15919
3.08268
3.25718
3.25698
3.25655
3.25555
3.2532
3.24776
3.23558
3.20967
3.15935
3.08284
1.80986
1.80964
1.80915
1.80799
1.80516
1.79832
1.78192
1.7425
1.645
1.3856
1.80979
1.80957
1.80908
1.80792
1.80509
1.79825
1.78186
1.74244
1.64495
1.38557
1.80974
1.80952
1.80903
1.80787
1.80504
1.79821
1.78181
1.7424
1.64491
1.38554
1.80971
1.80949
1.80901
1.80784
1.80502
1.79818
1.78179
1.74238
1.64489
1.38553
1.8097
1.80948
1.809
1.80784
1.80501
1.79817
1.78178
1.74238
1.64489
1.38553
1.80971
1.8095
1.80901
1.80785
1.80502
1.79819
1.7818
1.74239
1.64491
1.38554
1.80974
1.80953
1.80904
1.80788
1.80506
1.79823
1.78183
1.74243
1.64494
1.38557
1.80979
1.80958
1.8091
1.80794
1.80512
1.79829
1.78189
1.74249
1.645
1.38562
1.80987
1.80966
1.80918
1.80803
1.80521
1.79837
1.78198
1.74257
1.64507
1.38568
1.80995
1.80976
1.80929
1.80814
1.80532
1.79848
1.78209
1.74268
1.64518
1.38577
0.965314
0.965127
0.964669
0.963548
0.960815
0.95427
0.938945
0.903942
0.826417
0.664177
0.965272
0.965085
0.964627
0.963507
0.960774
0.95423
0.938907
0.903907
0.826388
0.664156
0.965243
0.965056
0.964598
0.963478
0.960746
0.954202
0.938881
0.903883
0.826368
0.664142
0.965225
0.965039
0.964582
0.963462
0.96073
0.954187
0.938867
0.903871
0.826357
0.664134
0.965221
0.965034
0.964577
0.963458
0.960727
0.954184
0.938865
0.903869
0.826356
0.664134
0.965228
0.965042
0.964586
0.963467
0.960736
0.954194
0.938875
0.903879
0.826366
0.664142
0.965249
0.965063
0.964608
0.963489
0.960759
0.954218
0.938898
0.903902
0.826387
0.664159
0.965282
0.965098
0.964644
0.963527
0.960798
0.954256
0.938936
0.903939
0.826421
0.664187
0.965329
0.965148
0.964697
0.963581
0.960852
0.954311
0.93899
0.903991
0.826469
0.664227
0.965385
0.965216
0.964767
0.963653
0.960925
0.954383
0.939061
0.90406
0.826533
0.66428
0.494496
0.494349
0.493973
0.493055
0.490862
0.485793
0.47453
0.45073
0.403829
0.321273
0.494472
0.494325
0.493949
0.493031
0.490839
0.48577
0.474508
0.450711
0.403812
0.321261
0.494455
0.494308
0.493932
0.493014
0.490823
0.485755
0.474494
0.450698
0.403801
0.321253
0.494445
0.494299
0.493923
0.493005
0.490814
0.485747
0.474486
0.450691
0.403796
0.321249
0.494443
0.494296
0.493921
0.493003
0.490813
0.485745
0.474485
0.45069
0.403796
0.321249
0.494448
0.494301
0.493926
0.493009
0.490819
0.485752
0.474491
0.450697
0.403802
0.321254
0.494461
0.494315
0.49394
0.493023
0.490833
0.485766
0.474506
0.45071
0.403814
0.321264
0.494481
0.494336
0.493962
0.493046
0.490856
0.485789
0.474528
0.450732
0.403834
0.321281
0.49451
0.494367
0.493994
0.493079
0.490889
0.485822
0.474561
0.450763
0.403862
0.321304
0.494545
0.494408
0.494037
0.493123
0.490933
0.485866
0.474604
0.450804
0.403899
0.321335
0.24346
0.243355
0.243082
0.242426
0.240909
0.237547
0.230486
0.216625
0.191789
0.1529
0.243446
0.243341
0.243069
0.242413
0.240896
0.237535
0.230474
0.216615
0.19178
0.152893
0.243437
0.243332
0.24306
0.242404
0.240887
0.237526
0.230466
0.216608
0.191775
0.152889
0.243432
0.243327
0.243055
0.242399
0.240883
0.237522
0.230462
0.216604
0.191772
0.152887
0.243431
0.243326
0.243054
0.242399
0.240882
0.237521
0.230462
0.216604
0.191772
0.152887
0.243434
0.243329
0.243057
0.242402
0.240886
0.237525
0.230466
0.216608
0.191775
0.15289
0.243441
0.243337
0.243065
0.24241
0.240894
0.237533
0.230474
0.216616
0.191782
0.152896
0.243454
0.24335
0.243078
0.242424
0.240908
0.237547
0.230487
0.216628
0.191793
0.152905
0.24347
0.243367
0.243097
0.242443
0.240927
0.237566
0.230506
0.216646
0.191809
0.152918
0.24349
0.243391
0.243121
0.242468
0.240952
0.237591
0.23053
0.216669
0.19183
0.152935
0.115289
0.115221
0.115043
0.114625
0.113691
0.111708
0.107754
0.10047
0.0883504
0.07083
0.115282
0.115214
0.115036
0.114619
0.113685
0.111701
0.107748
0.100465
0.088346
0.0708266
0.115277
0.115209
0.115031
0.114614
0.11368
0.111697
0.107744
0.100461
0.088343
0.0708244
0.115275
0.115206
0.115029
0.114612
0.113678
0.111695
0.107742
0.100459
0.0883416
0.0708233
0.115274
0.115206
0.115029
0.114611
0.113678
0.111695
0.107742
0.10046
0.0883418
0.0708235
0.115276
0.115208
0.115031
0.114613
0.11368
0.111697
0.107745
0.100462
0.0883437
0.0708251
0.11528
0.115212
0.115035
0.114618
0.113684
0.111701
0.107749
0.100466
0.0883475
0.0708283
0.115287
0.115219
0.115042
0.114625
0.113692
0.111709
0.107756
0.100473
0.0883535
0.0708332
0.115296
0.115229
0.115052
0.114636
0.113702
0.111719
0.107766
0.100482
0.088362
0.0708403
0.115307
0.115242
0.115066
0.11465
0.113716
0.111733
0.10778
0.100495
0.0883732
0.0708496
0.0525523
0.0525115
0.0524061
0.0521645
0.0516414
0.0505741
0.0485432
0.0449937
0.039418
0.0317963
0.0525488
0.0525081
0.0524027
0.0521611
0.0516381
0.0505709
0.0485403
0.0449911
0.0394159
0.0317946
0.0525464
0.0525058
0.0524004
0.0521589
0.0516359
0.0505688
0.0485384
0.0449894
0.0394145
0.0317936
0.0525452
0.0525045
0.0523992
0.0521577
0.0516348
0.0505678
0.0485374
0.0449886
0.0394138
0.0317931
0.052545
0.0525044
0.0523991
0.0521576
0.0516347
0.0505678
0.0485375
0.0449887
0.0394139
0.0317932
0.052546
0.0525054
0.0524002
0.0521587
0.0516359
0.0505689
0.0485386
0.0449898
0.0394149
0.031794
0.0525482
0.0525077
0.0524025
0.0521611
0.0516383
0.0505714
0.048541
0.044992
0.0394169
0.0317957
0.0525518
0.0525113
0.0524063
0.052165
0.0516422
0.0505752
0.0485447
0.0449955
0.03942
0.0317983
0.0525566
0.0525165
0.0524117
0.0521705
0.0516477
0.0505806
0.04855
0.0450004
0.0394244
0.0318019
0.0525626
0.0525234
0.0524189
0.0521777
0.0516549
0.0505878
0.0485568
0.0450068
0.0394301
0.0318067
0.0230779
0.0230555
0.0229978
0.0228689
0.0225983
0.0220658
0.0210925
0.0194643
0.0170193
0.0138099
0.0230763
0.0230538
0.0229962
0.0228673
0.0225968
0.0220643
0.0210911
0.0194631
0.0170183
0.0138091
0.0230752
0.0230527
0.0229951
0.0228662
0.0225958
0.0220633
0.0210902
0.0194623
0.0170176
0.0138086
0.0230746
0.0230521
0.0229946
0.0228657
0.0225952
0.0220628
0.0210898
0.0194619
0.0170173
0.0138084
0.0230745
0.0230521
0.0229945
0.0228657
0.0225952
0.0220629
0.0210898
0.019462
0.0170174
0.0138084
0.0230751
0.0230526
0.0229951
0.0228663
0.0225958
0.0220635
0.0210904
0.0194625
0.0170179
0.0138089
0.0230762
0.0230538
0.0229963
0.0228675
0.0225971
0.0220647
0.0210916
0.0194637
0.0170189
0.0138097
0.023078
0.0230556
0.0229982
0.0228694
0.022599
0.0220666
0.0210935
0.0194654
0.0170205
0.013811
0.0230804
0.0230582
0.0230009
0.0228722
0.0226018
0.0220693
0.0210961
0.0194678
0.0170226
0.0138128
0.0230834
0.0230617
0.0230045
0.0228758
0.0226054
0.0220729
0.0210995
0.019471
0.0170255
0.0138152
0.00977171
0.00976014
0.00973083
0.00966673
0.00953601
0.00928684
0.0088471
0.00813806
0.00711147
0.00580583
0.00977096
0.00975939
0.00973009
0.00966601
0.0095353
0.00928616
0.00884648
0.00813751
0.007111
0.00580547
0.00977045
0.00975889
0.0097296
0.00966552
0.00953483
0.00928572
0.00884608
0.00813716
0.00711071
0.00580523
0.00977019
0.00975863
0.00972935
0.00966528
0.0095346
0.00928551
0.00884588
0.00813699
0.00711057
0.00580514
0.00977018
0.00975863
0.00972935
0.00966529
0.00953462
0.00928554
0.00884592
0.00813704
0.00711062
0.00580518
0.00977044
0.0097589
0.00972963
0.00966558
0.00953491
0.00928583
0.00884621
0.00813731
0.00711087
0.00580539
0.009771
0.00975946
0.00973021
0.00966617
0.00953551
0.00928642
0.00884678
0.00813784
0.00711134
0.00580579
0.00977186
0.00976036
0.00973113
0.0096671
0.00953645
0.00928734
0.00884766
0.00813867
0.00711208
0.00580641
0.00977304
0.00976161
0.00973243
0.00966842
0.00953776
0.00928863
0.0088489
0.00813982
0.0071131
0.00580727
0.00977449
0.00976327
0.00973415
0.00967016
0.00953949
0.00929033
0.00885053
0.00814133
0.00711444
0.0058084
0.00399284
0.00398725
0.00397327
0.00394333
0.00388386
0.00377373
0.00358536
0.00329153
0.0028807
0.00237736
0.00399251
0.00398692
0.00397294
0.00394301
0.00388355
0.00377344
0.00358509
0.00329129
0.0028805
0.0023772
0.00399229
0.0039867
0.00397273
0.0039428
0.00388335
0.00377325
0.00358492
0.00329114
0.00288037
0.0023771
0.00399217
0.00398659
0.00397262
0.0039427
0.00388325
0.00377316
0.00358484
0.00329107
0.00288031
0.00237705
0.00399218
0.0039866
0.00397263
0.00394271
0.00388326
0.00377318
0.00358486
0.0032911
0.00288034
0.00237708
0.0039923
0.00398673
0.00397276
0.00394285
0.0038834
0.00377332
0.003585
0.00329123
0.00288045
0.00237718
0.00399256
0.00398699
0.00397303
0.00394312
0.00388368
0.00377359
0.00358526
0.00329147
0.00288067
0.00237737
0.00399296
0.0039874
0.00397345
0.00394355
0.00388411
0.00377401
0.00358566
0.00329185
0.00288101
0.00237765
0.00399351
0.00398798
0.00397405
0.00394416
0.00388471
0.0037746
0.00358623
0.00329237
0.00288148
0.00237805
0.00399418
0.00398874
0.00397484
0.00394496
0.00388551
0.00377538
0.00358697
0.00329306
0.00288209
0.00237856
0.00157579
0.00157325
0.00156695
0.00155374
0.00152812
0.00148196
0.00140537
0.00129024
0.00113808
0.000975341
0.00157565
0.00157311
0.00156681
0.00155361
0.00152799
0.00148184
0.00140525
0.00129013
0.00113799
0.000975268
0.00157556
0.00157302
0.00156672
0.00155352
0.00152791
0.00148176
0.00140518
0.00129007
0.00113794
0.000975224
0.00157552
0.00157297
0.00156668
0.00155348
0.00152787
0.00148172
0.00140515
0.00129004
0.00113791
0.000975207
0.00157552
0.00157298
0.00156668
0.00155348
0.00152788
0.00148173
0.00140516
0.00129006
0.00113793
0.00097522
0.00157558
0.00157304
0.00156675
0.00155355
0.00152794
0.00148179
0.00140522
0.00129011
0.00113798
0.000975267
0.00157569
0.00157315
0.00156687
0.00155367
0.00152806
0.00148191
0.00140534
0.00129022
0.00113808
0.000975353
0.00157587
0.00157334
0.00156705
0.00155386
0.00152825
0.0014821
0.00140551
0.00129039
0.00113823
0.000975485
0.00157611
0.00157359
0.00156732
0.00155413
0.00152852
0.00148236
0.00140576
0.00129062
0.00113843
0.000975667
0.00157641
0.00157393
0.00156767
0.00155448
0.00152887
0.0014827
0.00140609
0.00129092
0.0011387
0.000975901
0.60016
0.265093
0.120231
0.0628012
0.0538558
0.0885631
0.192854
0.440757
1.00521
2.2889
0.600141
0.265084
0.120225
0.0627968
0.05385
0.0885526
0.192833
0.440717
1.00513
2.28875
0.600129
0.265077
0.120222
0.062794
0.0538463
0.0885459
0.19282
0.440691
1.00508
2.28866
0.600122
0.265074
0.12022
0.0627926
0.0538442
0.088542
0.192812
0.440677
1.00506
2.28861
0.600122
0.265075
0.12022
0.0627924
0.0538436
0.0885406
0.192809
0.440672
1.00505
2.2886
0.60013
0.265079
0.120222
0.0627936
0.0538443
0.0885412
0.192811
0.440674
1.00505
2.28861
0.600145
0.265087
0.120227
0.0627961
0.0538462
0.0885437
0.192815
0.440684
1.00507
2.28865
0.60017
0.2651
0.120234
0.0627999
0.0538492
0.0885477
0.192823
0.4407
1.00511
2.28872
0.600204
0.265117
0.120243
0.062805
0.0538531
0.0885527
0.192832
0.440719
1.00515
2.28881
0.600247
0.265139
0.120254
0.062811
0.0538573
0.0885578
0.192841
0.440738
1.00519
2.2889
0.37575
0.190187
0.0934683
0.0516111
0.0455673
0.0741152
0.156389
0.340807
0.719959
1.43225
0.375737
0.19018
0.0934638
0.0516075
0.0455625
0.0741066
0.156373
0.340776
0.719903
1.43215
0.375728
0.190175
0.0934609
0.0516051
0.0455593
0.0741009
0.156362
0.340756
0.719867
1.43209
0.375724
0.190173
0.0934595
0.0516039
0.0455575
0.0740976
0.156356
0.340744
0.719846
1.43206
0.375724
0.190173
0.0934597
0.0516038
0.045557
0.0740964
0.156353
0.34074
0.719839
1.43205
0.37573
0.190177
0.0934615
0.0516048
0.0455576
0.074097
0.156354
0.340742
0.719844
1.43206
0.375741
0.190183
0.0934652
0.0516069
0.0455593
0.0740992
0.156359
0.34075
0.71986
1.43209
0.375758
0.190193
0.0934709
0.0516103
0.045562
0.0741028
0.156365
0.340764
0.719886
1.43213
0.375783
0.190208
0.0934788
0.051615
0.0455657
0.0741077
0.156374
0.340781
0.719921
1.4322
0.375817
0.190227
0.0934893
0.0516211
0.0455704
0.0741137
0.156385
0.340803
0.719964
1.43228
0.205105
0.115201
0.0614918
0.036403
0.0334145
0.0534582
0.108047
0.222308
0.434947
0.78118
0.205098
0.115196
0.0614887
0.0364003
0.033411
0.053452
0.108036
0.222287
0.434913
0.781127
0.205092
0.115193
0.0614867
0.0363985
0.0334086
0.0534478
0.108028
0.222273
0.434889
0.781091
0.20509
0.115191
0.0614857
0.0363976
0.0334072
0.0534454
0.108023
0.222265
0.434876
0.78107
0.20509
0.115192
0.0614859
0.0363975
0.0334068
0.0534445
0.108022
0.222263
0.434871
0.781063
0.205094
0.115194
0.0614872
0.0363983
0.0334073
0.053445
0.108023
0.222264
0.434874
0.781069
0.205101
0.115198
0.0614899
0.0364
0.0334087
0.0534468
0.108026
0.22227
0.434885
0.781088
0.205112
0.115205
0.0614941
0.0364026
0.0334109
0.0534497
0.108031
0.22228
0.434904
0.781119
0.205128
0.115215
0.0615
0.0364063
0.0334139
0.0534537
0.108038
0.222294
0.434929
0.781163
0.20515
0.115229
0.0615079
0.0364111
0.0334179
0.0534589
0.108047
0.222312
0.434962
0.781221
0.104132
0.0629669
0.0360763
0.0228468
0.0217865
0.0342255
0.0662005
0.12906
0.236932
0.396196
0.104128
0.062964
0.0360744
0.022845
0.0217841
0.0342214
0.0661933
0.129047
0.236913
0.396167
0.104125
0.0629621
0.0360731
0.0228438
0.0217825
0.0342186
0.0661883
0.129039
0.236899
0.396147
0.104123
0.0629613
0.0360725
0.0228432
0.0217816
0.034217
0.0661855
0.129034
0.236891
0.396135
0.104124
0.0629615
0.0360726
0.0228432
0.0217813
0.0342165
0.0661844
0.129032
0.236888
0.396131
0.104126
0.0629629
0.0360735
0.0228437
0.0217817
0.0342169
0.066185
0.129033
0.236891
0.396135
0.10413
0.0629657
0.0360753
0.0228449
0.0217827
0.0342181
0.0661872
0.129037
0.236897
0.396146
0.104137
0.0629701
0.036078
0.0228467
0.0217843
0.0342202
0.0661909
0.129044
0.236909
0.396165
0.104146
0.0629764
0.0360819
0.0228493
0.0217865
0.0342232
0.066196
0.129053
0.236926
0.396192
0.104159
0.0629847
0.0360871
0.0228527
0.0217894
0.0342271
0.0662027
0.129065
0.236947
0.396228
0.0501793
0.0320029
0.01944
0.0130751
0.0128935
0.0198944
0.0369488
0.0687311
0.119941
0.190677
0.050177
0.0320013
0.0194388
0.013074
0.012892
0.019892
0.0369446
0.0687242
0.11993
0.190663
0.0501754
0.0320002
0.019438
0.0130733
0.012891
0.0198903
0.0369418
0.0687194
0.119923
0.190652
0.0501747
0.0319998
0.0194377
0.013073
0.0128905
0.0198894
0.0369401
0.0687166
0.119918
0.190646
0.0501749
0.0319999
0.0194378
0.0130729
0.0128903
0.0198891
0.0369395
0.0687157
0.119917
0.190644
0.0501761
0.0320008
0.0194383
0.0130733
0.0128906
0.0198893
0.0369399
0.0687165
0.119918
0.190646
0.0501785
0.0320024
0.0194394
0.013074
0.0128912
0.0198901
0.0369413
0.0687189
0.119922
0.190653
0.0501822
0.032005
0.0194411
0.0130752
0.0128922
0.0198915
0.0369436
0.068723
0.119929
0.190663
0.0501875
0.0320086
0.0194435
0.0130768
0.0128937
0.0198935
0.0369469
0.0687288
0.119939
0.190679
0.0501945
0.0320134
0.0194466
0.013079
0.0128957
0.0198961
0.0369513
0.0687365
0.119952
0.190699
0.0231359
0.0153557
0.00978888
0.00693622
0.0070349
0.0106737
0.0191214
0.0341799
0.0572928
0.0877845
0.0231347
0.0153549
0.00978824
0.00693561
0.00703407
0.0106724
0.0191191
0.0341763
0.0572874
0.0877771
0.0231339
0.0153543
0.00978784
0.00693521
0.00703351
0.0106715
0.0191176
0.0341738
0.0572837
0.0877719
0.0231336
0.0153541
0.00978765
0.006935
0.0070332
0.0106709
0.0191166
0.0341724
0.0572815
0.0877689
0.0231337
0.0153542
0.0097877
0.006935
0.00703312
0.0106707
0.0191163
0.0341719
0.0572808
0.087768
0.0231344
0.0153546
0.00978802
0.00693521
0.00703328
0.0106709
0.0191166
0.0341723
0.0572816
0.0877693
0.0231357
0.0153555
0.00978863
0.00693564
0.00703367
0.0106714
0.0191174
0.0341737
0.0572838
0.0877727
0.0231376
0.0153569
0.00978958
0.00693633
0.00703431
0.0106723
0.0191188
0.0341761
0.0572876
0.0877784
0.0231404
0.0153589
0.00979092
0.00693729
0.0070352
0.0106735
0.0191208
0.0341794
0.0572931
0.0877866
0.0231441
0.0153615
0.00979268
0.00693856
0.00703638
0.010675
0.0191233
0.0341838
0.0573003
0.0877976
0.0102491
0.00701804
0.00465833
0.00345205
0.00358326
0.00535346
0.00929176
0.0160577
0.0260571
0.0388226
0.0102485
0.00701761
0.00465801
0.00345173
0.00358282
0.00535275
0.00929061
0.0160559
0.0260545
0.0388191
0.0102481
0.00701735
0.0046578
0.00345151
0.00358253
0.00535227
0.00928982
0.0160547
0.0260526
0.0388166
0.0102479
0.00701723
0.0046577
0.0034514
0.00358236
0.00535199
0.00928936
0.016054
0.0260516
0.0388152
0.010248
0.00701729
0.00465774
0.00345141
0.00358232
0.00535191
0.00928921
0.0160538
0.0260513
0.0388148
0.0102484
0.00701754
0.00465791
0.00345152
0.00358242
0.00535201
0.00928937
0.016054
0.0260517
0.0388155
0.010249
0.00701801
0.00465823
0.00345176
0.00358264
0.00535229
0.00928982
0.0160548
0.0260529
0.0388172
0.01025
0.00701873
0.00465874
0.00345214
0.003583
0.00535277
0.00929058
0.016056
0.0260549
0.0388201
0.0102514
0.00701975
0.00465945
0.00345267
0.00358351
0.00535345
0.00929167
0.0160578
0.0260577
0.0388243
0.0102532
0.00702108
0.00466039
0.00345337
0.00358418
0.00535434
0.0092931
0.0160602
0.0260615
0.0388299
0.00438339
0.00308281
0.00212017
0.00163425
0.00172956
0.00254729
0.00429814
0.00721203
0.0113853
0.0165722
0.00438312
0.00308261
0.00212001
0.00163409
0.00172933
0.00254694
0.00429758
0.00721118
0.011384
0.0165705
0.00438294
0.00308248
0.00211991
0.00163398
0.00172918
0.0025467
0.0042972
0.00721059
0.0113832
0.0165694
0.00438287
0.00308243
0.00211986
0.00163393
0.0017291
0.00254656
0.00429697
0.00721025
0.0113827
0.0165688
0.00438291
0.00308246
0.00211988
0.00163393
0.00172908
0.00254652
0.00429691
0.00721015
0.0113826
0.0165686
0.00438308
0.00308258
0.00211997
0.00163399
0.00172913
0.00254658
0.00429699
0.00721029
0.0113828
0.016569
0.0043834
0.00308282
0.00212014
0.00163412
0.00172925
0.00254674
0.00429723
0.00721068
0.0113834
0.0165698
0.00438388
0.00308318
0.0021204
0.00163432
0.00172945
0.00254699
0.00429763
0.00721132
0.0113844
0.0165712
0.00438456
0.00308367
0.00212076
0.0016346
0.00172972
0.00254735
0.0042982
0.00721224
0.0113858
0.0165733
0.00438544
0.00308433
0.00212123
0.00163496
0.00173008
0.00254783
0.00429895
0.00721345
0.0113877
0.016576
0.00184941
0.00134331
0.000958364
0.0007673
0.000826316
0.00120005
0.00197065
0.00321285
0.00493012
0.00697533
0.00184928
0.00134321
0.000958283
0.000767216
0.000826203
0.00119988
0.00197038
0.00321244
0.00492956
0.0069746
0.0018492
0.00134315
0.000958233
0.000767162
0.000826128
0.00119976
0.00197019
0.00321217
0.00492917
0.00697409
0.00184917
0.00134313
0.000958212
0.000767135
0.000826087
0.00119969
0.00197009
0.00321201
0.00492895
0.00697381
0.00184919
0.00134315
0.000958222
0.000767138
0.00082608
0.00119968
0.00197006
0.00321197
0.0049289
0.00697375
0.00184928
0.00134321
0.000958268
0.000767171
0.000826108
0.00119971
0.0019701
0.00321204
0.00492901
0.00697392
0.00184943
0.00134333
0.000958353
0.000767237
0.000826172
0.00119979
0.00197023
0.00321224
0.00492931
0.00697433
0.00184966
0.0013435
0.000958483
0.000767341
0.000826276
0.00119993
0.00197044
0.00321257
0.0049298
0.00697502
0.00184998
0.00134374
0.000958664
0.000767486
0.00082642
0.00120012
0.00197073
0.00321303
0.0049305
0.006976
0.00185039
0.00134406
0.000958898
0.000767672
0.000826608
0.00120037
0.00197112
0.00321364
0.00493142
0.0069773
0.000891863
0.0006913
0.000515411
0.000428106
0.000468137
0.000671262
0.00107489
0.00170207
0.00251898
0.0033531
0.000891803
0.000691253
0.00051537
0.000428062
0.000468076
0.000671169
0.00107475
0.00170186
0.00251871
0.00335276
0.000891764
0.000691221
0.000515342
0.000428031
0.000468033
0.000671102
0.00107465
0.00170171
0.0025185
0.00335251
0.00089175
0.00069121
0.000515331
0.000428016
0.00046801
0.000671064
0.00107459
0.00170163
0.00251839
0.00335237
0.000891763
0.00069122
0.000515338
0.000428018
0.000468007
0.000671055
0.00107457
0.00170161
0.00251836
0.00335234
0.000891808
0.000691257
0.000515365
0.000428039
0.000468025
0.000671076
0.0010746
0.00170165
0.00251843
0.00335244
0.000891891
0.000691324
0.000515416
0.00042808
0.000468065
0.000671128
0.00107468
0.00170177
0.0025186
0.00335267
0.000892015
0.000691424
0.000515494
0.000428143
0.00046813
0.000671212
0.00107481
0.00170196
0.00251889
0.00335304
0.000892186
0.000691562
0.000515599
0.00042823
0.000468218
0.000671329
0.00107498
0.00170224
0.00251928
0.00335357
0.0008924
0.000691734
0.000515732
0.00042834
0.00046833
0.000671476
0.00107521
0.00170258
0.00251979
0.00335425
5.2895
6.2804
6.65286
6.80347
6.86616
6.89235
6.90323
6.90775
6.90967
6.91048
5.28922
6.28008
6.65253
6.80313
6.86582
6.89201
6.90289
6.90741
6.90935
6.91023
5.28905
6.27989
6.65233
6.80292
6.86561
6.8918
6.90269
6.90722
6.90918
6.91008
5.28896
6.27978
6.65221
6.80281
6.8655
6.89169
6.90258
6.90712
6.90909
6.91
5.28893
6.27974
6.65218
6.80277
6.86547
6.89167
6.90256
6.9071
6.90908
6.90999
5.28896
6.27978
6.65222
6.80282
6.86551
6.89172
6.90261
6.90716
6.90914
6.91005
5.28904
6.27988
6.65233
6.80294
6.86564
6.89185
6.90275
6.9073
6.90928
6.91019
5.28918
6.28006
6.65253
6.80315
6.86586
6.89207
6.90297
6.90752
6.9095
6.91042
5.28937
6.2803
6.6528
6.80343
6.86615
6.89237
6.90327
6.90783
6.90981
6.91073
5.28958
6.28058
6.65311
6.80376
6.86649
6.89271
6.90362
6.90818
6.91016
6.91108
2.53484
3.15478
3.45096
3.58469
3.64326
3.6683
3.67879
3.68312
3.68492
3.68566
2.5347
3.15461
3.45078
3.58451
3.64308
3.66812
3.67861
3.68294
3.68475
3.68553
2.53461
3.1545
3.45066
3.58439
3.64295
3.668
3.67849
3.68283
3.68465
3.68544
2.53456
3.15444
3.4506
3.58432
3.64288
3.66793
3.67842
3.68277
3.68459
3.68539
2.53454
3.15442
3.45058
3.5843
3.64286
3.66791
3.67841
3.68276
3.68458
3.68538
2.53455
3.15444
3.4506
3.58433
3.6429
3.66795
3.67844
3.68279
3.68462
3.68543
2.5346
3.1545
3.45067
3.5844
3.64298
3.66803
3.67853
3.68288
3.68471
3.68552
2.53468
3.15461
3.45079
3.58453
3.64311
3.66817
3.67867
3.68302
3.68486
3.68566
2.5348
3.15475
3.45096
3.58471
3.6433
3.66836
3.67886
3.68322
3.68505
3.68586
2.53494
3.15495
3.45118
3.58495
3.64354
3.66861
3.67911
3.68347
3.6853
3.68611
1.22582
1.54144
1.72067
1.81161
1.85465
1.87404
1.88245
1.88599
1.88746
1.88805
1.22575
1.54135
1.72058
1.81151
1.85455
1.87394
1.88235
1.88589
1.88737
1.88799
1.2257
1.54129
1.72051
1.81144
1.85448
1.87387
1.88228
1.88583
1.88731
1.88794
1.22567
1.54126
1.72047
1.8114
1.85445
1.87384
1.88224
1.88579
1.88728
1.88791
1.22566
1.54124
1.72046
1.81139
1.85444
1.87383
1.88224
1.88579
1.88728
1.8879
1.22567
1.54126
1.72047
1.81141
1.85445
1.87385
1.88226
1.88581
1.8873
1.88793
1.2257
1.54129
1.72052
1.81145
1.8545
1.8739
1.88231
1.88587
1.88736
1.88799
1.22575
1.54136
1.72059
1.81153
1.85459
1.87398
1.8824
1.88595
1.88744
1.88807
1.22582
1.54144
1.72069
1.81164
1.8547
1.8741
1.88252
1.88607
1.88756
1.88819
1.22591
1.54156
1.72083
1.81179
1.85485
1.87426
1.88267
1.88623
1.88773
1.88836
0.583197
0.731982
0.826924
0.879896
0.906884
0.919743
0.925558
0.928084
0.929149
0.929573
0.58316
0.731937
0.826875
0.879845
0.906832
0.919691
0.925506
0.928033
0.929103
0.92954
0.583133
0.731905
0.826841
0.879808
0.906795
0.919654
0.92547
0.927999
0.929072
0.929513
0.583118
0.731887
0.82682
0.879787
0.906774
0.919633
0.92545
0.92798
0.929055
0.929498
0.583113
0.731881
0.826815
0.879782
0.906769
0.919628
0.925446
0.927978
0.929054
0.929497
0.583118
0.731889
0.826824
0.879792
0.90678
0.919641
0.925459
0.927991
0.929068
0.929512
0.583135
0.73191
0.826848
0.879819
0.906809
0.919671
0.92549
0.928023
0.9291
0.929544
0.583162
0.731945
0.826889
0.879863
0.906856
0.919719
0.925539
0.928073
0.92915
0.929595
0.583201
0.731995
0.826947
0.879927
0.906923
0.919788
0.925609
0.928143
0.929221
0.929666
0.583254
0.732063
0.827026
0.880013
0.907013
0.91988
0.925703
0.928237
0.929316
0.929761
0.27005
0.337147
0.383499
0.411345
0.426458
0.434045
0.437624
0.439232
0.439926
0.440201
0.270031
0.337124
0.383474
0.411319
0.426431
0.434018
0.437598
0.439206
0.439902
0.440185
0.270018
0.337108
0.383457
0.411301
0.426412
0.433999
0.437579
0.439189
0.439886
0.440171
0.27001
0.337099
0.383447
0.41129
0.426401
0.433988
0.437569
0.43918
0.439878
0.440164
0.270007
0.337096
0.383444
0.411288
0.426399
0.433986
0.437568
0.439179
0.439877
0.440164
0.270011
0.337101
0.383449
0.411293
0.426406
0.433993
0.437575
0.439186
0.439886
0.440172
0.270019
0.337112
0.383462
0.411308
0.426421
0.43401
0.437592
0.439204
0.439903
0.44019
0.270034
0.337131
0.383484
0.411333
0.426447
0.434036
0.437619
0.439231
0.439931
0.440218
0.270056
0.337158
0.383516
0.411368
0.426484
0.434075
0.437658
0.439271
0.439971
0.440257
0.270085
0.337195
0.383559
0.411415
0.426534
0.434126
0.43771
0.439323
0.440023
0.44031
0.121168
0.150392
0.171729
0.185303
0.193068
0.197151
0.199155
0.200086
0.200497
0.200661
0.121159
0.150381
0.171717
0.18529
0.193054
0.197137
0.199142
0.200073
0.200485
0.200653
0.121152
0.150374
0.171709
0.185281
0.193045
0.197128
0.199133
0.200064
0.200477
0.200647
0.121148
0.150369
0.171704
0.185276
0.19304
0.197123
0.199128
0.20006
0.200473
0.200643
0.121147
0.150368
0.171703
0.185275
0.193039
0.197122
0.199128
0.20006
0.200473
0.200643
0.121149
0.15037
0.171706
0.185278
0.193043
0.197126
0.199132
0.200064
0.200478
0.200648
0.121154
0.150376
0.171712
0.185286
0.193051
0.197135
0.199141
0.200073
0.200487
0.200657
0.121161
0.150386
0.171724
0.185298
0.193065
0.197149
0.199155
0.200088
0.200502
0.200672
0.121173
0.1504
0.171741
0.185317
0.193084
0.197169
0.199176
0.200108
0.200523
0.200693
0.121188
0.15042
0.171763
0.185341
0.19311
0.197196
0.199203
0.200136
0.200551
0.200721
0.0525954
0.0649199
0.0742832
0.0805118
0.0842342
0.0862718
0.0873089
0.0878054
0.08803
0.0881207
0.052591
0.0649148
0.0742775
0.0805058
0.084228
0.0862656
0.0873026
0.0877993
0.0880245
0.088117
0.0525879
0.0649112
0.0742735
0.0805016
0.0842237
0.0862612
0.0872984
0.0877953
0.0880209
0.088114
0.0525861
0.0649091
0.0742713
0.0804992
0.0842213
0.0862589
0.0872962
0.0877933
0.0880191
0.0881124
0.0525857
0.0649086
0.0742708
0.0804988
0.0842209
0.0862586
0.087296
0.0877932
0.0880192
0.0881126
0.0525866
0.0649099
0.0742723
0.0805005
0.0842228
0.0862606
0.0872981
0.0877954
0.0880215
0.0881149
0.052589
0.0649128
0.0742758
0.0805044
0.084227
0.086265
0.0873026
0.0878001
0.0880262
0.0881197
0.052593
0.0649178
0.0742815
0.0805108
0.0842338
0.0862721
0.0873099
0.0878074
0.0880337
0.0881272
0.0525986
0.0649249
0.0742898
0.0805199
0.0842435
0.0862822
0.0873202
0.0878179
0.0880442
0.0881377
0.0526063
0.0649344
0.0743009
0.0805322
0.0842565
0.0862956
0.0873339
0.0878318
0.0880582
0.0881518
0.0220966
0.0271196
0.0310545
0.0337682
0.0354505
0.0364041
0.0369053
0.0371522
0.0372665
0.0373132
0.0220946
0.0271173
0.0310519
0.0337655
0.0354476
0.0364012
0.0369024
0.0371494
0.037264
0.0373115
0.0220933
0.0271157
0.0310501
0.0337636
0.0354457
0.0363993
0.0369005
0.0371476
0.0372624
0.0373102
0.0220925
0.0271147
0.0310491
0.0337625
0.0354446
0.0363983
0.0368995
0.0371467
0.0372616
0.0373095
0.0220923
0.0271146
0.031049
0.0337624
0.0354445
0.0363982
0.0368995
0.0371468
0.0372617
0.0373097
0.0220928
0.0271152
0.0310497
0.0337632
0.0354454
0.0363992
0.0369006
0.0371478
0.0372628
0.0373108
0.0220939
0.0271166
0.0310514
0.0337651
0.0354475
0.0364013
0.0369028
0.0371501
0.0372651
0.0373131
0.0220958
0.027119
0.0310542
0.0337682
0.0354507
0.0364047
0.0369063
0.0371536
0.0372687
0.0373167
0.0220986
0.0271224
0.0310581
0.0337725
0.0354554
0.0364096
0.0369112
0.0371587
0.0372738
0.0373218
0.0221022
0.0271269
0.0310634
0.0337784
0.0354616
0.036416
0.0369178
0.0371653
0.0372805
0.0373286
0.00904036
0.0109821
0.0125587
0.0136839
0.0144049
0.0148264
0.0150545
0.0151699
0.0152245
0.015247
0.00903948
0.0109811
0.0125576
0.0136828
0.0144036
0.0148252
0.0150533
0.0151687
0.0152234
0.0152463
0.00903887
0.0109804
0.0125568
0.0136819
0.0144028
0.0148244
0.0150525
0.0151679
0.0152227
0.0152458
0.00903853
0.01098
0.0125564
0.0136815
0.0144023
0.0148239
0.0150521
0.0151675
0.0152224
0.0152455
0.00903846
0.0109799
0.0125563
0.0136815
0.0144023
0.0148239
0.0150521
0.0151676
0.0152224
0.0152456
0.00903869
0.0109802
0.0125567
0.0136819
0.0144027
0.0148244
0.0150526
0.0151681
0.015223
0.0152461
0.00903924
0.0109809
0.0125575
0.0136827
0.0144037
0.0148254
0.0150536
0.0151691
0.015224
0.0152472
0.00904013
0.010982
0.0125587
0.0136841
0.0144052
0.0148269
0.0150552
0.0151708
0.0152257
0.0152489
0.0090414
0.0109836
0.0125605
0.0136861
0.0144073
0.0148292
0.0150575
0.0151731
0.015228
0.0152512
0.0090431
0.0109856
0.012563
0.0136888
0.0144102
0.0148321
0.0150605
0.0151762
0.0152311
0.0152543
0.00370472
0.00433706
0.00492209
0.00536334
0.0056566
0.0058334
0.00593167
0.0059826
0.0060072
0.00601751
0.00370434
0.00433664
0.00492163
0.00536284
0.00565609
0.00583287
0.00593115
0.0059821
0.00600675
0.00601721
0.00370408
0.00433634
0.0049213
0.0053625
0.00565574
0.00583252
0.00593081
0.00598177
0.00600646
0.00601697
0.00370393
0.00433618
0.00492113
0.00536232
0.00565555
0.00583235
0.00593064
0.00598162
0.00600632
0.00601686
0.00370391
0.00433616
0.00492112
0.00536231
0.00565555
0.00583235
0.00593066
0.00598165
0.00600637
0.00601691
0.00370402
0.00433629
0.00492127
0.00536249
0.00565575
0.00583256
0.00593088
0.00598188
0.00600661
0.00601716
0.00370427
0.0043366
0.00492162
0.00536288
0.00565617
0.005833
0.00593134
0.00598235
0.00600708
0.00601764
0.00370468
0.00433708
0.00492218
0.0053635
0.00565683
0.0058337
0.00593205
0.00598308
0.00600782
0.00601838
0.00370527
0.00433778
0.00492298
0.00536439
0.00565778
0.00583469
0.00593306
0.0059841
0.00600886
0.00601942
0.00370605
0.00433871
0.00492405
0.00536556
0.00565903
0.00583599
0.0059344
0.00598546
0.00601022
0.0060208
381.284
381.284
381.284
381.283
381.283
381.283
381.283
381.284
381.284
381.284
381.284
381.283
381.283
381.283
381.283
381.283
381.283
381.283
381.283
381.283
381.284
381.283
381.283
381.283
381.283
381.283
381.283
381.283
381.283
381.283
381.283
381.283
381.283
381.283
381.283
381.283
381.283
381.283
381.283
381.283
381.283
381.283
381.283
381.283
381.282
381.283
381.283
381.283
381.283
381.283
381.283
381.283
381.283
381.283
381.282
381.283
381.283
381.283
381.283
381.283
381.283
381.283
381.283
381.283
381.283
381.283
381.283
381.283
381.283
381.283
381.283
381.283
381.283
381.283
381.283
381.283
381.283
381.283
381.283
381.283
381.284
381.283
381.283
381.283
381.283
381.283
381.283
381.283
381.283
381.284
381.284
381.283
381.283
381.283
381.283
381.283
381.283
381.283
381.284
381.284
305.922
305.921
305.92
305.92
305.92
305.92
305.92
305.92
305.921
305.921
305.921
305.92
305.919
305.919
305.919
305.919
305.919
305.919
305.92
305.92
305.92
305.919
305.918
305.918
305.918
305.918
305.918
305.919
305.919
305.92
305.919
305.919
305.918
305.918
305.917
305.918
305.918
305.918
305.919
305.919
305.919
305.918
305.918
305.917
305.917
305.917
305.918
305.918
305.919
305.919
305.919
305.918
305.918
305.917
305.917
305.917
305.918
305.918
305.919
305.919
305.919
305.918
305.918
305.918
305.918
305.918
305.918
305.918
305.919
305.92
305.92
305.919
305.918
305.918
305.918
305.918
305.918
305.919
305.919
305.92
305.92
305.919
305.919
305.919
305.918
305.919
305.919
305.919
305.92
305.921
305.921
305.92
305.919
305.919
305.919
305.919
305.92
305.92
305.921
305.921
236.434
236.432
236.432
236.431
236.431
236.431
236.432
236.432
236.433
236.434
236.432
236.431
236.43
236.43
236.43
236.43
236.43
236.431
236.432
236.433
236.431
236.43
236.429
236.429
236.429
236.429
236.43
236.43
236.431
236.432
236.431
236.43
236.429
236.429
236.428
236.429
236.429
236.43
236.431
236.432
236.43
236.429
236.429
236.428
236.428
236.428
236.429
236.429
236.43
236.432
236.43
236.429
236.429
236.428
236.428
236.428
236.429
236.43
236.43
236.432
236.431
236.43
236.429
236.429
236.429
236.429
236.429
236.43
236.431
236.432
236.431
236.43
236.429
236.429
236.429
236.429
236.43
236.431
236.431
236.433
236.432
236.431
236.43
236.43
236.43
236.43
236.431
236.431
236.432
236.434
236.433
236.432
236.431
236.431
236.431
236.431
236.432
236.433
236.434
236.435
175.718
175.717
175.717
175.717
175.717
175.718
175.718
175.719
175.72
175.721
175.717
175.716
175.715
175.715
175.716
175.716
175.717
175.717
175.718
175.72
175.716
175.715
175.714
175.714
175.715
175.715
175.716
175.716
175.718
175.719
175.715
175.714
175.714
175.714
175.714
175.714
175.715
175.716
175.717
175.718
175.715
175.714
175.713
175.713
175.714
175.714
175.715
175.716
175.717
175.718
175.715
175.714
175.713
175.714
175.714
175.714
175.715
175.716
175.717
175.718
175.715
175.714
175.714
175.714
175.714
175.715
175.715
175.716
175.717
175.719
175.716
175.715
175.715
175.715
175.715
175.715
175.716
175.717
175.718
175.72
175.717
175.716
175.716
175.716
175.716
175.717
175.717
175.718
175.719
175.721
175.718
175.717
175.717
175.717
175.718
175.718
175.719
175.72
175.721
175.722
125.423
125.423
125.424
125.425
125.426
125.427
125.428
125.429
125.43
125.431
125.422
125.421
125.422
125.423
125.424
125.425
125.426
125.427
125.428
125.43
125.421
125.42
125.421
125.422
125.423
125.424
125.425
125.426
125.427
125.429
125.42
125.42
125.421
125.422
125.423
125.424
125.425
125.426
125.427
125.429
125.42
125.419
125.42
125.421
125.423
125.423
125.424
125.425
125.427
125.428
125.42
125.419
125.42
125.422
125.423
125.424
125.425
125.426
125.427
125.429
125.42
125.42
125.421
125.422
125.423
125.424
125.425
125.426
125.427
125.429
125.421
125.421
125.422
125.423
125.424
125.425
125.426
125.427
125.428
125.43
125.422
125.422
125.423
125.424
125.425
125.426
125.427
125.428
125.43
125.431
125.423
125.423
125.424
125.425
125.427
125.428
125.429
125.43
125.431
125.433
85.8955
85.8978
85.902
85.9058
85.9087
85.9107
85.9121
85.9133
85.9145
85.9157
85.8941
85.8965
85.9006
85.9045
85.9074
85.9094
85.9108
85.912
85.9133
85.9148
85.8931
85.8955
85.8997
85.9036
85.9065
85.9085
85.9099
85.9112
85.9125
85.9141
85.8925
85.8949
85.8991
85.903
85.9059
85.9079
85.9094
85.9107
85.912
85.9137
85.8923
85.8947
85.8988
85.9027
85.9057
85.9077
85.9092
85.9105
85.9119
85.9135
85.8923
85.8947
85.8989
85.9028
85.9058
85.9078
85.9093
85.9106
85.9121
85.9137
85.8927
85.8951
85.8993
85.9033
85.9062
85.9083
85.9098
85.9111
85.9126
85.9142
85.8934
85.8958
85.9001
85.9041
85.907
85.9091
85.9106
85.912
85.9134
85.915
85.8943
85.8969
85.9012
85.9052
85.9082
85.9103
85.9118
85.9132
85.9146
85.9163
85.8954
85.8983
85.9027
85.9067
85.9097
85.9118
85.9134
85.9147
85.9162
85.9178
56.391
56.4005
56.413
56.4233
56.4301
56.4342
56.4366
56.4382
56.4395
56.4407
56.3899
56.3994
56.4119
56.4222
56.4291
56.4331
56.4356
56.4372
56.4385
56.44
56.3891
56.3986
56.4111
56.4214
56.4283
56.4324
56.4348
56.4365
56.4379
56.4394
56.3886
56.3981
56.4106
56.421
56.4278
56.4319
56.4344
56.4361
56.4375
56.4391
56.3884
56.3979
56.4105
56.4208
56.4276
56.4318
56.4342
56.4359
56.4374
56.439
56.3885
56.398
56.4105
56.4209
56.4278
56.4319
56.4344
56.4361
56.4376
56.4391
56.3888
56.3984
56.4109
56.4213
56.4282
56.4323
56.4348
56.4365
56.438
56.4396
56.3894
56.399
56.4116
56.422
56.4289
56.433
56.4356
56.4373
56.4388
56.4403
56.3903
56.3999
56.4126
56.423
56.4299
56.4341
56.4366
56.4383
56.4398
56.4414
56.3913
56.4012
56.4139
56.4244
56.4313
56.4355
56.438
56.4397
56.4413
56.4428
35.4325
35.4624
35.4957
35.52
35.5346
35.5425
35.5465
35.5487
35.5502
35.5513
35.4316
35.4616
35.4949
35.5192
35.5338
35.5416
35.5457
35.548
35.5495
35.5508
35.431
35.461
35.4943
35.5186
35.5332
35.541
35.5451
35.5474
35.549
35.5503
35.4307
35.4606
35.4939
35.5182
35.5328
35.5407
35.5448
35.5471
35.5487
35.5501
35.4305
35.4605
35.4938
35.5181
35.5327
35.5406
35.5447
35.547
35.5486
35.55
35.4306
35.4605
35.4939
35.5182
35.5328
35.5407
35.5448
35.5472
35.5488
35.5502
35.4309
35.4608
35.4942
35.5185
35.5332
35.5411
35.5452
35.5475
35.5491
35.5505
35.4314
35.4614
35.4948
35.5191
35.5337
35.5417
35.5458
35.5481
35.5498
35.5512
35.4321
35.4621
35.4956
35.52
35.5346
35.5425
35.5467
35.549
35.5506
35.5521
35.4329
35.4632
35.4967
35.5211
35.5357
35.5437
35.5478
35.5502
35.5518
35.5532
21.1902
21.2821
21.3653
21.4175
21.4454
21.4591
21.4656
21.4687
21.4703
21.4714
21.1896
21.2815
21.3647
21.4169
21.4448
21.4585
21.465
21.4681
21.4698
21.471
21.1892
21.2811
21.3643
21.4165
21.4444
21.4581
21.4646
21.4677
21.4695
21.4707
21.1889
21.2809
21.364
21.4162
21.4442
21.4579
21.4644
21.4675
21.4693
21.4705
21.1888
21.2808
21.3639
21.4161
21.4441
21.4578
21.4643
21.4675
21.4692
21.4705
21.1889
21.2808
21.364
21.4162
21.4442
21.4579
21.4644
21.4676
21.4693
21.4706
21.1891
21.2811
21.3643
21.4165
21.4444
21.4582
21.4647
21.4679
21.4696
21.4709
21.1895
21.2815
21.3647
21.4169
21.4449
21.4587
21.4652
21.4683
21.4701
21.4714
21.19
21.2821
21.3653
21.4175
21.4455
21.4593
21.4658
21.469
21.4708
21.4721
21.1907
21.2829
21.3662
21.4184
21.4464
21.4602
21.4667
21.4699
21.4717
21.473
11.7689
12.0613
12.2537
12.3528
12.3994
12.4203
12.4294
12.4334
12.4353
12.4363
11.7685
12.061
12.2533
12.3524
12.399
12.4199
12.4291
12.4331
12.435
12.4361
11.7682
12.0607
12.253
12.3521
12.3987
12.4197
12.4288
12.4328
12.4347
12.4359
11.7681
12.0605
12.2528
12.3519
12.3986
12.4195
12.4286
12.4327
12.4346
12.4357
11.768
12.0605
12.2528
12.3519
12.3985
12.4195
12.4286
12.4326
12.4346
12.4357
11.7681
12.0605
12.2528
12.3519
12.3986
12.4195
12.4287
12.4327
12.4347
12.4358
11.7682
12.0607
12.253
12.3521
12.3988
12.4197
12.4289
12.4329
12.4349
12.436
11.7685
12.061
12.2533
12.3524
12.3991
12.4201
12.4292
12.4333
12.4352
12.4364
11.7688
12.0614
12.2538
12.3529
12.3996
12.4205
12.4297
12.4337
12.4357
12.4369
11.7693
12.062
12.2544
12.3536
12.4003
12.4212
12.4304
12.4344
12.4364
12.4376
0.000601158
0.000600058
0.000597369
0.000591837
0.00058135
0.000562941
0.000533342
0.000490689
0.000438235
0.000391474
0.000601101
0.000600002
0.000597314
0.000591782
0.000581297
0.000562892
0.000533296
0.000490648
0.0004382
0.000391449
0.000601064
0.000599965
0.000597277
0.000591747
0.000581263
0.00056286
0.000533267
0.000490622
0.000438178
0.000391431
0.000601046
0.000599948
0.000597261
0.000591731
0.000581248
0.000562846
0.000533254
0.000490612
0.00043817
0.000391424
0.000601049
0.000599951
0.000597264
0.000591735
0.000581253
0.000562851
0.00053326
0.000490618
0.000438176
0.000391431
0.000601074
0.000599976
0.000597291
0.000591762
0.00058128
0.000562878
0.000533287
0.000490643
0.000438199
0.000391452
0.000601124
0.000600027
0.000597342
0.000591814
0.000581332
0.00056293
0.000533336
0.000490689
0.000438242
0.000391491
0.0006012
0.000600105
0.000597422
0.000591895
0.000581413
0.000563009
0.000533412
0.00049076
0.000438306
0.000391549
0.000601303
0.000600214
0.000597534
0.000592009
0.000581526
0.000563119
0.000533517
0.000490857
0.000438394
0.00039163
0.00060143
0.000600357
0.000597683
0.000592158
0.000581674
0.000563263
0.000533654
0.000490985
0.000438509
0.000391733
0.000221876
0.000221424
0.000220332
0.000218124
0.00021403
0.000207026
0.000196114
0.000181046
0.000163702
0.000149986
0.000221854
0.000221402
0.00022031
0.000218102
0.000214009
0.000207007
0.000196096
0.00018103
0.000163688
0.000149977
0.00022184
0.000221388
0.000220296
0.000218089
0.000213996
0.000206995
0.000196085
0.00018102
0.00016368
0.00014997
0.000221833
0.000221381
0.000220289
0.000218083
0.000213991
0.000206989
0.00019608
0.000181016
0.000163677
0.000149968
0.000221834
0.000221383
0.000220291
0.000218085
0.000213993
0.000206992
0.000196083
0.000181019
0.00016368
0.000149971
0.000221845
0.000221394
0.000220302
0.000218096
0.000214004
0.000207003
0.000196094
0.000181029
0.000163689
0.00014998
0.000221866
0.000221415
0.000220324
0.000218118
0.000214026
0.000207024
0.000196114
0.000181048
0.000163707
0.000149996
0.000221897
0.000221447
0.000220356
0.000218151
0.000214059
0.000207057
0.000196145
0.000181077
0.000163733
0.000150021
0.000221939
0.000221491
0.000220402
0.000218197
0.000214105
0.000207102
0.000196188
0.000181117
0.00016377
0.000150055
0.000221991
0.00022155
0.000220463
0.000218258
0.000214165
0.00020716
0.000196244
0.000181169
0.000163817
0.000150099
7.92902e-05
7.91128e-05
7.86888e-05
7.78469e-05
7.63185e-05
7.37681e-05
6.99138e-05
6.47997e-05
5.92335e-05
5.51748e-05
7.92818e-05
7.91044e-05
7.86806e-05
7.78389e-05
7.63107e-05
7.37607e-05
6.9907e-05
6.47936e-05
5.92284e-05
5.51715e-05
7.92763e-05
7.90991e-05
7.86753e-05
7.78338e-05
7.63058e-05
7.37561e-05
6.99028e-05
6.47899e-05
5.92253e-05
5.5169e-05
7.92739e-05
7.90967e-05
7.86731e-05
7.78316e-05
7.63038e-05
7.37543e-05
6.99012e-05
6.47886e-05
5.92242e-05
5.51682e-05
7.92747e-05
7.90975e-05
7.8674e-05
7.78326e-05
7.63049e-05
7.37554e-05
6.99024e-05
6.47898e-05
5.92255e-05
5.51695e-05
7.9279e-05
7.91019e-05
7.86784e-05
7.78371e-05
7.63094e-05
7.37599e-05
6.99068e-05
6.4794e-05
5.92294e-05
5.51732e-05
7.92871e-05
7.91102e-05
7.86868e-05
7.78456e-05
7.63179e-05
7.37683e-05
6.99148e-05
6.48016e-05
5.92364e-05
5.51799e-05
7.92995e-05
7.91228e-05
7.86998e-05
7.78587e-05
7.63309e-05
7.3781e-05
6.9927e-05
6.4813e-05
5.9247e-05
5.51899e-05
7.93163e-05
7.91404e-05
7.87179e-05
7.7877e-05
7.6349e-05
7.37986e-05
6.99438e-05
6.48288e-05
5.92616e-05
5.52036e-05
7.93369e-05
7.91636e-05
7.87418e-05
7.79009e-05
7.63727e-05
7.38216e-05
6.99658e-05
6.48492e-05
5.92805e-05
5.52213e-05
2.74574e-05
2.73908e-05
2.72333e-05
2.69257e-05
2.63783e-05
2.54866e-05
2.41772e-05
2.25012e-05
2.07589e-05
1.95583e-05
2.74544e-05
2.73878e-05
2.72303e-05
2.69227e-05
2.63755e-05
2.54839e-05
2.41747e-05
2.24989e-05
2.0757e-05
1.95572e-05
2.74524e-05
2.73858e-05
2.72284e-05
2.69209e-05
2.63738e-05
2.54823e-05
2.41732e-05
2.24976e-05
2.07558e-05
1.95563e-05
2.74515e-05
2.7385e-05
2.72276e-05
2.69201e-05
2.63731e-05
2.54816e-05
2.41727e-05
2.24971e-05
2.07555e-05
1.9556e-05
2.74519e-05
2.73854e-05
2.7228e-05
2.69206e-05
2.63735e-05
2.54821e-05
2.41732e-05
2.24977e-05
2.0756e-05
1.95565e-05
2.74536e-05
2.7387e-05
2.72297e-05
2.69223e-05
2.63753e-05
2.54839e-05
2.41749e-05
2.24993e-05
2.07576e-05
1.9558e-05
2.74567e-05
2.73902e-05
2.7233e-05
2.69256e-05
2.63785e-05
2.54871e-05
2.41779e-05
2.25022e-05
2.07603e-05
1.95606e-05
2.74614e-05
2.73951e-05
2.72379e-05
2.69306e-05
2.63835e-05
2.54919e-05
2.41826e-05
2.25065e-05
2.07644e-05
1.95645e-05
2.74678e-05
2.74018e-05
2.72448e-05
2.69375e-05
2.63903e-05
2.54986e-05
2.4189e-05
2.25126e-05
2.077e-05
1.95698e-05
2.74757e-05
2.74106e-05
2.72539e-05
2.69466e-05
2.63993e-05
2.55073e-05
2.41973e-05
2.25203e-05
2.07772e-05
1.95767e-05
9.22082e-06
9.19681e-06
9.14065e-06
9.03267e-06
8.84422e-06
8.54402e-06
8.11478e-06
7.5825e-06
7.04955e-06
6.69701e-06
9.21973e-06
9.19574e-06
9.13959e-06
9.03164e-06
8.84323e-06
8.54308e-06
8.1139e-06
7.58172e-06
7.04888e-06
6.69659e-06
9.21905e-06
9.19506e-06
9.13893e-06
9.03099e-06
8.84261e-06
8.5425e-06
8.11338e-06
7.58125e-06
7.04849e-06
6.69629e-06
9.21876e-06
9.19478e-06
9.13866e-06
9.03074e-06
8.84237e-06
8.54229e-06
8.11319e-06
7.5811e-06
7.04838e-06
6.69621e-06
9.21891e-06
9.19493e-06
9.13882e-06
9.03091e-06
8.84256e-06
8.54249e-06
8.11339e-06
7.58131e-06
7.04859e-06
6.69642e-06
9.21954e-06
9.19557e-06
9.13947e-06
9.03157e-06
8.84322e-06
8.54314e-06
8.11403e-06
7.58191e-06
7.04917e-06
6.69698e-06
9.22069e-06
9.19674e-06
9.14067e-06
9.03277e-06
8.84442e-06
8.54431e-06
8.11516e-06
7.58299e-06
7.05019e-06
6.69796e-06
9.22244e-06
9.19853e-06
9.14249e-06
9.03461e-06
8.84624e-06
8.54609e-06
8.11686e-06
7.5846e-06
7.0517e-06
6.69942e-06
9.2248e-06
9.201e-06
9.14502e-06
9.03715e-06
8.84876e-06
8.54854e-06
8.11921e-06
7.58681e-06
7.05378e-06
6.7014e-06
9.22771e-06
9.20423e-06
9.14835e-06
9.04049e-06
8.85205e-06
8.55174e-06
8.12226e-06
7.58968e-06
7.05646e-06
6.70396e-06
3.00525e-06
2.99693e-06
2.97766e-06
2.94117e-06
2.87864e-06
2.7811e-06
2.64497e-06
2.48079e-06
2.32137e-06
2.21907e-06
3.00488e-06
2.99656e-06
2.9773e-06
2.94082e-06
2.8783e-06
2.78078e-06
2.64468e-06
2.48052e-06
2.32114e-06
2.21893e-06
3.00464e-06
2.99633e-06
2.97708e-06
2.9406e-06
2.8781e-06
2.78059e-06
2.6445e-06
2.48036e-06
2.32101e-06
2.21883e-06
3.00455e-06
2.99624e-06
2.97699e-06
2.94052e-06
2.87802e-06
2.78052e-06
2.64444e-06
2.48032e-06
2.32098e-06
2.2188e-06
3.00461e-06
2.9963e-06
2.97706e-06
2.94059e-06
2.87809e-06
2.7806e-06
2.64452e-06
2.4804e-06
2.32106e-06
2.21888e-06
3.00484e-06
2.99653e-06
2.97729e-06
2.94083e-06
2.87833e-06
2.78083e-06
2.64474e-06
2.48062e-06
2.32127e-06
2.21909e-06
3.00525e-06
2.99695e-06
2.97772e-06
2.94126e-06
2.87876e-06
2.78125e-06
2.64515e-06
2.481e-06
2.32163e-06
2.21944e-06
3.00587e-06
2.99759e-06
2.97836e-06
2.94191e-06
2.8794e-06
2.78188e-06
2.64576e-06
2.48158e-06
2.32218e-06
2.21997e-06
3.00671e-06
2.99847e-06
2.97926e-06
2.94281e-06
2.8803e-06
2.78275e-06
2.64659e-06
2.48236e-06
2.32292e-06
2.22068e-06
3.00775e-06
2.99962e-06
2.98045e-06
2.944e-06
2.88146e-06
2.78388e-06
2.64767e-06
2.48338e-06
2.32388e-06
2.22161e-06
9.51392e-07
9.48614e-07
9.42244e-07
9.30349e-07
9.10309e-07
8.79655e-07
8.37802e-07
7.8853e-07
7.41886e-07
7.12642e-07
9.51269e-07
9.48493e-07
9.42125e-07
9.30233e-07
9.10197e-07
8.79549e-07
8.37703e-07
7.8844e-07
7.4181e-07
7.12596e-07
9.51192e-07
9.48417e-07
9.42051e-07
9.30161e-07
9.10129e-07
8.79485e-07
8.37644e-07
7.88389e-07
7.41767e-07
7.12564e-07
9.51163e-07
9.48389e-07
9.42024e-07
9.30136e-07
9.10106e-07
8.79465e-07
8.37627e-07
7.88375e-07
7.41758e-07
7.12558e-07
9.51186e-07
9.48412e-07
9.42048e-07
9.30161e-07
9.10132e-07
8.79492e-07
8.37655e-07
7.88403e-07
7.41787e-07
7.12587e-07
9.51265e-07
9.48492e-07
9.4213e-07
9.30244e-07
9.10215e-07
8.79573e-07
8.37734e-07
7.8848e-07
7.41861e-07
7.1266e-07
9.51409e-07
9.48638e-07
9.42278e-07
9.30392e-07
9.10363e-07
8.79718e-07
8.37874e-07
7.88614e-07
7.41988e-07
7.12783e-07
9.51624e-07
9.48858e-07
9.42501e-07
9.30617e-07
9.10585e-07
8.79936e-07
8.38083e-07
7.88813e-07
7.42177e-07
7.12966e-07
9.51913e-07
9.4916e-07
9.4281e-07
9.30928e-07
9.10893e-07
8.80235e-07
8.3837e-07
7.89085e-07
7.42435e-07
7.13216e-07
9.52272e-07
9.49556e-07
9.43217e-07
9.31334e-07
9.11293e-07
8.80624e-07
8.38742e-07
7.89437e-07
7.42768e-07
7.13537e-07
2.93181e-07
2.92284e-07
2.90247e-07
2.86493e-07
2.80271e-07
2.70924e-07
2.58413e-07
2.43994e-07
2.3063e-07
2.22405e-07
2.93141e-07
2.92245e-07
2.90208e-07
2.86456e-07
2.80235e-07
2.7089e-07
2.58381e-07
2.43965e-07
2.30605e-07
2.2239e-07
2.93117e-07
2.92221e-07
2.90185e-07
2.86433e-07
2.80213e-07
2.70869e-07
2.58362e-07
2.43948e-07
2.30592e-07
2.2238e-07
2.93108e-07
2.92212e-07
2.90177e-07
2.86426e-07
2.80206e-07
2.70863e-07
2.58357e-07
2.43944e-07
2.30589e-07
2.22379e-07
2.93116e-07
2.92221e-07
2.90185e-07
2.86435e-07
2.80216e-07
2.70873e-07
2.58367e-07
2.43954e-07
2.306e-07
2.22389e-07
2.93143e-07
2.92248e-07
2.90213e-07
2.86463e-07
2.80244e-07
2.709e-07
2.58394e-07
2.4398e-07
2.30625e-07
2.22414e-07
2.93191e-07
2.92297e-07
2.90263e-07
2.86512e-07
2.80293e-07
2.70949e-07
2.58441e-07
2.44025e-07
2.30668e-07
2.22456e-07
2.93263e-07
2.9237e-07
2.90337e-07
2.86588e-07
2.80368e-07
2.71022e-07
2.58511e-07
2.44092e-07
2.30732e-07
2.22518e-07
2.9336e-07
2.92471e-07
2.90441e-07
2.86691e-07
2.8047e-07
2.71122e-07
2.58607e-07
2.44183e-07
2.30818e-07
2.22602e-07
2.9348e-07
2.92603e-07
2.90576e-07
2.86827e-07
2.80604e-07
2.71251e-07
2.58731e-07
2.44301e-07
2.3093e-07
2.2271e-07
8.95578e-08
8.9272e-08
8.86291e-08
8.74601e-08
8.55523e-08
8.27357e-08
7.90353e-08
7.48517e-08
7.10454e-08
6.87385e-08
8.9545e-08
8.92594e-08
8.86167e-08
8.7448e-08
8.55407e-08
8.27247e-08
7.90249e-08
7.48423e-08
7.10374e-08
6.87337e-08
8.95373e-08
8.92518e-08
8.86093e-08
8.74409e-08
8.55338e-08
8.27182e-08
7.90191e-08
7.48371e-08
7.10331e-08
6.87305e-08
8.95347e-08
8.92493e-08
8.86069e-08
8.74386e-08
8.55318e-08
8.27165e-08
7.90176e-08
7.4836e-08
7.10325e-08
6.87303e-08
8.95376e-08
8.92522e-08
8.861e-08
8.74418e-08
8.55351e-08
8.27198e-08
7.9021e-08
7.48395e-08
7.1036e-08
6.87339e-08
8.95467e-08
8.92614e-08
8.86193e-08
8.74512e-08
8.55445e-08
8.27291e-08
7.90301e-08
7.48483e-08
7.10446e-08
6.87423e-08
8.95628e-08
8.92777e-08
8.86358e-08
8.74678e-08
8.5561e-08
8.27453e-08
7.90457e-08
7.48633e-08
7.1059e-08
6.87563e-08
8.95867e-08
8.93021e-08
8.86606e-08
8.74927e-08
8.55856e-08
8.27693e-08
7.90689e-08
7.48855e-08
7.10802e-08
6.8777e-08
8.96188e-08
8.93355e-08
8.86947e-08
8.75269e-08
8.56195e-08
8.28023e-08
7.91007e-08
7.49157e-08
7.11091e-08
6.88051e-08
8.96583e-08
8.9379e-08
8.87392e-08
8.75714e-08
8.56632e-08
8.28449e-08
7.91415e-08
7.49545e-08
7.11461e-08
6.8841e-08
3.27291e-08
3.26208e-08
3.23788e-08
3.19446e-08
3.1247e-08
3.02349e-08
2.89293e-08
2.74802e-08
2.61843e-08
2.54093e-08
3.27246e-08
3.26164e-08
3.23744e-08
3.19403e-08
3.12429e-08
3.0231e-08
2.89257e-08
2.74769e-08
2.61815e-08
2.54078e-08
3.27218e-08
3.26136e-08
3.23717e-08
3.19377e-08
3.12404e-08
3.02287e-08
2.89235e-08
2.7475e-08
2.61799e-08
2.54066e-08
3.27208e-08
3.26127e-08
3.23709e-08
3.19369e-08
3.12397e-08
3.02281e-08
2.89231e-08
2.74747e-08
2.61798e-08
2.54066e-08
3.27221e-08
3.2614e-08
3.23722e-08
3.19383e-08
3.12411e-08
3.02295e-08
2.89245e-08
2.74762e-08
2.61813e-08
2.54081e-08
3.27258e-08
3.26177e-08
3.2376e-08
3.19421e-08
3.12449e-08
3.02332e-08
2.89282e-08
2.74797e-08
2.61847e-08
2.54116e-08
3.27322e-08
3.26242e-08
3.23826e-08
3.19487e-08
3.12515e-08
3.02397e-08
2.89344e-08
2.74857e-08
2.61905e-08
2.54172e-08
3.27417e-08
3.26339e-08
3.23924e-08
3.19586e-08
3.12613e-08
3.02492e-08
2.89436e-08
2.74946e-08
2.6199e-08
2.54255e-08
3.27543e-08
3.2647e-08
3.24058e-08
3.1972e-08
3.12745e-08
3.02622e-08
2.89561e-08
2.75065e-08
2.62104e-08
2.54366e-08
3.27693e-08
3.26635e-08
3.24227e-08
3.19889e-08
3.12912e-08
3.02784e-08
2.89716e-08
2.75213e-08
2.62246e-08
2.54505e-08
0.00148922
0.0016701
0.00187175
0.00203527
0.00214864
0.00221916
0.00225941
0.00228076
0.00229127
0.00229573
0.00148906
0.00166992
0.00187156
0.00203507
0.00214843
0.00221895
0.0022592
0.00228055
0.00229109
0.00229561
0.00148895
0.0016698
0.00187143
0.00203493
0.00214829
0.00221881
0.00225906
0.00228042
0.00229097
0.00229552
0.00148889
0.00166974
0.00187136
0.00203486
0.00214822
0.00221874
0.002259
0.00228036
0.00229092
0.00229548
0.00148889
0.00166973
0.00187136
0.00203486
0.00214822
0.00221875
0.00225901
0.00228038
0.00229094
0.0022955
0.00148894
0.00166979
0.00187142
0.00203494
0.00214831
0.00221884
0.00225911
0.00228048
0.00229105
0.00229561
0.00148905
0.00166993
0.00187157
0.00203511
0.00214849
0.00221903
0.0022593
0.00228068
0.00229125
0.00229581
0.00148924
0.00167014
0.00187181
0.00203537
0.00214877
0.00221932
0.00225961
0.00228099
0.00229156
0.00229613
0.0014895
0.00167044
0.00187215
0.00203575
0.00214917
0.00221974
0.00226004
0.00228143
0.002292
0.00229657
0.00148983
0.00167083
0.0018726
0.00203624
0.0021497
0.0022203
0.0022606
0.002282
0.00229258
0.00229716
0.000571034
0.000623937
0.000690569
0.000748341
0.000790146
0.000816985
0.000832705
0.000841228
0.000845504
0.000847344
0.000570969
0.000623868
0.000690495
0.000748263
0.000790064
0.000816903
0.000832622
0.000841148
0.000845433
0.000847298
0.000570925
0.000623821
0.000690444
0.00074821
0.00079001
0.000816848
0.000832569
0.000841098
0.000845389
0.000847262
0.000570901
0.000623796
0.000690419
0.000748183
0.000789983
0.000816822
0.000832544
0.000841076
0.00084537
0.000847246
0.0005709
0.000623796
0.000690419
0.000748185
0.000789986
0.000816827
0.000832551
0.000841084
0.00084538
0.000847258
0.000570923
0.000623821
0.000690448
0.000748218
0.000790022
0.000816865
0.000832591
0.000841127
0.000845425
0.000847303
0.000570973
0.000623876
0.00069051
0.000748286
0.000790096
0.000816943
0.000832672
0.000841209
0.000845508
0.000847388
0.000571053
0.000623964
0.000690609
0.000748394
0.000790212
0.000817064
0.000832797
0.000841337
0.000845637
0.000847518
0.000571163
0.000624088
0.000690748
0.000748548
0.000790376
0.000817235
0.000832972
0.000841515
0.000845818
0.000847699
0.000571299
0.000624251
0.000690933
0.00074875
0.000790592
0.00081746
0.000833204
0.00084175
0.000846055
0.000847938
0.000210164
0.000225791
0.000247161
0.000266766
0.000281534
0.000291311
0.000297183
0.000300436
0.000302097
0.000302821
0.000210139
0.000225764
0.000247133
0.000266737
0.000281503
0.00029128
0.000297152
0.000300405
0.00030207
0.000302804
0.000210122
0.000225746
0.000247114
0.000266717
0.000281483
0.000291259
0.000297132
0.000300387
0.000302054
0.00030279
0.000210113
0.000225737
0.000247104
0.000266707
0.000281473
0.00029125
0.000297123
0.000300379
0.000302047
0.000302785
0.000210113
0.000225738
0.000247105
0.000266708
0.000281475
0.000291252
0.000297126
0.000300383
0.000302052
0.00030279
0.000210123
0.000225748
0.000247117
0.000266722
0.00028149
0.000291268
0.000297143
0.0003004
0.00030207
0.000302808
0.000210144
0.000225771
0.000247142
0.000266749
0.000281519
0.000291299
0.000297174
0.000300433
0.000302103
0.000302842
0.000210176
0.000225806
0.000247181
0.000266792
0.000281565
0.000291347
0.000297224
0.000300483
0.000302154
0.000302893
0.00021022
0.000225855
0.000247236
0.000266852
0.000281629
0.000291414
0.000297293
0.000300553
0.000302225
0.000302965
0.000210275
0.00022592
0.000247309
0.000266932
0.000281714
0.000291503
0.000297384
0.000300646
0.000302318
0.000303059
7.45196e-05
7.91368e-05
8.58227e-05
9.22472e-05
9.72649e-05
0.000100684
0.000102788
0.000103978
0.000104596
0.000104869
7.45104e-05
7.91271e-05
8.58124e-05
9.22364e-05
9.72537e-05
0.000100673
0.000102777
0.000103967
0.000104586
0.000104862
7.45041e-05
7.91206e-05
8.58055e-05
9.22292e-05
9.72464e-05
0.000100666
0.00010277
0.00010396
0.00010458
0.000104858
7.45009e-05
7.91174e-05
8.58022e-05
9.22258e-05
9.7243e-05
0.000100662
0.000102766
0.000103957
0.000104578
0.000104856
7.45011e-05
7.91177e-05
8.58027e-05
9.22264e-05
9.72438e-05
0.000100663
0.000102768
0.000103959
0.00010458
0.000104858
7.45051e-05
7.91219e-05
8.58074e-05
9.22317e-05
9.72495e-05
0.00010067
0.000102774
0.000103966
0.000104587
0.000104865
7.45131e-05
7.91306e-05
8.58169e-05
9.22421e-05
9.72607e-05
0.000100681
0.000102786
0.000103978
0.0001046
0.000104878
7.45257e-05
7.91442e-05
8.58319e-05
9.22584e-05
9.72782e-05
0.0001007
0.000102805
0.000103997
0.000104619
0.000104898
7.4543e-05
7.91632e-05
8.5853e-05
9.22814e-05
9.73027e-05
0.000100725
0.000102832
0.000104024
0.000104646
0.000104925
7.45643e-05
7.91882e-05
8.58808e-05
9.23117e-05
9.73349e-05
0.000100759
0.000102866
0.000104059
0.000104682
0.000104961
2.55203e-05
2.68756e-05
2.892e-05
3.09601e-05
3.26053e-05
3.37568e-05
3.44815e-05
3.48994e-05
3.51202e-05
3.52189e-05
2.5517e-05
2.68721e-05
2.89164e-05
3.09563e-05
3.26013e-05
3.37528e-05
3.44775e-05
3.48956e-05
3.51168e-05
3.52167e-05
2.55148e-05
2.68698e-05
2.8914e-05
3.09538e-05
3.25988e-05
3.37502e-05
3.4475e-05
3.48932e-05
3.51148e-05
3.52151e-05
2.55137e-05
2.68687e-05
2.89128e-05
3.09527e-05
3.25976e-05
3.37491e-05
3.4474e-05
3.48923e-05
3.5114e-05
3.52145e-05
2.55138e-05
2.68689e-05
2.89131e-05
3.0953e-05
3.2598e-05
3.37496e-05
3.44746e-05
3.4893e-05
3.51148e-05
3.52154e-05
2.55153e-05
2.68705e-05
2.89149e-05
3.09549e-05
3.26001e-05
3.37519e-05
3.4477e-05
3.48955e-05
3.51174e-05
3.5218e-05
2.55184e-05
2.68738e-05
2.89184e-05
3.09588e-05
3.26043e-05
3.37562e-05
3.44815e-05
3.49001e-05
3.51221e-05
3.52228e-05
2.55231e-05
2.68788e-05
2.8924e-05
3.09648e-05
3.26107e-05
3.37629e-05
3.44884e-05
3.49072e-05
3.51293e-05
3.523e-05
2.55296e-05
2.68859e-05
2.89317e-05
3.09733e-05
3.26197e-05
3.37723e-05
3.44981e-05
3.49171e-05
3.51392e-05
3.524e-05
2.55375e-05
2.68952e-05
2.8942e-05
3.09844e-05
3.26315e-05
3.37846e-05
3.45107e-05
3.49299e-05
3.51523e-05
3.52532e-05
8.45678e-06
8.85006e-06
9.46153e-06
1.00908e-05
1.06126e-05
1.09869e-05
1.12275e-05
1.13689e-05
1.14448e-05
1.14791e-05
8.45564e-06
8.84888e-06
9.46028e-06
1.00895e-05
1.06113e-05
1.09855e-05
1.12262e-05
1.13676e-05
1.14436e-05
1.14784e-05
8.45487e-06
8.84809e-06
9.45946e-06
1.00887e-05
1.06104e-05
1.09847e-05
1.12253e-05
1.13668e-05
1.14429e-05
1.14778e-05
8.45451e-06
8.84772e-06
9.45909e-06
1.00883e-05
1.061e-05
1.09843e-05
1.1225e-05
1.13665e-05
1.14427e-05
1.14777e-05
8.45458e-06
8.84781e-06
9.45919e-06
1.00884e-05
1.06102e-05
1.09845e-05
1.12252e-05
1.13668e-05
1.1443e-05
1.1478e-05
8.45515e-06
8.84841e-06
9.45985e-06
1.00891e-05
1.0611e-05
1.09853e-05
1.12261e-05
1.13677e-05
1.14439e-05
1.14789e-05
8.45626e-06
8.84958e-06
9.46113e-06
1.00905e-05
1.06125e-05
1.09869e-05
1.12277e-05
1.13693e-05
1.14456e-05
1.14806e-05
8.45797e-06
8.85141e-06
9.46311e-06
1.00927e-05
1.06148e-05
1.09893e-05
1.12302e-05
1.13719e-05
1.14482e-05
1.14832e-05
8.4603e-06
8.85395e-06
9.4659e-06
1.00957e-05
1.06179e-05
1.09926e-05
1.12336e-05
1.13754e-05
1.14517e-05
1.14868e-05
8.46319e-06
8.85729e-06
9.46956e-06
1.00996e-05
1.06221e-05
1.0997e-05
1.12381e-05
1.13799e-05
1.14563e-05
1.14914e-05
2.71588e-06
2.82834e-06
3.00725e-06
3.19612e-06
3.35659e-06
3.47426e-06
3.55143e-06
3.59757e-06
3.62271e-06
3.63422e-06
2.71549e-06
2.82795e-06
3.00684e-06
3.19569e-06
3.35615e-06
3.47381e-06
3.55098e-06
3.59713e-06
3.62232e-06
3.63398e-06
2.71524e-06
2.82769e-06
3.00657e-06
3.19541e-06
3.35586e-06
3.47353e-06
3.5507e-06
3.59687e-06
3.6221e-06
3.6338e-06
2.71512e-06
2.82757e-06
3.00645e-06
3.19529e-06
3.35574e-06
3.47341e-06
3.5506e-06
3.59679e-06
3.62203e-06
3.63375e-06
2.71516e-06
2.8276e-06
3.00649e-06
3.19534e-06
3.35581e-06
3.47349e-06
3.55068e-06
3.59689e-06
3.62214e-06
3.63387e-06
2.71536e-06
2.82782e-06
3.00673e-06
3.1956e-06
3.35608e-06
3.47378e-06
3.55099e-06
3.5972e-06
3.62247e-06
3.63421e-06
2.71575e-06
2.82823e-06
3.00717e-06
3.19608e-06
3.35659e-06
3.47432e-06
3.55155e-06
3.59777e-06
3.62305e-06
3.63479e-06
2.71635e-06
2.82886e-06
3.00786e-06
3.19682e-06
3.35738e-06
3.47514e-06
3.5524e-06
3.59864e-06
3.62393e-06
3.63568e-06
2.71716e-06
2.82975e-06
3.00882e-06
3.19786e-06
3.35848e-06
3.47629e-06
3.55358e-06
3.59984e-06
3.62515e-06
3.6369e-06
2.71817e-06
2.83091e-06
3.01009e-06
3.19922e-06
3.35992e-06
3.47779e-06
3.55512e-06
3.60141e-06
3.62674e-06
3.63851e-06
8.47555e-07
8.79208e-07
9.30478e-07
9.8576e-07
1.03374e-06
1.06964e-06
1.09362e-06
1.10819e-06
1.11625e-06
1.11998e-06
8.47431e-07
8.79081e-07
9.30344e-07
9.85621e-07
1.0336e-06
1.06949e-06
1.09347e-06
1.10805e-06
1.11613e-06
1.11991e-06
8.4735e-07
8.78997e-07
9.30258e-07
9.85532e-07
1.03351e-06
1.0694e-06
1.09338e-06
1.10797e-06
1.11606e-06
1.11985e-06
8.47313e-07
8.78961e-07
9.30221e-07
9.85495e-07
1.03347e-06
1.06937e-06
1.09335e-06
1.10794e-06
1.11604e-06
1.11984e-06
8.47327e-07
8.78976e-07
9.30238e-07
9.85515e-07
1.0335e-06
1.0694e-06
1.09338e-06
1.10798e-06
1.11608e-06
1.11988e-06
8.47397e-07
8.79049e-07
9.30318e-07
9.85602e-07
1.03359e-06
1.06949e-06
1.09349e-06
1.10809e-06
1.11619e-06
1.11999e-06
8.47529e-07
8.79189e-07
9.30468e-07
9.85763e-07
1.03376e-06
1.06968e-06
1.09367e-06
1.10828e-06
1.11638e-06
1.12019e-06
8.47732e-07
8.79403e-07
9.30699e-07
9.86012e-07
1.03402e-06
1.06995e-06
1.09396e-06
1.10857e-06
1.11668e-06
1.12049e-06
8.48009e-07
8.79701e-07
9.31022e-07
9.86359e-07
1.03439e-06
1.07033e-06
1.09435e-06
1.10897e-06
1.11708e-06
1.1209e-06
8.48351e-07
8.80093e-07
9.31448e-07
9.86814e-07
1.03487e-06
1.07083e-06
1.09487e-06
1.10949e-06
1.11761e-06
1.12143e-06
2.61935e-07
2.70821e-07
2.8543e-07
3.01474e-07
3.15671e-07
3.26494e-07
3.33852e-07
3.38397e-07
3.40946e-07
3.4214e-07
2.61895e-07
2.7078e-07
2.85387e-07
3.01429e-07
3.15625e-07
3.26447e-07
3.33805e-07
3.38352e-07
3.40906e-07
3.42116e-07
2.61869e-07
2.70753e-07
2.85359e-07
3.01401e-07
3.15596e-07
3.26418e-07
3.33777e-07
3.38326e-07
3.40884e-07
3.42098e-07
2.61858e-07
2.70742e-07
2.85348e-07
3.0139e-07
3.15585e-07
3.26408e-07
3.33768e-07
3.38319e-07
3.40879e-07
3.42095e-07
2.61863e-07
2.70748e-07
2.85354e-07
3.01397e-07
3.15594e-07
3.26418e-07
3.33779e-07
3.38331e-07
3.40893e-07
3.4211e-07
2.61887e-07
2.70773e-07
2.85381e-07
3.01426e-07
3.15625e-07
3.26451e-07
3.33814e-07
3.38367e-07
3.4093e-07
3.42148e-07
2.61932e-07
2.7082e-07
2.85432e-07
3.01481e-07
3.15682e-07
3.26511e-07
3.33876e-07
3.38431e-07
3.40995e-07
3.42214e-07
2.62e-07
2.70892e-07
2.85509e-07
3.01563e-07
3.1577e-07
3.26603e-07
3.3397e-07
3.38527e-07
3.41092e-07
3.42312e-07
2.62093e-07
2.70991e-07
2.85616e-07
3.01678e-07
3.15891e-07
3.26729e-07
3.341e-07
3.3866e-07
3.41227e-07
3.42447e-07
2.62207e-07
2.71121e-07
2.85757e-07
3.01828e-07
3.16049e-07
3.26893e-07
3.34269e-07
3.38832e-07
3.41401e-07
3.42623e-07
9.6816e-08
9.98042e-08
1.04781e-07
1.1034e-07
1.15352e-07
1.19243e-07
1.21936e-07
1.23627e-07
1.24589e-07
1.25043e-07
9.68015e-08
9.97894e-08
1.04765e-07
1.10324e-07
1.15335e-07
1.19227e-07
1.2192e-07
1.23612e-07
1.24575e-07
1.25035e-07
9.67918e-08
9.97795e-08
1.04755e-07
1.10314e-07
1.15325e-07
1.19216e-07
1.21909e-07
1.23602e-07
1.24567e-07
1.25029e-07
9.67878e-08
9.97755e-08
1.04751e-07
1.1031e-07
1.15321e-07
1.19213e-07
1.21906e-07
1.23599e-07
1.24566e-07
1.25028e-07
9.67902e-08
9.97781e-08
1.04754e-07
1.10313e-07
1.15325e-07
1.19217e-07
1.21911e-07
1.23605e-07
1.24571e-07
1.25034e-07
9.68e-08
9.97883e-08
1.04765e-07
1.10325e-07
1.15337e-07
1.1923e-07
1.21925e-07
1.23619e-07
1.24586e-07
1.2505e-07
9.68182e-08
9.98073e-08
1.04785e-07
1.10347e-07
1.1536e-07
1.19254e-07
1.2195e-07
1.23645e-07
1.24612e-07
1.25076e-07
9.68456e-08
9.98361e-08
1.04816e-07
1.1038e-07
1.15395e-07
1.19291e-07
1.21987e-07
1.23683e-07
1.24651e-07
1.25115e-07
9.68823e-08
9.98755e-08
1.04858e-07
1.10425e-07
1.15443e-07
1.1934e-07
1.22038e-07
1.23735e-07
1.24704e-07
1.25168e-07
9.6926e-08
9.99253e-08
1.04912e-07
1.10482e-07
1.15503e-07
1.19403e-07
1.22103e-07
1.23801e-07
1.2477e-07
1.25235e-07
)
;

boundaryField
{
    inlet1
    {
        type            fixedValue;
        value           uniform 10;
    }
    inlet2
    {
        type            fixedValue;
        value           uniform 20;
    }
    outlet1
    {
        type            zeroGradient;
    }
    outlet2
    {
        type            zeroGradient;
    }
    fixedWalls
    {
        type            zeroGradient;
    }
}


// ************************************************************************* //
