/*--------------------------------*- C++ -*----------------------------------*\
  =========                 |
  \\      /  F ield         | OpenFOAM: The Open Source CFD Toolbox
   \\    /   O peration     | Website:  https://openfoam.org
    \\  /    A nd           | Version:  6
     \\/     M anipulation  |
\*---------------------------------------------------------------------------*/
FoamFile
{
    version     2.0;
    format      ascii;
    class       volScalarField;
    location    "2000";
    object      p;
}
// * * * * * * * * * * * * * * * * * * * * * * * * * * * * * * * * * * * * * //

dimensions      [0 2 -2 0 0 0 0];

internalField   nonuniform List<scalar> 
7000
(
0.0415773
0.0393587
0.0388544
0.0386491
0.0385666
0.0386138
0.0387858
0.0390658
0.0396245
0.0419078
0.0393458
0.0371287
0.0366282
0.036427
0.0363495
0.0364026
0.036581
0.0368669
0.0374297
0.0397224
0.0388298
0.0366161
0.0361174
0.0359189
0.035845
0.0359023
0.0360852
0.0363753
0.0369421
0.0392392
0.038607
0.0363961
0.0358997
0.0357045
0.0356348
0.035697
0.035885
0.03618
0.0367511
0.0390545
0.0385021
0.036294
0.0358
0.0356083
0.0355431
0.0356104
0.0358038
0.0361038
0.0366794
0.0389894
0.038524
0.0363184
0.0358266
0.0356381
0.0355769
0.0356488
0.0358471
0.0361515
0.0367309
0.0390464
0.0386702
0.0364667
0.0359768
0.0357907
0.0357326
0.0358081
0.0360101
0.036318
0.0369001
0.0392194
0.0389273
0.0367251
0.0362364
0.0360519
0.0359959
0.0360738
0.0362782
0.0365882
0.037172
0.0394937
0.0394684
0.037266
0.0367781
0.0365945
0.0365397
0.0366188
0.0368244
0.0371353
0.0377196
0.0400437
0.0417285
0.0395282
0.0390397
0.0388568
0.038803
0.038883
0.0390892
0.0394008
0.0399868
0.0423098
0.0386034
0.0372165
0.0372528
0.0370519
0.0369685
0.0370169
0.0371931
0.037472
0.0374815
0.0389476
0.0372009
0.0358171
0.0358596
0.035663
0.0355857
0.0356416
0.0358263
0.0361139
0.0361267
0.037605
0.0372278
0.0358495
0.0358928
0.0356991
0.0356255
0.0356859
0.0358755
0.036168
0.0361856
0.0376678
0.037009
0.0356333
0.035679
0.0354894
0.0354209
0.0354873
0.0356835
0.0359822
0.0360049
0.0374967
0.0369027
0.0355302
0.0355783
0.0353928
0.0353295
0.035402
0.0356049
0.0359101
0.035938
0.0374388
0.0369252
0.0355557
0.0356061
0.035424
0.0353653
0.0354432
0.0356518
0.0359625
0.0359946
0.0375025
0.0370746
0.0357075
0.0357597
0.0355804
0.0355253
0.0356071
0.0358199
0.0361345
0.0361694
0.0376819
0.0373295
0.0359647
0.036018
0.0358403
0.0357874
0.0358718
0.0360872
0.0364042
0.0364405
0.0379546
0.0373254
0.0359582
0.0360129
0.0358361
0.0357842
0.0358696
0.0360858
0.0364035
0.0364391
0.0379573
0.0387614
0.037396
0.0374481
0.0372727
0.0372219
0.0373081
0.0375247
0.0378419
0.0378808
0.0393987
0.0360887
0.0353007
0.0356593
0.0354766
0.0354515
0.0355027
0.0356265
0.0358948
0.035575
0.036457
0.0352831
0.0345034
0.0348713
0.0346938
0.0346777
0.03474
0.0348761
0.0351588
0.034844
0.0357423
0.0356342
0.0348627
0.0352306
0.0350569
0.0350454
0.0351134
0.0352563
0.0355456
0.0352382
0.0361427
0.0354324
0.0346635
0.0350346
0.0348664
0.0348617
0.034938
0.0350905
0.0353894
0.0350895
0.0360109
0.0353833
0.0346189
0.0349928
0.0348298
0.0348319
0.0349165
0.0350784
0.0353871
0.0350948
0.0360307
0.0354074
0.0346467
0.0350232
0.0348646
0.0348725
0.0349641
0.0351337
0.0354501
0.0351637
0.0361107
0.0355026
0.0347447
0.0351232
0.0349679
0.0349801
0.0350764
0.0352512
0.0355726
0.0352895
0.0362431
0.0357441
0.0349899
0.0353691
0.0352157
0.0352304
0.0353296
0.035507
0.035831
0.0355493
0.0365035
0.0354143
0.0346557
0.0350372
0.0348842
0.0348998
0.0349996
0.0351774
0.0355017
0.0352172
0.0361762
0.0362597
0.0354991
0.0358757
0.0357252
0.0357414
0.0358416
0.0360193
0.036341
0.0360604
0.0370219
0.0347279
0.0341719
0.0345512
0.0343577
0.0344043
0.0344594
0.0345177
0.0348056
0.0344597
0.0351206
0.0341533
0.0336105
0.0340013
0.0338152
0.033876
0.0339478
0.0340249
0.0343365
0.0340014
0.0346916
0.0345268
0.033994
0.0343845
0.034204
0.0342713
0.0343517
0.0344393
0.0347616
0.0344387
0.035144
0.0343131
0.0337834
0.0341788
0.0340059
0.0340832
0.0341761
0.0342789
0.0346176
0.0343078
0.0350441
0.0343353
0.0338123
0.0342113
0.0340456
0.0341325
0.0342378
0.0343551
0.0347097
0.0344133
0.0351748
0.034362
0.0338439
0.0342462
0.0340865
0.0341813
0.0342964
0.034425
0.0347917
0.0345049
0.0352852
0.0343908
0.0338756
0.0342803
0.0341249
0.0342251
0.0343463
0.0344816
0.0348551
0.0345726
0.0353629
0.0346496
0.0341394
0.0345446
0.0343914
0.0344945
0.0346187
0.0347566
0.0351322
0.0348506
0.0356386
0.0342981
0.0337827
0.0341909
0.0340376
0.0341412
0.0342654
0.0344024
0.034777
0.0344892
0.0352804
0.0349194
0.0343996
0.034802
0.0346519
0.0347547
0.0348779
0.0350134
0.0353813
0.0350959
0.0358861
0.0337247
0.0332797
0.0336028
0.0333959
0.0334905
0.0335491
0.033564
0.0338732
0.033573
0.0341265
0.0332613
0.0328346
0.0331714
0.0329754
0.0330915
0.0331757
0.0332197
0.0335667
0.0332896
0.0338961
0.0335812
0.0331655
0.0335023
0.0333146
0.0334401
0.0335374
0.0335985
0.0339636
0.0337073
0.0343478
0.0333538
0.0329427
0.0332864
0.0331095
0.03325
0.033367
0.0334527
0.0338465
0.0336148
0.0343133
0.0334248
0.0330231
0.0333718
0.0332051
0.0333597
0.0334954
0.0336045
0.0340254
0.0338187
0.0345649
0.0334552
0.03306
0.033413
0.0332546
0.0334203
0.0335702
0.0336966
0.0341371
0.0339473
0.0347258
0.0334418
0.0330495
0.0334057
0.0332528
0.0334253
0.0335834
0.0337186
0.0341682
0.0339839
0.0347756
0.0337214
0.0333354
0.0336918
0.0335416
0.0337173
0.033878
0.0340148
0.0344646
0.0342785
0.0350613
0.0334255
0.0330348
0.0333948
0.0332437
0.0334193
0.0335785
0.0337116
0.0341573
0.0339587
0.0347344
0.0339438
0.0335459
0.0338999
0.033752
0.0339242
0.0340796
0.0342075
0.034639
0.0344335
0.0352003
0.032597
0.0322624
0.0325575
0.032359
0.0324808
0.0325408
0.0325274
0.0328284
0.0325375
0.0329595
0.032246
0.0319359
0.0322473
0.0320655
0.0322185
0.0323168
0.0323488
0.0327089
0.032458
0.0329765
0.0325413
0.0322437
0.0325559
0.0323857
0.0325526
0.032671
0.0327301
0.0331215
0.0329059
0.0334962
0.0323241
0.0320334
0.0323554
0.0322004
0.0323895
0.0325386
0.0326382
0.0330803
0.0329133
0.0336169
0.0324257
0.0321476
0.0324764
0.032336
0.0325456
0.0327233
0.0328607
0.0333502
0.0332316
0.0340301
0.0324605
0.0321908
0.0325254
0.0323963
0.0326216
0.0328201
0.0329841
0.0335059
0.0334173
0.0342747
0.0324244
0.0321579
0.0324966
0.0323744
0.0326084
0.0328172
0.0329924
0.0335256
0.0334429
0.0343143
0.0327018
0.0324426
0.0327811
0.0326622
0.0328988
0.033109
0.0332828
0.0338102
0.033717
0.0345601
0.0324336
0.0321696
0.0325119
0.0323908
0.0326261
0.0328318
0.0329962
0.0335111
0.0333924
0.0342085
0.0328473
0.0325735
0.0329095
0.0327905
0.0330186
0.033215
0.0333656
0.0338521
0.0337132
0.034488
0.0313615
0.031128
0.031407
0.0312291
0.0313644
0.0314205
0.03138
0.0316496
0.0313339
0.0315909
0.0311157
0.0309143
0.0312131
0.0310597
0.0312387
0.0313506
0.0313786
0.0317362
0.0314843
0.0318959
0.0314001
0.0312128
0.031514
0.0313765
0.0315753
0.031717
0.0317876
0.0321987
0.0320083
0.0325642
0.0312083
0.0310314
0.0313457
0.0312295
0.031461
0.0316497
0.0317863
0.0322875
0.0321943
0.0329822
0.0313313
0.0311705
0.0314941
0.0313982
0.0316594
0.0318913
0.0320891
0.0326736
0.032676
0.033664
0.031371
0.0312208
0.031552
0.0314714
0.0317541
0.0320161
0.0322543
0.0328918
0.0329514
0.0340497
0.0313219
0.0311757
0.031512
0.0314395
0.0317328
0.0320071
0.0322581
0.032908
0.0329712
0.0340739
0.0315832
0.0314444
0.03178
0.0317108
0.0320052
0.0322775
0.0325198
0.0331501
0.0331799
0.0342048
0.0313292
0.031186
0.0315251
0.031452
0.0317425
0.0320049
0.0322274
0.0328288
0.0328064
0.0337422
0.0316464
0.0314893
0.031821
0.0317475
0.032025
0.0322686
0.0324624
0.0330113
0.0329283
0.033767
0.0301186
0.0299576
0.0302092
0.0300483
0.0301827
0.0302255
0.0301531
0.030372
0.0300178
0.0300338
0.0299517
0.0298305
0.0301058
0.0299793
0.0301725
0.0302927
0.0303179
0.0306611
0.030382
0.0306024
0.0302159
0.0301104
0.0303901
0.0302842
0.0305047
0.0306678
0.0307574
0.0311899
0.0310184
0.0315384
0.03005
0.0299594
0.0302561
0.0301796
0.0304468
0.0306807
0.0308766
0.0314674
0.0314965
0.0325182
0.0301865
0.0301158
0.0304248
0.0303758
0.030685
0.0309833
0.0312765
0.0320136
0.03224
0.0337004
0.0302311
0.0301734
0.0304922
0.030463
0.0308013
0.0311419
0.0314955
0.0323203
0.0326577
0.0343459
0.0301769
0.0301238
0.0304484
0.0304287
0.0307789
0.0311328
0.0314985
0.0323325
0.0326608
0.034317
0.030421
0.0303752
0.0306983
0.030681
0.031029
0.031374
0.031716
0.0324989
0.032736
0.0341624
0.0301909
0.0301405
0.0304662
0.0304426
0.0307824
0.0311083
0.0314124
0.0321323
0.0322525
0.033448
0.0304363
0.0303687
0.0306858
0.0306573
0.0309758
0.0312684
0.031518
0.0321406
0.0321487
0.0331008
0.028873
0.0287591
0.0289738
0.0288226
0.0289401
0.0289554
0.0288361
0.0289875
0.0285643
0.0282422
0.028762
0.0286956
0.028938
0.028832
0.0290244
0.0291404
0.0291484
0.0294523
0.0290708
0.0288409
0.0289984
0.0289492
0.0291981
0.0291178
0.0293461
0.0295208
0.0296217
0.0300683
0.0298815
0.0302605
0.028856
0.0288267
0.0290972
0.0290559
0.0293489
0.029627
0.0298935
0.0306123
0.0308236
0.0323004
0.0289988
0.0289932
0.0292793
0.0292742
0.0296244
0.0299951
0.0304116
0.0313796
0.0319823
0.0344286
0.0290478
0.0290576
0.0293556
0.0293753
0.0297632
0.0301914
0.0306946
0.0318011
0.0326226
0.0355476
0.0289947
0.0290097
0.029314
0.0293437
0.0297437
0.0301839
0.0306932
0.0317941
0.0325789
0.035353
0.0292239
0.0292452
0.0295467
0.0295766
0.0299686
0.0303872
0.0308451
0.031836
0.0323942
0.0345548
0.0290246
0.0290415
0.0293441
0.0293645
0.0297417
0.0301274
0.0305184
0.0313883
0.0317033
0.0332541
0.0292213
0.0292166
0.0295088
0.029518
0.0298628
0.030195
0.0304963
0.0312108
0.0313016
0.0324032
0.0275947
0.0275134
0.0276908
0.0275446
0.0276318
0.0276039
0.0274167
0.0274783
0.0270144
0.0260593
0.0275262
0.0274994
0.0277077
0.0276169
0.0277929
0.0278842
0.0278408
0.02805
0.0274492
0.0258881
0.0277355
0.0277268
0.0279433
0.0278825
0.0281022
0.0282684
0.0283517
0.0287762
0.0285262
0.0282419
0.0276158
0.0276322
0.0278748
0.0278636
0.0281685
0.0284786
0.0288089
0.0296683
0.0301983
0.0323467
0.0277596
0.027803
0.0280647
0.0280983
0.0284772
0.0289145
0.0294644
0.0307169
0.0320155
0.0363457
0.0278119
0.0278728
0.0281481
0.0282113
0.0286364
0.0291482
0.0298161
0.0312743
0.0329914
0.0384276
0.0277632
0.0278295
0.0281108
0.0281834
0.028619
0.0291378
0.0297968
0.031215
0.0328144
0.0378178
0.027976
0.0280469
0.0283237
0.0283928
0.0288116
0.0292896
0.0298526
0.0310588
0.0321352
0.0354682
0.027806
0.0278719
0.0281477
0.0282033
0.0285988
0.0290254
0.0294813
0.0304771
0.0310485
0.032806
0.027964
0.0280045
0.0282678
0.0283048
0.0286552
0.0290055
0.0293295
0.0300911
0.0303338
0.0314095
0.0262685
0.0262114
0.0263551
0.0262126
0.0262613
0.0261774
0.025892
0.0258051
0.0253777
0.0239698
0.0262333
0.0262363
0.0264127
0.0263325
0.026477
0.0265159
0.0263572
0.0263329
0.0253701
0.0217995
0.0264182
0.0264394
0.0266248
0.0265768
0.0267698
0.0268952
0.0268983
0.0271685
0.0266291
0.0253497
0.0263206
0.0263717
0.026587
0.0265986
0.0268969
0.0272085
0.0275537
0.0284428
0.0290152
0.032438
0.0264615
0.0265421
0.0267791
0.0268433
0.027231
0.0277047
0.0283477
0.0297809
0.0314885
0.0388993
0.0265157
0.0266151
0.0268668
0.0269639
0.0274045
0.0279684
0.0287608
0.030456
0.0327981
0.042068
0.0264722
0.0265764
0.0268332
0.0269375
0.0273841
0.0279454
0.0287014
0.0302973
0.0324207
0.0407068
0.0266672
0.0267734
0.0270232
0.0271188
0.027537
0.028032
0.0286299
0.0298799
0.0311427
0.0360994
0.0265221
0.0266231
0.0268696
0.026947
0.0273325
0.0277555
0.0281962
0.0291267
0.0296075
0.0314897
0.026649
0.0267198
0.0269514
0.0270027
0.027331
0.0276574
0.0279341
0.0285879
0.0287302
0.0300173
0.0249054
0.024868
0.0249832
0.024847
0.0248613
0.0247281
0.0243595
0.0241234
0.0238955
0.0240118
0.0248949
0.0249206
0.0250675
0.0249952
0.0251015
0.0250734
0.024771
0.0244781
0.0234768
0.0207402
0.0250564
0.0250992
0.0252543
0.0252133
0.0253669
0.0254225
0.0252878
0.0253399
0.0244018
0.0230252
0.0249783
0.0250542
0.0252416
0.0252673
0.0255393
0.025806
0.0260681
0.0268332
0.0266533
0.0298522
0.0251127
0.0252192
0.0254294
0.0255115
0.0258806
0.0263272
0.0269285
0.0282641
0.0289932
0.0358963
0.0251669
0.0252922
0.0255171
0.0256328
0.0260559
0.0265983
0.0273586
0.0289097
0.0301012
0.0380778
0.0251283
0.0252572
0.0254853
0.0256045
0.0260262
0.0265536
0.0272463
0.0286152
0.0295001
0.0358454
0.0253042
0.0254322
0.0256506
0.0257553
0.026137
0.0265768
0.0270647
0.0280194
0.0281431
0.0313163
0.0251812
0.025303
0.025516
0.025599
0.0259408
0.0262957
0.0266032
0.0272294
0.0268006
0.0277892
0.025281
0.025369
0.0255655
0.0256163
0.0258938
0.026145
0.026296
0.0266861
0.0261252
0.0270917
0.0235136
0.0234952
0.0235898
0.0234704
0.023472
0.0233239
0.0229119
0.022518
0.0217875
0.0202935
0.0235193
0.0235639
0.0236864
0.0236265
0.0237065
0.0236324
0.0232057
0.0226588
0.0212966
0.0171206
0.0236578
0.0237167
0.0238453
0.0238121
0.0239315
0.0239246
0.023624
0.0234342
0.0219151
0.0178505
0.0235951
0.0236888
0.0238498
0.0238853
0.0241254
0.0243263
0.0244089
0.0249638
0.0238839
0.0238276
0.0237199
0.0238431
0.0240258
0.0241168
0.0244506
0.0248235
0.0252438
0.0263564
0.0259812
0.0299131
0.0237721
0.0239131
0.024109
0.0242312
0.0246136
0.025074
0.0256518
0.026914
0.026841
0.0317748
0.0237377
0.0238804
0.0240773
0.0241984
0.0245698
0.0250017
0.02549
0.0264896
0.0259701
0.0286926
0.0238954
0.0240338
0.0242186
0.0243197
0.0246415
0.0249741
0.0252395
0.0258083
0.0246422
0.0243056
0.0237925
0.0239246
0.0241029
0.02418
0.024459
0.024706
0.0248016
0.0251004
0.0236023
0.021824
0.0238715
0.0239661
0.0241273
0.0241691
0.0243831
0.0245312
0.0245029
0.0246577
0.0231339
0.0215286
0.0221043
0.0221077
0.022192
0.022105
0.022125
0.0220121
0.0215976
0.0210466
0.0199869
0.0168292
0.0221188
0.0221821
0.0222885
0.0222524
0.0223336
0.0222721
0.0217957
0.0210784
0.0197524
0.0151866
0.0222343
0.0223079
0.0224175
0.0224018
0.0225132
0.0225086
0.022127
0.0217989
0.0204901
0.0158022
0.0221829
0.0222908
0.0224307
0.0224811
0.0227082
0.0228973
0.0228604
0.0233334
0.0224231
0.0209626
0.0222952
0.0224296
0.0225883
0.0226892
0.0230007
0.023343
0.0236344
0.0247279
0.0245843
0.0277221
0.0223436
0.0224936
0.0226632
0.0227916
0.0231432
0.023558
0.0240103
0.0252609
0.0253258
0.0294688
0.0223125
0.0224622
0.0226306
0.0227531
0.0230832
0.0234521
0.0237963
0.0247074
0.0240341
0.0251751
0.0224523
0.0225945
0.0227494
0.0228474
0.0231195
0.023379
0.0234842
0.0239054
0.0224757
0.020127
0.0223681
0.0225041
0.0226522
0.0227257
0.0229543
0.0231291
0.0230632
0.0232313
0.0215037
0.0175801
0.02243
0.0225265
0.0226586
0.0226959
0.0228635
0.0229457
0.0227747
0.02288
0.0212148
0.0176733
0.0206785
0.0207079
0.0207921
0.0207542
0.0208273
0.0208251
0.020544
0.0200164
0.0192602
0.0161379
0.0206961
0.0207797
0.0208794
0.0208834
0.0210024
0.0210434
0.020703
0.0200349
0.0192418
0.0160582
0.0207896
0.0208789
0.0209792
0.0209985
0.0211418
0.0212426
0.0209936
0.0207597
0.0203398
0.0180045
0.0207457
0.020867
0.0209945
0.0210747
0.0213256
0.0216075
0.0216593
0.0222613
0.0224395
0.023235
0.0208435
0.0209872
0.0211296
0.0212534
0.0215789
0.0219984
0.0223709
0.0237021
0.0249327
0.0309346
0.0208869
0.0210434
0.0211944
0.0213417
0.0217
0.0221763
0.0227139
0.0242779
0.0257658
0.0327477
0.0208585
0.0210127
0.0211611
0.0212985
0.0216252
0.0220326
0.0224336
0.0235989
0.0239348
0.0266939
0.0209816
0.0211257
0.0212602
0.0213698
0.0216309
0.0219137
0.0220466
0.022633
0.0218841
0.0199382
0.0209149
0.0210539
0.0211824
0.0212682
0.0214858
0.0216839
0.0216266
0.0219119
0.0207959
0.0164784
0.0209647
0.0210635
0.0211787
0.0212294
0.0213931
0.0215082
0.0213443
0.0216174
0.0207075
0.0168175
0.0192424
0.0192986
0.0193894
0.0194144
0.0195687
0.0197491
0.0197879
0.0195212
0.0193453
0.0171451
0.0192583
0.0193615
0.0194605
0.0195172
0.0197002
0.0199115
0.0198937
0.0194867
0.019131
0.0175561
0.0193306
0.0194348
0.0195321
0.0195986
0.0197991
0.0200674
0.0201239
0.0201163
0.0202324
0.0207948
0.0192906
0.019423
0.0195431
0.019662
0.0199558
0.0203855
0.0206742
0.0214185
0.0223363
0.0268862
0.0193728
0.0195223
0.0196531
0.0198079
0.0201659
0.0207186
0.0213094
0.022847
0.0252088
0.0354098
0.01941
0.0195697
0.0197075
0.0198826
0.020269
0.0208668
0.021625
0.0235228
0.0264151
0.037788
0.0193838
0.0195399
0.0196748
0.0198378
0.0201869
0.0206946
0.021286
0.0228109
0.0242741
0.0304019
0.0194915
0.0196361
0.0197581
0.0198926
0.0201728
0.0205438
0.0208402
0.0217433
0.0218311
0.0214053
0.0194409
0.0195828
0.0197008
0.0198149
0.0200554
0.0203489
0.0204449
0.0209899
0.0207589
0.0171264
0.019483
0.0195858
0.0196957
0.0197794
0.0199789
0.0202145
0.0202182
0.0207874
0.0209882
0.0177371
0.0177953
0.0178726
0.0179679
0.018055
0.0182909
0.0186645
0.0191274
0.0193591
0.0199835
0.0189674
0.0178061
0.017921
0.0180156
0.0181195
0.018357
0.0187225
0.0190827
0.0190795
0.0190139
0.0185663
0.0178579
0.0179689
0.0180581
0.0181628
0.0184021
0.0187959
0.0191471
0.0193391
0.0192334
0.0210208
0.0178185
0.0179523
0.0180579
0.0182019
0.0185087
0.0190212
0.0194921
0.0201717
0.0204744
0.0263677
0.0178841
0.0180294
0.0181417
0.0183125
0.0186697
0.0192842
0.0200115
0.021415
0.0233393
0.0347709
0.0179146
0.0180679
0.0181867
0.0183764
0.0187625
0.0194193
0.0203195
0.0222422
0.025206
0.038779
0.0178905
0.0180405
0.0181579
0.0183373
0.0186911
0.019258
0.0199914
0.0217086
0.0234513
0.0319617
0.0179843
0.0181234
0.0182312
0.0183866
0.0186807
0.0191221
0.0195713
0.0207521
0.0213124
0.021853
0.0179492
0.0180893
0.0181973
0.01834
0.0186063
0.0189979
0.0192853
0.0201215
0.0207704
0.0179942
0.0179876
0.0180933
0.0182014
0.0183249
0.0185738
0.0189604
0.019222
0.0201328
0.0215929
0.0195636
0.0163426
0.0164262
0.0165166
0.0166503
0.0169446
0.0174812
0.0184283
0.0194479
0.0219038
0.025091
0.0163447
0.0164552
0.0165332
0.0166614
0.0169161
0.0173712
0.0180982
0.0187052
0.0195711
0.0221417
0.0163761
0.016477
0.0165437
0.0166573
0.0168837
0.0173028
0.0178458
0.0182403
0.0177642
0.0197309
0.0163338
0.0164507
0.0165244
0.0166575
0.0169094
0.0173665
0.0178364
0.0182253
0.0168746
0.0202624
0.0163822
0.0165049
0.0165803
0.0167287
0.0170103
0.0175258
0.0181446
0.0190033
0.0189432
0.0270401
0.0164051
0.0165346
0.0166169
0.0167839
0.0170992
0.0176607
0.0184495
0.0199899
0.0216989
0.0339504
0.0163828
0.016511
0.0165955
0.0167595
0.0170621
0.0175682
0.0182415
0.0198801
0.0211159
0.0298796
0.0164645
0.0165845
0.0166655
0.0168169
0.0170863
0.0175201
0.0179956
0.0193435
0.0203284
0.0214844
0.0164428
0.0165696
0.0166568
0.0168083
0.0170729
0.0175118
0.0179419
0.0190666
0.020954
0.0203859
0.0164827
0.0165817
0.0166804
0.0168314
0.017113
0.0176232
0.0181612
0.0194259
0.0224951
0.0236111
0.0148934
0.0149636
0.0150367
0.0151919
0.0155038
0.0161224
0.0175396
0.019411
0.0240725
0.0404619
0.014884
0.0149688
0.0150155
0.0151356
0.0153551
0.0157983
0.0168144
0.0180624
0.020196
0.0331758
0.0148941
0.0149632
0.0149899
0.0150742
0.0152236
0.0155461
0.0161461
0.016701
0.0161416
0.0223488
0.0148453
0.0149222
0.0149437
0.0150215
0.0151424
0.0153974
0.0156763
0.015689
0.0130191
0.0159752
0.0148755
0.0149525
0.0149699
0.0150483
0.0151725
0.0154248
0.0156841
0.015786
0.0136329
0.0192809
0.0148896
0.014973
0.0149974
0.0150944
0.0152595
0.0155643
0.0159663
0.0168151
0.0168132
0.0280174
0.0148683
0.0149542
0.014986
0.0150913
0.0152743
0.0155862
0.0159594
0.0172263
0.0177119
0.0277679
0.0149382
0.0150211
0.0150577
0.0151677
0.0153575
0.0156866
0.0160285
0.0173314
0.0190524
0.0247362
0.0149281
0.0150235
0.0150723
0.015198
0.0154109
0.0158129
0.0162957
0.0175565
0.0210334
0.0288189
0.0149709
0.0150486
0.0151215
0.0152694
0.0155366
0.016083
0.0168406
0.0182839
0.0229097
0.0334531
0.0134609
0.0134969
0.0135418
0.0136866
0.0139607
0.0144984
0.0162035
0.0189594
0.0226033
0.0516662
0.0134375
0.0134763
0.0134809
0.0135611
0.0136922
0.0139831
0.0151444
0.0172533
0.0188732
0.0444477
0.0134259
0.0134431
0.013419
0.0134423
0.0134626
0.0135692
0.0141351
0.0151926
0.0140368
0.028936
0.0133677
0.0133842
0.0133422
0.013332
0.0132711
0.0132195
0.0132506
0.0132404
0.00918384
0.015546
0.013379
0.0133906
0.0133376
0.0133112
0.0132263
0.0131137
0.0129182
0.0124293
0.007689
0.0132484
0.0133824
0.0134003
0.013353
0.0133421
0.0133018
0.0132415
0.0130793
0.0130897
0.00969546
0.0185456
0.0133603
0.0133852
0.0133495
0.0133575
0.0133646
0.0133754
0.0132536
0.0139029
0.0120537
0.0226287
0.0134189
0.0134463
0.0134235
0.0134545
0.0135101
0.0136366
0.0137093
0.0148109
0.0160399
0.0298304
0.0134157
0.0134612
0.0134542
0.0135139
0.0136156
0.0138659
0.0142872
0.0156094
0.0188818
0.0388112
0.013464
0.0135005
0.0135271
0.0136283
0.0138101
0.0142311
0.0150337
0.0164957
0.0197817
0.040533
0.022749
0.0268956
0.0264894
0.0251428
0.0240286
0.0231334
0.022679
0.0225915
0.0231436
0.022431
0.0193057
0.023948
0.023597
0.0227654
0.0222062
0.0217261
0.0217516
0.0221034
0.0230683
0.0230363
0.0243577
0.0267932
0.02467
0.023433
0.0222736
0.0212207
0.0211411
0.021716
0.0229564
0.0230074
0.0327725
0.0317399
0.0276858
0.0251819
0.0229124
0.0210085
0.0204942
0.0210841
0.0225624
0.022879
0.0399214
0.0360855
0.0307386
0.0268105
0.0234477
0.0208811
0.019928
0.0204238
0.0220931
0.0228654
0.0431939
0.0383367
0.0329846
0.0282791
0.0240976
0.0211929
0.0199455
0.0201075
0.0217265
0.022886
0.0420149
0.0378531
0.0331597
0.0287063
0.0246302
0.0217255
0.020277
0.0201061
0.0215911
0.0228945
0.0368242
0.0343984
0.0302178
0.0264353
0.0231545
0.0208901
0.0198837
0.0200156
0.0216618
0.0228305
0.0313325
0.031593
0.0274217
0.0233683
0.0207438
0.0196147
0.0196839
0.0204009
0.0219606
0.0223394
0.0297543
0.0312793
0.0281756
0.0242313
0.0219848
0.02118
0.0212154
0.0215082
0.022328
0.0217453
0.0237733
0.0223714
0.0206119
0.019535
0.0190814
0.0191631
0.0199952
0.0212014
0.022885
0.0243596
0.0189263
0.0184888
0.0171698
0.0167093
0.0162195
0.0159433
0.0169537
0.0191831
0.022102
0.0242512
0.0215903
0.0209775
0.0192647
0.0188857
0.0178239
0.0166321
0.0167272
0.0184535
0.0214022
0.0234733
0.0291816
0.0252144
0.0226523
0.0211757
0.0190282
0.0172307
0.0168751
0.0180176
0.0206249
0.0224475
0.0349871
0.0288085
0.0258441
0.0231606
0.020177
0.0180341
0.0173342
0.0179662
0.0201335
0.0217307
0.0364011
0.0306901
0.027595
0.0242035
0.0210238
0.019027
0.0182415
0.0185697
0.020212
0.0215807
0.0343356
0.0302
0.02766
0.024464
0.0213958
0.0194945
0.0187783
0.0190172
0.0205337
0.0220116
0.0299645
0.0271461
0.0249975
0.0224651
0.0199496
0.018528
0.0181975
0.0188873
0.0209896
0.0228392
0.0275304
0.0245992
0.0216185
0.0191136
0.0172635
0.0167059
0.0172841
0.0189157
0.0217785
0.0241049
0.0281586
0.0258447
0.02235
0.0196977
0.0185193
0.0186774
0.0197799
0.021261
0.0230108
0.0248965
0.0206108
0.0179009
0.0168813
0.0166898
0.0163444
0.0161745
0.0169334
0.0185768
0.0207358
0.0220484
0.0134799
0.0138204
0.0137574
0.0142315
0.013847
0.013264
0.0138067
0.015906
0.0191538
0.021185
0.0134167
0.0154272
0.0160023
0.016331
0.0154061
0.0142907
0.0143053
0.0155919
0.018401
0.0202579
0.0198609
0.0202402
0.0195523
0.0185233
0.0165076
0.0149771
0.0148407
0.0156779
0.0177687
0.0189509
0.0255471
0.0238166
0.0225373
0.0201715
0.0172244
0.0152152
0.0148519
0.0155615
0.0174163
0.0182511
0.0269776
0.0255462
0.0236666
0.0204947
0.0177382
0.0161313
0.0156175
0.0162413
0.0179316
0.0184717
0.0247223
0.0245796
0.0229807
0.0198892
0.0175728
0.0165957
0.0164913
0.0172132
0.0188857
0.0194528
0.0214337
0.0215401
0.0204143
0.0183555
0.0168088
0.0164728
0.0167911
0.0177646
0.0198561
0.0208156
0.0209235
0.0189654
0.0175062
0.0161812
0.0155014
0.0158073
0.0165699
0.0179991
0.02077
0.0223945
0.0227782
0.0203103
0.0185339
0.0177328
0.0176859
0.0182175
0.0190497
0.0204977
0.0226121
0.0240984
0.0170532
0.0156121
0.0157752
0.0164695
0.0161694
0.01529
0.0152037
0.016114
0.0177144
0.0180036
0.0104886
0.011387
0.0120082
0.0134212
0.0133437
0.0124719
0.0124161
0.0135982
0.0159555
0.0169079
0.00993718
0.0120968
0.0135981
0.0145288
0.0134939
0.0122854
0.0124281
0.0134259
0.0154967
0.0162828
0.014854
0.0170165
0.0169653
0.0162225
0.014253
0.0130095
0.0132372
0.0139909
0.0154064
0.0155011
0.0206802
0.0208826
0.0194354
0.0170757
0.0143499
0.0128411
0.0128034
0.0135211
0.0150546
0.0151919
0.0227277
0.0222782
0.0201434
0.0170419
0.0146386
0.0133149
0.0128541
0.013506
0.0152814
0.0154788
0.0197043
0.0204538
0.0189513
0.0161311
0.0144375
0.0137627
0.0136038
0.0143071
0.0162672
0.0165567
0.016253
0.0174679
0.0170611
0.0155579
0.0147782
0.0147743
0.014924
0.0157184
0.0176852
0.0181066
0.0161947
0.0155937
0.0153348
0.0153337
0.0156257
0.0163629
0.0165631
0.0169648
0.0187209
0.0191592
0.0186445
0.0175098
0.0173498
0.0178208
0.0184183
0.0187047
0.0185385
0.0186974
0.0199733
0.020214
0.0160494
0.0154898
0.0157699
0.0166855
0.0161709
0.0146561
0.0140902
0.014509
0.0156343
0.0155491
0.0109835
0.0113957
0.0121894
0.0138412
0.0136216
0.0120536
0.0117191
0.0123622
0.0139456
0.0142161
0.0113985
0.0116615
0.0126568
0.0138804
0.0122048
0.0105028
0.0108733
0.0118615
0.0135218
0.0136551
0.0153259
0.0158812
0.0155443
0.0148141
0.0124661
0.0111992
0.0116884
0.0125424
0.0138989
0.0135557
0.0216117
0.0202061
0.0177297
0.0150285
0.0125018
0.0114606
0.0116459
0.0123142
0.0136872
0.0135358
0.0243258
0.0218322
0.0183328
0.0149521
0.0126089
0.0115241
0.0112825
0.0117206
0.0133273
0.0133722
0.0201092
0.0194571
0.0170809
0.014249
0.0125191
0.0118079
0.0115162
0.0118504
0.0136045
0.0140143
0.0153945
0.0161389
0.0160179
0.0145421
0.0134976
0.012952
0.0126789
0.013058
0.0149025
0.0154908
0.0144383
0.0147218
0.0153799
0.0157567
0.0160073
0.0160981
0.0154499
0.0151705
0.0163313
0.0164334
0.0171141
0.0169155
0.0174469
0.0181943
0.0186618
0.0184067
0.0175311
0.0167025
0.0170903
0.0167231
0.0163768
0.0157921
0.0158128
0.0166219
0.0157022
0.0134763
0.0129006
0.013653
0.014779
0.0144203
0.0126028
0.012177
0.0128524
0.0146478
0.0135532
0.0107171
0.0106037
0.0118077
0.0132358
0.0128217
0.0143731
0.012787
0.0127242
0.0137491
0.0106441
0.00820802
0.00932797
0.011019
0.0126356
0.0119895
0.018012
0.0165195
0.0151027
0.0136276
0.0105182
0.00912918
0.0101843
0.011559
0.0130578
0.0122575
0.0244744
0.0210379
0.0171049
0.0136755
0.0109996
0.0101579
0.0108544
0.0118166
0.0131459
0.0124278
0.0273387
0.0225997
0.0177536
0.0138595
0.0113391
0.0104586
0.0108731
0.0113098
0.0125565
0.0118412
0.0226844
0.0201152
0.0168315
0.0137198
0.0117051
0.0109639
0.0109465
0.0109738
0.0121762
0.0118236
0.0164747
0.0163129
0.0163655
0.0145605
0.0129781
0.01202
0.011572
0.0114031
0.0126407
0.0128236
0.0142051
0.0150067
0.0161977
0.0163603
0.0157382
0.0146572
0.0134506
0.0128956
0.0139691
0.013804
0.0171659
0.0171318
0.0179011
0.018436
0.0183433
0.0172981
0.0158446
0.0147647
0.0149136
0.0141638
0.0164384
0.0159158
0.0160902
0.0170882
0.0149645
0.0117606
0.0112219
0.0129243
0.0146575
0.0137975
0.012514
0.0125914
0.013421
0.0157916
0.0126423
0.00797971
0.00843126
0.0111541
0.0132379
0.0120372
0.0142363
0.0130627
0.0130165
0.0140242
0.00931789
0.00633459
0.00776162
0.0106954
0.0126407
0.0110522
0.0174894
0.0159952
0.0149585
0.0131915
0.00940379
0.00805597
0.00920112
0.0112853
0.0128558
0.0112906
0.0237828
0.0205962
0.0169178
0.0132047
0.0102606
0.00942884
0.0104069
0.0118129
0.0129075
0.0113751
0.027414
0.0223836
0.0177615
0.0137693
0.0110334
0.0102945
0.0111486
0.0117488
0.0123244
0.0104894
0.0232597
0.0203831
0.0173409
0.0141882
0.0121152
0.0113962
0.0117375
0.0115696
0.0118339
0.01005
0.0163863
0.0165964
0.0174881
0.0154956
0.0136724
0.0125856
0.012155
0.0113908
0.01166
0.0104316
0.0137204
0.0154199
0.0174231
0.0173537
0.0159479
0.014449
0.0130257
0.0119014
0.0120874
0.011043
0.0176778
0.0174835
0.0184414
0.0190107
0.018184
0.0163417
0.0144405
0.0131777
0.0130642
0.0120018
0.0211404
0.0185237
0.0182979
0.0202504
0.0169921
0.0112127
0.00999729
0.0128815
0.0159736
0.0148652
0.0137368
0.0135941
0.0149551
0.0192928
0.0150013
0.00770378
0.00804174
0.0120168
0.0151724
0.013458
0.0110996
0.0120526
0.0142046
0.0174157
0.011847
0.00776762
0.00913257
0.0125737
0.014651
0.0121034
0.0122761
0.0129155
0.0160671
0.016203
0.0113388
0.00958594
0.0108268
0.0129983
0.0143296
0.0117657
0.0175545
0.017407
0.0181009
0.0151871
0.0113895
0.010618
0.0118418
0.0131204
0.0137427
0.0112685
0.0237787
0.0207662
0.0189489
0.0156072
0.0123607
0.0115242
0.0123951
0.0128066
0.0126748
0.00984834
0.0213294
0.0200299
0.0190449
0.0162323
0.0138712
0.0128121
0.0128645
0.0122996
0.0117769
0.00890595
0.0152019
0.0169432
0.0197879
0.0183164
0.0155613
0.0138296
0.0130109
0.0119533
0.0115578
0.00883824
0.014164
0.0163624
0.0197954
0.0201917
0.017419
0.0149019
0.0131557
0.0120057
0.011786
0.00951274
0.0200632
0.0187826
0.019533
0.0209276
0.0198129
0.0164295
0.0141071
0.0128606
0.0129285
0.0115799
0.0440841
0.0305845
0.0269264
0.0305279
0.0274372
0.0168904
0.0102667
0.00975143
0.0161852
0.0247743
0.0302844
0.0217648
0.0230713
0.0302942
0.0264088
0.0142368
0.00991474
0.0108471
0.0160232
0.0214846
0.015604
0.0154811
0.0218843
0.0291938
0.022753
0.0135253
0.0109444
0.0114459
0.0150243
0.0198079
0.0118453
0.013484
0.0232988
0.0268067
0.0191386
0.0130541
0.0112134
0.0105385
0.0137536
0.0203119
0.0139685
0.0173195
0.0251047
0.0233215
0.0161117
0.0123775
0.0110721
0.00958539
0.0126799
0.0205134
0.0217516
0.0224279
0.0249102
0.022127
0.0166682
0.0128978
0.0108794
0.00869105
0.0112167
0.0181541
0.0215303
0.0229649
0.0248823
0.0227718
0.0186923
0.0146931
0.0112679
0.00798987
0.00992421
0.0148614
0.0187193
0.0205065
0.0250593
0.025573
0.0211142
0.0159159
0.0113599
0.00787003
0.00921591
0.0125922
0.0233198
0.0209299
0.0248586
0.0272469
0.0228019
0.0164643
0.0111507
0.00818022
0.00959757
0.0122266
0.0316732
0.0239256
0.0231392
0.0264167
0.0250401
0.018955
0.0131594
0.0105879
0.0123931
0.0163522
0.0921246
0.0581962
0.0429623
0.0427959
0.0406323
0.0316315
0.0158142
0.00249628
0.027254
0.0981012
0.0835737
0.0516378
0.0423579
0.044537
0.0418582
0.0324873
0.0186608
0.00751902
0.029756
0.0936511
0.0531445
0.0375951
0.0396553
0.0434986
0.0406559
0.0329314
0.0202735
0.0089959
0.030691
0.0972691
0.0291927
0.0304211
0.0373766
0.0402893
0.0372054
0.0307252
0.0191814
0.00758894
0.0308892
0.106893
0.0247412
0.029961
0.0356526
0.0365311
0.0335834
0.0286122
0.0182755
0.00703255
0.031834
0.112242
0.0280692
0.0313587
0.0333452
0.0329658
0.0310199
0.0272573
0.0178576
0.00795976
0.0320631
0.107613
0.0313747
0.0318488
0.0322239
0.0318542
0.0302314
0.0265882
0.0174851
0.00874191
0.0306838
0.0969246
0.041626
0.0330046
0.0321803
0.033056
0.0311573
0.0266256
0.0169949
0.00827104
0.0278112
0.0872122
0.0575846
0.0359832
0.0320199
0.0335839
0.0312405
0.0259478
0.0157325
0.00613576
0.0235302
0.0818699
0.0623469
0.0371216
0.0295016
0.0311946
0.0301896
0.0255729
0.0160136
0.00749384
0.0227756
0.0800465
0.0246434
0.0273172
0.0277188
0.027993
0.0285395
0.0288313
0.0288621
0.029387
0.0290853
0.0295187
0.0262183
0.0275112
0.0276379
0.0277893
0.0283023
0.0285794
0.028602
0.0291263
0.0288254
0.0292328
0.0265666
0.0277901
0.0279529
0.0281044
0.0286245
0.0289091
0.0289396
0.0294654
0.0291716
0.0295817
0.0265051
0.0274651
0.027652
0.0277765
0.0282885
0.0285679
0.0285953
0.0291199
0.028823
0.0292355
0.0269523
0.0276372
0.0278306
0.0279495
0.0284618
0.0287413
0.0287705
0.0292939
0.0290005
0.0294105
0.0273303
0.0276931
0.0278594
0.0279661
0.0284716
0.0287454
0.028772
0.029294
0.0289988
0.02941
0.0273871
0.0275557
0.0276978
0.0277973
0.0282965
0.0285641
0.0285877
0.0291065
0.0288097
0.0292247
0.0271152
0.0278119
0.0280007
0.0281356
0.0286461
0.028915
0.0289389
0.0294548
0.029161
0.0295733
0.0259781
0.0274959
0.0276709
0.0278112
0.0283206
0.0285808
0.0285957
0.0291122
0.0288093
0.0292234
0.0241139
0.0273334
0.0277095
0.0279695
0.02853
0.0288126
0.0288425
0.0293588
0.0290622
0.0295011
0.0268887
0.0262264
0.0261051
0.0265558
0.027089
0.0274155
0.0274785
0.0279848
0.0277247
0.0281186
0.0285537
0.0262226
0.0260344
0.0263691
0.02688
0.0271985
0.0272571
0.0277651
0.0275072
0.0278752
0.0278746
0.0261626
0.0262092
0.0265892
0.0271354
0.0274733
0.0275461
0.0280574
0.0278082
0.0281816
0.0264394
0.0255502
0.0258635
0.0262574
0.0268186
0.0271606
0.027234
0.0277454
0.0274938
0.0278694
0.0258375
0.0254097
0.025945
0.0263798
0.02696
0.0273114
0.0273915
0.0279038
0.0276556
0.0280309
0.0258195
0.0253182
0.025957
0.0263967
0.0269692
0.0273155
0.0273939
0.0279025
0.0276551
0.0280305
0.0262244
0.0252468
0.0258629
0.026272
0.0268199
0.0271523
0.0272236
0.0277301
0.0274774
0.0278577
0.0269527
0.0257282
0.0262085
0.0266144
0.0271514
0.0274757
0.0275445
0.0280457
0.0277947
0.0281726
0.0281037
0.0260778
0.0260692
0.0264067
0.0269054
0.0272024
0.0272544
0.0277492
0.0274904
0.0278661
0.0274668
0.026539
0.0261827
0.0265803
0.0271
0.0274013
0.0274592
0.0279555
0.0276969
0.0281013
0.0235964
0.0237882
0.024527
0.0252015
0.0257097
0.0260802
0.0261662
0.0266466
0.0264181
0.0267742
0.0245845
0.023436
0.0244225
0.0249916
0.0255101
0.025883
0.0259706
0.0264546
0.0262317
0.026562
0.0235245
0.0232487
0.0244696
0.025117
0.0257043
0.0261082
0.0262151
0.0267055
0.0264911
0.0268297
0.0216171
0.0226416
0.024085
0.024769
0.0254025
0.0258213
0.0259325
0.0264242
0.026208
0.0265491
0.0209863
0.0224706
0.0241094
0.024836
0.0255069
0.0259469
0.0260702
0.0265646
0.0263536
0.026696
0.0212019
0.0223805
0.0241572
0.0248571
0.0255139
0.0259509
0.0260733
0.0265656
0.0263531
0.0266976
0.0219194
0.0223645
0.0241694
0.0247835
0.0253918
0.0258078
0.0259212
0.0264078
0.0261921
0.0265401
0.0230784
0.0229119
0.0245773
0.0251412
0.0257074
0.0261055
0.0262126
0.0266936
0.0264786
0.0268242
0.0248653
0.0235106
0.0246154
0.0250661
0.0255405
0.0258894
0.0259706
0.0264426
0.0262148
0.0265582
0.025572
0.0244827
0.0248241
0.0253203
0.0257495
0.0260728
0.0261501
0.0266158
0.0263889
0.0267597
0.0192575
0.0212537
0.0229116
0.0238231
0.0243986
0.024833
0.0249258
0.0253708
0.0251632
0.025476
0.019428
0.020611
0.0227617
0.0235762
0.0242036
0.0246466
0.0247473
0.0251986
0.0249984
0.0252871
0.0187637
0.0205505
0.0227832
0.0236634
0.0243645
0.024836
0.0249568
0.0254151
0.0252225
0.0255218
0.017548
0.0202919
0.0224385
0.0233366
0.024095
0.0245805
0.024705
0.0251641
0.0249695
0.0252716
0.0173663
0.020309
0.0224826
0.0233757
0.0241765
0.0246871
0.0248252
0.0252884
0.0250985
0.0254049
0.017574
0.0202512
0.0225982
0.0234013
0.0241858
0.0246949
0.0248315
0.025291
0.0251013
0.0254096
0.0183196
0.0202525
0.0227097
0.0233569
0.0240851
0.0245718
0.0246967
0.0251515
0.024956
0.0252691
0.0197196
0.0207741
0.0231418
0.0236985
0.0243727
0.0248407
0.0249601
0.0254086
0.0252137
0.0255261
0.0210728
0.0212065
0.0232286
0.0236988
0.0242563
0.0246695
0.0247602
0.0251954
0.0249895
0.0252959
0.0216489
0.0221265
0.0234359
0.0240265
0.0244721
0.0248417
0.0249194
0.0253472
0.0251358
0.0254709
0.0171278
0.019904
0.021686
0.0226427
0.0232581
0.0237037
0.0237649
0.0241573
0.0239558
0.024212
0.0164459
0.0190254
0.0214786
0.0223628
0.0230717
0.0235273
0.0236033
0.0240033
0.0238107
0.0240439
0.0160465
0.0190806
0.0215463
0.0224736
0.023231
0.0236984
0.0237896
0.0241945
0.024007
0.0242521
0.0157605
0.0191781
0.0212793
0.022212
0.0230152
0.023482
0.0235713
0.0239746
0.0237837
0.0240312
0.0158467
0.019357
0.0213619
0.0222501
0.0230947
0.0235794
0.023679
0.0240859
0.0238993
0.0241526
0.0155562
0.0192481
0.0214954
0.0222591
0.0231097
0.0235944
0.0236902
0.024094
0.0239051
0.024162
0.0159753
0.0192171
0.0216387
0.0222002
0.0230201
0.0234877
0.0235727
0.0239706
0.0237771
0.0240386
0.0176516
0.0197319
0.0220576
0.0224885
0.0232653
0.0237232
0.0238063
0.0242004
0.0240081
0.0242703
0.0189934
0.0199983
0.022126
0.0224957
0.0231629
0.0235808
0.0236389
0.0240217
0.0238169
0.0240732
0.0189341
0.0206216
0.0222633
0.0228457
0.0233542
0.0237355
0.0237796
0.0241513
0.023941
0.0242257
0.0164879
0.0197764
0.0211743
0.0219242
0.0223968
0.0227209
0.0226867
0.0229958
0.0227835
0.0229672
0.0152026
0.0187333
0.0208886
0.0216058
0.0222155
0.0225541
0.0225433
0.0228605
0.0226576
0.0228191
0.0145981
0.0187885
0.0210101
0.021761
0.0223871
0.022719
0.0227163
0.0230344
0.0228329
0.0230063
0.0149467
0.0190579
0.0208137
0.0215846
0.0222336
0.0225441
0.0225326
0.0228462
0.022639
0.0228134
0.0151402
0.019305
0.0209232
0.02164
0.0223267
0.0226393
0.0226325
0.0229489
0.0227437
0.0229251
0.0143575
0.0191142
0.0210031
0.0216118
0.0223485
0.0226611
0.0226497
0.0229627
0.022755
0.0229396
0.0142197
0.0189786
0.0210794
0.0214996
0.0222607
0.022565
0.0225457
0.0228559
0.0226428
0.0228328
0.0157533
0.0193856
0.0214265
0.0217083
0.0224558
0.0227635
0.0227487
0.0230589
0.0228481
0.0230415
0.0173546
0.0195473
0.0214724
0.0216838
0.022345
0.0226375
0.0226059
0.0229072
0.0226867
0.022873
0.0174002
0.0200243
0.0215663
0.0220174
0.0224893
0.0227709
0.0227258
0.0230181
0.0227905
0.0230064
0.0170709
0.020897
0.0213745
0.0216858
0.0218017
0.021864
0.0216699
0.0218617
0.0216233
0.0217208
0.0155007
0.0197987
0.0210214
0.0213245
0.0216178
0.0217051
0.0215452
0.0217451
0.0215165
0.0215924
0.0145248
0.0198699
0.021215
0.021528
0.0218058
0.0218716
0.0217117
0.0219077
0.0216761
0.021763
0.0152081
0.0202227
0.0211076
0.0214437
0.0217128
0.0217366
0.0215623
0.0217505
0.0215106
0.0215964
0.0153845
0.0204937
0.021252
0.0215331
0.0218285
0.0218338
0.021659
0.0218483
0.0216075
0.0217002
0.0143701
0.0202426
0.0212431
0.0214662
0.0218582
0.0218601
0.0216819
0.0218696
0.0216242
0.0217199
0.0137643
0.019921
0.0211685
0.0212828
0.0217665
0.0217686
0.021589
0.0217772
0.0215271
0.0216285
0.0146122
0.0200019
0.0213547
0.0213924
0.0219091
0.0219289
0.021761
0.0219543
0.0217082
0.0218152
0.0161105
0.0199245
0.0213377
0.0213083
0.0217798
0.0218108
0.0216348
0.0218248
0.0215716
0.0216715
0.0168761
0.0204102
0.0214187
0.0215961
0.0218661
0.0219199
0.021732
0.0219169
0.0216568
0.0217879
0.0219233
0.0239707
0.0221484
0.021797
0.0213389
0.0210411
0.0206542
0.02071
0.02044
0.0204479
0.0202518
0.0229964
0.0218138
0.0214136
0.0211573
0.0208933
0.0205488
0.0206122
0.0203523
0.0203386
0.0192107
0.0233333
0.0221563
0.0216827
0.0213723
0.0210695
0.0207139
0.0207672
0.0205008
0.0204955
0.0202487
0.0239197
0.0222053
0.0217007
0.0213372
0.0209724
0.0205979
0.0206393
0.0203617
0.0203527
0.0204988
0.0243235
0.0224291
0.0218411
0.0214815
0.0210755
0.0206956
0.0207354
0.0204529
0.0204498
0.0192334
0.0240288
0.0223441
0.0217489
0.0215204
0.0211042
0.0207246
0.0207639
0.0204755
0.020474
0.0179383
0.023382
0.0220831
0.0214942
0.0214212
0.0210123
0.0206401
0.0206848
0.0203919
0.0203961
0.0176551
0.0228752
0.022018
0.0214829
0.0215061
0.0211329
0.0207813
0.0208371
0.0205501
0.0205621
0.0184839
0.0222831
0.0218346
0.0212987
0.021347
0.0210141
0.0206653
0.0207251
0.0204338
0.0204392
0.0201688
0.0227061
0.0218765
0.021521
0.0213773
0.0211006
0.0207398
0.0207997
0.020503
0.0205404
0.0388805
0.0275094
0.0228586
0.0219699
0.020746
0.0201009
0.019551
0.0194807
0.0191932
0.0191215
0.0357337
0.0269093
0.0226231
0.0215983
0.0205912
0.0199753
0.019468
0.0194024
0.0191255
0.0190312
0.0356862
0.0279254
0.023196
0.0219595
0.0208537
0.0201721
0.019636
0.0195538
0.0192644
0.0191759
0.0390084
0.0290952
0.023484
0.0220936
0.0208791
0.0201131
0.0195521
0.019453
0.0191496
0.0190543
0.0404779
0.029935
0.0238418
0.0223009
0.0210591
0.0202265
0.0196544
0.0195491
0.0192368
0.019145
0.0385142
0.029764
0.0237157
0.0222016
0.0211124
0.0202578
0.0196895
0.0195844
0.0192641
0.0191722
0.0346244
0.0287133
0.0232701
0.0218836
0.0210076
0.0201641
0.0196126
0.0195168
0.0191927
0.0191056
0.0313052
0.027418
0.02292
0.0217422
0.0210347
0.0202459
0.0197245
0.019646
0.0193289
0.0192514
0.0303209
0.0260046
0.022499
0.0214319
0.020838
0.0201199
0.0196135
0.0195467
0.0192298
0.0191452
0.032652
0.0259447
0.0224294
0.0215691
0.0208138
0.0201843
0.0196653
0.0196066
0.0192838
0.0192328
0.0676191
0.0277152
0.0236463
0.0217135
0.0196593
0.018886
0.0182691
0.0181216
0.0178453
0.0177225
0.0664034
0.0283982
0.0235595
0.0214202
0.0195718
0.0187969
0.0182126
0.0180653
0.0177973
0.0176503
0.0698717
0.0305392
0.024384
0.0219032
0.0199035
0.0190214
0.018387
0.0182126
0.0179293
0.0177829
0.0762183
0.0323042
0.0249356
0.0221613
0.0199922
0.0189986
0.0183321
0.0181348
0.0178354
0.0176785
0.0803947
0.0338011
0.0254487
0.0224632
0.0202197
0.0191261
0.0184403
0.0182311
0.0179186
0.0177622
0.0794985
0.0342969
0.0253214
0.0224086
0.0203051
0.0191623
0.0184815
0.0182705
0.0179491
0.0177895
0.0743574
0.0334933
0.0247388
0.022074
0.0202138
0.0190708
0.0184123
0.0182132
0.017887
0.0177311
0.0680416
0.031863
0.0241478
0.0218255
0.0201968
0.0191188
0.0184972
0.0183201
0.0180025
0.017857
0.0627885
0.0294169
0.0234623
0.0213681
0.0199569
0.0189789
0.0183857
0.0182294
0.0179156
0.0177636
0.0613505
0.0280405
0.0232448
0.0213902
0.0198762
0.0190219
0.0184161
0.0182755
0.0179568
0.0178388
0.0539448
0.049475
0.0484478
0.0480047
0.0477944
0.0478358
0.0481252
0.0486354
0.0497154
0.0542564
0.0494374
0.0449655
0.0439392
0.0434958
0.0432848
0.0433257
0.0436147
0.0441245
0.0452031
0.0497454
0.0483835
0.0439125
0.0428858
0.0424421
0.0422307
0.0422712
0.0425599
0.0430694
0.044148
0.0486889
0.0479081
0.043437
0.04241
0.0419659
0.0417541
0.0417941
0.0420823
0.0425913
0.0436697
0.0482104
0.0476602
0.0431887
0.0421615
0.041717
0.0415047
0.0415443
0.0418321
0.0423409
0.0434191
0.0479597
0.0476624
0.0431909
0.0421635
0.0417188
0.0415062
0.0415455
0.041833
0.0423416
0.0434198
0.0479604
0.0479146
0.0434433
0.042416
0.0419711
0.0417584
0.0417976
0.042085
0.0425936
0.0436718
0.0482124
0.0483935
0.0439224
0.0428952
0.0424502
0.0422376
0.0422768
0.0425643
0.043073
0.0441513
0.0486921
0.0494488
0.044977
0.0439502
0.0435054
0.0432929
0.0433322
0.0436199
0.0441287
0.0452069
0.0497491
0.0539567
0.0494873
0.0484599
0.0480154
0.0478034
0.0478431
0.048131
0.0486402
0.0497198
0.0542604
0.0480462
0.0452347
0.0453004
0.0448658
0.044654
0.0446985
0.0449963
0.0455055
0.045488
0.0483852
0.04519
0.0423763
0.0424448
0.0420088
0.041796
0.0418398
0.0421371
0.0426464
0.0426254
0.0455226
0.0452304
0.0424195
0.042487
0.0420507
0.0418376
0.0418811
0.0421782
0.0426872
0.0426672
0.045561
0.0447595
0.0419474
0.0420148
0.0415782
0.0413645
0.0414075
0.0417041
0.0422125
0.0421923
0.0450864
0.0445064
0.0416938
0.0417609
0.0413238
0.0411096
0.0411522
0.0414484
0.0419565
0.0419362
0.0448303
0.0445085
0.0416957
0.0417628
0.0413255
0.041111
0.0411533
0.0414493
0.0419572
0.0419369
0.044831
0.0447657
0.0419532
0.0420205
0.0415831
0.0413686
0.0414109
0.0417069
0.0422148
0.0421945
0.0450885
0.04524
0.0424286
0.0424961
0.0420587
0.0418443
0.0418867
0.0421828
0.042691
0.0426708
0.0455644
0.0451993
0.0423853
0.0424542
0.042017
0.0418029
0.0418455
0.0421417
0.0426501
0.042629
0.045526
0.048056
0.0452442
0.0453107
0.044875
0.0446619
0.0447051
0.0450017
0.0455099
0.0454923
0.0483887
0.0430915
0.0414833
0.0422098
0.0418122
0.0417205
0.0417726
0.0419655
0.0424537
0.0417777
0.043499
0.0414237
0.0398155
0.0405467
0.0401459
0.040053
0.040104
0.0402958
0.0407848
0.040103
0.0418205
0.0421231
0.0405196
0.0412487
0.0408478
0.0407543
0.040805
0.0409966
0.0414851
0.0408052
0.0425171
0.0416823
0.0400759
0.0408049
0.0404032
0.0403088
0.0403587
0.0405496
0.0410372
0.0403568
0.0420701
0.0415423
0.0399353
0.0406638
0.0402614
0.0401662
0.0402155
0.040406
0.0408932
0.0402127
0.0419255
0.0415451
0.0399378
0.0406663
0.0402635
0.0401679
0.0402168
0.0404071
0.040894
0.0402135
0.0419263
0.0416905
0.0400833
0.0408123
0.0404095
0.0403141
0.040363
0.0405531
0.0410401
0.0403595
0.0420725
0.0421365
0.0405321
0.0412613
0.0408587
0.0407636
0.0408127
0.0410031
0.0414904
0.0408103
0.0425218
0.0414358
0.0398273
0.0405591
0.0401566
0.040062
0.0401115
0.0403019
0.0407897
0.0401078
0.041825
0.043103
0.041495
0.0422232
0.0418241
0.0417308
0.0417814
0.0419729
0.0424595
0.0417835
0.0435039
0.0405112
0.0393809
0.0401646
0.039749
0.0398091
0.0398731
0.039937
0.0404681
0.0397442
0.0410283
0.039297
0.0381671
0.0389558
0.038535
0.038594
0.0386562
0.0387178
0.0392506
0.0385201
0.0397969
0.0400477
0.0389228
0.0397081
0.0392871
0.0393452
0.039407
0.0394685
0.0400001
0.0392727
0.0405431
0.0395777
0.0384476
0.0392328
0.0388102
0.0388667
0.0389272
0.0389877
0.0395184
0.0387897
0.0400625
0.0395788
0.0384481
0.0392325
0.0388085
0.0388639
0.0389237
0.0389836
0.0395137
0.0387851
0.0400566
0.0395822
0.0384511
0.0392355
0.0388109
0.0388658
0.0389251
0.0389848
0.0395145
0.038786
0.0400574
0.0395872
0.038456
0.0392413
0.038817
0.0388722
0.0389317
0.0389913
0.039521
0.0387924
0.0400649
0.0400641
0.0389381
0.0397238
0.0393002
0.0393562
0.0394162
0.0394761
0.0400062
0.0392786
0.0405485
0.0393093
0.0381803
0.0389704
0.038547
0.0386041
0.0386647
0.0387248
0.039256
0.0385255
0.039802
0.0405178
0.0393903
0.0401777
0.0397604
0.0398193
0.0398819
0.0399445
0.0404737
0.03975
0.041033
0.0387126
0.0378357
0.0385254
0.0380928
0.0382636
0.0383441
0.0383287
0.0389119
0.0382984
0.0393897
0.0377144
0.0368349
0.0375281
0.0370873
0.0372565
0.0373344
0.0373153
0.0379007
0.0372806
0.0383621
0.0383611
0.0374848
0.0381731
0.0377317
0.0378994
0.0379766
0.0379576
0.0385413
0.0379253
0.0390007
0.0378585
0.0369735
0.0376611
0.0372165
0.0373816
0.0374569
0.0374364
0.038019
0.0374013
0.0384798
0.0379561
0.0370695
0.0377555
0.0373085
0.037472
0.0375461
0.0375249
0.0381068
0.0374893
0.0385657
0.0379611
0.0370733
0.0377591
0.037311
0.0374739
0.0375475
0.037526
0.0381075
0.03749
0.0385664
0.0378705
0.036983
0.0376706
0.0372231
0.0373865
0.0374606
0.0374392
0.0380207
0.037403
0.0384814
0.0383806
0.0375021
0.0381911
0.0377456
0.0379107
0.0379857
0.037965
0.0385469
0.0379309
0.0390057
0.0377251
0.0368472
0.0375427
0.0370982
0.0372654
0.0373415
0.0373211
0.0379047
0.0372847
0.0383664
0.0387062
0.0378372
0.0385341
0.0381
0.0382704
0.03835
0.0383337
0.0389148
0.0383021
0.0393928
0.0367086
0.0361203
0.0367804
0.036387
0.0366372
0.0367398
0.0366869
0.0372792
0.0367211
0.0376208
0.0359381
0.035339
0.0359995
0.0355934
0.0358405
0.0359392
0.0358811
0.0364757
0.0359113
0.0367978
0.0365407
0.0359409
0.0365943
0.0361864
0.0364309
0.0365284
0.0364706
0.0370631
0.0365036
0.0373845
0.036058
0.0354434
0.0360942
0.03568
0.0359204
0.0360149
0.0359551
0.0365462
0.0359845
0.0368688
0.0362187
0.0355988
0.0362461
0.0358277
0.0360655
0.0361584
0.0360975
0.0366877
0.0361266
0.037008
0.036228
0.0356049
0.0362514
0.0358309
0.0360677
0.0361598
0.0360985
0.0366882
0.0361271
0.0370086
0.0360783
0.0354566
0.0361062
0.0356868
0.0359247
0.0360175
0.0359566
0.0365464
0.0359849
0.0368692
0.0365692
0.0359635
0.0366168
0.0362017
0.0364425
0.036537
0.0364773
0.0370673
0.036508
0.0373884
0.0359484
0.0353522
0.0360159
0.0356036
0.0358481
0.0359444
0.0358849
0.0364772
0.0359134
0.0368001
0.0366796
0.0361104
0.0367834
0.0363884
0.0366394
0.0367415
0.0366882
0.0372782
0.0367215
0.0376208
0.0345038
0.0342552
0.0349239
0.0346132
0.0349321
0.0350632
0.0349965
0.0355711
0.0350435
0.035767
0.033971
0.0336896
0.0343516
0.0340205
0.0343329
0.034458
0.0343845
0.034961
0.0344274
0.0351344
0.0345641
0.0342727
0.0349239
0.0345882
0.0348964
0.03502
0.034947
0.0355211
0.0349927
0.0356949
0.0341435
0.0338245
0.0344689
0.034122
0.0344237
0.0345428
0.0344668
0.0350393
0.0345082
0.0352138
0.0343581
0.0340237
0.0346608
0.0343064
0.0346041
0.0347206
0.0346432
0.0352144
0.0346843
0.0353865
0.0343791
0.0340351
0.0346693
0.0343111
0.0346069
0.0347222
0.0346443
0.0352148
0.0346847
0.0353868
0.034189
0.0338483
0.0344873
0.0341305
0.0344282
0.0345444
0.034467
0.0350377
0.0345071
0.0352128
0.034617
0.0343073
0.0349553
0.0346067
0.0349091
0.0350281
0.0349525
0.0355233
0.0349955
0.0356971
0.0339895
0.033709
0.0343737
0.0340313
0.0343395
0.034461
0.0343855
0.0349592
0.0344261
0.0351342
0.034438
0.0342306
0.034921
0.034608
0.0349289
0.0350597
0.034993
0.0355649
0.0350397
0.035764
0.0322307
0.0324017
0.0330777
0.0328698
0.0332515
0.0334179
0.0333573
0.0339166
0.033439
0.0340418
0.0319316
0.0320178
0.032669
0.0324266
0.0327964
0.0329541
0.0328851
0.0334454
0.0329627
0.0335456
0.0325098
0.0325669
0.0332006
0.0329488
0.0333127
0.0334684
0.0334004
0.0339577
0.0334812
0.0340602
0.0321749
0.0321778
0.0327959
0.0325256
0.0328797
0.0330291
0.032957
0.0335124
0.0330326
0.0336149
0.0324473
0.0324111
0.0330137
0.0327308
0.0330789
0.0332247
0.0331509
0.0337047
0.0332262
0.0338048
0.0324972
0.0324342
0.0330282
0.0327379
0.0330831
0.0332269
0.0331522
0.0337049
0.0332268
0.0338051
0.0322844
0.0322266
0.0328263
0.0325378
0.0328853
0.0330302
0.0329559
0.0335092
0.0330301
0.0336125
0.0326199
0.0326279
0.0332476
0.0329732
0.0333283
0.0334771
0.0334051
0.0339585
0.0334821
0.0340608
0.0319638
0.0320533
0.0327039
0.0324415
0.0328047
0.0329564
0.0328844
0.0334402
0.0329592
0.0335439
0.0320929
0.0323608
0.0330708
0.0328584
0.0332439
0.03341
0.0333494
0.0339055
0.0334316
0.0340345
0.0298298
0.0306079
0.0312779
0.0311898
0.0316309
0.0318382
0.0318009
0.03235
0.0319372
0.0324645
0.0298451
0.0303941
0.0309986
0.0308514
0.0312729
0.0314685
0.0314215
0.0319705
0.0315542
0.0320588
0.0304098
0.0308933
0.0314724
0.0313103
0.0317249
0.0319189
0.0318736
0.0324206
0.0320103
0.0325132
0.0301859
0.030562
0.031115
0.0309254
0.031327
0.0315129
0.0314627
0.0320075
0.0315938
0.0320997
0.0305337
0.0308165
0.0313429
0.0311352
0.0315294
0.031711
0.0316591
0.0322019
0.0317904
0.0322924
0.0306477
0.0308569
0.0313649
0.0311453
0.0315353
0.031714
0.0316606
0.0322026
0.0317906
0.0322927
0.0304428
0.0306472
0.0311597
0.0309415
0.0313342
0.0315134
0.0314602
0.0320022
0.0315887
0.0320952
0.0306325
0.0309838
0.0315351
0.0313398
0.0317436
0.0319277
0.0318773
0.0324181
0.0320089
0.0325116
0.0298826
0.0304427
0.0310462
0.0308697
0.0312832
0.0314699
0.0314181
0.0319626
0.0315474
0.0320542
0.0295582
0.0305422
0.0312632
0.0311688
0.031618
0.0318248
0.0317879
0.0323327
0.0319238
0.0324519
0.0269699
0.0288722
0.0295016
0.0295628
0.0300609
0.0303112
0.0303061
0.0308446
0.0304929
0.0309678
0.027529
0.0288807
0.0293362
0.0293027
0.029773
0.0300089
0.0299938
0.030532
0.0301781
0.0306289
0.0280602
0.0293115
0.0297423
0.0296931
0.0301593
0.030396
0.0303851
0.0309222
0.0305752
0.0310264
0.0279929
0.0290279
0.0294237
0.0293416
0.0297943
0.0300226
0.0300069
0.0305422
0.0301919
0.0306456
0.0284623
0.0292867
0.0296416
0.0295406
0.0299872
0.0302121
0.0301956
0.0307293
0.0303814
0.0308319
0.0287123
0.0293531
0.0296695
0.0295534
0.029995
0.0302157
0.0301974
0.0307293
0.0303808
0.0308316
0.0285752
0.0291666
0.0294763
0.0293593
0.0298021
0.0300214
0.030002
0.0305327
0.0301828
0.0306376
0.0285079
0.0294321
0.0298081
0.0297234
0.03018
0.030404
0.0303864
0.0309161
0.0305693
0.0310207
0.0274802
0.0289276
0.0293864
0.0293217
0.0297864
0.0300099
0.029989
0.0305204
0.0301663
0.0306208
0.0264569
0.0287936
0.0294812
0.0295334
0.0300459
0.0302941
0.0302891
0.0308213
0.0304737
0.0309515
0.01207
0.0120603
0.0120764
0.0121837
0.0123698
0.0125681
0.013629
0.0157847
0.0103631
0.00106722
0.0120311
0.0120133
0.0119777
0.0119983
0.0120089
0.0119575
0.0125462
0.0145192
0.00935545
0.00372187
0.011997
0.0119523
0.0118804
0.0118286
0.0117005
0.0114601
0.0115146
0.0125984
0.00673191
6.7974e-05
0.0119267
0.011873
0.0117715
0.0116624
0.01141
0.0109677
0.0104263
0.0101481
0.00152153
-0.011022
0.0119175
0.0118544
0.0117342
0.0115908
0.0112859
0.0107415
0.00979753
0.00842573
-0.00236592
-0.0175212
0.011907
0.0118496
0.0117306
0.0115933
0.0113259
0.0108268
0.00974883
0.00842113
-0.0019798
-0.0160638
0.0118809
0.0118337
0.0117273
0.0116132
0.0114104
0.0110287
0.010018
0.0094042
0.00168298
-0.00830899
0.011926
0.0118862
0.0117977
0.0117209
0.011598
0.0114027
0.0107936
0.0109329
0.0070858
0.00416142
0.0119249
0.0119051
0.0118312
0.0117886
0.0117211
0.01165
0.0114925
0.0119784
0.00924633
0.009363
0.011975
0.0119541
0.0119173
0.0119238
0.0119382
0.0119838
0.0121255
0.0125517
0.00831647
0.00316902
0.0107342
0.0106785
0.0106763
0.0107299
0.0108125
0.0106119
0.0103878
0.0117694
0.00683558
-0.00718654
0.0106789
0.0106069
0.0105463
0.0105041
0.0104048
0.00999957
0.00948223
0.0111437
0.00712869
-0.00260864
0.0106231
0.0105203
0.0104188
0.0103007
0.0100564
0.00949904
0.00868117
0.009865
0.00568884
-0.00359152
0.0105399
0.0104213
0.0102815
0.0100914
0.00969586
0.00893485
0.00764753
0.00755256
0.000532869
-0.0136948
0.0105098
0.0103779
0.0102122
0.00997061
0.00949406
0.00862328
0.00691702
0.00546495
-0.00419254
-0.0203646
0.0104827
0.0103541
0.0101821
0.00993062
0.00947041
0.0086493
0.00670437
0.00485817
-0.00465587
-0.019332
0.0104489
0.0103315
0.0101677
0.00993377
0.00953497
0.00884683
0.00692687
0.00552297
-0.00154102
-0.0129019
0.0104793
0.0103716
0.0102255
0.0100334
0.00972536
0.00922364
0.00772857
0.00696039
0.00267892
-0.00378324
0.0104742
0.0103856
0.010248
0.0100856
0.00982603
0.00939086
0.00827573
0.00782829
0.00394967
-0.00111175
0.0105249
0.0104372
0.0103321
0.0102122
0.0100144
0.00959767
0.00860882
0.00804579
0.00314813
-0.00649944
0.00947407
0.00939107
0.00940417
0.00944006
0.00952387
0.0093574
0.00867881
0.0104117
0.0108506
0.00450164
0.00940241
0.00929678
0.00924786
0.00918884
0.00909941
0.00876804
0.00788671
0.0101403
0.0116033
0.00902406
0.00932571
0.00918605
0.00909317
0.00896163
0.00873056
0.00825764
0.00720901
0.00926687
0.0105153
0.00777515
0.00922906
0.00906725
0.00892848
0.00871584
0.00831012
0.00760579
0.00618623
0.00710685
0.00519976
-0.00275424
0.00917723
0.00899757
0.00882443
0.00854353
0.00801897
0.00718533
0.00541013
0.00487192
-0.000191524
-0.0104898
0.00913019
0.00894896
0.00875891
0.00844689
0.00789973
0.00711807
0.00510141
0.00378447
-0.00170973
-0.0106651
0.00908498
0.00891233
0.00872127
0.00841131
0.00790114
0.00724206
0.00518282
0.00389504
2.90244e-05
-0.0066522
0.00909808
0.0089349
0.00875659
0.00848258
0.0080566
0.00753725
0.00578839
0.00490891
0.00290118
-0.000642359
0.00908507
0.00893607
0.00875724
0.00850342
0.00811897
0.00760964
0.0061302
0.00564257
0.00419548
0.00213513
0.00913081
0.00898252
0.00882755
0.00860362
0.00826432
0.00771327
0.00628754
0.00587715
0.00462691
3.23246e-05
0.00827844
0.00819577
0.00826284
0.00834448
0.00853867
0.00874656
0.00830213
0.0100624
0.0127731
0.0105528
0.00819105
0.00808141
0.00808526
0.00807834
0.00811947
0.00820927
0.00759548
0.010024
0.0140957
0.0156711
0.00809683
0.00795032
0.00790814
0.00783536
0.00774652
0.00769086
0.0069487
0.00944941
0.0137969
0.0154162
0.0079891
0.00781436
0.00771905
0.007559
0.00727285
0.0069219
0.00583119
0.00746201
0.00891753
0.005657
0.00791721
0.00771889
0.00757942
0.00733559
0.00688239
0.00633866
0.00495403
0.00520203
0.00310675
-0.0031619
0.0078498
0.0076427
0.00747451
0.0071784
0.00664922
0.00613137
0.00456641
0.00376917
0.000333981
-0.00556081
0.00779194
0.00758827
0.00740781
0.00709412
0.00656468
0.00615016
0.00451219
0.00337076
0.000668201
-0.0039995
0.0077892
0.00759269
0.00741781
0.00712799
0.0066713
0.00635995
0.00491118
0.00399245
0.00272878
0.000416295
0.00776633
0.00757954
0.00739657
0.00711916
0.00671248
0.00640307
0.00514788
0.00472337
0.00446286
0.00418086
0.00780766
0.00761812
0.00745043
0.00719383
0.00683674
0.00648547
0.00530596
0.0051687
0.00597292
0.00461336
0.00713584
0.00707486
0.00720704
0.00735182
0.00762785
0.0080906
0.00775026
0.00872642
0.0106712
0.0087245
0.007034
0.00694388
0.00701592
0.00708619
0.00724482
0.00767545
0.00723235
0.00893268
0.0124724
0.0143414
0.00692702
0.00679839
0.00682615
0.0068434
0.00690303
0.00722633
0.00671067
0.00871931
0.013205
0.0158239
0.00681212
0.0066497
0.00661872
0.00654771
0.0064047
0.00638643
0.00554098
0.00709
0.00952669
0.00831282
0.00672332
0.00653032
0.0064448
0.00627924
0.00592824
0.00563391
0.00455777
0.00506321
0.0041629
-0.00017762
0.00663737
0.00642672
0.00630104
0.00606769
0.005586
0.0052582
0.00409306
0.00354957
0.000722553
-0.00412827
0.00656798
0.00635416
0.00620578
0.00593766
0.00541399
0.00516221
0.00394465
0.00283067
-1.31734e-05
-0.00456013
0.00655146
0.00634224
0.00619319
0.00593576
0.00547219
0.00531317
0.00420723
0.00312558
0.0013671
-0.00137193
0.0065208
0.00631721
0.00615665
0.00590752
0.0055133
0.00539036
0.00442334
0.00380076
0.00323137
0.0027942
0.00655776
0.00634996
0.00619977
0.00596807
0.00564546
0.00551786
0.00465429
0.00437868
0.0052317
0.00455062
0.00599852
0.00596143
0.00613063
0.00629477
0.00654272
0.00699198
0.00647833
0.00652707
0.00728418
0.00489508
0.00588579
0.00582014
0.00593809
0.0060499
0.00622584
0.00675288
0.00622093
0.00688316
0.00903365
0.0100919
0.00577485
0.00567194
0.00575394
0.00583435
0.00596016
0.00645958
0.00593081
0.0069873
0.0104303
0.0127487
0.00566072
0.00552088
0.00554365
0.00554475
0.0054913
0.00565261
0.00483245
0.00585871
0.00827431
0.00800301
0.00556235
0.00538573
0.00534679
0.00525407
0.0049819
0.00480938
0.00383716
0.00437461
0.00423864
0.00130247
0.0054644
0.00526189
0.00517511
0.00501131
0.00457334
0.00430223
0.00335605
0.00313658
0.00107572
-0.00276242
0.0053887
0.00517693
0.00506072
0.00485277
0.0043359
0.00410742
0.00317396
0.00234414
-0.000192659
-0.00437306
0.00536438
0.00515497
0.00503454
0.00482516
0.00434989
0.00421389
0.00335903
0.00235919
0.000464053
-0.00246909
0.00532977
0.00512475
0.00499338
0.00478841
0.00439598
0.00434219
0.00357377
0.00283727
0.00195164
0.0012184
0.00536828
0.0051585
0.00503582
0.00484598
0.004548
0.00453235
0.00386541
0.00337677
0.00390107
0.00329466
0.00484957
0.00481049
0.0049711
0.00509603
0.00524161
0.00555908
0.00484014
0.00429944
0.00449114
0.00217831
0.00471998
0.00465401
0.00477742
0.00487699
0.00498811
0.0054718
0.00480092
0.00463878
0.00566045
0.00606905
0.00461524
0.00451752
0.00462012
0.00471635
0.00482816
0.0053679
0.00476803
0.00492638
0.00716744
0.00891437
0.00451236
0.00437917
0.00442952
0.004466
0.00444788
0.00470247
0.00385624
0.00429837
0.00636854
0.00660318
0.00441487
0.00424265
0.00423127
0.00418941
0.00398461
0.00390419
0.00298304
0.00350338
0.00403229
0.00235332
0.00431508
0.00411242
0.00405203
0.00395133
0.00358212
0.00336187
0.00257865
0.00277656
0.00182101
-0.000727849
0.00424092
0.00402525
0.00393369
0.00379038
0.00331964
0.0031059
0.00241776
0.00211904
0.00053923
-0.00267426
0.00421474
0.00400004
0.00390341
0.00374947
0.00329365
0.0031613
0.0025512
0.00193456
0.000563335
-0.00189299
0.00418176
0.00397076
0.00386604
0.00371029
0.00333123
0.00331111
0.00274889
0.00214931
0.0013993
0.000789896
0.00423809
0.00402582
0.0039299
0.00378315
0.00350747
0.00355922
0.00308249
0.00255222
0.00295646
0.00257255
0.00361174
0.00356809
0.00369706
0.00376076
0.0038068
0.00404001
0.00326881
0.00248236
0.00252748
0.000609575
0.00348349
0.00341636
0.00352273
0.0035849
0.00361262
0.00405069
0.00336512
0.00269362
0.00288666
0.00283802
0.00340123
0.00331042
0.00341253
0.00349587
0.0035575
0.00410291
0.00352128
0.00300689
0.00409462
0.00515078
0.00332132
0.00320102
0.00326243
0.00330838
0.0032967
0.0036299
0.00281845
0.00272853
0.00421384
0.00455814
0.00323702
0.00308038
0.00308711
0.00307967
0.00294378
0.00298513
0.00213297
0.00252897
0.00338809
0.00258397
0.00314807
0.00296148
0.00292504
0.00288306
0.00261672
0.0025032
0.00185623
0.00233441
0.00229136
0.000870633
0.00308526
0.00288503
0.00282065
0.00274801
0.0023746
0.00223035
0.00174995
0.00192856
0.00133163
-0.000822724
0.00306368
0.00286325
0.00279549
0.00270815
0.00231968
0.00222965
0.00185515
0.00167235
0.000977947
-0.000780433
0.00303185
0.00283456
0.00276243
0.00266646
0.00233099
0.00236213
0.00202832
0.00166942
0.00118919
0.000857959
0.00309843
0.00290375
0.00284107
0.00274401
0.0025039
0.00262582
0.00236704
0.00189974
0.00225801
0.00208181
0.00246529
0.00228692
0.00238221
0.00239348
0.00237374
0.00257077
0.00196372
0.00119822
0.00128326
9.765e-05
0.00223048
0.0019961
0.00208659
0.00210918
0.00205957
0.00243177
0.00188108
0.0010717
0.000734149
0.000606249
0.0021899
0.00195026
0.00204755
0.00210392
0.00209904
0.00258159
0.00214589
0.00133489
0.00151732
0.00201965
0.00214242
0.00188472
0.00195585
0.00199357
0.00196502
0.00231969
0.00166686
0.00123654
0.00203851
0.00224923
0.00208332
0.00180085
0.00183274
0.0018439
0.00176557
0.0019157
0.00121284
0.00138982
0.00214442
0.0017972
0.00201885
0.001716
0.00171771
0.00172175
0.00157049
0.00158419
0.0010768
0.00155338
0.00190993
0.00129527
0.00197626
0.00166447
0.00164585
0.00163772
0.00139841
0.00135408
0.00103185
0.00139825
0.00143109
0.00026841
0.00196051
0.00164915
0.00162968
0.00160956
0.00133571
0.00130698
0.00111078
0.00118972
0.00099873
9.87347e-05
0.00192379
0.00160676
0.00158758
0.00155617
0.00130221
0.00137331
0.00122594
0.00106318
0.000771994
0.000938324
0.00212721
0.00185457
0.00183871
0.00179911
0.00162068
0.00177631
0.00172399
0.00136581
0.00162693
0.00169845
0.000495341
0.000650034
0.000703451
0.00067503
0.000622801
0.000774803
0.000437372
1.07867e-05
0.000111017
-0.000745332
0.000625235
0.00082446
0.000869108
0.000854579
0.000781328
0.00103711
0.00079688
0.000285197
-8.70559e-05
-0.000590703
0.000626683
0.000814974
0.000868891
0.000880139
0.000830209
0.00114771
0.000981315
0.000380136
0.000135092
4.28074e-05
0.000600643
0.000775884
0.000817781
0.000820325
0.000770473
0.00103932
0.00068786
0.000274334
0.00052882
0.000511123
0.000577437
0.000738052
0.000759977
0.000753652
0.000706597
0.00087741
0.00044466
0.000446144
0.0008644
0.000741154
0.000552027
0.00069976
0.000707515
0.000710802
0.000645434
0.000723724
0.000397862
0.000670261
0.00095585
0.000706006
0.000539913
0.000681559
0.000679024
0.00068696
0.000572976
0.000587361
0.00039273
0.000681426
0.000829866
0.000110798
0.000555775
0.000699545
0.000698615
0.000704487
0.00056117
0.000559263
0.000475733
0.00063518
0.000631115
-0.000143308
0.000522969
0.000671142
0.000671518
0.000671492
0.000527261
0.000584176
0.000562635
0.000573197
0.000421947
-4.97507e-06
0.000363553
0.000458141
0.000467835
0.000454961
0.000335307
0.000437833
0.000462593
0.000259909
0.000301066
5.52044e-05
0.00744776
0.0126182
0.0213288
0.0193741
0.0176721
0.0172771
0.0167452
0.0166007
0.0163789
0.0162437
0.0117935
0.0146384
0.0214662
0.0192844
0.017696
0.0172376
0.0167197
0.0165662
0.0163514
0.0161875
0.0162309
0.0168423
0.0222879
0.0198679
0.0180895
0.0174835
0.0168961
0.0167101
0.0164732
0.0163064
0.0188325
0.0177411
0.0227447
0.02017
0.0182123
0.0174823
0.0168615
0.0166486
0.0163951
0.0162145
0.0221909
0.0188263
0.0232058
0.0205576
0.0184761
0.0176166
0.0169722
0.0167414
0.0164731
0.0162891
0.0263027
0.0200528
0.0231473
0.0206437
0.0186078
0.0176566
0.0170165
0.0167814
0.0165023
0.016313
0.0282513
0.0206247
0.0227034
0.0204415
0.0185664
0.0175737
0.0169563
0.0167306
0.0164478
0.0162594
0.0267364
0.0202726
0.0222247
0.0202275
0.0185517
0.0176011
0.0170189
0.0168176
0.0165427
0.0163653
0.0228736
0.0184866
0.021601
0.0196968
0.0182952
0.01745
0.0169044
0.0167312
0.0164644
0.0162806
0.0199995
0.0168012
0.0214333
0.0195978
0.0181741
0.0174772
0.0169155
0.0167662
0.0164947
0.0163449
-0.0114826
0.00579849
0.0157375
0.0146813
0.0149523
0.0153071
0.0149902
0.0149431
0.0148056
0.0146958
-0.00635499
0.0079373
0.016138
0.0148676
0.0151002
0.0153192
0.0149948
0.0149299
0.0147939
0.014652
-0.00281824
0.00941213
0.0167958
0.015486
0.0155044
0.015561
0.0151641
0.0150606
0.0149037
0.014754
-0.00260103
0.00920741
0.0169647
0.0157276
0.0155945
0.0155498
0.0151339
0.0150049
0.0148347
0.0146687
-0.00153526
0.00924146
0.0172894
0.0161453
0.01584
0.0156682
0.0152363
0.0150874
0.0149026
0.0147307
0.00179674
0.00990008
0.0173468
0.0164044
0.0159906
0.015699
0.0152766
0.0151191
0.0149266
0.0147463
0.00504672
0.010647
0.0171577
0.016436
0.0160079
0.0156252
0.0152231
0.0150725
0.0148741
0.0146938
0.00602324
0.0110641
0.0169112
0.0163824
0.0160346
0.0156435
0.0152686
0.01514
0.0149492
0.0147797
0.00389331
0.0101528
0.0164249
0.0158655
0.0157999
0.0154858
0.0151501
0.0150541
0.0148758
0.0147
0.00113184
0.00884982
0.0162824
0.0156333
0.0156586
0.0154991
0.0151427
0.0150799
0.0148956
0.0147551
0.00396947
0.0112625
0.0130482
0.0113609
0.0127532
0.0133323
0.0131692
0.0132318
0.0131702
0.0131038
0.00740977
0.0126026
0.0134606
0.0117056
0.0129714
0.0133757
0.013194
0.0132306
0.01317
0.0130661
0.00890801
0.0129338
0.0137769
0.0122117
0.013298
0.0135747
0.0133355
0.0133405
0.0132589
0.0131465
0.00724561
0.0117793
0.0136075
0.0122679
0.0132716
0.0135162
0.0132891
0.0132768
0.0131897
0.0130616
0.00573035
0.0107317
0.0136864
0.0125492
0.0134053
0.0135849
0.0133659
0.013337
0.0132419
0.0131071
0.0060504
0.0101577
0.0136287
0.0127904
0.0134797
0.0135771
0.0133866
0.0133512
0.0132517
0.0131098
0.00743176
0.0100165
0.0134527
0.0129245
0.0134885
0.0134937
0.0133332
0.0132994
0.0131986
0.0130547
0.0085161
0.0102778
0.0132982
0.0130101
0.0135384
0.0135001
0.0133628
0.0133484
0.0132538
0.0131209
0.00767831
0.00992449
0.0129142
0.0125687
0.0133427
0.013336
0.0132397
0.0132617
0.0131806
0.0130442
0.00604108
0.00924286
0.0127745
0.0122523
0.0132069
0.0133347
0.0132166
0.0132784
0.0131941
0.013092
0.0166212
0.0161399
0.0128539
0.0105352
0.0116312
0.0116966
0.011488
0.0115721
0.011529
0.0114961
0.0183197
0.016601
0.0131156
0.0108945
0.0118422
0.0117363
0.011515
0.0115728
0.0115288
0.011457
0.0182205
0.0160447
0.0130716
0.0111804
0.0120198
0.0118575
0.0116121
0.0116469
0.0115911
0.0115119
0.0157509
0.0145076
0.0126511
0.0109845
0.01183
0.011728
0.0115318
0.0115631
0.0115141
0.0114221
0.0132048
0.0131038
0.0125237
0.0110079
0.0117902
0.0117226
0.0115659
0.0115908
0.0115433
0.0114477
0.0117952
0.0118741
0.012293
0.01105
0.0117037
0.0116477
0.0115507
0.0115738
0.0115345
0.0114335
0.0114597
0.0109688
0.0120232
0.0111163
0.01162
0.0115297
0.011484
0.0115119
0.0114738
0.0113737
0.011803
0.0107759
0.0118769
0.0112547
0.011643
0.0115131
0.0114978
0.0115413
0.0115099
0.0114221
0.0114874
0.0106152
0.0115685
0.0109157
0.011482
0.0113414
0.011373
0.0114506
0.0114375
0.0113464
0.010864
0.0104178
0.0114383
0.0105847
0.0113711
0.0113261
0.0113364
0.0114643
0.0114443
0.0113907
0.0168858
0.0150945
0.011888
0.0101642
0.0107743
0.0102632
0.00996463
0.0099868
0.00991036
0.00989329
0.0173352
0.0149241
0.0120087
0.0104699
0.0109238
0.0102688
0.00997482
0.00997171
0.00989873
0.00984173
0.0165023
0.0139821
0.0117564
0.0105459
0.0109436
0.0103039
0.0100167
0.0100049
0.00992796
0.00986792
0.0143894
0.01269
0.0112879
0.0101614
0.0106236
0.0101124
0.00989791
0.00989513
0.00983756
0.00977033
0.0123917
0.011701
0.0111471
0.00997462
0.0104438
0.0100425
0.00988481
0.0098847
0.00984185
0.00977514
0.0109284
0.0106369
0.0109109
0.00981955
0.0102066
0.00990375
0.00982624
0.00983361
0.00980846
0.00974372
0.00994531
0.00956934
0.0106614
0.00977259
0.0100101
0.00974795
0.00974277
0.00975365
0.00974063
0.00967863
0.00969438
0.00911704
0.0105665
0.00990683
0.00997562
0.00970736
0.00974209
0.00976584
0.00976017
0.00971224
0.00953638
0.00902025
0.0103396
0.00966419
0.00983515
0.00953133
0.00962004
0.00967602
0.00968614
0.00964024
0.00955252
0.00912311
0.0102279
0.00937173
0.00976369
0.00950969
0.00958381
0.00969058
0.00969781
0.00968826
0.0121089
0.0111438
0.00949567
0.00885077
0.00936952
0.00867126
0.0084177
0.00839267
0.00828649
0.00828152
0.0117292
0.0105959
0.00954063
0.009086
0.00943835
0.00863165
0.00839912
0.00835034
0.00824994
0.00820774
0.0107089
0.00962392
0.00924474
0.00902888
0.00934655
0.00860344
0.00839501
0.00834369
0.0082475
0.00820738
0.00945386
0.00886707
0.00889617
0.00859065
0.00898819
0.00839071
0.0082522
0.00821456
0.00814683
0.00810435
0.00860349
0.00858616
0.00889507
0.00833821
0.00877216
0.0083002
0.00820721
0.00817504
0.00812916
0.00809221
0.00786507
0.00808509
0.00880893
0.00809901
0.00847229
0.00813758
0.00811912
0.00809341
0.00807742
0.00804643
0.0069963
0.00729997
0.0087154
0.00798425
0.00821023
0.00797232
0.00802605
0.00800328
0.00800321
0.00797958
0.0065968
0.00690437
0.00875689
0.00810441
0.00812877
0.00792564
0.00802136
0.00800345
0.00801094
0.008004
0.00660913
0.00692957
0.00865213
0.00795478
0.00800695
0.00775782
0.00791285
0.0079153
0.00794224
0.00793688
0.0070763
0.00724354
0.00858113
0.00773787
0.0079852
0.00774289
0.00788874
0.00794735
0.00796456
0.00799898
0.00803546
0.00751652
0.00682659
0.00689852
0.00745757
0.00683813
0.00674532
0.00672731
0.0066265
0.00668055
0.00714717
0.00676582
0.00681251
0.00702437
0.00741432
0.0067234
0.00666172
0.00661659
0.00652515
0.0065479
0.00619604
0.00593179
0.00656111
0.00690253
0.00726919
0.00666726
0.00662924
0.00658224
0.00649937
0.00652748
0.0057324
0.00566923
0.00638159
0.00651794
0.00695911
0.00647808
0.00648616
0.00644908
0.00639695
0.00642517
0.00584951
0.00595999
0.00653817
0.00631783
0.00680291
0.00641358
0.00643456
0.00639676
0.0063688
0.00640378
0.00586226
0.00599406
0.0066257
0.00609414
0.0065329
0.006274
0.00633944
0.00630334
0.00630638
0.00635173
0.00540506
0.00563569
0.00672077
0.00596093
0.00627157
0.00613715
0.00625526
0.0062111
0.00623566
0.00628892
0.00517119
0.00548273
0.00692546
0.00606865
0.00617492
0.00611063
0.00625806
0.00620856
0.00624028
0.00631013
0.00541911
0.0056806
0.00696004
0.00600494
0.00607819
0.00596673
0.0061708
0.00613138
0.00617619
0.0062524
0.00621504
0.00616685
0.00698185
0.00592214
0.00614689
0.0060067
0.00621199
0.00622071
0.0062583
0.00636832
0.00532359
0.00485211
0.00455489
0.00488971
0.00537369
0.00486139
0.00493282
0.0049363
0.00485911
0.00496193
0.00424225
0.00407392
0.00452617
0.00492711
0.00525224
0.00470475
0.00480931
0.0047813
0.00471611
0.00479403
0.00346933
0.00343222
0.00434931
0.00478806
0.00510742
0.00465847
0.00477618
0.00474446
0.00468801
0.00477351
0.00349578
0.00347455
0.00430018
0.00450287
0.004892
0.00452098
0.00465536
0.00462669
0.00459837
0.00468344
0.00409959
0.00402171
0.00453424
0.00439666
0.00483797
0.0045059
0.00461808
0.00458091
0.00457182
0.0046629
0.00454873
0.004351
0.00471563
0.0042249
0.00464733
0.00441656
0.00453666
0.00449177
0.0045135
0.00461396
0.00447833
0.00434197
0.00493324
0.00408842
0.00443323
0.00433386
0.00447385
0.00441328
0.00445564
0.00456302
0.00449623
0.00444093
0.00524956
0.00417192
0.00434864
0.00434505
0.00449218
0.00441549
0.00446222
0.00458612
0.00492093
0.00476949
0.00538583
0.0041672
0.00427361
0.00422908
0.00442516
0.0043407
0.0044012
0.00452963
0.00584224
0.00531587
0.00547594
0.00420009
0.00441098
0.00431302
0.00451685
0.00447643
0.00452388
0.00468184
0.00363786
0.00284693
0.00282388
0.00317
0.00346773
0.00307316
0.00323178
0.00324216
0.00313852
0.00360171
0.0023652
0.00183196
0.00245537
0.00277277
0.00295593
0.00254504
0.0027343
0.00270935
0.00260524
0.00310137
0.00188218
0.0014707
0.00241012
0.00271251
0.0029059
0.00258844
0.0027771
0.00274868
0.00265575
0.00314538
0.00208585
0.00160667
0.00242352
0.00253522
0.00279172
0.00250791
0.00269201
0.0026623
0.00259135
0.00307708
0.00267061
0.00210809
0.0026281
0.00251029
0.00282586
0.00253521
0.00267885
0.00263729
0.00257816
0.00306633
0.00315245
0.00247583
0.00279624
0.00239565
0.00272668
0.00249876
0.00262367
0.00257185
0.00253679
0.00303046
0.00330222
0.00263935
0.00302338
0.0022662
0.00258942
0.00247331
0.00258837
0.00251778
0.00250067
0.00299782
0.00349172
0.00287389
0.0033423
0.0023124
0.00253952
0.00252261
0.0026208
0.00253029
0.0025157
0.00302514
0.00387464
0.0031326
0.00344046
0.00226804
0.0024257
0.00237633
0.00251097
0.00240066
0.0023928
0.00291948
0.0049945
0.00396287
0.0039026
0.00274605
0.0029595
0.00285953
0.00300537
0.00292948
0.00292124
0.00341662
0.000377221
0.00059108
0.000588051
0.000731402
0.000846393
0.000597422
0.000747338
0.000772109
0.000745672
0.000351322
0.000222259
0.000767298
0.00113604
0.00123488
0.00126936
0.00103485
0.00119873
0.00120705
0.00120219
0.000726757
-2.26437e-05
0.000554056
0.00109405
0.00114774
0.00120868
0.001033
0.00118997
0.0011954
0.00119194
0.00073068
0.000100917
0.000629154
0.0010774
0.00102515
0.00113342
0.000958025
0.00110747
0.00111116
0.0011184
0.000660953
0.000421852
0.000860188
0.00116496
0.00103381
0.00119219
0.000990344
0.00110958
0.0011066
0.00111822
0.000660724
0.000708131
0.0010219
0.00122761
0.000963212
0.00115856
0.00098359
0.00108116
0.00107344
0.00109926
0.000644389
0.000832137
0.00114251
0.00134704
0.00085158
0.00109829
0.00099142
0.00106735
0.00104919
0.00108804
0.000631313
0.00100916
0.00134598
0.00156956
0.0008837
0.00111875
0.00108743
0.00113613
0.0011072
0.00114914
0.000691306
0.00123939
0.00154217
0.00166238
0.000897604
0.00108965
0.00104859
0.00111754
0.00107128
0.00112369
0.00065743
0.00120443
0.00124555
0.0011784
0.000443664
0.000666911
0.000580453
0.000667441
0.000628672
0.000660428
0.000278055
)
;

boundaryField
{
    inlet1
    {
        type            zeroGradient;
    }
    inlet2
    {
        type            zeroGradient;
    }
    outlet1
    {
        type            fixedValue;
        value           uniform 0;
    }
    outlet2
    {
        type            fixedValue;
        value           uniform 0;
    }
    fixedWalls
    {
        type            zeroGradient;
    }
}


// ************************************************************************* //
