/*--------------------------------*- C++ -*----------------------------------*\
  =========                 |
  \\      /  F ield         | OpenFOAM: The Open Source CFD Toolbox
   \\    /   O peration     | Website:  https://openfoam.org
    \\  /    A nd           | Version:  6
     \\/     M anipulation  |
\*---------------------------------------------------------------------------*/
FoamFile
{
    version     2.0;
    format      ascii;
    class       volScalarField;
    location    "0.785";
    object      T;
}
// * * * * * * * * * * * * * * * * * * * * * * * * * * * * * * * * * * * * * //

dimensions      [0 0 0 1 0 0 0];

internalField   nonuniform List<scalar> 
7000
(
106.389
106.388
106.384
106.379
106.374
106.367
106.361
106.356
106.351
106.349
106.389
106.388
106.384
106.379
106.374
106.367
106.361
106.356
106.351
106.349
106.389
106.388
106.384
106.379
106.374
106.367
106.361
106.356
106.351
106.349
106.389
106.388
106.384
106.379
106.374
106.367
106.361
106.356
106.351
106.349
106.389
106.388
106.384
106.379
106.374
106.367
106.361
106.356
106.351
106.349
106.389
106.388
106.384
106.379
106.374
106.367
106.361
106.356
106.351
106.349
106.389
106.388
106.384
106.379
106.374
106.367
106.361
106.356
106.351
106.349
106.389
106.388
106.384
106.379
106.374
106.367
106.361
106.356
106.351
106.349
106.389
106.388
106.384
106.379
106.374
106.367
106.361
106.356
106.351
106.349
106.389
106.388
106.384
106.379
106.374
106.367
106.361
106.356
106.351
106.349
99.1916
99.1863
99.176
99.1615
99.1438
99.1245
99.1052
99.0881
99.0753
99.0684
99.1916
99.1863
99.176
99.1615
99.1438
99.1244
99.1052
99.0881
99.0753
99.0683
99.1916
99.1863
99.176
99.1615
99.1438
99.1244
99.1052
99.0881
99.0752
99.0683
99.1916
99.1862
99.176
99.1615
99.1438
99.1244
99.1052
99.0881
99.0752
99.0683
99.1916
99.1862
99.176
99.1615
99.1438
99.1244
99.1052
99.0881
99.0752
99.0683
99.1915
99.1862
99.176
99.1615
99.1438
99.1244
99.1052
99.0881
99.0752
99.0683
99.1915
99.1862
99.176
99.1615
99.1438
99.1244
99.1052
99.0881
99.0752
99.0683
99.1916
99.1862
99.176
99.1615
99.1438
99.1244
99.1052
99.0881
99.0752
99.0683
99.1916
99.1863
99.176
99.1615
99.1438
99.1244
99.1052
99.0881
99.0753
99.0683
99.1916
99.1863
99.176
99.1615
99.1438
99.1244
99.1052
99.0881
99.0753
99.0683
92.0642
92.0551
92.0375
92.0125
91.9819
91.9481
91.9143
91.884
91.8611
91.8486
92.0642
92.0551
92.0375
92.0125
91.9819
91.9481
91.9143
91.884
91.861
91.8486
92.0641
92.0551
92.0375
92.0125
91.9819
91.9481
91.9143
91.884
91.861
91.8486
92.0641
92.0551
92.0375
92.0125
91.9819
91.9481
91.9143
91.884
91.861
91.8486
92.0641
92.055
92.0375
92.0125
91.9819
91.9481
91.9142
91.884
91.861
91.8486
92.0641
92.055
92.0375
92.0125
91.9819
91.9481
91.9142
91.884
91.861
91.8486
92.0641
92.055
92.0375
92.0125
91.9819
91.9481
91.9142
91.884
91.861
91.8486
92.0641
92.0551
92.0375
92.0125
91.9819
91.9481
91.9143
91.884
91.861
91.8486
92.0641
92.0551
92.0375
92.0125
91.9819
91.9481
91.9143
91.884
91.861
91.8486
92.0641
92.0551
92.0375
92.0125
91.9819
91.9481
91.9143
91.884
91.8611
91.8486
85.0531
85.0399
85.0143
84.9777
84.9325
84.8821
84.8309
84.7845
84.7488
84.7293
85.0531
85.0399
85.0143
84.9777
84.9325
84.8821
84.8309
84.7844
84.7488
84.7293
85.053
85.0399
85.0143
84.9777
84.9325
84.8821
84.8309
84.7844
84.7487
84.7292
85.053
85.0399
85.0143
84.9777
84.9325
84.882
84.8309
84.7844
84.7487
84.7292
85.053
85.0399
85.0143
84.9777
84.9325
84.882
84.8308
84.7844
84.7487
84.7292
85.053
85.0399
85.0143
84.9777
84.9325
84.882
84.8308
84.7844
84.7487
84.7292
85.053
85.0399
85.0143
84.9777
84.9325
84.882
84.8308
84.7844
84.7487
84.7292
85.053
85.0399
85.0143
84.9777
84.9325
84.882
84.8309
84.7844
84.7487
84.7292
85.053
85.0399
85.0143
84.9777
84.9325
84.8821
84.8309
84.7844
84.7488
84.7292
85.0531
85.0399
85.0143
84.9777
84.9325
84.8821
84.8309
84.7845
84.7488
84.7293
78.2029
78.1853
78.1509
78.1013
78.0394
77.9691
77.8964
77.8291
77.7762
77.7467
78.2028
78.1852
78.1508
78.1013
78.0393
77.9691
77.8964
77.829
77.7761
77.7467
78.2028
78.1852
78.1508
78.1013
78.0393
77.969
77.8964
77.829
77.7761
77.7467
78.2028
78.1852
78.1508
78.1013
78.0393
77.969
77.8964
77.829
77.7761
77.7467
78.2028
78.1852
78.1508
78.1012
78.0393
77.969
77.8963
77.829
77.7761
77.7467
78.2028
78.1852
78.1508
78.1012
78.0393
77.969
77.8963
77.829
77.7761
77.7467
78.2028
78.1852
78.1508
78.1012
78.0393
77.969
77.8963
77.829
77.7761
77.7467
78.2028
78.1852
78.1508
78.1013
78.0393
77.969
77.8964
77.829
77.7761
77.7467
78.2028
78.1852
78.1508
78.1013
78.0393
77.969
77.8964
77.829
77.7761
77.7467
78.2028
78.1852
78.1508
78.1013
78.0393
77.9691
77.8964
77.8291
77.7762
77.7467
71.556
71.5337
71.4899
71.426
71.3449
71.2509
71.1511
71.0555
70.9779
70.9334
71.556
71.5337
71.4898
71.426
71.3448
71.2509
71.151
71.0555
70.9779
70.9334
71.556
71.5337
71.4898
71.4259
71.3448
71.2508
71.151
71.0555
70.9778
70.9333
71.5559
71.5336
71.4898
71.4259
71.3448
71.2508
71.151
71.0555
70.9778
70.9333
71.5559
71.5336
71.4898
71.4259
71.3448
71.2508
71.151
71.0555
70.9778
70.9333
71.5559
71.5336
71.4898
71.4259
71.3448
71.2508
71.151
71.0555
70.9778
70.9333
71.5559
71.5336
71.4898
71.4259
71.3448
71.2508
71.151
71.0555
70.9778
70.9333
71.5559
71.5336
71.4898
71.4259
71.3448
71.2508
71.151
71.0555
70.9778
70.9333
71.556
71.5337
71.4898
71.4259
71.3448
71.2509
71.151
71.0555
70.9779
70.9333
71.556
71.5337
71.4898
71.426
71.3448
71.2509
71.1511
71.0555
70.9779
70.9334
65.1524
65.1253
65.0718
64.9928
64.8905
64.7688
64.6346
64.5001
64.3847
64.315
65.1523
65.1253
65.0718
64.9928
64.8905
64.7687
64.6345
64.5
64.3847
64.3149
65.1523
65.1253
65.0717
64.9928
64.8905
64.7687
64.6345
64.5
64.3847
64.3149
65.1523
65.1253
65.0717
64.9927
64.8904
64.7687
64.6345
64.5
64.3847
64.3149
65.1523
65.1252
65.0717
64.9927
64.8904
64.7687
64.6345
64.5
64.3846
64.3149
65.1523
65.1252
65.0717
64.9927
64.8904
64.7687
64.6345
64.5
64.3846
64.3149
65.1523
65.1252
65.0717
64.9927
64.8904
64.7687
64.6345
64.5
64.3847
64.3149
65.1523
65.1253
65.0717
64.9928
64.8904
64.7687
64.6345
64.5
64.3847
64.3149
65.1523
65.1253
65.0717
64.9928
64.8905
64.7687
64.6345
64.5
64.3847
64.3149
65.1523
65.1253
65.0718
64.9928
64.8905
64.7687
64.6345
64.5001
64.3847
64.315
59.0283
58.997
58.9345
58.8409
58.7168
58.5642
58.3877
58.199
58.0231
57.9059
59.0283
58.9969
58.9344
58.8408
58.7168
58.5641
58.3877
58.199
58.0231
57.9059
59.0282
58.9969
58.9344
58.8408
58.7168
58.5641
58.3876
58.199
58.0231
57.9059
59.0282
58.9969
58.9344
58.8408
58.7167
58.5641
58.3876
58.1989
58.023
57.9058
59.0282
58.9969
58.9343
58.8408
58.7167
58.5641
58.3876
58.1989
58.023
57.9058
59.0282
58.9969
58.9343
58.8408
58.7167
58.5641
58.3876
58.1989
58.023
57.9058
59.0282
58.9969
58.9344
58.8408
58.7167
58.5641
58.3876
58.1989
58.023
57.9058
59.0282
58.9969
58.9344
58.8408
58.7167
58.5641
58.3876
58.199
58.023
57.9058
59.0282
58.9969
58.9344
58.8408
58.7168
58.5641
58.3877
58.199
58.0231
57.9059
59.0283
58.997
58.9344
58.8408
58.7168
58.5641
58.3877
58.199
58.0231
57.9059
53.2159
53.1814
53.112
53.0065
52.8633
52.6803
52.4561
52.1945
51.9176
51.6979
53.2158
53.1813
53.1119
53.0065
52.8633
52.6803
52.456
52.1944
51.9175
51.6979
53.2158
53.1813
53.1119
53.0064
52.8633
52.6802
52.456
52.1944
51.9175
51.6979
53.2158
53.1813
53.1119
53.0064
52.8632
52.6802
52.456
52.1943
51.9175
51.6978
53.2158
53.1813
53.1118
53.0064
52.8632
52.6802
52.4559
52.1943
51.9174
51.6978
53.2158
53.1813
53.1118
53.0064
52.8632
52.6802
52.4559
52.1943
51.9174
51.6978
53.2158
53.1813
53.1118
53.0064
52.8632
52.6802
52.456
52.1943
51.9175
51.6978
53.2158
53.1813
53.1119
53.0064
52.8632
52.6802
52.456
52.1944
51.9175
51.6979
53.2158
53.1813
53.1119
53.0065
52.8633
52.6802
52.456
52.1944
51.9175
51.6979
53.2158
53.1814
53.1119
53.0065
52.8633
52.6803
52.4561
52.1944
51.9176
51.6979
47.7418
47.7061
47.6336
47.5223
47.3678
47.1629
46.8954
46.5479
46.1065
45.6286
47.7417
47.706
47.6336
47.5223
47.3678
47.1628
46.8953
46.5478
46.1065
45.6286
47.7417
47.706
47.6336
47.5222
47.3678
47.1628
46.8953
46.5478
46.1064
45.6285
47.7417
47.7059
47.6335
47.5222
47.3677
47.1628
46.8953
46.5477
46.1064
45.6285
47.7417
47.7059
47.6335
47.5222
47.3677
47.1628
46.8952
46.5477
46.1064
45.6285
47.7417
47.7059
47.6335
47.5222
47.3677
47.1627
46.8952
46.5477
46.1064
45.6285
47.7417
47.7059
47.6335
47.5222
47.3677
47.1628
46.8953
46.5477
46.1064
45.6285
47.7417
47.7059
47.6335
47.5222
47.3677
47.1628
46.8953
46.5478
46.1064
45.6285
47.7417
47.706
47.6336
47.5222
47.3678
47.1628
46.8953
46.5478
46.1064
45.6285
47.7417
47.706
47.6336
47.5223
47.3678
47.1629
46.8954
46.5479
46.1065
45.6286
42.6263
42.592
42.5223
42.4145
42.2632
42.0574
41.7753
41.3689
40.7206
39.4836
42.6263
42.5919
42.5222
42.4145
42.2631
42.0574
41.7752
41.3689
40.7205
39.4836
42.6262
42.5919
42.5222
42.4144
42.2631
42.0573
41.7752
41.3688
40.7205
39.4835
42.6262
42.5919
42.5222
42.4144
42.2631
42.0573
41.7751
41.3688
40.7204
39.4835
42.6262
42.5918
42.5221
42.4144
42.2631
42.0573
41.7751
41.3688
40.7204
39.4835
42.6262
42.5918
42.5221
42.4144
42.263
42.0573
41.7751
41.3688
40.7204
39.4835
42.6262
42.5919
42.5222
42.4144
42.2631
42.0573
41.7751
41.3688
40.7204
39.4835
42.6262
42.5919
42.5222
42.4144
42.2631
42.0573
41.7752
41.3688
40.7205
39.4835
42.6262
42.5919
42.5222
42.4144
42.2631
42.0574
41.7752
41.3688
40.7205
39.4835
42.6263
42.5919
42.5223
42.4145
42.2632
42.0574
41.7752
41.3689
40.7206
39.4836
37.8823
37.8525
37.7922
37.6996
37.5708
37.3973
37.1623
36.8327
36.3472
35.6137
37.8823
37.8524
37.7921
37.6996
37.5707
37.3972
37.1622
36.8326
36.3472
35.6136
37.8822
37.8524
37.7921
37.6995
37.5707
37.3972
37.1622
36.8326
36.3471
35.6136
37.8822
37.8524
37.7921
37.6995
37.5707
37.3972
37.1621
36.8325
36.3471
35.6135
37.8822
37.8524
37.7921
37.6995
37.5707
37.3971
37.1621
36.8325
36.347
35.6135
37.8822
37.8524
37.7921
37.6995
37.5707
37.3971
37.1621
36.8325
36.347
35.6135
37.8822
37.8524
37.7921
37.6995
37.5707
37.3972
37.1621
36.8325
36.3471
35.6135
37.8822
37.8524
37.7921
37.6995
37.5707
37.3972
37.1622
36.8326
36.3471
35.6135
37.8823
37.8524
37.7921
37.6996
37.5707
37.3972
37.1622
36.8326
36.3471
35.6136
37.8823
37.8525
37.7922
37.6996
37.5708
37.3973
37.1623
36.8327
36.3472
35.6137
33.5149
33.4925
33.4479
33.3816
33.2933
33.1816
33.0431
32.8723
32.6687
32.4651
33.5149
33.4924
33.4479
33.3815
33.2932
33.1815
33.043
32.8722
32.6686
32.465
33.5149
33.4924
33.4478
33.3815
33.2932
33.1815
33.0429
32.8722
32.6685
32.4649
33.5148
33.4924
33.4478
33.3815
33.2931
33.1815
33.0429
32.8722
32.6685
32.4649
33.5148
33.4924
33.4478
33.3814
33.2931
33.1814
33.0429
32.8721
32.6685
32.4649
33.5148
33.4924
33.4478
33.3814
33.2931
33.1814
33.0429
32.8721
32.6685
32.4649
33.5148
33.4924
33.4478
33.3814
33.2931
33.1815
33.0429
32.8721
32.6685
32.4649
33.5148
33.4924
33.4478
33.3815
33.2932
33.1815
33.0429
32.8722
32.6685
32.4649
33.5149
33.4924
33.4479
33.3815
33.2932
33.1815
33.043
32.8722
32.6686
32.465
33.5149
33.4925
33.4479
33.3816
33.2932
33.1816
33.043
32.8723
32.6686
32.465
29.5216
29.5088
29.4846
29.4522
29.4164
29.384
29.3651
29.3762
29.4492
29.6513
29.5216
29.5087
29.4845
29.4521
29.4163
29.3839
29.365
29.3761
29.4492
29.6513
29.5216
29.5087
29.4845
29.4521
29.4163
29.3839
29.365
29.3761
29.4491
29.6512
29.5215
29.5086
29.4844
29.4521
29.4163
29.3839
29.3649
29.376
29.4491
29.6512
29.5215
29.5086
29.4844
29.452
29.4162
29.3839
29.3649
29.376
29.4491
29.6512
29.5215
29.5086
29.4844
29.452
29.4162
29.3839
29.3649
29.376
29.4491
29.6512
29.5215
29.5086
29.4844
29.4521
29.4162
29.3839
29.3649
29.376
29.4491
29.6512
29.5215
29.5086
29.4845
29.4521
29.4163
29.3839
29.365
29.3761
29.4491
29.6512
29.5216
29.5087
29.4845
29.4521
29.4163
29.3839
29.365
29.3761
29.4491
29.6513
29.5216
29.5087
29.4845
29.4522
29.4164
29.384
29.3651
29.3762
29.4492
29.6513
25.8933
25.891
25.8893
25.8942
25.9153
25.9669
26.0697
26.2539
26.5645
27.0692
25.8932
25.8909
25.8893
25.8942
25.9153
25.9668
26.0696
26.2538
26.5644
27.0691
25.8932
25.8909
25.8892
25.8941
25.9152
25.9668
26.0696
26.2538
26.5644
27.0691
25.8932
25.8909
25.8892
25.8941
25.9152
25.9668
26.0695
26.2537
26.5644
27.069
25.8931
25.8908
25.8892
25.8941
25.9152
25.9668
26.0695
26.2537
26.5643
27.069
25.8931
25.8908
25.8892
25.8941
25.9152
25.9668
26.0695
26.2537
26.5643
27.069
25.8931
25.8909
25.8892
25.8941
25.9152
25.9668
26.0695
26.2537
26.5644
27.069
25.8932
25.8909
25.8892
25.8941
25.9152
25.9668
26.0696
26.2538
26.5644
27.0691
25.8932
25.8909
25.8892
25.8942
25.9153
25.9668
26.0696
26.2538
26.5644
27.0691
25.8932
25.891
25.8893
25.8942
25.9153
25.9669
26.0697
26.2539
26.5645
27.0692
22.6154
22.6235
22.6438
22.6848
22.7601
22.8901
23.1034
23.4392
23.948
24.6903
22.6153
22.6235
22.6438
22.6847
22.76
22.89
23.1033
23.4391
23.9479
24.6902
22.6153
22.6234
22.6437
22.6847
22.76
22.89
23.1033
23.4391
23.9478
24.6901
22.6153
22.6234
22.6437
22.6847
22.76
22.8899
23.1033
23.439
23.9478
24.6901
22.6153
22.6234
22.6437
22.6846
22.7599
22.8899
23.1033
23.439
23.9478
24.6901
22.6153
22.6234
22.6437
22.6846
22.7599
22.8899
23.1033
23.439
23.9478
24.6901
22.6153
22.6234
22.6437
22.6847
22.76
22.8899
23.1033
23.439
23.9478
24.6901
22.6153
22.6234
22.6437
22.6847
22.76
22.89
23.1033
23.4391
23.9478
24.6901
22.6153
22.6234
22.6438
22.6847
22.76
22.89
23.1033
23.4391
23.9479
24.6902
22.6154
22.6235
22.6438
22.6848
22.7601
22.8901
23.1034
23.4392
23.948
24.6903
19.67
19.6871
19.7265
19.7982
19.919
20.1139
20.418
20.8785
21.5532
22.502
19.6699
19.6871
19.7264
19.7981
19.919
20.1139
20.418
20.8784
21.5531
22.5019
19.6699
19.6871
19.7264
19.7981
19.9189
20.1138
20.4179
20.8783
21.553
22.5018
19.6698
19.687
19.7263
19.798
19.9189
20.1138
20.4179
20.8783
21.553
22.5018
19.6698
19.687
19.7263
19.798
19.9189
20.1138
20.4179
20.8783
21.553
22.5018
19.6698
19.687
19.7263
19.798
19.9189
20.1138
20.4179
20.8783
21.553
22.5018
19.6698
19.687
19.7263
19.798
19.9189
20.1138
20.4179
20.8783
21.553
22.5018
19.6699
19.6871
19.7264
19.7981
19.9189
20.1138
20.4179
20.8783
21.553
22.5018
19.6699
19.6871
19.7264
19.7981
19.919
20.1139
20.418
20.8784
21.5531
22.5019
19.6699
19.6871
19.7264
19.7982
19.919
20.1139
20.418
20.8785
21.5532
22.502
17.0369
17.0609
17.1143
17.2083
17.3613
17.601
17.9678
18.5184
19.3278
20.4785
17.0368
17.0609
17.1143
17.2082
17.3612
17.6009
17.9678
18.5184
19.3278
20.4784
17.0368
17.0608
17.1142
17.2082
17.3612
17.6009
17.9677
18.5183
19.3277
20.4783
17.0368
17.0608
17.1142
17.2082
17.3611
17.6009
17.9677
18.5183
19.3277
20.4783
17.0368
17.0608
17.1142
17.2082
17.3611
17.6009
17.9677
18.5183
19.3277
20.4783
17.0368
17.0608
17.1142
17.2082
17.3611
17.6009
17.9677
18.5183
19.3277
20.4783
17.0368
17.0608
17.1142
17.2082
17.3611
17.6009
17.9677
18.5183
19.3277
20.4783
17.0368
17.0608
17.1142
17.2082
17.3612
17.6009
17.9677
18.5183
19.3277
20.4784
17.0368
17.0608
17.1143
17.2082
17.3612
17.6009
17.9678
18.5184
19.3278
20.4784
17.0369
17.0609
17.1143
17.2083
17.3613
17.601
17.9678
18.5184
19.3278
20.4785
14.6955
14.7236
14.785
14.8908
15.059
15.3177
15.7089
16.2979
17.1881
18.5395
14.6955
14.7236
14.785
14.8907
15.059
15.3176
15.7089
16.2978
17.188
18.5394
14.6954
14.7235
14.7849
14.8907
15.059
15.3176
15.7088
16.2978
17.188
18.5394
14.6954
14.7235
14.7849
14.8907
15.0589
15.3176
15.7088
16.2977
17.188
18.5394
14.6954
14.7235
14.7849
14.8907
15.0589
15.3176
15.7088
16.2977
17.1879
18.5394
14.6954
14.7235
14.7849
14.8907
15.0589
15.3176
15.7088
16.2977
17.1879
18.5394
14.6954
14.7235
14.7849
14.8907
15.0589
15.3176
15.7088
16.2978
17.188
18.5394
14.6954
14.7235
14.7849
14.8907
15.059
15.3176
15.7088
16.2978
17.188
18.5394
14.6955
14.7236
14.785
14.8907
15.059
15.3176
15.7089
16.2978
17.188
18.5395
14.6955
14.7236
14.785
14.8908
15.0591
15.3177
15.7089
16.2979
17.1881
18.5395
12.6258
12.6551
12.7183
12.825
12.9908
13.2395
13.607
14.1525
14.9915
16.4192
12.6258
12.6551
12.7182
12.8249
12.9908
13.2394
13.607
14.1525
14.9915
16.4192
12.6257
12.655
12.7182
12.8249
12.9907
13.2394
13.6069
14.1524
14.9914
16.4191
12.6257
12.655
12.7182
12.8249
12.9907
13.2394
13.6069
14.1524
14.9914
16.4191
12.6257
12.655
12.7182
12.8249
12.9907
13.2394
13.6069
14.1524
14.9914
16.4191
12.6257
12.655
12.7182
12.8249
12.9907
13.2394
13.6069
14.1524
14.9914
16.4191
12.6257
12.655
12.7182
12.8249
12.9907
13.2394
13.6069
14.1524
14.9914
16.4191
12.6257
12.655
12.7182
12.8249
12.9907
13.2394
13.6069
14.1524
14.9914
16.4191
12.6258
12.655
12.7182
12.8249
12.9908
13.2395
13.607
14.1525
14.9915
16.4192
12.6258
12.6551
12.7183
12.825
12.9908
13.2395
13.607
14.1525
14.9915
16.4192
36.4293
35.6838
36.5666
38.8602
42.5538
47.772
54.7785
64.0413
76.4084
93.5795
36.4292
35.6837
36.5665
38.8601
42.5537
47.7719
54.7784
64.0411
76.4082
93.5794
36.4292
35.6837
36.5664
38.86
42.5536
47.7718
54.7783
64.041
76.4081
93.5793
36.4291
35.6836
36.5664
38.86
42.5535
47.7717
54.7783
64.041
76.4081
93.5792
36.4291
35.6836
36.5663
38.8599
42.5535
47.7717
54.7782
64.0409
76.408
93.5792
36.4291
35.6836
36.5663
38.8599
42.5535
47.7717
54.7782
64.0409
76.408
93.5792
36.4291
35.6836
36.5663
38.8599
42.5535
47.7717
54.7782
64.0409
76.408
93.5792
36.4292
35.6836
36.5664
38.86
42.5536
47.7718
54.7783
64.041
76.4081
93.5792
36.4292
35.6837
36.5664
38.86
42.5536
47.7718
54.7784
64.0411
76.4082
93.5793
36.4293
35.6837
36.5665
38.8601
42.5537
47.7719
54.7784
64.0411
76.4083
93.5794
34.6408
34.6287
35.7774
38.1281
41.7417
46.7392
53.3189
61.7717
72.4738
85.7328
34.6407
34.6286
35.7773
38.128
41.7416
46.7391
53.3188
61.7716
72.4736
85.7326
34.6407
34.6285
35.7772
38.1279
41.7415
46.739
53.3187
61.7715
72.4735
85.7325
34.6406
34.6285
35.7771
38.1279
41.7415
46.7389
53.3186
61.7714
72.4735
85.7325
34.6406
34.6285
35.7771
38.1278
41.7414
46.7389
53.3186
61.7714
72.4734
85.7324
34.6406
34.6285
35.7771
38.1278
41.7414
46.7389
53.3186
61.7714
72.4734
85.7324
34.6406
34.6285
35.7771
38.1279
41.7415
46.7389
53.3186
61.7714
72.4735
85.7325
34.6406
34.6285
35.7772
38.1279
41.7415
46.7389
53.3187
61.7714
72.4735
85.7325
34.6407
34.6286
35.7772
38.128
41.7416
46.739
53.3187
61.7715
72.4736
85.7326
34.6408
34.6286
35.7773
38.128
41.7417
46.7391
53.3188
61.7716
72.4737
85.7327
32.4198
32.9882
34.4077
36.8
40.2566
44.8774
50.7802
58.085
66.8492
76.8829
32.4198
32.9882
34.4076
36.7999
40.2565
44.8773
50.7801
58.0848
66.849
76.8828
32.4197
32.9881
34.4076
36.7998
40.2564
44.8772
50.78
58.0848
66.8489
76.8827
32.4197
32.988
34.4075
36.7997
40.2564
44.8772
50.7799
58.0847
66.8489
76.8826
32.4196
32.988
34.4075
36.7997
40.2563
44.8771
50.7799
58.0847
66.8488
76.8826
32.4196
32.988
34.4075
36.7997
40.2563
44.8771
50.7799
58.0846
66.8488
76.8826
32.4196
32.988
34.4075
36.7997
40.2564
44.8772
50.7799
58.0847
66.8488
76.8826
32.4197
32.9881
34.4076
36.7998
40.2564
44.8772
50.7799
58.0847
66.8489
76.8826
32.4197
32.9881
34.4076
36.7998
40.2565
44.8773
50.78
58.0848
66.849
76.8827
32.4198
32.9882
34.4077
36.7999
40.2566
44.8774
50.7801
58.0849
66.8491
76.8829
30.1188
31.0733
32.6858
35.0715
38.3144
42.4825
47.6281
53.7651
60.8158
68.5115
30.1188
31.0732
32.6857
35.0714
38.3142
42.4824
47.628
53.765
60.8156
68.5114
30.1187
31.0731
32.6856
35.0713
38.3142
42.4823
47.6279
53.7649
60.8156
68.5113
30.1187
31.0731
32.6856
35.0713
38.3141
42.4823
47.6278
53.7648
60.8155
68.5112
30.1186
31.0731
32.6856
35.0713
38.3141
42.4823
47.6278
53.7648
60.8155
68.5112
30.1186
31.0731
32.6855
35.0713
38.3141
42.4822
47.6278
53.7648
60.8155
68.5112
30.1187
31.0731
32.6856
35.0713
38.3141
42.4823
47.6278
53.7648
60.8155
68.5112
30.1187
31.0731
32.6856
35.0713
38.3142
42.4823
47.6279
53.7649
60.8155
68.5113
30.1187
31.0732
32.6857
35.0714
38.3142
42.4824
47.628
53.765
60.8156
68.5114
30.1188
31.0733
32.6858
35.0715
38.3143
42.4825
47.6281
53.7651
60.8158
68.5115
27.8655
29.0756
30.8078
33.1455
36.1482
39.8524
44.2656
49.3492
54.9886
60.9558
27.8655
29.0755
30.8077
33.1454
36.1481
39.8522
44.2655
49.3491
54.9885
60.9557
27.8654
29.0754
30.8077
33.1454
36.148
39.8522
44.2654
49.349
54.9884
60.9556
27.8654
29.0754
30.8076
33.1453
36.1479
39.8521
44.2653
49.349
54.9883
60.9555
27.8653
29.0754
30.8076
33.1453
36.1479
39.8521
44.2653
49.3489
54.9883
60.9555
27.8653
29.0754
30.8076
33.1453
36.1479
39.8521
44.2653
49.3489
54.9883
60.9555
27.8654
29.0754
30.8076
33.1453
36.1479
39.8521
44.2653
49.349
54.9883
60.9555
27.8654
29.0754
30.8077
33.1454
36.148
39.8521
44.2654
49.349
54.9884
60.9556
27.8655
29.0755
30.8077
33.1454
36.148
39.8522
44.2655
49.3491
54.9885
60.9557
27.8655
29.0756
30.8078
33.1455
36.1481
39.8523
44.2656
49.3492
54.9886
60.9558
25.7302
27.1268
28.9365
31.208
33.9746
37.2469
41.0042
45.1842
49.6724
54.2979
25.7301
27.1267
28.9364
31.2079
33.9745
37.2468
41.0041
45.184
49.6723
54.2978
25.73
27.1266
28.9364
31.2079
33.9745
37.2467
41.004
45.184
49.6722
54.2977
25.73
27.1266
28.9363
31.2078
33.9744
37.2467
41.0039
45.1839
49.6721
54.2976
25.73
27.1266
28.9363
31.2078
33.9744
37.2466
41.0039
45.1839
49.6721
54.2976
25.73
27.1265
28.9363
31.2078
33.9744
37.2466
41.0039
45.1839
49.6721
54.2976
25.73
27.1266
28.9363
31.2078
33.9744
37.2467
41.0039
45.1839
49.6721
54.2976
25.73
27.1266
28.9363
31.2079
33.9745
37.2467
41.004
45.184
49.6722
54.2977
25.7301
27.1267
28.9364
31.2079
33.9745
37.2468
41.0041
45.184
49.6723
54.2978
25.7302
27.1268
28.9365
31.208
33.9746
37.2469
41.0042
45.1842
49.6724
54.2979
23.7631
25.3292
27.2086
29.4215
31.9815
34.881
38.0807
41.5048
45.0429
48.5658
23.7631
25.3291
27.2085
29.4214
31.9814
34.8808
38.0806
41.5047
45.0427
48.5657
23.763
25.3291
27.2084
29.4213
31.9813
34.8808
38.0805
41.5046
45.0426
48.5656
23.763
25.329
27.2084
29.4213
31.9813
34.8807
38.0804
41.5046
45.0426
48.5655
23.763
25.329
27.2084
29.4212
31.9813
34.8807
38.0804
41.5046
45.0426
48.5655
23.763
25.329
27.2084
29.4212
31.9813
34.8807
38.0804
41.5046
45.0426
48.5655
23.763
25.329
27.2084
29.4213
31.9813
34.8807
38.0804
41.5046
45.0426
48.5655
23.763
25.3291
27.2084
29.4213
31.9813
34.8808
38.0805
41.5046
45.0427
48.5656
23.7631
25.3291
27.2085
29.4214
31.9814
34.8809
38.0806
41.5047
45.0427
48.5657
23.7631
25.3292
27.2086
29.4215
31.9815
34.881
38.0807
41.5048
45.0429
48.5658
22.0065
23.7742
25.7443
27.9258
30.3266
32.9298
35.6824
38.4925
41.2366
43.7918
22.0064
23.7741
25.7442
27.9257
30.3265
32.9297
35.6823
38.4924
41.2365
43.7916
22.0064
23.774
25.7441
27.9256
30.3265
32.9296
35.6822
38.4923
41.2364
43.7916
22.0064
23.774
25.7441
27.9256
30.3264
32.9296
35.6822
38.4923
41.2363
43.7915
22.0063
23.774
25.7441
27.9256
30.3264
32.9295
35.6822
38.4922
41.2363
43.7915
22.0063
23.774
25.7441
27.9256
30.3264
32.9295
35.6822
38.4922
41.2363
43.7915
22.0064
23.774
25.7441
27.9256
30.3264
32.9296
35.6822
38.4923
41.2363
43.7915
22.0064
23.7741
25.7441
27.9257
30.3265
32.9296
35.6822
38.4923
41.2364
43.7916
22.0064
23.7741
25.7442
27.9257
30.3266
32.9297
35.6823
38.4924
41.2365
43.7917
22.0065
23.7742
25.7443
27.9258
30.3267
32.9298
35.6824
38.4925
41.2366
43.7918
20.5133
22.5629
24.6575
26.8414
29.1394
31.5357
33.9663
36.3147
38.4117
40.0608
20.5132
22.5628
24.6574
26.8413
29.1393
31.5356
33.9662
36.3146
38.4116
40.0607
20.5132
22.5628
24.6574
26.8412
29.1392
31.5355
33.9661
36.3145
38.4115
40.0606
20.5131
22.5627
24.6573
26.8412
29.1392
31.5355
33.9661
36.3144
38.4115
40.0605
20.5131
22.5627
24.6573
26.8412
29.1391
31.5354
33.9661
36.3144
38.4114
40.0605
20.5131
22.5627
24.6573
26.8412
29.1391
31.5354
33.9661
36.3144
38.4115
40.0605
20.5131
22.5627
24.6573
26.8412
29.1392
31.5355
33.9661
36.3145
38.4115
40.0606
20.5132
22.5628
24.6574
26.8412
29.1392
31.5355
33.9662
36.3145
38.4115
40.0606
20.5132
22.5628
24.6575
26.8413
29.1393
31.5356
33.9662
36.3146
38.4116
40.0607
20.5133
22.5629
24.6575
26.8414
29.1394
31.5357
33.9663
36.3147
38.4117
40.0608
19.4333
21.8433
24.0635
26.2672
28.5177
30.8071
33.0643
35.1467
36.8139
37.6536
19.4332
21.8432
24.0634
26.2672
28.5176
30.807
33.0642
35.1466
36.8138
37.6535
19.4332
21.8432
24.0634
26.2671
28.5176
30.807
33.0641
35.1466
36.8137
37.6535
19.4332
21.8431
24.0633
26.2671
28.5175
30.8069
33.0641
35.1465
36.8137
37.6534
19.4331
21.8431
24.0633
26.267
28.5175
30.8069
33.0641
35.1465
36.8137
37.6534
19.4331
21.8431
24.0633
26.267
28.5175
30.8069
33.0641
35.1465
36.8137
37.6534
19.4332
21.8431
24.0634
26.2671
28.5176
30.807
33.0641
35.1465
36.8137
37.6534
19.4332
21.8432
24.0634
26.2671
28.5176
30.807
33.0641
35.1466
36.8137
37.6535
19.4332
21.8432
24.0635
26.2672
28.5177
30.8071
33.0642
35.1467
36.8138
37.6536
19.4333
21.8433
24.0635
26.2673
28.5178
30.8072
33.0643
35.1468
36.8139
37.6537
119.496
131.844
139.429
144.749
148.694
151.66
153.862
155.426
156.43
156.922
119.496
131.844
139.428
144.749
148.694
151.66
153.861
155.425
156.43
156.922
119.496
131.843
139.428
144.749
148.694
151.66
153.861
155.425
156.43
156.922
119.496
131.843
139.428
144.749
148.694
151.66
153.861
155.425
156.43
156.922
119.496
131.843
139.428
144.749
148.693
151.66
153.861
155.425
156.43
156.922
119.496
131.843
139.428
144.749
148.693
151.66
153.861
155.425
156.43
156.922
119.496
131.843
139.428
144.749
148.694
151.66
153.861
155.425
156.43
156.922
119.496
131.843
139.428
144.749
148.694
151.66
153.861
155.425
156.43
156.922
119.496
131.843
139.428
144.749
148.694
151.66
153.861
155.425
156.43
156.922
119.496
131.844
139.429
144.749
148.694
151.66
153.862
155.426
156.43
156.922
100.892
111.933
119.751
125.435
129.661
132.823
135.157
136.807
137.864
138.38
100.892
111.933
119.751
125.435
129.66
132.823
135.156
136.807
137.864
138.38
100.892
111.933
119.751
125.435
129.66
132.823
135.156
136.807
137.864
138.38
100.892
111.933
119.751
125.434
129.66
132.822
135.156
136.807
137.864
138.38
100.892
111.933
119.751
125.434
129.66
132.822
135.156
136.807
137.864
138.38
100.892
111.933
119.751
125.434
129.66
132.822
135.156
136.807
137.864
138.38
100.892
111.933
119.751
125.434
129.66
132.822
135.156
136.807
137.864
138.38
100.892
111.933
119.751
125.435
129.66
132.823
135.156
136.807
137.864
138.38
100.892
111.933
119.751
125.435
129.66
132.823
135.156
136.807
137.864
138.38
100.892
111.933
119.751
125.435
129.661
132.823
135.157
136.807
137.864
138.38
87.3299
96.1899
103.171
108.557
112.685
115.82
118.151
119.805
120.867
121.385
87.3298
96.1898
103.171
108.557
112.684
115.82
118.151
119.805
120.866
121.385
87.3297
96.1897
103.171
108.557
112.684
115.82
118.151
119.805
120.866
121.385
87.3296
96.1896
103.171
108.557
112.684
115.819
118.15
119.805
120.866
121.385
87.3296
96.1896
103.171
108.557
112.684
115.819
118.15
119.805
120.866
121.385
87.3295
96.1896
103.171
108.557
112.684
115.819
118.15
119.805
120.866
121.385
87.3296
96.1896
103.171
108.557
112.684
115.819
118.15
119.805
120.866
121.385
87.3296
96.1896
103.171
108.557
112.684
115.82
118.151
119.805
120.866
121.385
87.3297
96.1897
103.171
108.557
112.684
115.82
118.151
119.805
120.866
121.385
87.3299
96.1899
103.171
108.557
112.685
115.82
118.151
119.805
120.867
121.386
76.2732
83.2673
89.1499
93.9181
97.6967
100.63
102.841
104.424
105.444
105.945
76.2731
83.2671
89.1498
93.9179
97.6966
100.63
102.841
104.423
105.444
105.945
76.273
83.267
89.1497
93.9178
97.6965
100.63
102.841
104.423
105.444
105.945
76.2729
83.267
89.1496
93.9177
97.6964
100.63
102.84
104.423
105.444
105.945
76.2729
83.2669
89.1496
93.9177
97.6964
100.629
102.84
104.423
105.444
105.945
76.2729
83.2669
89.1496
93.9177
97.6964
100.629
102.84
104.423
105.444
105.945
76.2729
83.267
89.1496
93.9177
97.6964
100.63
102.84
104.423
105.444
105.945
76.273
83.267
89.1497
93.9178
97.6965
100.63
102.841
104.423
105.444
105.945
76.2731
83.2671
89.1498
93.9179
97.6966
100.63
102.841
104.424
105.444
105.945
76.2732
83.2673
89.1499
93.9181
97.6967
100.63
102.841
104.424
105.445
105.945
66.8931
72.3886
77.1964
81.24
84.5416
87.1624
89.17
90.6233
91.5673
92.032
66.8929
72.3884
77.1962
81.2399
84.5414
87.1622
89.1698
90.6231
91.5672
92.0319
66.8928
72.3883
77.1961
81.2398
84.5413
87.1621
89.1697
90.623
91.5671
92.0319
66.8928
72.3883
77.1961
81.2397
84.5413
87.1621
89.1697
90.623
91.5671
92.0318
66.8927
72.3882
77.196
81.2397
84.5412
87.162
89.1696
90.6229
91.567
92.0318
66.8927
72.3882
77.196
81.2397
84.5412
87.162
89.1696
90.6229
91.567
92.0318
66.8928
72.3883
77.1961
81.2397
84.5413
87.1621
89.1697
90.623
91.5671
92.0318
66.8928
72.3883
77.1961
81.2398
84.5414
87.1622
89.1697
90.6231
91.5672
92.0319
66.8929
72.3884
77.1962
81.2399
84.5415
87.1623
89.1699
90.6232
91.5673
92.032
66.8931
72.3886
77.1964
81.24
84.5416
87.1624
89.17
90.6233
91.5674
92.0322
58.8482
63.1139
66.9434
70.2581
73.0364
75.2902
77.0458
78.3325
79.1752
79.592
58.8481
63.1138
66.9433
70.258
73.0363
75.2901
77.0457
78.3323
79.1751
79.5919
58.848
63.1137
66.9432
70.2579
73.0362
75.29
77.0456
78.3322
79.175
79.5918
58.8479
63.1136
66.9431
70.2578
73.0361
75.2899
77.0455
78.3322
79.1749
79.5918
58.8479
63.1136
66.9431
70.2578
73.0361
75.2899
77.0455
78.3321
79.1749
79.5918
58.8479
63.1136
66.9431
70.2578
73.0361
75.2899
77.0455
78.3321
79.1749
79.5918
58.8479
63.1136
66.9431
70.2578
73.0361
75.2899
77.0456
78.3322
79.175
79.5918
58.848
63.1137
66.9432
70.2579
73.0362
75.29
77.0456
78.3323
79.1751
79.5919
58.8481
63.1138
66.9433
70.258
73.0363
75.2901
77.0457
78.3324
79.1752
79.592
58.8482
63.1139
66.9434
70.2581
73.0365
75.2902
77.0459
78.3325
79.1753
79.5922
51.9621
55.1702
58.1183
60.7418
62.9991
64.8713
66.3557
67.458
68.1865
68.5487
51.962
55.1701
58.1181
60.7417
62.999
64.8712
66.3556
67.4578
68.1864
68.5486
51.9619
55.17
58.118
60.7416
62.9989
64.8711
66.3555
67.4577
68.1863
68.5485
51.9618
55.1699
58.118
60.7415
62.9988
64.8711
66.3554
67.4577
68.1862
68.5485
51.9618
55.1699
58.1179
60.7415
62.9988
64.871
66.3554
67.4577
68.1862
68.5485
51.9618
55.1699
58.1179
60.7415
62.9988
64.871
66.3554
67.4577
68.1862
68.5485
51.9618
55.1699
58.118
60.7415
62.9988
64.8711
66.3555
67.4577
68.1863
68.5485
51.9619
55.17
58.1181
60.7416
62.9989
64.8712
66.3555
67.4578
68.1863
68.5486
51.962
55.1701
58.1182
60.7417
62.999
64.8713
66.3557
67.4579
68.1864
68.5487
51.9621
55.1702
58.1183
60.7418
62.9991
64.8714
66.3558
67.458
68.1866
68.5489
46.1154
48.3553
50.5019
52.49
54.2576
55.7619
56.9781
57.8943
58.5058
58.8116
46.1153
48.3552
50.5018
52.4899
54.2575
55.7617
56.978
57.8941
58.5057
58.8115
46.1152
48.3551
50.5017
52.4898
54.2574
55.7616
56.9779
57.8941
58.5056
58.8114
46.1151
48.355
50.5016
52.4897
54.2573
55.7616
56.9778
57.894
58.5055
58.8114
46.1151
48.355
50.5016
52.4897
54.2573
55.7616
56.9778
57.894
58.5055
58.8113
46.1151
48.355
50.5016
52.4897
54.2573
55.7616
56.9778
57.894
58.5055
58.8113
46.1151
48.355
50.5016
52.4897
54.2573
55.7616
56.9778
57.894
58.5056
58.8114
46.1152
48.3551
50.5017
52.4898
54.2574
55.7617
56.9779
57.8941
58.5056
58.8115
46.1153
48.3552
50.5018
52.4899
54.2575
55.7618
56.978
57.8942
58.5057
58.8116
46.1154
48.3553
50.5019
52.49
54.2576
55.7619
56.9782
57.8943
58.5059
58.8117
41.1785
42.4727
43.8952
45.3212
46.6524
47.8226
48.7905
49.5312
50.0308
50.2822
41.1784
42.4726
43.8951
45.3211
46.6523
47.8225
48.7903
49.531
50.0307
50.2821
41.1783
42.4725
43.895
45.321
46.6522
47.8224
48.7903
49.531
50.0306
50.282
41.1782
42.4725
43.895
45.321
46.6521
47.8224
48.7902
49.5309
50.0306
50.282
41.1782
42.4725
43.895
45.321
46.6521
47.8223
48.7902
49.5309
50.0306
50.282
41.1782
42.4725
43.895
45.321
46.6521
47.8223
48.7902
49.5309
50.0306
50.282
41.1782
42.4725
43.895
45.321
46.6521
47.8224
48.7902
49.5309
50.0306
50.282
41.1783
42.4726
43.8951
45.3211
46.6522
47.8224
48.7903
49.531
50.0307
50.2821
41.1784
42.4727
43.8951
45.3212
46.6523
47.8225
48.7904
49.5311
50.0308
50.2822
41.1785
42.4728
43.8953
45.3213
46.6524
47.8227
48.7905
49.5312
50.0309
50.2823
36.8639
37.2681
38.0994
39.0702
40.0393
40.9246
41.6753
42.2596
42.6582
42.8599
36.8638
37.268
38.0992
39.0701
40.0392
40.9245
41.6752
42.2595
42.6581
42.8599
36.8638
37.2679
38.0992
39.07
40.0391
40.9244
41.6751
42.2594
42.658
42.8598
36.8637
37.2678
38.0991
39.07
40.0391
40.9244
41.6751
42.2594
42.6579
42.8597
36.8637
37.2678
38.0991
39.0699
40.039
40.9243
41.6751
42.2594
42.6579
42.8597
36.8637
37.2678
38.0991
39.07
40.039
40.9244
41.6751
42.2594
42.6579
42.8597
36.8637
37.2679
38.0991
39.07
40.0391
40.9244
41.6751
42.2594
42.658
42.8598
36.8638
37.2679
38.0992
39.0701
40.0391
40.9245
41.6752
42.2595
42.658
42.8599
36.8639
37.268
38.0993
39.0701
40.0392
40.9246
41.6753
42.2596
42.6581
42.86
36.864
37.2681
38.0994
39.0703
40.0394
40.9247
41.6754
42.2597
42.6583
42.8601
405.636
405.654
405.689
405.736
405.788
405.84
405.888
405.928
405.956
405.97
405.636
405.654
405.689
405.736
405.788
405.84
405.888
405.928
405.956
405.97
405.636
405.654
405.689
405.736
405.788
405.84
405.888
405.928
405.956
405.97
405.636
405.654
405.689
405.736
405.788
405.84
405.888
405.928
405.956
405.97
405.636
405.654
405.689
405.736
405.788
405.84
405.888
405.928
405.956
405.97
405.636
405.654
405.689
405.736
405.788
405.84
405.888
405.928
405.956
405.97
405.636
405.654
405.689
405.736
405.788
405.84
405.888
405.928
405.956
405.97
405.636
405.654
405.689
405.736
405.788
405.84
405.888
405.928
405.956
405.97
405.636
405.654
405.689
405.736
405.788
405.84
405.888
405.928
405.956
405.97
405.636
405.654
405.689
405.736
405.788
405.84
405.888
405.928
405.956
405.97
376.957
377.016
377.125
377.27
377.432
377.596
377.744
377.865
377.951
377.995
376.957
377.016
377.125
377.27
377.432
377.596
377.744
377.865
377.951
377.995
376.957
377.016
377.125
377.27
377.432
377.595
377.744
377.865
377.951
377.995
376.957
377.016
377.125
377.27
377.432
377.595
377.744
377.865
377.951
377.995
376.957
377.016
377.125
377.27
377.432
377.595
377.744
377.865
377.951
377.995
376.957
377.016
377.125
377.27
377.432
377.595
377.744
377.865
377.951
377.995
376.957
377.016
377.125
377.27
377.432
377.595
377.744
377.865
377.951
377.995
376.957
377.016
377.125
377.27
377.432
377.595
377.744
377.865
377.951
377.995
376.957
377.016
377.125
377.27
377.432
377.596
377.744
377.865
377.951
377.995
376.957
377.016
377.125
377.27
377.432
377.596
377.744
377.865
377.951
377.995
348.424
348.532
348.731
348.992
349.283
349.573
349.835
350.047
350.197
350.274
348.424
348.532
348.73
348.992
349.283
349.573
349.835
350.047
350.197
350.274
348.424
348.532
348.73
348.992
349.283
349.573
349.835
350.047
350.197
350.274
348.424
348.532
348.73
348.992
349.283
349.573
349.835
350.047
350.197
350.274
348.424
348.532
348.73
348.992
349.283
349.573
349.835
350.047
350.197
350.274
348.424
348.532
348.73
348.992
349.283
349.573
349.835
350.047
350.197
350.274
348.424
348.532
348.73
348.992
349.283
349.573
349.835
350.047
350.197
350.274
348.424
348.532
348.73
348.992
349.283
349.573
349.835
350.047
350.197
350.274
348.424
348.532
348.73
348.992
349.283
349.573
349.835
350.047
350.197
350.274
348.424
348.532
348.73
348.992
349.283
349.573
349.835
350.047
350.197
350.274
320.118
320.292
320.61
321.022
321.475
321.92
322.317
322.637
322.86
322.974
320.118
320.292
320.61
321.022
321.475
321.92
322.317
322.637
322.86
322.974
320.118
320.292
320.61
321.022
321.475
321.92
322.317
322.637
322.86
322.974
320.118
320.292
320.61
321.022
321.475
321.92
322.316
322.636
322.86
322.974
320.118
320.292
320.61
321.022
321.475
321.92
322.316
322.636
322.86
322.974
320.118
320.292
320.61
321.022
321.475
321.92
322.316
322.636
322.86
322.974
320.118
320.292
320.61
321.022
321.475
321.92
322.316
322.636
322.86
322.974
320.118
320.292
320.61
321.022
321.475
321.92
322.317
322.636
322.86
322.974
320.118
320.292
320.61
321.022
321.475
321.92
322.317
322.637
322.86
322.974
320.118
320.292
320.61
321.022
321.475
321.92
322.317
322.637
322.86
322.974
292.097
292.368
292.855
293.474
294.14
294.781
295.345
295.793
296.104
296.262
292.097
292.368
292.855
293.474
294.14
294.781
295.345
295.793
296.104
296.262
292.097
292.368
292.855
293.474
294.14
294.781
295.345
295.793
296.104
296.262
292.097
292.368
292.855
293.474
294.14
294.781
295.345
295.793
296.104
296.262
292.097
292.368
292.855
293.474
294.14
294.781
295.345
295.793
296.104
296.262
292.097
292.368
292.855
293.474
294.14
294.781
295.345
295.793
296.104
296.262
292.097
292.368
292.855
293.474
294.14
294.781
295.345
295.793
296.104
296.262
292.097
292.368
292.855
293.474
294.14
294.781
295.345
295.793
296.104
296.262
292.097
292.368
292.855
293.474
294.14
294.781
295.345
295.793
296.104
296.262
292.097
292.368
292.855
293.474
294.14
294.781
295.345
295.793
296.104
296.262
264.376
264.801
265.543
266.456
267.41
268.304
269.074
269.677
270.09
270.299
264.376
264.801
265.543
266.456
267.41
268.304
269.074
269.677
270.09
270.299
264.376
264.801
265.543
266.456
267.409
268.304
269.074
269.677
270.09
270.299
264.376
264.801
265.543
266.456
267.409
268.304
269.074
269.677
270.09
270.299
264.376
264.801
265.543
266.456
267.409
268.304
269.074
269.677
270.09
270.299
264.376
264.801
265.543
266.456
267.409
268.304
269.074
269.677
270.09
270.299
264.376
264.801
265.543
266.456
267.409
268.304
269.074
269.677
270.09
270.299
264.376
264.801
265.543
266.456
267.409
268.304
269.074
269.677
270.09
270.299
264.376
264.801
265.543
266.456
267.409
268.304
269.074
269.677
270.09
270.299
264.376
264.801
265.543
266.456
267.41
268.304
269.074
269.677
270.09
270.299
236.901
237.59
238.736
240.079
241.422
242.64
243.661
244.446
244.976
245.243
236.901
237.59
238.736
240.079
241.422
242.64
243.661
244.446
244.976
245.243
236.901
237.59
238.736
240.078
241.421
242.639
243.66
244.446
244.976
245.243
236.901
237.59
238.736
240.078
241.421
242.639
243.66
244.446
244.976
245.243
236.901
237.59
238.736
240.078
241.421
242.639
243.66
244.446
244.976
245.243
236.901
237.59
238.736
240.078
241.421
242.639
243.66
244.446
244.976
245.243
236.901
237.59
238.736
240.078
241.421
242.639
243.66
244.446
244.976
245.243
236.901
237.59
238.736
240.078
241.421
242.639
243.66
244.446
244.976
245.243
236.901
237.59
238.736
240.079
241.422
242.64
243.661
244.446
244.976
245.243
236.901
237.59
238.736
240.079
241.422
242.64
243.661
244.446
244.976
245.243
209.495
210.682
212.495
214.469
216.332
217.951
219.266
220.256
220.916
221.245
209.495
210.682
212.495
214.469
216.332
217.951
219.266
220.256
220.915
221.245
209.495
210.682
212.495
214.468
216.332
217.951
219.266
220.256
220.915
221.244
209.495
210.682
212.495
214.468
216.332
217.951
219.266
220.256
220.915
221.244
209.495
210.682
212.495
214.468
216.332
217.951
219.266
220.256
220.915
221.244
209.495
210.682
212.495
214.468
216.332
217.951
219.266
220.256
220.915
221.244
209.495
210.682
212.495
214.468
216.332
217.951
219.266
220.256
220.915
221.244
209.495
210.682
212.495
214.468
216.332
217.951
219.266
220.256
220.915
221.245
209.495
210.682
212.495
214.469
216.332
217.951
219.266
220.256
220.916
221.245
209.495
210.682
212.495
214.469
216.332
217.951
219.266
220.256
220.916
221.245
181.728
183.977
186.929
189.81
192.335
194.42
196.057
197.262
198.053
198.445
181.728
183.977
186.929
189.81
192.335
194.42
196.057
197.262
198.053
198.445
181.728
183.977
186.928
189.81
192.335
194.42
196.057
197.262
198.053
198.444
181.728
183.977
186.928
189.81
192.335
194.42
196.057
197.262
198.053
198.444
181.728
183.977
186.928
189.81
192.334
194.42
196.057
197.262
198.053
198.444
181.728
183.977
186.928
189.81
192.334
194.42
196.057
197.262
198.053
198.444
181.728
183.977
186.928
189.81
192.335
194.42
196.057
197.262
198.053
198.444
181.728
183.977
186.928
189.81
192.335
194.42
196.057
197.262
198.053
198.445
181.728
183.977
186.929
189.81
192.335
194.42
196.057
197.262
198.053
198.445
181.728
183.977
186.929
189.81
192.335
194.42
196.057
197.262
198.053
198.445
152.589
157.454
162.322
166.406
169.684
172.252
174.203
175.609
176.521
176.969
152.589
157.453
162.322
166.406
169.684
172.252
174.203
175.609
176.521
176.969
152.589
157.453
162.322
166.406
169.684
172.252
174.203
175.609
176.521
176.969
152.589
157.453
162.322
166.406
169.684
172.252
174.203
175.609
176.521
176.969
152.589
157.453
162.322
166.406
169.684
172.251
174.203
175.609
176.521
176.969
152.589
157.453
162.322
166.406
169.684
172.251
174.203
175.609
176.521
176.969
152.589
157.453
162.322
166.406
169.684
172.252
174.203
175.609
176.521
176.969
152.589
157.453
162.322
166.406
169.684
172.252
174.203
175.609
176.521
176.969
152.589
157.453
162.322
166.406
169.684
172.252
174.203
175.609
176.521
176.969
152.589
157.454
162.322
166.406
169.684
172.252
174.203
175.609
176.521
176.969
10.809
10.837
10.8966
10.9952
11.1439
11.3583
11.6579
12.0633
12.5803
13.1222
10.809
10.837
10.8966
10.9952
11.1439
11.3583
11.6579
12.0632
12.5802
13.1221
10.8089
10.8369
10.8966
10.9951
11.1438
11.3582
11.6578
12.0632
12.5802
13.1221
10.8089
10.8369
10.8966
10.9951
11.1438
11.3582
11.6578
12.0632
12.5802
13.1221
10.8089
10.8369
10.8965
10.9951
11.1438
11.3582
11.6578
12.0631
12.5802
13.1221
10.8089
10.8369
10.8965
10.9951
11.1438
11.3582
11.6578
12.0632
12.5802
13.1221
10.8089
10.8369
10.8966
10.9951
11.1438
11.3582
11.6578
12.0632
12.5802
13.1221
10.8089
10.8369
10.8966
10.9951
11.1438
11.3582
11.6578
12.0632
12.5802
13.1221
10.8089
10.837
10.8966
10.9952
11.1439
11.3583
11.6579
12.0632
12.5803
13.1222
10.809
10.837
10.8966
10.9952
11.1439
11.3583
11.6579
12.0633
12.5803
13.1222
9.22788
9.25289
9.3054
9.39018
9.51393
9.6843
9.90728
10.1807
10.4783
10.7157
9.22784
9.25286
9.30537
9.39014
9.51389
9.68426
9.90724
10.1807
10.4782
10.7157
9.22782
9.25283
9.30534
9.39012
9.51386
9.68423
9.90721
10.1806
10.4782
10.7157
9.2278
9.25281
9.30532
9.3901
9.51385
9.68421
9.90719
10.1806
10.4782
10.7156
9.22779
9.2528
9.30532
9.39009
9.51384
9.68421
9.90719
10.1806
10.4782
10.7156
9.22779
9.2528
9.30532
9.39009
9.51384
9.68421
9.90719
10.1806
10.4782
10.7156
9.2278
9.25281
9.30532
9.3901
9.51385
9.68422
9.9072
10.1806
10.4782
10.7156
9.22782
9.25283
9.30534
9.39012
9.51387
9.68424
9.90722
10.1806
10.4782
10.7157
9.22784
9.25285
9.30537
9.39015
9.5139
9.68427
9.90726
10.1807
10.4783
10.7157
9.22787
9.25289
9.30541
9.39019
9.51394
9.68431
9.9073
10.1807
10.4783
10.7158
7.86683
7.88795
7.93168
8.00065
8.09802
8.22609
8.3837
8.56135
8.73346
8.85074
7.8668
7.88792
7.93165
8.00062
8.09798
8.22606
8.38367
8.56131
8.73342
8.85071
7.86677
7.88789
7.93163
8.0006
8.09796
8.22603
8.38364
8.56129
8.7334
8.85069
7.86676
7.88788
7.93161
8.00058
8.09794
8.22602
8.38363
8.56127
8.73338
8.85068
7.86675
7.88787
7.9316
8.00057
8.09794
8.22601
8.38362
8.56127
8.73338
8.85067
7.86675
7.88787
7.9316
8.00057
8.09794
8.22601
8.38362
8.56127
8.73338
8.85067
7.86676
7.88788
7.93161
8.00058
8.09795
8.22602
8.38363
8.56128
8.73339
8.85069
7.86677
7.88789
7.93163
8.0006
8.09797
8.22604
8.38365
8.5613
8.73342
8.85071
7.86679
7.88792
7.93165
8.00063
8.09799
8.22607
8.38368
8.56133
8.73345
8.85074
7.86682
7.88795
7.93169
8.00066
8.09803
8.22611
8.38372
8.56137
8.73349
8.85078
6.7115
6.72856
6.76342
6.81721
6.89079
6.98367
7.09206
7.20632
7.30833
7.37172
6.71147
6.72853
6.76339
6.81718
6.89076
6.98364
7.09203
7.20629
7.3083
7.37169
6.71145
6.72851
6.76337
6.81715
6.89074
6.98361
7.09201
7.20627
7.30828
7.37167
6.71143
6.72849
6.76336
6.81714
6.89072
6.9836
7.09199
7.20626
7.30826
7.37166
6.71143
6.72849
6.76335
6.81713
6.89072
6.98359
7.09199
7.20625
7.30826
7.37166
6.71143
6.72849
6.76335
6.81713
6.89072
6.9836
7.09199
7.20625
7.30826
7.37166
6.71143
6.7285
6.76336
6.81714
6.89073
6.98361
7.092
7.20627
7.30827
7.37167
6.71145
6.72851
6.76337
6.81716
6.89075
6.98362
7.09202
7.20629
7.30829
7.37169
6.71147
6.72853
6.7634
6.81718
6.89077
6.98365
7.09205
7.20631
7.30832
7.37172
6.71149
6.72856
6.76343
6.81722
6.89081
6.98369
7.09208
7.20635
7.30836
7.37176
5.74875
5.76207
5.78897
5.82964
5.88377
5.94968
6.0233
6.09701
6.15917
6.19572
5.74872
5.76204
5.78894
5.82962
5.88374
5.94965
6.02327
6.09698
6.15914
6.1957
5.7487
5.76202
5.78892
5.8296
5.88372
5.94963
6.02325
6.09697
6.15912
6.19569
5.74869
5.76201
5.78891
5.82958
5.8837
5.94961
6.02324
6.09695
6.15911
6.19568
5.74868
5.762
5.7889
5.82958
5.8837
5.94961
6.02323
6.09695
6.15911
6.19567
5.74868
5.762
5.7889
5.82958
5.8837
5.94961
6.02324
6.09695
6.15911
6.19568
5.74869
5.76201
5.78891
5.82959
5.88371
5.94962
6.02325
6.09696
6.15912
6.19569
5.7487
5.76203
5.78893
5.8296
5.88373
5.94964
6.02326
6.09698
6.15914
6.19571
5.74872
5.76205
5.78895
5.82962
5.88375
5.94966
6.02329
6.09701
6.15916
6.19573
5.74874
5.76207
5.78898
5.82966
5.88378
5.94969
6.02332
6.09704
6.1592
6.19577
4.96665
4.97682
4.99714
5.02733
5.06654
5.11287
5.16282
5.21089
5.24983
5.27197
4.96663
4.9768
4.99712
5.02731
5.06652
5.11285
5.16279
5.21087
5.24981
5.27195
4.96661
4.97678
4.9971
5.02729
5.0665
5.11283
5.16277
5.21085
5.24979
5.27193
4.9666
4.97677
4.99709
5.02728
5.06649
5.11282
5.16276
5.21084
5.24978
5.27192
4.96659
4.97676
4.99708
5.02727
5.06648
5.11281
5.16276
5.21083
5.24978
5.27192
4.96659
4.97676
4.99708
5.02727
5.06648
5.11281
5.16276
5.21084
5.24978
5.27192
4.9666
4.97677
4.99709
5.02728
5.06649
5.11282
5.16277
5.21085
5.24979
5.27193
4.96661
4.97678
4.9971
5.02729
5.06651
5.11284
5.16279
5.21086
5.24981
5.27195
4.96663
4.9768
4.99712
5.02732
5.06653
5.11286
5.16281
5.21089
5.24983
5.27198
4.96665
4.97683
4.99715
5.02734
5.06656
5.11289
5.16284
5.21092
5.24986
5.27201
4.35467
4.36238
4.37763
4.39995
4.42835
4.46106
4.49532
4.52732
4.55251
4.5665
4.35465
4.36235
4.37761
4.39993
4.42832
4.46103
4.4953
4.5273
4.55248
4.56649
4.35463
4.36234
4.37759
4.39991
4.4283
4.46102
4.49528
4.52728
4.55247
4.56647
4.35462
4.36233
4.37758
4.3999
4.42829
4.46101
4.49527
4.52728
4.55246
4.56647
4.35461
4.36232
4.37758
4.39989
4.42829
4.461
4.49527
4.52727
4.55246
4.56646
4.35462
4.36232
4.37758
4.3999
4.42829
4.461
4.49527
4.52727
4.55246
4.56647
4.35462
4.36233
4.37758
4.3999
4.4283
4.46101
4.49528
4.52728
4.55247
4.56648
4.35463
4.36234
4.3776
4.39992
4.42831
4.46103
4.4953
4.5273
4.55249
4.56649
4.35465
4.36236
4.37762
4.39994
4.42833
4.46105
4.49532
4.52732
4.55251
4.56651
4.35467
4.36238
4.37764
4.39996
4.42836
4.46108
4.49535
4.52735
4.55254
4.56654
3.90392
3.90984
3.92148
3.93828
3.9593
3.983
4.00727
4.02941
4.04647
4.0558
3.9039
3.90982
3.92146
3.93826
3.95927
3.98298
4.00725
4.02939
4.04645
4.05579
3.90388
3.90981
3.92144
3.93825
3.95926
3.98297
4.00724
4.02937
4.04643
4.05578
3.90387
3.9098
3.92143
3.93824
3.95925
3.98296
4.00723
4.02937
4.04643
4.05577
3.90387
3.90979
3.92143
3.93823
3.95925
3.98295
4.00722
4.02936
4.04642
4.05577
3.90387
3.90979
3.92143
3.93823
3.95925
3.98296
4.00723
4.02937
4.04643
4.05577
3.90387
3.9098
3.92144
3.93824
3.95925
3.98296
4.00723
4.02938
4.04644
4.05578
3.90389
3.90981
3.92145
3.93825
3.95927
3.98298
4.00725
4.02939
4.04645
4.05579
3.9039
3.90983
3.92147
3.93827
3.95929
3.983
4.00727
4.02941
4.04647
4.05582
3.90392
3.90985
3.92149
3.9383
3.95931
3.98302
4.00729
4.02944
4.0465
4.05584
3.60743
3.61221
3.62154
3.63488
3.65134
3.66961
3.68799
3.70447
3.71698
3.72376
3.60741
3.61219
3.62152
3.63486
3.65132
3.66959
3.68797
3.70446
3.71696
3.72374
3.6074
3.61218
3.62151
3.63485
3.6513
3.66958
3.68796
3.70444
3.71695
3.72373
3.60739
3.61217
3.6215
3.63484
3.6513
3.66957
3.68795
3.70443
3.71694
3.72373
3.60738
3.61216
3.6215
3.63484
3.65129
3.66957
3.68795
3.70443
3.71694
3.72372
3.60739
3.61216
3.6215
3.63484
3.65129
3.66957
3.68795
3.70444
3.71695
3.72373
3.60739
3.61217
3.6215
3.63484
3.6513
3.66958
3.68796
3.70444
3.71696
3.72374
3.6074
3.61218
3.62152
3.63486
3.65132
3.66959
3.68797
3.70446
3.71697
3.72375
3.60742
3.6122
3.62153
3.63488
3.65133
3.66961
3.68799
3.70448
3.71699
3.72377
3.60743
3.61222
3.62156
3.6349
3.65136
3.66963
3.68802
3.7045
3.71701
3.7238
3.46041
3.46464
3.47285
3.48453
3.49882
3.51454
3.5302
3.54411
3.55457
3.5602
3.4604
3.46462
3.47284
3.48451
3.49881
3.51453
3.53019
3.54409
3.55456
3.5602
3.46039
3.46461
3.47283
3.4845
3.49879
3.51452
3.53018
3.54408
3.55455
3.56019
3.46038
3.4646
3.47282
3.48449
3.49879
3.51451
3.53017
3.54408
3.55454
3.56018
3.46037
3.4646
3.47281
3.48449
3.49878
3.51451
3.53017
3.54407
3.55454
3.56018
3.46038
3.4646
3.47282
3.48449
3.49878
3.51451
3.53017
3.54408
3.55454
3.56018
3.46038
3.46461
3.47282
3.4845
3.49879
3.51452
3.53018
3.54408
3.55455
3.56019
3.46039
3.46462
3.47283
3.48451
3.4988
3.51453
3.53019
3.5441
3.55456
3.56021
3.46041
3.46463
3.47285
3.48453
3.49882
3.51455
3.53021
3.54412
3.55458
3.56023
3.46042
3.46465
3.47287
3.48455
3.49885
3.51457
3.53023
3.54414
3.55461
3.56025
32.1241
32.4058
32.9381
33.6012
34.2966
34.954
35.5247
35.9763
36.2877
36.4463
32.124
32.4057
32.938
33.6011
34.2965
34.9539
35.5246
35.9762
36.2876
36.4462
32.1239
32.4056
32.9379
33.601
34.2964
34.9538
35.5245
35.9761
36.2875
36.4462
32.1239
32.4056
32.9378
33.601
34.2964
34.9537
35.5245
35.9761
36.2875
36.4461
32.1238
32.4056
32.9378
33.6009
34.2964
34.9537
35.5245
35.9761
36.2875
36.4461
32.1238
32.4056
32.9378
33.6009
34.2964
34.9537
35.5245
35.9761
36.2875
36.4461
32.1239
32.4056
32.9378
33.601
34.2964
34.9538
35.5245
35.9761
36.2875
36.4462
32.1239
32.4057
32.9379
33.601
34.2965
34.9538
35.5246
35.9762
36.2876
36.4462
32.124
32.4057
32.938
33.6011
34.2966
34.9539
35.5247
35.9763
36.2877
36.4463
32.1241
32.4058
32.9381
33.6012
34.2967
34.954
35.5248
35.9764
36.2878
36.4464
27.8289
28.021
28.3771
28.8354
29.3325
29.8152
30.2429
30.5864
30.8256
30.9482
27.8288
28.0209
28.377
28.8353
29.3324
29.8151
30.2428
30.5863
30.8255
30.9481
27.8288
28.0208
28.3769
28.8353
29.3323
29.815
30.2428
30.5862
30.8254
30.948
27.8287
28.0207
28.3768
28.8352
29.3323
29.815
30.2427
30.5862
30.8254
30.948
27.8287
28.0207
28.3768
28.8352
29.3323
29.815
30.2427
30.5862
30.8254
30.948
27.8287
28.0207
28.3768
28.8352
29.3323
29.815
30.2427
30.5862
30.8254
30.948
27.8287
28.0208
28.3769
28.8352
29.3323
29.815
30.2428
30.5862
30.8254
30.948
27.8288
28.0208
28.3769
28.8353
29.3324
29.8151
30.2428
30.5863
30.8255
30.9481
27.8288
28.0209
28.377
28.8354
29.3325
29.8152
30.2429
30.5864
30.8256
30.9482
27.8289
28.021
28.3771
28.8355
29.3326
29.8153
30.243
30.5865
30.8257
30.9483
24.0251
24.1567
24.4008
24.7213
25.0769
25.4293
25.7468
26.005
26.1864
26.2798
24.025
24.1566
24.4007
24.7212
25.0768
25.4292
25.7467
26.0049
26.1863
26.2797
24.0249
24.1565
24.4006
24.7211
25.0767
25.4292
25.7467
26.0049
26.1862
26.2797
24.0249
24.1565
24.4006
24.7211
25.0767
25.4291
25.7466
26.0048
26.1862
26.2797
24.0248
24.1564
24.4006
24.7211
25.0767
25.4291
25.7466
26.0048
26.1862
26.2797
24.0248
24.1564
24.4006
24.7211
25.0767
25.4291
25.7466
26.0048
26.1862
26.2797
24.0249
24.1565
24.4006
24.7211
25.0767
25.4291
25.7467
26.0048
26.1862
26.2797
24.0249
24.1565
24.4007
24.7212
25.0768
25.4292
25.7467
26.0049
26.1863
26.2798
24.025
24.1566
24.4007
24.7212
25.0768
25.4293
25.7468
26.005
26.1864
26.2798
24.025
24.1567
24.4008
24.7213
25.0769
25.4294
25.7469
26.0051
26.1865
26.2799
20.7301
20.8214
20.9917
21.2181
21.4734
21.7303
21.9648
22.1574
22.2938
22.3643
20.73
20.8214
20.9916
21.218
21.4733
21.7302
21.9647
22.1573
22.2937
22.3643
20.73
20.8213
20.9915
21.218
21.4732
21.7301
21.9646
22.1573
22.2936
22.3642
20.7299
20.8213
20.9915
21.2179
21.4732
21.7301
21.9646
22.1572
22.2936
22.3642
20.7299
20.8212
20.9915
21.2179
21.4732
21.7301
21.9646
22.1572
22.2936
22.3642
20.7299
20.8212
20.9915
21.2179
21.4732
21.7301
21.9646
22.1572
22.2936
22.3642
20.7299
20.8213
20.9915
21.2179
21.4732
21.7301
21.9646
22.1573
22.2936
22.3642
20.73
20.8213
20.9915
21.218
21.4733
21.7302
21.9647
22.1573
22.2937
22.3643
20.73
20.8214
20.9916
21.2181
21.4733
21.7302
21.9647
22.1574
22.2938
22.3643
20.7301
20.8215
20.9917
21.2181
21.4734
21.7303
21.9648
22.1575
22.2939
22.3644
17.9436
18.0079
18.1284
18.2901
18.4745
18.6623
18.8354
18.9788
19.081
19.134
17.9435
18.0078
18.1283
18.29
18.4744
18.6622
18.8353
18.9788
19.0809
19.134
17.9435
18.0078
18.1282
18.29
18.4744
18.6621
18.8353
18.9787
19.0808
19.1339
17.9434
18.0077
18.1282
18.2899
18.4744
18.6621
18.8352
18.9787
19.0808
19.1339
17.9434
18.0077
18.1282
18.2899
18.4743
18.6621
18.8352
18.9787
19.0808
19.1339
17.9434
18.0077
18.1282
18.2899
18.4743
18.6621
18.8352
18.9787
19.0808
19.1339
17.9434
18.0077
18.1282
18.2899
18.4744
18.6621
18.8353
18.9787
19.0808
19.1339
17.9435
18.0078
18.1282
18.29
18.4744
18.6622
18.8353
18.9787
19.0809
19.134
17.9435
18.0078
18.1283
18.2901
18.4745
18.6622
18.8354
18.9788
19.081
19.134
17.9436
18.0079
18.1284
18.2901
18.4746
18.6623
18.8355
18.9789
19.0811
19.1341
15.655
15.7011
15.7878
15.905
16.0398
16.1782
16.3068
16.4141
16.4908
16.5309
15.6549
15.701
15.7877
15.9049
16.0397
16.1781
16.3067
16.414
16.4908
16.5308
15.6549
15.701
15.7876
15.9049
16.0396
16.178
16.3067
16.414
16.4907
16.5308
15.6549
15.7009
15.7876
15.9048
16.0396
16.178
16.3066
16.4139
16.4907
16.5307
15.6548
15.7009
15.7876
15.9048
16.0396
16.178
16.3066
16.4139
16.4907
16.5307
15.6548
15.7009
15.7876
15.9048
16.0396
16.178
16.3066
16.4139
16.4907
16.5307
15.6549
15.7009
15.7876
15.9048
16.0396
16.178
16.3067
16.414
16.4907
16.5308
15.6549
15.701
15.7877
15.9049
16.0397
16.1781
16.3067
16.414
16.4908
16.5308
15.6549
15.701
15.7877
15.9049
16.0397
16.1781
16.3068
16.4141
16.4909
16.5309
15.655
15.7011
15.7878
15.905
16.0398
16.1782
16.3069
16.4142
16.4909
16.531
13.8495
13.8833
13.9473
14.0342
14.1347
14.2386
14.3358
14.4173
14.4758
14.5064
13.8494
13.8833
13.9472
14.0341
14.1346
14.2386
14.3358
14.4172
14.4758
14.5064
13.8494
13.8832
13.9472
14.0341
14.1346
14.2385
14.3357
14.4172
14.4757
14.5064
13.8493
13.8832
13.9471
14.034
14.1346
14.2385
14.3357
14.4172
14.4757
14.5063
13.8493
13.8832
13.9471
14.034
14.1346
14.2385
14.3357
14.4172
14.4757
14.5063
13.8493
13.8832
13.9471
14.034
14.1346
14.2385
14.3357
14.4172
14.4757
14.5063
13.8493
13.8832
13.9471
14.034
14.1346
14.2385
14.3357
14.4172
14.4757
14.5064
13.8494
13.8832
13.9472
14.0341
14.1346
14.2385
14.3357
14.4172
14.4758
14.5064
13.8494
13.8833
13.9472
14.0341
14.1347
14.2386
14.3358
14.4173
14.4759
14.5065
13.8495
13.8834
13.9473
14.0342
14.1348
14.2387
14.3359
14.4174
14.4759
14.5065
12.5116
12.5375
12.5866
12.6535
12.7312
12.812
12.888
12.9519
12.9979
13.022
12.5115
12.5374
12.5865
12.6534
12.7312
12.812
12.8879
12.9518
12.9979
13.022
12.5115
12.5374
12.5864
12.6534
12.7311
12.8119
12.8878
12.9518
12.9978
13.022
12.5115
12.5374
12.5864
12.6533
12.7311
12.8119
12.8878
12.9517
12.9978
13.0219
12.5115
12.5374
12.5864
12.6533
12.7311
12.8119
12.8878
12.9517
12.9978
13.0219
12.5115
12.5374
12.5864
12.6533
12.7311
12.8119
12.8878
12.9517
12.9978
13.0219
12.5115
12.5374
12.5864
12.6533
12.7311
12.8119
12.8878
12.9518
12.9978
13.022
12.5115
12.5374
12.5865
12.6534
12.7312
12.812
12.8879
12.9518
12.9979
13.022
12.5116
12.5375
12.5865
12.6534
12.7312
12.812
12.8879
12.9519
12.9979
13.0221
12.5116
12.5375
12.5866
12.6535
12.7313
12.8121
12.888
12.9519
12.998
13.0221
11.628
11.6491
11.6891
11.7439
11.8078
11.8744
11.9372
11.9902
12.0285
12.0486
11.6279
11.649
11.6891
11.7439
11.8078
11.8744
11.9372
11.9902
12.0285
12.0486
11.6279
11.649
11.689
11.7438
11.8077
11.8743
11.9371
11.9901
12.0284
12.0485
11.6278
11.6489
11.689
11.7438
11.8077
11.8743
11.9371
11.9901
12.0284
12.0485
11.6278
11.6489
11.689
11.7438
11.8077
11.8743
11.9371
11.9901
12.0284
12.0485
11.6278
11.6489
11.689
11.7438
11.8077
11.8743
11.9371
11.9901
12.0284
12.0485
11.6278
11.6489
11.689
11.7438
11.8077
11.8743
11.9371
11.9901
12.0284
12.0485
11.6279
11.649
11.689
11.7438
11.8078
11.8744
11.9372
11.9902
12.0285
12.0486
11.6279
11.649
11.6891
11.7439
11.8078
11.8744
11.9372
11.9902
12.0285
12.0486
11.628
11.6491
11.6892
11.744
11.8079
11.8745
11.9373
11.9903
12.0286
12.0487
11.1887
11.2076
11.2434
11.2925
11.3498
11.4097
11.4662
11.514
11.5486
11.5668
11.1887
11.2075
11.2434
11.2924
11.3498
11.4096
11.4662
11.514
11.5486
11.5667
11.1886
11.2075
11.2433
11.2924
11.3497
11.4096
11.4661
11.5139
11.5485
11.5667
11.1886
11.2075
11.2433
11.2924
11.3497
11.4096
11.4661
11.5139
11.5485
11.5667
11.1886
11.2075
11.2433
11.2924
11.3497
11.4096
11.4661
11.5139
11.5485
11.5667
11.1886
11.2075
11.2433
11.2924
11.3497
11.4096
11.4661
11.5139
11.5485
11.5667
11.1886
11.2075
11.2433
11.2924
11.3497
11.4096
11.4661
11.514
11.5485
11.5667
11.1886
11.2075
11.2434
11.2924
11.3498
11.4096
11.4662
11.514
11.5486
11.5668
11.1887
11.2076
11.2434
11.2925
11.3498
11.4097
11.4662
11.5141
11.5486
11.5668
11.1887
11.2076
11.2435
11.2926
11.3499
11.4098
11.4663
11.5141
11.5487
11.5669
)
;

boundaryField
{
    inlet1
    {
        type            fixedValue;
        value           uniform 10;
    }
    inlet2
    {
        type            fixedValue;
        value           uniform 20;
    }
    outlet1
    {
        type            zeroGradient;
    }
    outlet2
    {
        type            zeroGradient;
    }
    fixedWalls
    {
        type            zeroGradient;
    }
}


// ************************************************************************* //
