/*--------------------------------*- C++ -*----------------------------------*\
  =========                 |
  \\      /  F ield         | OpenFOAM: The Open Source CFD Toolbox
   \\    /   O peration     | Website:  https://openfoam.org
    \\  /    A nd           | Version:  6
     \\/     M anipulation  |
\*---------------------------------------------------------------------------*/
FoamFile
{
    version     2.0;
    format      ascii;
    class       volScalarField;
    location    "0.08";
    object      T;
}
// * * * * * * * * * * * * * * * * * * * * * * * * * * * * * * * * * * * * * //

dimensions      [0 0 0 1 0 0 0];

internalField   nonuniform List<scalar> 
7000
(
98.935
98.9349
98.9348
98.9348
98.9347
98.9347
98.9348
98.9348
98.9348
98.9349
98.9349
98.9348
98.9347
98.9346
98.9346
98.9346
98.9346
98.9347
98.9347
98.9348
98.9348
98.9347
98.9346
98.9345
98.9345
98.9345
98.9345
98.9346
98.9346
98.9347
98.9348
98.9346
98.9345
98.9345
98.9345
98.9345
98.9345
98.9345
98.9346
98.9347
98.9347
98.9346
98.9345
98.9345
98.9345
98.9345
98.9345
98.9345
98.9346
98.9347
98.9347
98.9346
98.9345
98.9345
98.9345
98.9345
98.9345
98.9345
98.9346
98.9347
98.9348
98.9346
98.9345
98.9345
98.9345
98.9345
98.9345
98.9346
98.9346
98.9347
98.9348
98.9347
98.9346
98.9345
98.9345
98.9345
98.9346
98.9346
98.9347
98.9347
98.9348
98.9347
98.9346
98.9346
98.9346
98.9346
98.9346
98.9347
98.9347
98.9348
98.9349
98.9348
98.9347
98.9347
98.9347
98.9347
98.9347
98.9347
98.9348
98.9349
77.5095
77.5092
77.5089
77.5088
77.5087
77.5087
77.5088
77.5089
77.509
77.5092
77.5092
77.5088
77.5086
77.5085
77.5084
77.5084
77.5085
77.5086
77.5087
77.5089
77.5089
77.5086
77.5084
77.5083
77.5082
77.5082
77.5083
77.5084
77.5086
77.5088
77.5088
77.5085
77.5083
77.5081
77.5081
77.5081
77.5082
77.5083
77.5084
77.5087
77.5088
77.5084
77.5082
77.5081
77.508
77.508
77.5081
77.5082
77.5084
77.5086
77.5087
77.5084
77.5082
77.5081
77.508
77.508
77.5081
77.5082
77.5084
77.5086
77.5088
77.5085
77.5083
77.5082
77.5081
77.5081
77.5082
77.5083
77.5085
77.5087
77.5089
77.5086
77.5084
77.5083
77.5082
77.5082
77.5083
77.5084
77.5086
77.5089
77.509
77.5088
77.5086
77.5085
77.5084
77.5084
77.5085
77.5086
77.5088
77.509
77.5092
77.509
77.5088
77.5087
77.5086
77.5087
77.5087
77.5089
77.5091
77.5093
58.0624
58.0619
58.0616
58.0614
58.0613
58.0613
58.0614
58.0616
58.0618
58.062
58.0619
58.0615
58.0612
58.061
58.0609
58.0609
58.061
58.0611
58.0614
58.0617
58.0616
58.0612
58.0609
58.0607
58.0606
58.0606
58.0607
58.0609
58.0611
58.0615
58.0614
58.061
58.0607
58.0605
58.0604
58.0604
58.0605
58.0607
58.061
58.0613
58.0614
58.0609
58.0606
58.0604
58.0604
58.0604
58.0605
58.0606
58.0609
58.0613
58.0614
58.0609
58.0606
58.0605
58.0604
58.0604
58.0605
58.0607
58.0609
58.0613
58.0614
58.061
58.0607
58.0606
58.0605
58.0605
58.0606
58.0608
58.0611
58.0614
58.0616
58.0612
58.0609
58.0608
58.0607
58.0607
58.0608
58.061
58.0613
58.0616
58.0618
58.0614
58.0612
58.061
58.061
58.061
58.0611
58.0613
58.0616
58.0619
58.0621
58.0618
58.0615
58.0614
58.0613
58.0614
58.0615
58.0617
58.0619
58.0623
41.5065
41.506
41.5057
41.5055
41.5054
41.5054
41.5054
41.5056
41.5058
41.5061
41.506
41.5056
41.5052
41.505
41.5049
41.5049
41.505
41.5051
41.5054
41.5058
41.5057
41.5052
41.5049
41.5047
41.5046
41.5046
41.5047
41.5048
41.5051
41.5055
41.5055
41.505
41.5047
41.5045
41.5044
41.5044
41.5045
41.5047
41.505
41.5054
41.5054
41.5049
41.5046
41.5044
41.5043
41.5043
41.5044
41.5046
41.5049
41.5053
41.5054
41.5049
41.5046
41.5044
41.5043
41.5043
41.5044
41.5046
41.5049
41.5054
41.5055
41.5051
41.5047
41.5046
41.5045
41.5045
41.5046
41.5048
41.5051
41.5055
41.5057
41.5053
41.505
41.5048
41.5047
41.5047
41.5048
41.505
41.5053
41.5058
41.506
41.5056
41.5053
41.5051
41.5051
41.5051
41.5052
41.5054
41.5057
41.5061
41.5063
41.506
41.5057
41.5056
41.5055
41.5055
41.5056
41.5058
41.5062
41.5066
28.2768
28.2764
28.276
28.2758
28.2757
28.2757
28.2757
28.2758
28.2759
28.2761
28.2764
28.2759
28.2756
28.2754
28.2753
28.2752
28.2753
28.2753
28.2755
28.2758
28.276
28.2756
28.2753
28.2751
28.275
28.2749
28.275
28.2751
28.2753
28.2756
28.2759
28.2754
28.2751
28.2749
28.2748
28.2748
28.2748
28.2749
28.2751
28.2755
28.2758
28.2753
28.275
28.2748
28.2747
28.2747
28.2747
28.2748
28.275
28.2754
28.2758
28.2753
28.275
28.2748
28.2747
28.2747
28.2748
28.2749
28.2751
28.2755
28.2759
28.2755
28.2752
28.275
28.2749
28.2749
28.2749
28.275
28.2752
28.2756
28.2761
28.2757
28.2754
28.2752
28.2751
28.2751
28.2752
28.2753
28.2755
28.2759
28.2764
28.276
28.2757
28.2756
28.2755
28.2755
28.2755
28.2757
28.2759
28.2763
28.2767
28.2764
28.2762
28.2761
28.276
28.276
28.276
28.2762
28.2764
28.2768
18.3436
18.3432
18.3429
18.3428
18.3426
18.3425
18.3424
18.3422
18.342
18.342
18.3432
18.3428
18.3426
18.3424
18.3422
18.3421
18.342
18.3418
18.3417
18.3417
18.343
18.3426
18.3423
18.3421
18.342
18.3419
18.3417
18.3416
18.3414
18.3415
18.3428
18.3424
18.3421
18.342
18.3418
18.3417
18.3416
18.3414
18.3413
18.3414
18.3427
18.3424
18.3421
18.3419
18.3418
18.3417
18.3415
18.3414
18.3413
18.3414
18.3427
18.3424
18.3421
18.3419
18.3418
18.3417
18.3416
18.3414
18.3413
18.3414
18.3429
18.3425
18.3422
18.342
18.3419
18.3418
18.3417
18.3416
18.3415
18.3416
18.343
18.3427
18.3424
18.3423
18.3422
18.3421
18.342
18.3418
18.3417
18.3418
18.3433
18.343
18.3428
18.3426
18.3425
18.3424
18.3423
18.3422
18.342
18.3421
18.3437
18.3434
18.3432
18.3431
18.343
18.3429
18.3428
18.3426
18.3425
18.3426
11.3274
11.3271
11.3269
11.3267
11.3265
11.3262
11.3257
11.3248
11.3237
11.3229
11.3271
11.3268
11.3266
11.3264
11.3262
11.3259
11.3254
11.3245
11.3235
11.3227
11.3269
11.3266
11.3264
11.3262
11.326
11.3257
11.3252
11.3244
11.3233
11.3225
11.3268
11.3265
11.3262
11.3261
11.3259
11.3256
11.3251
11.3243
11.3232
11.3224
11.3267
11.3264
11.3262
11.326
11.3258
11.3255
11.325
11.3242
11.3232
11.3224
11.3267
11.3264
11.3262
11.326
11.3258
11.3256
11.3251
11.3243
11.3232
11.3225
11.3268
11.3265
11.3263
11.3261
11.326
11.3257
11.3252
11.3244
11.3233
11.3226
11.327
11.3267
11.3265
11.3263
11.3262
11.3259
11.3254
11.3246
11.3235
11.3228
11.3272
11.327
11.3268
11.3266
11.3264
11.3262
11.3257
11.3249
11.3238
11.3231
11.3275
11.3273
11.3271
11.327
11.3268
11.3266
11.3261
11.3253
11.3242
11.3235
6.65863
6.6584
6.65821
6.658
6.65768
6.65704
6.65575
6.65336
6.64979
6.64638
6.65842
6.65819
6.658
6.6578
6.65748
6.65684
6.65554
6.65317
6.64962
6.64625
6.65827
6.65805
6.65786
6.65765
6.65733
6.6567
6.65541
6.65304
6.6495
6.64615
6.65818
6.65796
6.65777
6.65757
6.65725
6.65662
6.65533
6.65296
6.64943
6.64609
6.65815
6.65793
6.65774
6.65754
6.65722
6.65659
6.65531
6.65294
6.64942
6.64607
6.65817
6.65795
6.65776
6.65756
6.65725
6.65662
6.65534
6.65298
6.64945
6.64611
6.65824
6.65802
6.65784
6.65765
6.65734
6.65671
6.65543
6.65307
6.64955
6.6462
6.65837
6.65816
6.65799
6.65779
6.65749
6.65686
6.65558
6.65322
6.6497
6.64636
6.65855
6.65836
6.6582
6.65801
6.65771
6.65709
6.65581
6.65345
6.64993
6.64659
6.65878
6.65863
6.65849
6.65831
6.65801
6.65739
6.65611
6.65375
6.65023
6.64689
3.7274
3.72724
3.72707
3.72682
3.72629
3.72507
3.72231
3.71663
3.70675
3.69497
3.72726
3.7271
3.72693
3.72668
3.72615
3.72493
3.72218
3.71651
3.70663
3.69489
3.72716
3.727
3.72684
3.72658
3.72606
3.72484
3.72209
3.71642
3.70656
3.69483
3.72711
3.72695
3.72678
3.72653
3.726
3.72479
3.72204
3.71637
3.70651
3.69479
3.72709
3.72693
3.72676
3.72651
3.72599
3.72477
3.72202
3.71636
3.7065
3.69478
3.7271
3.72694
3.72678
3.72653
3.72601
3.72479
3.72205
3.71639
3.70653
3.69481
3.72716
3.727
3.72684
3.72659
3.72607
3.72486
3.72211
3.71646
3.7066
3.69488
3.72725
3.7271
3.72694
3.7267
3.72618
3.72497
3.72223
3.71657
3.70671
3.69499
3.72738
3.72724
3.72709
3.72685
3.72634
3.72513
3.72239
3.71673
3.70687
3.69515
3.72755
3.72744
3.7273
3.72707
3.72655
3.72534
3.7226
3.71694
3.70709
3.69537
1.98819
1.98807
1.98791
1.9876
1.98682
1.98485
1.97993
1.96835
1.94371
1.90313
1.9881
1.98799
1.98783
1.98751
1.98674
1.98476
1.97984
1.96827
1.94365
1.90308
1.98804
1.98793
1.98777
1.98745
1.98668
1.9847
1.97979
1.96822
1.9436
1.90305
1.98801
1.98789
1.98773
1.98742
1.98665
1.98467
1.97976
1.96819
1.94357
1.90302
1.988
1.98788
1.98772
1.98741
1.98664
1.98466
1.97975
1.96819
1.94357
1.90302
1.98801
1.98789
1.98774
1.98742
1.98665
1.98468
1.97977
1.9682
1.94359
1.90304
1.98805
1.98793
1.98778
1.98746
1.98669
1.98472
1.97981
1.96825
1.94363
1.90308
1.98811
1.988
1.98785
1.98754
1.98677
1.9848
1.97989
1.96832
1.94371
1.90315
1.9882
1.98809
1.98795
1.98764
1.98687
1.9849
1.97999
1.96843
1.94381
1.90326
1.98831
1.98823
1.98809
1.98778
1.98702
1.98505
1.98014
1.96857
1.94395
1.9034
1.01131
1.01123
1.01108
1.01072
1.00978
1.00723
1.00039
0.982045
0.931786
0.785565
1.01126
1.01118
1.01103
1.01067
1.00973
1.00718
1.00034
0.982001
0.931749
0.78554
1.01123
1.01114
1.01099
1.01064
1.0097
1.00715
1.00031
0.981972
0.931724
0.785522
1.01121
1.01112
1.01097
1.01062
1.00968
1.00713
1.00029
0.981956
0.93171
0.785511
1.0112
1.01112
1.01097
1.01061
1.00967
1.00713
1.00029
0.981953
0.931709
0.785511
1.01121
1.01113
1.01098
1.01062
1.00968
1.00714
1.0003
0.981965
0.93172
0.785521
1.01123
1.01115
1.011
1.01065
1.00971
1.00717
1.00033
0.981992
0.931746
0.785543
1.01127
1.01119
1.01105
1.01069
1.00976
1.00721
1.00038
0.982037
0.931789
0.785579
1.01133
1.01125
1.01111
1.01076
1.00982
1.00728
1.00044
0.982103
0.931851
0.785632
1.0114
1.01134
1.0112
1.01085
1.00991
1.00737
1.00053
0.982191
0.931935
0.785705
0.491017
0.490956
0.490826
0.490495
0.489605
0.487227
0.481034
0.465412
0.427577
0.342161
0.490989
0.490928
0.490798
0.490468
0.489578
0.4872
0.481009
0.465388
0.427558
0.342147
0.49097
0.490909
0.490779
0.490449
0.489559
0.487182
0.480992
0.465373
0.427545
0.342138
0.490959
0.490898
0.490768
0.490438
0.489549
0.487173
0.480982
0.465365
0.427538
0.342133
0.490956
0.490895
0.490766
0.490436
0.489547
0.487171
0.480981
0.465364
0.427538
0.342133
0.490962
0.490901
0.490772
0.490442
0.489553
0.487178
0.480988
0.465371
0.427544
0.342138
0.490976
0.490915
0.490787
0.490458
0.489569
0.487194
0.481004
0.465386
0.427559
0.34215
0.490999
0.49094
0.490812
0.490484
0.489596
0.48722
0.481031
0.465412
0.427582
0.342169
0.491033
0.490976
0.49085
0.490522
0.489635
0.487259
0.481069
0.46545
0.427617
0.342198
0.491074
0.491024
0.490901
0.490574
0.489687
0.487312
0.481121
0.4655
0.427664
0.342237
0.227793
0.227751
0.227652
0.227394
0.226715
0.22497
0.220685
0.210755
0.189523
0.149547
0.227778
0.227736
0.227637
0.22738
0.226701
0.224956
0.220672
0.210744
0.189514
0.14954
0.227768
0.227726
0.227628
0.22737
0.226691
0.224947
0.220663
0.210736
0.189507
0.149535
0.227763
0.227721
0.227622
0.227365
0.226686
0.224942
0.220658
0.210732
0.189504
0.149533
0.227761
0.22772
0.227621
0.227364
0.226685
0.224942
0.220658
0.210732
0.189504
0.149533
0.227765
0.227723
0.227624
0.227368
0.226689
0.224946
0.220662
0.210735
0.189507
0.149536
0.227773
0.227731
0.227633
0.227376
0.226698
0.224954
0.220671
0.210744
0.189515
0.149542
0.227786
0.227745
0.227647
0.227391
0.226713
0.224969
0.220685
0.210758
0.189528
0.149552
0.227804
0.227765
0.227668
0.227412
0.226734
0.224991
0.220706
0.210778
0.189546
0.149567
0.227827
0.227791
0.227696
0.227441
0.226763
0.225019
0.220735
0.210805
0.189571
0.149588
0.101087
0.10106
0.100993
0.100822
0.100382
0.0993045
0.0968147
0.0914834
0.0811779
0.0640371
0.10108
0.101053
0.100986
0.100815
0.100375
0.0992979
0.0968084
0.0914778
0.0811732
0.0640337
0.101075
0.101048
0.100982
0.10081
0.100371
0.0992934
0.0968043
0.0914741
0.0811702
0.0640314
0.101072
0.101045
0.100979
0.100807
0.100368
0.0992911
0.0968021
0.0914722
0.0811686
0.0640303
0.101071
0.101045
0.100979
0.100807
0.100368
0.0992908
0.096802
0.0914722
0.0811687
0.0640305
0.101073
0.101047
0.100981
0.100809
0.10037
0.0992929
0.0968041
0.0914742
0.0811706
0.064032
0.101077
0.101051
0.100985
0.100814
0.100375
0.0992976
0.0968087
0.0914786
0.0811745
0.0640352
0.101084
0.101058
0.100992
0.100821
0.100382
0.0993053
0.0968162
0.0914858
0.081181
0.0640404
0.101094
0.101069
0.101003
0.100832
0.100393
0.0993164
0.0968271
0.0914961
0.0811902
0.064048
0.101106
0.101083
0.101018
0.100847
0.100408
0.0993313
0.0968417
0.09151
0.0812028
0.0640583
0.042959
0.0429435
0.0429037
0.0428025
0.0425526
0.0419675
0.0406895
0.0381315
0.0335624
0.026588
0.0429557
0.0429402
0.0429004
0.0427992
0.0425494
0.0419645
0.0406866
0.0381289
0.0335603
0.0265864
0.0429535
0.042938
0.0428982
0.042797
0.0425473
0.0419624
0.0406847
0.0381273
0.0335589
0.0265854
0.0429522
0.0429368
0.042897
0.0427959
0.0425462
0.0419613
0.0406837
0.0381264
0.0335583
0.0265849
0.0429521
0.0429366
0.0428969
0.0427958
0.0425461
0.0419613
0.0406837
0.0381265
0.0335583
0.026585
0.042953
0.0429375
0.0428979
0.0427968
0.0425471
0.0419624
0.0406848
0.0381275
0.0335593
0.0265858
0.0429551
0.0429397
0.0429001
0.0427991
0.0425495
0.0419647
0.0406871
0.0381296
0.0335612
0.0265873
0.0429585
0.0429433
0.0429038
0.0428029
0.0425533
0.0419685
0.0406908
0.0381331
0.0335643
0.0265899
0.0429634
0.0429484
0.0429091
0.0428083
0.0425588
0.0419739
0.0406961
0.0381381
0.0335688
0.0265935
0.0429694
0.0429554
0.0429164
0.0428157
0.0425661
0.0419813
0.0407032
0.0381449
0.0335748
0.0265985
0.0175036
0.0174953
0.0174737
0.01742
0.017292
0.0170049
0.0164079
0.0152786
0.0133822
0.0106582
0.0175021
0.0174938
0.0174722
0.0174186
0.0172906
0.0170035
0.0164066
0.0152775
0.0133813
0.0106575
0.0175011
0.0174928
0.0174712
0.0174176
0.0172897
0.0170026
0.0164058
0.0152767
0.0133806
0.0106571
0.0175006
0.0174923
0.0174707
0.0174171
0.0172892
0.0170021
0.0164054
0.0152764
0.0133804
0.0106569
0.0175005
0.0174922
0.0174707
0.0174171
0.0172892
0.0170022
0.0164054
0.0152764
0.0133804
0.010657
0.017501
0.0174927
0.0174712
0.0174176
0.0172897
0.0170027
0.0164059
0.0152769
0.0133809
0.0106573
0.017502
0.0174937
0.0174722
0.0174187
0.0172908
0.0170038
0.016407
0.0152779
0.0133818
0.0106581
0.0175036
0.0174954
0.017474
0.0174204
0.0172926
0.0170055
0.0164087
0.0152795
0.0133832
0.0106592
0.0175059
0.0174978
0.0174765
0.017423
0.0172952
0.0170081
0.0164112
0.0152818
0.0133853
0.0106609
0.0175088
0.0175011
0.0174799
0.0174264
0.0172986
0.0170115
0.0164145
0.015285
0.013388
0.0106632
0.00684569
0.00684156
0.00683084
0.00680479
0.0067447
0.00661492
0.0063565
0.00589009
0.00514403
0.00411894
0.00684506
0.00684094
0.00683022
0.00680419
0.0067441
0.00661435
0.00635598
0.00588962
0.00514365
0.00411865
0.00684464
0.00684052
0.00682981
0.00680378
0.00674371
0.00661397
0.00635563
0.00588932
0.0051434
0.00411846
0.00684442
0.00684031
0.0068296
0.00680358
0.00674351
0.00661379
0.00635546
0.00588917
0.00514328
0.00411838
0.00684441
0.0068403
0.0068296
0.00680358
0.00674352
0.0066138
0.00635548
0.0058892
0.00514331
0.00411841
0.00684462
0.00684051
0.00682982
0.00680381
0.00674375
0.00661404
0.00635572
0.00588942
0.00514351
0.00411858
0.00684508
0.00684098
0.0068303
0.0068043
0.00674425
0.00661453
0.00635619
0.00588987
0.00514391
0.0041189
0.00684581
0.00684174
0.00683108
0.00680509
0.00674505
0.00661532
0.00635696
0.00589058
0.00514454
0.00411942
0.00684683
0.00684282
0.0068322
0.00680623
0.00674619
0.00661645
0.00635805
0.00589161
0.00514545
0.00412017
0.00684812
0.00684429
0.00683373
0.00680778
0.00674773
0.00661797
0.00635952
0.00589297
0.00514667
0.00412118
0.00257292
0.00257102
0.00256609
0.00255439
0.00252818
0.0024735
0.00236862
0.00218662
0.00190671
0.00153495
0.00257267
0.00257077
0.00256584
0.00255414
0.00252794
0.00247328
0.00236841
0.00218644
0.00190655
0.00153483
0.0025725
0.0025706
0.00256568
0.00255398
0.00252779
0.00247313
0.00236827
0.00218632
0.00190645
0.00153476
0.00257241
0.00257052
0.00256559
0.0025539
0.00252771
0.00247305
0.00236821
0.00218626
0.00190641
0.00153473
0.00257241
0.00257052
0.0025656
0.0025539
0.00252772
0.00247306
0.00236822
0.00218628
0.00190642
0.00153474
0.00257251
0.00257061
0.00256569
0.002554
0.00252782
0.00247317
0.00236832
0.00218637
0.00190651
0.00153482
0.0025727
0.00257081
0.0025659
0.00255421
0.00252803
0.00247338
0.00236852
0.00218656
0.00190668
0.00153495
0.00257302
0.00257114
0.00256623
0.00255455
0.00252837
0.00247371
0.00236885
0.00218686
0.00190695
0.00153517
0.00257346
0.0025716
0.00256671
0.00255504
0.00252886
0.00247419
0.00236931
0.00218729
0.00190733
0.00153549
0.00257401
0.00257222
0.00256736
0.0025557
0.00252951
0.00247484
0.00236993
0.00218787
0.00190784
0.00153591
0.000930358
0.000929535
0.00092742
0.000922506
0.000911803
0.000890142
0.000849939
0.000782549
0.000682493
0.000554174
0.00093026
0.000929438
0.000927324
0.000922411
0.00091171
0.000890054
0.000849858
0.000782478
0.000682433
0.000554128
0.000930195
0.000929374
0.00092726
0.000922349
0.00091165
0.000889997
0.000849805
0.000782431
0.000682395
0.000554098
0.000930163
0.000929342
0.000927229
0.000922318
0.000911621
0.00088997
0.000849781
0.000782411
0.000682379
0.000554087
0.000930165
0.000929344
0.000927232
0.000922322
0.000911626
0.000889976
0.000849788
0.000782419
0.000682387
0.000554094
0.000930204
0.000929384
0.000927273
0.000922364
0.000911669
0.000890019
0.00084983
0.000782458
0.000682422
0.000554124
0.000930285
0.000929467
0.000927358
0.000922451
0.000911756
0.000890104
0.000849913
0.000782535
0.000682491
0.000554181
0.000930414
0.000929599
0.000927494
0.000922589
0.000911894
0.000890241
0.000850044
0.000782657
0.000682598
0.000554271
0.000930593
0.000929788
0.000927689
0.000922787
0.000912092
0.000890435
0.000850231
0.000782831
0.000682752
0.0005544
0.000930819
0.000930043
0.000927953
0.000923053
0.000912357
0.000890695
0.000850481
0.000783063
0.000682958
0.000554571
0.000324019
0.000323684
0.000322831
0.00032089
0.000316768
0.000308657
0.000294066
0.000270476
0.000237188
0.000199068
0.000323983
0.000323648
0.000322795
0.000320855
0.000316733
0.000308625
0.000294036
0.00027045
0.000237166
0.00019905
0.000323959
0.000323625
0.000322772
0.000320832
0.000316711
0.000308604
0.000294017
0.000270433
0.000237152
0.000199039
0.000323947
0.000323613
0.000322761
0.000320821
0.000316701
0.000308594
0.000294008
0.000270426
0.000237146
0.000199035
0.000323949
0.000323615
0.000322763
0.000320823
0.000316704
0.000308597
0.000294011
0.000270429
0.00023715
0.000199038
0.000323964
0.000323631
0.000322779
0.00032084
0.000316721
0.000308614
0.000294028
0.000270445
0.000237164
0.000199051
0.000323996
0.000323663
0.000322812
0.000320874
0.000316754
0.000308648
0.00029406
0.000270475
0.000237191
0.000199074
0.000324047
0.000323715
0.000322865
0.000320928
0.000316808
0.000308701
0.000294111
0.000270522
0.000237233
0.00019911
0.000324117
0.000323789
0.000322942
0.000321005
0.000316885
0.000308776
0.000294184
0.000270589
0.000237293
0.000199162
0.000324205
0.000323888
0.000323045
0.000321108
0.000316988
0.000308877
0.00029428
0.000270679
0.000237373
0.00019923
0.3112
0.124483
0.0502703
0.0226009
0.017268
0.0300761
0.073507
0.187512
0.473788
1.18766
0.311188
0.124477
0.0502675
0.022599
0.0172656
0.0300712
0.0734961
0.187488
0.473738
1.18756
0.31118
0.124474
0.0502658
0.0225979
0.017264
0.0300681
0.0734894
0.187474
0.473708
1.1875
0.311176
0.124472
0.050265
0.0225973
0.0172632
0.0300664
0.0734857
0.187466
0.473691
1.18746
0.311176
0.124472
0.0502651
0.0225973
0.017263
0.0300658
0.0734844
0.187463
0.473686
1.18745
0.311181
0.124475
0.0502663
0.0225979
0.0172633
0.0300662
0.0734851
0.187465
0.47369
1.18746
0.311192
0.12448
0.0502688
0.0225991
0.0172642
0.0300673
0.0734876
0.187471
0.473704
1.18749
0.311209
0.124488
0.0502726
0.022601
0.0172655
0.0300692
0.0734915
0.18748
0.473725
1.18754
0.311234
0.1245
0.050278
0.0226036
0.0172672
0.0300715
0.0734964
0.187491
0.473752
1.18761
0.311266
0.124514
0.0502846
0.0226068
0.0172692
0.0300738
0.073501
0.187502
0.473778
1.18767
0.181645
0.084483
0.0373006
0.0178548
0.0141585
0.0243556
0.0573787
0.138616
0.321232
0.693007
0.181638
0.084479
0.0372985
0.0178533
0.0141565
0.0243516
0.0573703
0.138598
0.321198
0.692946
0.181632
0.0844765
0.0372972
0.0178523
0.0141552
0.0243491
0.057365
0.138587
0.321176
0.692908
0.18163
0.0844752
0.0372966
0.0178519
0.0141545
0.0243477
0.057362
0.138581
0.321165
0.692886
0.18163
0.0844754
0.0372967
0.0178519
0.0141543
0.0243472
0.057361
0.138579
0.321161
0.69288
0.181633
0.0844773
0.0372977
0.0178523
0.0141546
0.0243475
0.0573616
0.138581
0.321164
0.692886
0.181641
0.0844812
0.0372996
0.0178534
0.0141553
0.0243485
0.0573637
0.138585
0.321174
0.692906
0.181652
0.0844873
0.0373027
0.017855
0.0141565
0.0243502
0.057367
0.138593
0.32119
0.692938
0.181669
0.0844962
0.0373072
0.0178573
0.0141581
0.0243523
0.0573714
0.138603
0.321212
0.692983
0.181692
0.0845082
0.0373131
0.0178603
0.0141602
0.024355
0.0573768
0.138615
0.321238
0.693038
0.0908075
0.0473392
0.0228554
0.0118102
0.00983358
0.0166104
0.0372644
0.0844381
0.179731
0.346304
0.0908032
0.0473368
0.0228541
0.0118092
0.00983218
0.0166077
0.0372589
0.0844273
0.179711
0.346272
0.0908004
0.0473353
0.0228532
0.0118085
0.00983127
0.0166059
0.0372553
0.0844203
0.179698
0.346251
0.090799
0.0473345
0.0228528
0.0118082
0.00983077
0.0166049
0.0372533
0.0844164
0.179691
0.34624
0.0907992
0.0473347
0.0228529
0.0118082
0.00983064
0.0166046
0.0372526
0.0844151
0.179689
0.346236
0.0908012
0.0473359
0.0228536
0.0118086
0.00983086
0.0166048
0.037253
0.0844161
0.179691
0.34624
0.0908054
0.0473384
0.0228549
0.0118093
0.00983141
0.0166056
0.0372545
0.0844192
0.179697
0.346251
0.0908122
0.0473423
0.022857
0.0118105
0.00983231
0.0166068
0.037257
0.0844244
0.179708
0.34627
0.090822
0.047348
0.0228601
0.0118122
0.00983357
0.0166085
0.0372604
0.0844316
0.179722
0.346297
0.0908355
0.0473558
0.0228643
0.0118145
0.00983522
0.0166107
0.0372647
0.0844408
0.179741
0.346333
0.0418052
0.0236274
0.0123033
0.00684182
0.00597536
0.00989536
0.0211334
0.0451236
0.0895316
0.159344
0.041803
0.0236261
0.0123025
0.00684119
0.00597448
0.00989373
0.0211302
0.0451177
0.0895215
0.159329
0.0418015
0.0236253
0.012302
0.00684078
0.00597391
0.00989266
0.0211281
0.0451137
0.0895147
0.159318
0.0418009
0.0236249
0.0123018
0.00684057
0.0059736
0.00989205
0.0211269
0.0451115
0.0895109
0.159312
0.041801
0.023625
0.0123018
0.00684058
0.00597352
0.00989185
0.0211265
0.0451108
0.0895097
0.15931
0.0418021
0.0236257
0.0123023
0.00684081
0.00597367
0.00989201
0.0211268
0.0451114
0.0895109
0.159312
0.0418044
0.0236271
0.0123031
0.00684128
0.00597404
0.00989251
0.0211277
0.0451133
0.0895145
0.159319
0.041808
0.0236294
0.0123044
0.00684204
0.00597465
0.00989335
0.0211293
0.0451165
0.0895205
0.159329
0.0418133
0.0236326
0.0123062
0.00684313
0.0059755
0.00989452
0.0211316
0.045121
0.0895291
0.159344
0.0418205
0.0236371
0.0123088
0.0068446
0.00597664
0.00989606
0.0211345
0.045127
0.0895406
0.159364
0.01814
0.0108665
0.00602014
0.00357461
0.00325674
0.00528992
0.010798
0.0218976
0.0410809
0.0690966
0.0181389
0.0108659
0.00601972
0.00357425
0.00325625
0.00528903
0.0107963
0.0218946
0.041076
0.0690894
0.0181382
0.0108655
0.00601946
0.00357402
0.00325593
0.00528844
0.0107952
0.0218926
0.0410727
0.0690845
0.0181379
0.0108653
0.00601934
0.00357391
0.00325575
0.0052881
0.0107945
0.0218914
0.0410708
0.0690817
0.018138
0.0108653
0.00601938
0.00357391
0.00325571
0.00528799
0.0107943
0.0218911
0.0410703
0.0690809
0.0181386
0.0108657
0.00601961
0.00357405
0.0032558
0.00528809
0.0107945
0.0218914
0.0410709
0.069082
0.0181397
0.0108665
0.00602006
0.00357432
0.00325603
0.00528839
0.0107951
0.0218925
0.0410728
0.0690851
0.0181416
0.0108676
0.00602077
0.00357476
0.00325639
0.0052889
0.010796
0.0218943
0.0410761
0.0690904
0.0181442
0.0108694
0.0060218
0.0035754
0.00325692
0.00528962
0.0107973
0.0218968
0.0410807
0.0690981
0.0181478
0.0108717
0.00602319
0.00357625
0.00325761
0.00529057
0.0107991
0.0219002
0.0410869
0.0691085
0.00749
0.00468527
0.00273104
0.00171681
0.00162134
0.00258646
0.00507212
0.00984569
0.0176655
0.0285076
0.00748952
0.00468497
0.00273083
0.00171663
0.00162109
0.00258601
0.00507131
0.00984429
0.0176633
0.0285044
0.00748921
0.00468477
0.0027307
0.00171651
0.00162092
0.00258571
0.00507076
0.00984334
0.0176618
0.0285022
0.00748908
0.00468469
0.00273065
0.00171646
0.00162083
0.00258554
0.00507044
0.00984279
0.0176609
0.028501
0.00748913
0.00468473
0.00273067
0.00171646
0.00162081
0.00258548
0.00507034
0.00984262
0.0176607
0.0285007
0.00748941
0.00468492
0.00273079
0.00171653
0.00162086
0.00258554
0.00507044
0.00984281
0.017661
0.0285012
0.00748996
0.00468529
0.00273102
0.00171668
0.00162098
0.00258571
0.00507074
0.00984336
0.017662
0.0285027
0.00749082
0.00468587
0.00273138
0.00171691
0.00162119
0.00258599
0.00507123
0.00984428
0.0176636
0.0285052
0.00749207
0.0046867
0.0027319
0.00171725
0.00162148
0.00258639
0.00507195
0.00984561
0.0176659
0.0285089
0.00749377
0.00468783
0.00273261
0.00171771
0.00162187
0.00258692
0.00507291
0.00984739
0.017669
0.028514
0.00295732
0.0019128
0.0011631
0.000768099
0.000747487
0.00117293
0.00222085
0.00415424
0.00719085
0.0112457
0.00295712
0.00191267
0.001163
0.000768011
0.000747365
0.00117272
0.00222048
0.00415362
0.00718989
0.0112443
0.00295699
0.00191258
0.00116294
0.000767955
0.000747285
0.00117258
0.00222023
0.0041532
0.00718924
0.0112434
0.00295693
0.00191255
0.00116292
0.000767928
0.000747241
0.0011725
0.00222008
0.00415296
0.00718886
0.0112429
0.00295696
0.00191257
0.00116293
0.000767931
0.000747232
0.00117248
0.00222004
0.00415288
0.00718876
0.0112427
0.00295709
0.00191266
0.00116299
0.000767967
0.000747259
0.00117251
0.00222009
0.00415298
0.00718892
0.011243
0.00295734
0.00191283
0.0011631
0.00076804
0.000747322
0.00117259
0.00222024
0.00415324
0.00718937
0.0112437
0.00295773
0.0019131
0.00116327
0.000768157
0.000747426
0.00117273
0.00222049
0.00415368
0.00719012
0.0112448
0.00295829
0.00191348
0.00116352
0.000768325
0.000747576
0.00117294
0.00222084
0.00415433
0.0071912
0.0112465
0.00295904
0.001914
0.00116386
0.00076855
0.000747775
0.00117321
0.00222132
0.00415519
0.00719268
0.0112488
0.00112153
0.000745669
0.000470196
0.000324216
0.00032359
0.000500143
0.000918058
0.00166327
0.00279415
0.00426036
0.00112144
0.000745612
0.000470155
0.000324177
0.000323535
0.00050005
0.000917897
0.00166301
0.00279376
0.00425982
0.00112139
0.000745576
0.000470129
0.000324151
0.000323498
0.000499987
0.000917788
0.00166283
0.00279349
0.00425945
0.00112137
0.000745562
0.000470118
0.000324139
0.000323478
0.000499952
0.000917726
0.00166273
0.00279333
0.00425924
0.00112138
0.000745572
0.000470124
0.000324141
0.000323475
0.000499942
0.000917708
0.0016627
0.00279329
0.00425919
0.00112144
0.000745612
0.00047015
0.000324158
0.000323488
0.000499957
0.000917733
0.00166274
0.00279337
0.00425931
0.00112155
0.000745687
0.0004702
0.000324192
0.000323519
0.000499998
0.000917802
0.00166286
0.00279357
0.00425961
0.00112171
0.000745804
0.000470278
0.000324247
0.000323569
0.000500066
0.000917918
0.00166306
0.0027939
0.00426011
0.00112195
0.000745973
0.00047039
0.000324325
0.000323641
0.000500165
0.000918086
0.00166336
0.00279438
0.00426084
0.00112228
0.000746199
0.000470541
0.00032443
0.000323736
0.000500296
0.00091831
0.00166375
0.00279504
0.00426183
0.000415823
0.000284953
0.000186235
0.000133775
0.000136571
0.000208023
0.000370839
0.000651888
0.00106376
0.00157759
0.000415789
0.000284929
0.000186217
0.000133757
0.000136547
0.000207982
0.00037077
0.000651778
0.0010636
0.00157738
0.000415768
0.000284914
0.000186206
0.000133746
0.000136531
0.000207955
0.000370724
0.000651704
0.00106349
0.00157723
0.00041576
0.000284909
0.000186201
0.000133741
0.000136522
0.000207939
0.000370698
0.000651663
0.00106343
0.00157715
0.000415766
0.000284914
0.000186204
0.000133742
0.000136521
0.000207935
0.000370691
0.000651652
0.00106342
0.00157713
0.00041579
0.000284931
0.000186216
0.00013375
0.000136527
0.000207943
0.000370703
0.000651673
0.00106345
0.00157718
0.000415835
0.000284964
0.000186238
0.000133766
0.000136542
0.000207962
0.000370734
0.000651727
0.00106354
0.00157731
0.000415905
0.000285014
0.000186273
0.000133791
0.000136565
0.000207994
0.000370788
0.000651817
0.00106368
0.00157752
0.000416005
0.000285086
0.000186322
0.000133826
0.000136599
0.00020804
0.000370864
0.000651947
0.00106389
0.00157783
0.000416138
0.000285182
0.000186388
0.000133874
0.000136643
0.000208101
0.000370966
0.000652121
0.00106417
0.00157825
0.000175309
0.000127926
8.7354e-05
6.53648e-05
6.81199e-05
0.000102333
0.000177395
0.0003023
0.000475413
0.00066395
0.000175295
0.000127916
8.73459e-05
6.53564e-05
6.81081e-05
0.000102314
0.000177363
0.00030225
0.000475343
0.000663862
0.000175285
0.000127909
8.73405e-05
6.53508e-05
6.80998e-05
0.0001023
0.000177341
0.000302215
0.000475292
0.000663797
0.000175282
0.000127907
8.73384e-05
6.53481e-05
6.80954e-05
0.000102292
0.000177328
0.000302195
0.000475264
0.000663761
0.000175285
0.000127909
8.73402e-05
6.53488e-05
6.8095e-05
0.00010229
0.000177325
0.00030219
0.000475258
0.000663754
0.000175297
0.000127918
8.73464e-05
6.53531e-05
6.80985e-05
0.000102295
0.000177331
0.000302202
0.000475276
0.00066378
0.000175318
0.000127935
8.7358e-05
6.53617e-05
6.81066e-05
0.000102305
0.000177349
0.00030223
0.000475319
0.000663841
0.000175352
0.00012796
8.7376e-05
6.53752e-05
6.81195e-05
0.000102323
0.000177377
0.000302277
0.000475392
0.000663942
0.000175398
0.000127996
8.74013e-05
6.53941e-05
6.81378e-05
0.000102348
0.000177418
0.000302344
0.000475497
0.000664087
0.000175459
0.000128042
8.7434e-05
6.54185e-05
6.81612e-05
0.00010238
0.00017747
0.000302431
0.000475633
0.000664279
2.99911
3.55749
3.74944
3.81955
3.84572
3.85551
3.85917
3.86059
3.86122
3.86155
2.9989
3.55725
3.74919
3.81929
3.84546
3.85525
3.85891
3.86034
3.86099
3.86137
2.99878
3.55711
3.74904
3.81914
3.84531
3.8551
3.85877
3.8602
3.86086
3.86126
2.99871
3.55703
3.74896
3.81906
3.84523
3.85502
3.85869
3.86013
3.8608
3.8612
2.99869
3.557
3.74894
3.81903
3.84521
3.85501
3.85868
3.86012
3.86079
3.86119
2.99871
3.55703
3.74897
3.81907
3.84525
3.85504
3.85872
3.86016
3.86084
3.86124
2.99878
3.55711
3.74906
3.81916
3.84535
3.85515
3.85882
3.86027
3.86094
3.86135
2.99889
3.55725
3.74921
3.81932
3.84551
3.85531
3.85899
3.86044
3.86111
3.86152
2.99904
3.55744
3.74942
3.81955
3.84574
3.85555
3.85923
3.86067
3.86135
3.86176
2.99921
3.55766
3.74967
3.81981
3.84601
3.85582
3.8595
3.86095
3.86162
3.86203
1.30605
1.63225
1.77675
1.83643
1.86011
1.86923
1.87266
1.87396
1.8745
1.87477
1.30596
1.63214
1.77663
1.83631
1.85999
1.8691
1.87254
1.87385
1.87439
1.87468
1.30589
1.63207
1.77655
1.83623
1.8599
1.86902
1.87246
1.87377
1.87432
1.87462
1.30586
1.63202
1.7765
1.83618
1.85986
1.86897
1.87242
1.87373
1.87428
1.87459
1.30585
1.63201
1.77649
1.83617
1.85985
1.86896
1.87241
1.87372
1.87428
1.87459
1.30586
1.63203
1.77651
1.83619
1.85987
1.86899
1.87243
1.87375
1.87431
1.87461
1.3059
1.63207
1.77656
1.83624
1.85993
1.86905
1.87249
1.87381
1.87437
1.87468
1.30595
1.63215
1.77665
1.83633
1.86002
1.86914
1.87259
1.87391
1.87447
1.87478
1.30603
1.63225
1.77677
1.83646
1.86015
1.86928
1.87272
1.87404
1.8746
1.87491
1.30614
1.63239
1.77693
1.83663
1.86033
1.86945
1.8729
1.87422
1.87478
1.87509
0.570753
0.723449
0.804545
0.842477
0.85886
0.865542
0.868158
0.869165
0.869569
0.869755
0.570709
0.723396
0.804487
0.842418
0.858799
0.865481
0.868098
0.869107
0.869516
0.869717
0.570678
0.723359
0.804447
0.842376
0.858757
0.86544
0.868057
0.869068
0.86948
0.869686
0.570661
0.723338
0.804424
0.842352
0.858733
0.865416
0.868035
0.869047
0.869461
0.869669
0.570656
0.723332
0.804418
0.842346
0.858728
0.865411
0.868031
0.869044
0.869459
0.869668
0.570662
0.723341
0.804428
0.842358
0.85874
0.865425
0.868044
0.869058
0.869474
0.869684
0.57068
0.723364
0.804455
0.842387
0.858771
0.865457
0.868077
0.869092
0.869508
0.869718
0.570711
0.723404
0.804501
0.842437
0.858823
0.865509
0.868131
0.869146
0.869563
0.869772
0.570754
0.723461
0.804567
0.842508
0.858897
0.865585
0.868207
0.869223
0.86964
0.86985
0.570814
0.72354
0.804658
0.842606
0.858998
0.865688
0.86831
0.869326
0.869744
0.869954
0.244358
0.309848
0.349215
0.369583
0.379101
0.383227
0.384917
0.385587
0.385857
0.385975
0.244337
0.309823
0.349188
0.369555
0.379073
0.383198
0.384889
0.38556
0.385832
0.385958
0.244323
0.309806
0.349169
0.369535
0.379052
0.383178
0.384869
0.385541
0.385815
0.385943
0.244315
0.309796
0.349158
0.369524
0.379041
0.383167
0.384858
0.385531
0.385806
0.385935
0.244312
0.309793
0.349155
0.369521
0.379038
0.383165
0.384857
0.38553
0.385805
0.385935
0.244316
0.309797
0.349161
0.369527
0.379045
0.383171
0.384864
0.385537
0.385813
0.385943
0.244325
0.309809
0.349175
0.369543
0.379061
0.383188
0.384881
0.385555
0.385831
0.385961
0.24434
0.30983
0.349198
0.369568
0.379088
0.383216
0.384909
0.385583
0.385859
0.385989
0.244363
0.309859
0.349233
0.369606
0.379127
0.383256
0.384949
0.385624
0.3859
0.38603
0.244394
0.3099
0.34928
0.369657
0.37918
0.38331
0.385004
0.385679
0.385955
0.386086
0.101434
0.128092
0.145549
0.155323
0.160209
0.162449
0.163409
0.163803
0.163964
0.164033
0.101425
0.128081
0.145537
0.15531
0.160196
0.162436
0.163396
0.163791
0.163953
0.164025
0.101419
0.128073
0.145528
0.155301
0.160187
0.162427
0.163387
0.163782
0.163945
0.164018
0.101415
0.128069
0.145523
0.155296
0.160182
0.162421
0.163382
0.163778
0.163941
0.164015
0.101414
0.128068
0.145522
0.155295
0.16018
0.162421
0.163382
0.163777
0.163941
0.164015
0.101415
0.12807
0.145525
0.155298
0.160184
0.162424
0.163385
0.163781
0.163945
0.164019
0.10142
0.128076
0.145532
0.155306
0.160192
0.162432
0.163394
0.16379
0.163953
0.164028
0.101428
0.128085
0.145543
0.155318
0.160205
0.162446
0.163408
0.163804
0.163967
0.164042
0.101439
0.1281
0.14556
0.155337
0.160224
0.162466
0.163428
0.163824
0.163988
0.164062
0.101454
0.12812
0.145584
0.155362
0.160251
0.162493
0.163456
0.163852
0.164016
0.16409
0.040651
0.0510676
0.058315
0.0626307
0.0649131
0.0660125
0.0665044
0.066713
0.0667999
0.0668366
0.0406469
0.0510628
0.0583097
0.0626251
0.0649074
0.0660068
0.0664987
0.0667075
0.0667949
0.0668332
0.0406441
0.0510594
0.058306
0.0626212
0.0649033
0.0660028
0.0664948
0.0667038
0.0667916
0.0668304
0.0406424
0.0510575
0.0583039
0.062619
0.0649011
0.0660006
0.0664927
0.0667019
0.0667898
0.0668289
0.040642
0.051057
0.0583034
0.0626185
0.0649007
0.0660003
0.0664924
0.0667018
0.0667899
0.066829
0.0406428
0.0510581
0.0583047
0.06262
0.0649023
0.066002
0.0664942
0.0667036
0.0667918
0.066831
0.040645
0.0510608
0.0583079
0.0626235
0.0649061
0.0660059
0.0664982
0.0667077
0.0667959
0.0668351
0.0406486
0.0510654
0.0583133
0.0626294
0.0649123
0.0660123
0.0665048
0.0667143
0.0668026
0.0668418
0.0406538
0.0510722
0.0583212
0.0626381
0.0649214
0.0660217
0.0665143
0.0667239
0.0668123
0.0668515
0.0406611
0.0510814
0.058332
0.06265
0.0649339
0.0660345
0.0665273
0.066737
0.0668254
0.0668647
0.0157049
0.0196275
0.0224795
0.0242622
0.0252504
0.0257473
0.0259783
0.0260795
0.0261226
0.0261407
0.0157032
0.0196255
0.0224773
0.0242599
0.025248
0.0257449
0.0259759
0.0260772
0.0261205
0.0261393
0.015702
0.0196241
0.0224757
0.0242583
0.0252463
0.0257432
0.0259743
0.0260757
0.0261191
0.0261382
0.0157014
0.0196233
0.0224748
0.0242574
0.0252454
0.0257423
0.0259734
0.0260749
0.0261184
0.0261376
0.0157012
0.0196231
0.0224747
0.0242572
0.0252453
0.0257422
0.0259734
0.0260749
0.0261185
0.0261377
0.0157016
0.0196236
0.0224753
0.0242579
0.025246
0.025743
0.0259742
0.0260757
0.0261193
0.0261386
0.0157025
0.0196248
0.0224767
0.0242595
0.0252477
0.0257448
0.025976
0.0260776
0.0261212
0.0261404
0.0157042
0.0196268
0.0224791
0.0242621
0.0252505
0.0257477
0.0259789
0.0260805
0.0261242
0.0261434
0.0157065
0.0196298
0.0224826
0.024266
0.0252546
0.0257519
0.0259832
0.0260848
0.0261285
0.0261478
0.0157098
0.0196339
0.0224874
0.0242712
0.0252601
0.0257576
0.025989
0.0260907
0.0261344
0.0261537
0.00585044
0.00727405
0.00834452
0.00904031
0.00944145
0.00965086
0.00975159
0.00979707
0.00981686
0.00982523
0.00584975
0.00727325
0.00834363
0.00903937
0.00944049
0.00964989
0.00975063
0.00979615
0.00981603
0.00982468
0.00584928
0.00727269
0.00834302
0.00903872
0.00943983
0.00964923
0.00974998
0.00979554
0.00981548
0.00982422
0.00584901
0.00727238
0.00834268
0.00903837
0.00943947
0.00964887
0.00974964
0.00979522
0.00981521
0.00982399
0.00584896
0.00727232
0.00834262
0.00903832
0.00943943
0.00964885
0.00974964
0.00979524
0.00981524
0.00982404
0.00584912
0.00727254
0.00834288
0.00903862
0.00943975
0.00964919
0.00974999
0.00979561
0.00981563
0.00982443
0.00584954
0.00727306
0.00834349
0.00903929
0.00944048
0.00964995
0.00975077
0.0097964
0.00981643
0.00982524
0.00585022
0.00727393
0.00834451
0.00904041
0.00944167
0.00965118
0.00975203
0.00979767
0.00981771
0.00982653
0.00585123
0.0072752
0.00834599
0.00904205
0.0094434
0.00965297
0.00975385
0.00979952
0.00981957
0.00982839
0.00585261
0.00727694
0.00834802
0.00904429
0.00944576
0.00965541
0.00975633
0.00980202
0.00982208
0.00983092
0.00211128
0.00260322
0.00298604
0.00324376
0.00339755
0.00348053
0.00352169
0.00354079
0.00354929
0.0035529
0.00211102
0.00260291
0.0029857
0.0032434
0.00339718
0.00348016
0.00352132
0.00354044
0.00354897
0.00355269
0.00211084
0.0026027
0.00298547
0.00324315
0.00339693
0.0034799
0.00352107
0.0035402
0.00354876
0.00355252
0.00211073
0.00260258
0.00298534
0.00324302
0.00339679
0.00347977
0.00352094
0.00354009
0.00354866
0.00355243
0.00211072
0.00260256
0.00298533
0.003243
0.00339679
0.00347977
0.00352095
0.0035401
0.00354868
0.00355246
0.00211079
0.00260266
0.00298544
0.00324313
0.00339692
0.00347991
0.0035211
0.00354025
0.00354884
0.00355263
0.00211096
0.00260287
0.00298568
0.0032434
0.00339722
0.00348022
0.00352141
0.00354058
0.00354917
0.00355296
0.00211124
0.00260322
0.0029861
0.00324386
0.0033977
0.00348072
0.00352193
0.0035411
0.00354969
0.00355348
0.00211166
0.00260374
0.0029867
0.00324453
0.00339841
0.00348145
0.00352267
0.00354185
0.00355045
0.00355425
0.00211222
0.00260444
0.00298752
0.00324543
0.00339937
0.00348244
0.00352368
0.00354287
0.00355147
0.00355528
0.000757954
0.000904503
0.00103197
0.00112221
0.00117805
0.00120912
0.00122498
0.00123253
0.00123596
0.00123743
0.000757854
0.000904389
0.00103184
0.00112208
0.00117791
0.00120899
0.00122485
0.0012324
0.00123584
0.00123736
0.000757784
0.00090431
0.00103175
0.00112199
0.00117782
0.00120889
0.00122475
0.00123232
0.00123577
0.0012373
0.000757746
0.000904268
0.00103171
0.00112194
0.00117777
0.00120885
0.00122471
0.00123228
0.00123573
0.00123727
0.000757741
0.000904263
0.0010317
0.00112194
0.00117777
0.00120885
0.00122471
0.00123228
0.00123574
0.00123728
0.000757771
0.0009043
0.00103175
0.00112199
0.00117782
0.0012089
0.00122477
0.00123235
0.00123581
0.00123734
0.00075784
0.000904384
0.00103185
0.0011221
0.00117794
0.00120903
0.0012249
0.00123247
0.00123594
0.00123747
0.000757955
0.000904523
0.00103201
0.00112227
0.00117813
0.00120922
0.0012251
0.00123268
0.00123614
0.00123768
0.000758123
0.000904725
0.00103224
0.00112253
0.0011784
0.00120951
0.00122539
0.00123297
0.00123644
0.00123798
0.00075835
0.000905
0.00103256
0.00112288
0.00117877
0.00120989
0.00122578
0.00123337
0.00123684
0.00123838
377.752
377.751
377.751
377.751
377.751
377.751
377.751
377.751
377.751
377.751
377.751
377.751
377.751
377.75
377.75
377.75
377.75
377.751
377.751
377.751
377.751
377.751
377.75
377.75
377.75
377.75
377.75
377.75
377.75
377.751
377.751
377.75
377.75
377.75
377.75
377.75
377.75
377.75
377.75
377.751
377.751
377.75
377.75
377.75
377.75
377.75
377.75
377.75
377.75
377.751
377.751
377.75
377.75
377.75
377.75
377.75
377.75
377.75
377.75
377.751
377.751
377.75
377.75
377.75
377.75
377.75
377.75
377.75
377.75
377.751
377.751
377.751
377.75
377.75
377.75
377.75
377.75
377.75
377.751
377.751
377.751
377.751
377.75
377.75
377.75
377.75
377.75
377.751
377.751
377.751
377.751
377.751
377.751
377.751
377.751
377.751
377.751
377.751
377.751
377.751
295.945
295.944
295.943
295.943
295.942
295.942
295.943
295.943
295.944
295.944
295.944
295.943
295.942
295.941
295.941
295.941
295.941
295.942
295.943
295.943
295.943
295.942
295.941
295.941
295.94
295.94
295.941
295.941
295.942
295.943
295.943
295.941
295.941
295.94
295.94
295.94
295.94
295.941
295.941
295.942
295.942
295.941
295.94
295.94
295.94
295.94
295.94
295.941
295.941
295.942
295.942
295.941
295.94
295.94
295.94
295.94
295.94
295.941
295.941
295.942
295.943
295.941
295.941
295.94
295.94
295.94
295.94
295.941
295.942
295.942
295.943
295.942
295.941
295.941
295.941
295.941
295.941
295.941
295.942
295.943
295.944
295.942
295.942
295.941
295.941
295.941
295.942
295.942
295.943
295.944
295.944
295.943
295.943
295.942
295.942
295.942
295.942
295.943
295.944
295.945
221.692
221.691
221.69
221.689
221.689
221.689
221.689
221.69
221.691
221.692
221.691
221.689
221.688
221.687
221.687
221.687
221.688
221.688
221.689
221.69
221.69
221.688
221.687
221.686
221.686
221.686
221.686
221.687
221.688
221.69
221.689
221.687
221.686
221.686
221.685
221.685
221.686
221.687
221.688
221.689
221.689
221.687
221.686
221.685
221.685
221.685
221.686
221.686
221.687
221.689
221.689
221.687
221.686
221.685
221.685
221.685
221.686
221.686
221.687
221.689
221.689
221.687
221.686
221.686
221.685
221.686
221.686
221.687
221.688
221.689
221.689
221.688
221.687
221.686
221.686
221.686
221.687
221.688
221.689
221.69
221.69
221.689
221.688
221.687
221.687
221.687
221.688
221.689
221.69
221.691
221.691
221.69
221.689
221.689
221.689
221.689
221.689
221.69
221.691
221.693
158.479
158.477
158.476
158.475
158.475
158.475
158.476
158.476
158.477
158.479
158.477
158.475
158.474
158.473
158.473
158.473
158.474
158.475
158.476
158.477
158.475
158.474
158.473
158.472
158.472
158.472
158.473
158.473
158.475
158.476
158.475
158.473
158.472
158.471
158.471
158.471
158.472
158.473
158.474
158.476
158.474
158.473
158.472
158.471
158.471
158.471
158.472
158.473
158.474
158.476
158.474
158.473
158.472
158.471
158.471
158.471
158.472
158.473
158.474
158.476
158.475
158.473
158.472
158.472
158.472
158.472
158.472
158.473
158.475
158.476
158.476
158.474
158.473
158.473
158.472
158.473
158.473
158.474
158.476
158.477
158.477
158.475
158.474
158.474
158.474
158.474
158.475
158.476
158.477
158.479
158.478
158.477
158.476
158.476
158.476
158.476
158.476
158.477
158.479
158.481
107.964
107.962
107.962
107.962
107.962
107.962
107.962
107.963
107.964
107.966
107.962
107.961
107.96
107.96
107.96
107.96
107.961
107.962
107.963
107.965
107.961
107.96
107.959
107.959
107.959
107.959
107.96
107.961
107.962
107.964
107.96
107.959
107.958
107.958
107.958
107.958
107.959
107.96
107.961
107.963
107.96
107.958
107.958
107.958
107.958
107.958
107.959
107.96
107.961
107.963
107.96
107.959
107.958
107.958
107.958
107.958
107.959
107.96
107.961
107.963
107.96
107.959
107.958
107.958
107.958
107.959
107.959
107.96
107.962
107.964
107.961
107.96
107.959
107.959
107.959
107.96
107.96
107.961
107.963
107.965
107.962
107.961
107.961
107.961
107.961
107.961
107.962
107.963
107.964
107.966
107.963
107.963
107.962
107.962
107.963
107.963
107.964
107.965
107.966
107.968
70.0327
70.0326
70.0334
70.0342
70.0349
70.0355
70.0362
70.037
70.0381
70.0394
70.0313
70.0312
70.032
70.0328
70.0335
70.0341
70.0348
70.0357
70.0369
70.0385
70.0303
70.0302
70.031
70.0318
70.0325
70.0331
70.0338
70.0348
70.036
70.0377
70.0296
70.0296
70.0304
70.0312
70.0319
70.0325
70.0333
70.0342
70.0356
70.0373
70.0294
70.0293
70.0301
70.031
70.0317
70.0323
70.0331
70.0341
70.0354
70.0372
70.0294
70.0294
70.0302
70.0311
70.0318
70.0325
70.0332
70.0342
70.0356
70.0374
70.0298
70.0298
70.0307
70.0316
70.0323
70.033
70.0337
70.0348
70.0361
70.0379
70.0306
70.0306
70.0315
70.0324
70.0332
70.0339
70.0346
70.0357
70.037
70.0388
70.0316
70.0318
70.0327
70.0337
70.0345
70.0352
70.036
70.037
70.0384
70.0402
70.0329
70.0333
70.0344
70.0354
70.0362
70.0369
70.0377
70.0388
70.0401
70.0419
43.2323
43.2355
43.2398
43.2432
43.2453
43.2466
43.2475
43.2484
43.2493
43.2505
43.2311
43.2344
43.2387
43.2421
43.2442
43.2455
43.2464
43.2473
43.2484
43.2498
43.2304
43.2336
43.2379
43.2413
43.2434
43.2447
43.2457
43.2466
43.2478
43.2492
43.2299
43.2331
43.2375
43.2409
43.243
43.2443
43.2453
43.2462
43.2474
43.2489
43.2297
43.2329
43.2373
43.2407
43.2428
43.2441
43.2451
43.2461
43.2473
43.2488
43.2298
43.233
43.2374
43.2408
43.2429
43.2443
43.2453
43.2462
43.2474
43.249
43.2301
43.2334
43.2378
43.2412
43.2434
43.2447
43.2457
43.2467
43.2479
43.2494
43.2307
43.234
43.2385
43.2419
43.2441
43.2455
43.2465
43.2475
43.2487
43.2502
43.2316
43.235
43.2395
43.243
43.2452
43.2466
43.2476
43.2486
43.2498
43.2513
43.2327
43.2364
43.2409
43.2445
43.2467
43.248
43.2491
43.2501
43.2513
43.2528
25.3765
25.3896
25.4033
25.4126
25.4177
25.4203
25.4217
25.4226
25.4235
25.4244
25.3757
25.3888
25.4025
25.4118
25.4169
25.4195
25.4209
25.4219
25.4228
25.4239
25.3751
25.3882
25.402
25.4113
25.4164
25.419
25.4204
25.4214
25.4223
25.4235
25.3748
25.3879
25.4017
25.4109
25.4161
25.4187
25.4201
25.4211
25.4221
25.4233
25.3747
25.3878
25.4015
25.4108
25.4159
25.4186
25.42
25.421
25.422
25.4232
25.3747
25.3879
25.4016
25.4109
25.416
25.4187
25.4201
25.4211
25.4222
25.4234
25.375
25.3881
25.4019
25.4112
25.4164
25.419
25.4205
25.4215
25.4225
25.4237
25.3755
25.3887
25.4025
25.4118
25.417
25.4196
25.421
25.4221
25.4231
25.4243
25.3762
25.3894
25.4033
25.4126
25.4178
25.4205
25.4219
25.423
25.424
25.4252
25.3771
25.3905
25.4044
25.4138
25.4189
25.4216
25.4231
25.4241
25.4252
25.4264
14.1075
14.1525
14.1904
14.2122
14.2229
14.2276
14.2298
14.2309
14.2317
14.2324
14.107
14.152
14.1899
14.2117
14.2223
14.2271
14.2293
14.2304
14.2312
14.2321
14.1066
14.1517
14.1895
14.2113
14.222
14.2268
14.2289
14.2301
14.2309
14.2318
14.1064
14.1514
14.1893
14.2111
14.2218
14.2266
14.2287
14.2299
14.2308
14.2317
14.1063
14.1514
14.1892
14.2111
14.2217
14.2265
14.2287
14.2298
14.2307
14.2316
14.1064
14.1514
14.1893
14.2111
14.2218
14.2266
14.2288
14.2299
14.2308
14.2317
14.1066
14.1516
14.1895
14.2114
14.222
14.2268
14.229
14.2302
14.2311
14.232
14.1069
14.152
14.1899
14.2118
14.2224
14.2273
14.2295
14.2306
14.2315
14.2324
14.1074
14.1526
14.1905
14.2124
14.2231
14.2279
14.2301
14.2312
14.2321
14.2331
14.108
14.1533
14.1913
14.2132
14.2239
14.2287
14.2309
14.2321
14.233
14.2339
7.26592
7.42099
7.51515
7.55944
7.57832
7.58595
7.589
7.59032
7.59103
7.5916
7.26563
7.4207
7.51485
7.55914
7.57801
7.58565
7.58871
7.59003
7.59078
7.59142
7.26541
7.42047
7.51463
7.55892
7.57779
7.58543
7.5885
7.58983
7.59059
7.59127
7.26528
7.42034
7.5145
7.55879
7.57766
7.58531
7.58837
7.58972
7.59049
7.59118
7.26524
7.4203
7.51445
7.55875
7.57762
7.58527
7.58835
7.58969
7.59048
7.59116
7.26528
7.42034
7.5145
7.5588
7.57768
7.58534
7.58841
7.58976
7.59055
7.59124
7.26541
7.42048
7.51465
7.55896
7.57784
7.5855
7.58858
7.58993
7.59072
7.59141
7.26564
7.42072
7.51491
7.55922
7.57812
7.58578
7.58886
7.59022
7.59101
7.5917
7.26596
7.42108
7.51529
7.55962
7.57852
7.58619
7.58927
7.59063
7.59142
7.59211
7.26638
7.42159
7.51584
7.56018
7.57909
7.58676
7.58984
7.5912
7.592
7.59269
0.000108807
0.000108679
0.000108353
0.000107628
0.000106124
0.000103244
9.82225e-05
9.04303e-05
8.01692e-05
7.03802e-05
0.000108794
0.000108666
0.000108341
0.000107616
0.000106112
0.000103233
9.82119e-05
9.04208e-05
8.01613e-05
7.03746e-05
0.000108786
0.000108657
0.000108332
0.000107607
0.000106104
0.000103225
9.82051e-05
9.04149e-05
8.01563e-05
7.03707e-05
0.000108782
0.000108653
0.000108329
0.000107604
0.000106101
0.000103222
9.82022e-05
9.04125e-05
8.01544e-05
7.03692e-05
0.000108783
0.000108654
0.00010833
0.000107605
0.000106102
0.000103223
9.82036e-05
9.04139e-05
8.01559e-05
7.03706e-05
0.000108789
0.00010866
0.000108336
0.000107611
0.000106108
0.00010323
9.82099e-05
9.04198e-05
8.01613e-05
7.03755e-05
0.000108801
0.000108673
0.000108348
0.000107624
0.000106121
0.000103242
9.8222e-05
9.04311e-05
8.01715e-05
7.03847e-05
0.00010882
0.000108692
0.000108368
0.000107644
0.000106141
0.000103262
9.82409e-05
9.04487e-05
8.01874e-05
7.0399e-05
0.000108846
0.00010872
0.000108397
0.000107673
0.00010617
0.00010329
9.82679e-05
9.04738e-05
8.02099e-05
7.04191e-05
0.000108879
0.000108757
0.000108435
0.000107712
0.000106208
0.000103328
9.83038e-05
9.05071e-05
8.02398e-05
7.04456e-05
3.5267e-05
3.522e-05
3.51024e-05
3.48451e-05
3.43235e-05
3.33503e-05
3.17059e-05
2.92589e-05
2.62414e-05
2.36973e-05
3.52625e-05
3.52156e-05
3.50981e-05
3.48408e-05
3.43193e-05
3.33463e-05
3.17022e-05
2.92557e-05
2.62387e-05
2.36955e-05
3.52596e-05
3.52127e-05
3.50953e-05
3.4838e-05
3.43167e-05
3.33438e-05
3.16999e-05
2.92536e-05
2.6237e-05
2.36941e-05
3.52583e-05
3.52114e-05
3.5094e-05
3.48368e-05
3.43155e-05
3.33428e-05
3.1699e-05
2.92529e-05
2.62364e-05
2.36937e-05
3.52587e-05
3.52118e-05
3.50944e-05
3.48373e-05
3.4316e-05
3.33433e-05
3.16996e-05
2.92534e-05
2.6237e-05
2.36942e-05
3.52609e-05
3.5214e-05
3.50967e-05
3.48396e-05
3.43184e-05
3.33457e-05
3.17019e-05
2.92556e-05
2.6239e-05
2.36961e-05
3.52652e-05
3.52185e-05
3.51012e-05
3.48442e-05
3.4323e-05
3.33502e-05
3.17062e-05
2.92597e-05
2.62427e-05
2.36995e-05
3.52721e-05
3.52255e-05
3.51084e-05
3.48514e-05
3.43302e-05
3.33573e-05
3.1713e-05
2.9266e-05
2.62484e-05
2.37048e-05
3.52815e-05
3.52354e-05
3.51186e-05
3.48618e-05
3.43405e-05
3.33673e-05
3.17226e-05
2.9275e-05
2.62566e-05
2.37123e-05
3.52936e-05
3.52488e-05
3.51324e-05
3.48756e-05
3.43542e-05
3.33807e-05
3.17354e-05
2.92869e-05
2.62674e-05
2.37221e-05
1.10444e-05
1.1028e-05
1.09876e-05
1.09006e-05
1.0728e-05
1.04141e-05
9.89957e-06
9.16392e-06
8.3069e-06
7.64385e-06
1.10429e-05
1.10266e-05
1.09861e-05
1.08992e-05
1.07266e-05
1.04128e-05
9.89837e-06
9.16285e-06
8.306e-06
7.64329e-06
1.1042e-05
1.10256e-05
1.09852e-05
1.08983e-05
1.07258e-05
1.04119e-05
9.89762e-06
9.1622e-06
8.30546e-06
7.64286e-06
1.10415e-05
1.10252e-05
1.09848e-05
1.08979e-05
1.07254e-05
1.04116e-05
9.89733e-06
9.16195e-06
8.30526e-06
7.64271e-06
1.10417e-05
1.10254e-05
1.0985e-05
1.0898e-05
1.07256e-05
1.04118e-05
9.89755e-06
9.16217e-06
8.30548e-06
7.64293e-06
1.10425e-05
1.10262e-05
1.09858e-05
1.08989e-05
1.07264e-05
1.04126e-05
9.89835e-06
9.16293e-06
8.30619e-06
7.6436e-06
1.1044e-05
1.10277e-05
1.09874e-05
1.09005e-05
1.0728e-05
1.04142e-05
9.89985e-06
9.16434e-06
8.30749e-06
7.64481e-06
1.10463e-05
1.10301e-05
1.09898e-05
1.0903e-05
1.07305e-05
1.04166e-05
9.90219e-06
9.16653e-06
8.30951e-06
7.64669e-06
1.10496e-05
1.10336e-05
1.09934e-05
1.09065e-05
1.0734e-05
1.04201e-05
9.9055e-06
9.16962e-06
8.31235e-06
7.64933e-06
1.10538e-05
1.10382e-05
1.09981e-05
1.09113e-05
1.07388e-05
1.04247e-05
9.90991e-06
9.17373e-06
8.3161e-06
7.65281e-06
3.34504e-06
3.33962e-06
3.32632e-06
3.2982e-06
3.24358e-06
3.1466e-06
2.9922e-06
2.77936e-06
2.54296e-06
2.37099e-06
3.34457e-06
3.33915e-06
3.32586e-06
3.29775e-06
3.24314e-06
3.14618e-06
2.99182e-06
2.77902e-06
2.54268e-06
2.37082e-06
3.34427e-06
3.33886e-06
3.32557e-06
3.29746e-06
3.24287e-06
3.14592e-06
2.99158e-06
2.77881e-06
2.5425e-06
2.37068e-06
3.34414e-06
3.33873e-06
3.32544e-06
3.29735e-06
3.24276e-06
3.14582e-06
2.9915e-06
2.77874e-06
2.54245e-06
2.37064e-06
3.3442e-06
3.33879e-06
3.32551e-06
3.29741e-06
3.24283e-06
3.1459e-06
2.99157e-06
2.77882e-06
2.54253e-06
2.37072e-06
3.34447e-06
3.33906e-06
3.32578e-06
3.29769e-06
3.24311e-06
3.14618e-06
2.99184e-06
2.77907e-06
2.54277e-06
2.37095e-06
3.34497e-06
3.33958e-06
3.32631e-06
3.29822e-06
3.24364e-06
3.1467e-06
2.99234e-06
2.77954e-06
2.54321e-06
2.37136e-06
3.34576e-06
3.34038e-06
3.32713e-06
3.29906e-06
3.24447e-06
3.14751e-06
2.99312e-06
2.78027e-06
2.54388e-06
2.372e-06
3.34686e-06
3.34153e-06
3.32831e-06
3.30024e-06
3.24565e-06
3.14866e-06
2.99422e-06
2.7813e-06
2.54484e-06
2.3729e-06
3.34825e-06
3.34306e-06
3.32989e-06
3.30183e-06
3.24722e-06
3.15019e-06
2.99568e-06
2.78267e-06
2.54609e-06
2.37408e-06
9.80749e-07
9.79025e-07
9.74838e-07
9.6613e-07
9.49547e-07
9.2077e-07
8.76184e-07
8.167e-07
7.53208e-07
7.09067e-07
9.80605e-07
9.78882e-07
9.74697e-07
9.65992e-07
9.49414e-07
9.20644e-07
8.76067e-07
8.16595e-07
7.53119e-07
7.09013e-07
9.80514e-07
9.78792e-07
9.74608e-07
9.65905e-07
9.4933e-07
9.20565e-07
8.75995e-07
8.16532e-07
7.53067e-07
7.08973e-07
9.80476e-07
9.78754e-07
9.74572e-07
9.65871e-07
9.49298e-07
9.20536e-07
8.7597e-07
8.16511e-07
7.53051e-07
7.08962e-07
9.80496e-07
9.78775e-07
9.74594e-07
9.65894e-07
9.49323e-07
9.20562e-07
8.75997e-07
8.16538e-07
7.53079e-07
7.08989e-07
9.80583e-07
9.78863e-07
9.74684e-07
9.65985e-07
9.49414e-07
9.20652e-07
8.76084e-07
8.16622e-07
7.53158e-07
7.09065e-07
9.80747e-07
9.7903e-07
9.74853e-07
9.66156e-07
9.49585e-07
9.20819e-07
8.76245e-07
8.16774e-07
7.533e-07
7.09201e-07
9.81001e-07
9.7929e-07
9.75118e-07
9.66423e-07
9.4985e-07
9.21079e-07
8.76494e-07
8.17008e-07
7.53519e-07
7.09409e-07
9.81353e-07
9.79657e-07
9.75495e-07
9.66803e-07
9.50227e-07
9.21447e-07
8.76847e-07
8.17339e-07
7.53827e-07
7.09701e-07
9.81801e-07
9.8015e-07
9.76e-07
9.6731e-07
9.50728e-07
9.21936e-07
8.77314e-07
8.17777e-07
7.54233e-07
7.10086e-07
2.78615e-07
2.78089e-07
2.76824e-07
2.74233e-07
2.69392e-07
2.6117e-07
2.48746e-07
2.32645e-07
2.16019e-07
2.04851e-07
2.78572e-07
2.78046e-07
2.76782e-07
2.74192e-07
2.69352e-07
2.61133e-07
2.48711e-07
2.32614e-07
2.15993e-07
2.04835e-07
2.78545e-07
2.7802e-07
2.76756e-07
2.74167e-07
2.69328e-07
2.6111e-07
2.4869e-07
2.32596e-07
2.15978e-07
2.04824e-07
2.78534e-07
2.78009e-07
2.76745e-07
2.74157e-07
2.69319e-07
2.61102e-07
2.48683e-07
2.3259e-07
2.15974e-07
2.04821e-07
2.78541e-07
2.78016e-07
2.76753e-07
2.74165e-07
2.69327e-07
2.6111e-07
2.48692e-07
2.32599e-07
2.15983e-07
2.0483e-07
2.78569e-07
2.78044e-07
2.76781e-07
2.74193e-07
2.69356e-07
2.61138e-07
2.4872e-07
2.32625e-07
2.16008e-07
2.04854e-07
2.7862e-07
2.78096e-07
2.76834e-07
2.74247e-07
2.69409e-07
2.6119e-07
2.4877e-07
2.32672e-07
2.16052e-07
2.04897e-07
2.78699e-07
2.78176e-07
2.76916e-07
2.74329e-07
2.69491e-07
2.61271e-07
2.48847e-07
2.32745e-07
2.16121e-07
2.04962e-07
2.78808e-07
2.7829e-07
2.77032e-07
2.74447e-07
2.69607e-07
2.61384e-07
2.48956e-07
2.32848e-07
2.16217e-07
2.05054e-07
2.78947e-07
2.78443e-07
2.77189e-07
2.74603e-07
2.69762e-07
2.61535e-07
2.491e-07
2.32983e-07
2.16343e-07
2.05175e-07
7.67605e-08
7.6606e-08
7.62383e-08
7.54964e-08
7.41344e-08
7.18675e-08
6.85194e-08
6.42903e-08
6.00429e-08
5.72651e-08
7.67482e-08
7.65939e-08
7.62263e-08
7.54847e-08
7.4123e-08
7.18567e-08
6.85093e-08
6.42813e-08
6.00353e-08
5.72606e-08
7.67405e-08
7.65863e-08
7.62188e-08
7.54774e-08
7.4116e-08
7.18502e-08
6.85033e-08
6.4276e-08
6.00309e-08
5.72574e-08
7.67376e-08
7.65834e-08
7.6216e-08
7.54748e-08
7.41136e-08
7.1848e-08
6.85015e-08
6.42745e-08
6.00299e-08
5.72567e-08
7.67398e-08
7.65857e-08
7.62185e-08
7.54773e-08
7.41162e-08
7.18507e-08
6.85042e-08
6.42773e-08
6.00327e-08
5.72596e-08
7.67481e-08
7.65941e-08
7.6227e-08
7.54859e-08
7.41249e-08
7.18592e-08
6.85126e-08
6.42853e-08
6.00403e-08
5.7267e-08
7.67635e-08
7.66097e-08
7.62428e-08
7.55019e-08
7.41407e-08
7.18748e-08
6.85276e-08
6.42996e-08
6.00539e-08
5.728e-08
7.67872e-08
7.66339e-08
7.62674e-08
7.55266e-08
7.41653e-08
7.18988e-08
6.85507e-08
6.43214e-08
6.00745e-08
5.72998e-08
7.682e-08
7.6668e-08
7.63023e-08
7.55617e-08
7.42001e-08
7.19328e-08
6.85832e-08
6.43522e-08
6.01034e-08
5.73276e-08
7.68616e-08
7.67136e-08
7.6349e-08
7.56085e-08
7.42463e-08
7.19778e-08
6.86263e-08
6.43928e-08
6.01415e-08
5.73641e-08
2.0542e-08
2.04983e-08
2.03952e-08
2.01901e-08
1.98198e-08
1.9215e-08
1.83403e-08
1.72602e-08
1.62005e-08
1.55223e-08
2.05386e-08
2.04949e-08
2.03918e-08
2.01868e-08
1.98166e-08
1.9212e-08
1.83374e-08
1.72576e-08
1.61984e-08
1.5521e-08
2.05365e-08
2.04928e-08
2.03898e-08
2.01848e-08
1.98147e-08
1.92102e-08
1.83358e-08
1.72562e-08
1.61972e-08
1.55201e-08
2.05357e-08
2.0492e-08
2.0389e-08
2.01841e-08
1.9814e-08
1.92096e-08
1.83353e-08
1.72558e-08
1.61969e-08
1.552e-08
2.05364e-08
2.04928e-08
2.03898e-08
2.01849e-08
1.98149e-08
1.92105e-08
1.83362e-08
1.72566e-08
1.61978e-08
1.55208e-08
2.05388e-08
2.04952e-08
2.03923e-08
2.01874e-08
1.98174e-08
1.9213e-08
1.83386e-08
1.7259e-08
1.62001e-08
1.5523e-08
2.05433e-08
2.04998e-08
2.03969e-08
2.01921e-08
1.9822e-08
1.92175e-08
1.8343e-08
1.72631e-08
1.6204e-08
1.55269e-08
2.05502e-08
2.05068e-08
2.0404e-08
2.01992e-08
1.98291e-08
1.92245e-08
1.83497e-08
1.72695e-08
1.621e-08
1.55327e-08
2.05597e-08
2.05167e-08
2.04141e-08
2.02094e-08
1.98392e-08
1.92343e-08
1.83591e-08
1.72784e-08
1.62185e-08
1.55408e-08
2.05718e-08
2.05299e-08
2.04277e-08
2.02229e-08
1.98526e-08
1.92473e-08
1.83716e-08
1.72902e-08
1.62296e-08
1.55515e-08
5.40961e-09
5.39748e-09
5.36916e-09
5.31363e-09
5.21498e-09
5.05674e-09
4.83227e-09
4.56078e-09
4.29984e-09
4.13577e-09
5.40866e-09
5.39654e-09
5.36824e-09
5.31272e-09
5.2141e-09
5.05591e-09
4.8315e-09
4.56008e-09
4.29924e-09
4.13542e-09
5.40808e-09
5.39597e-09
5.36768e-09
5.31218e-09
5.21358e-09
5.05541e-09
4.83105e-09
4.55968e-09
4.29892e-09
4.13518e-09
5.40788e-09
5.39577e-09
5.36749e-09
5.312e-09
5.21342e-09
5.05527e-09
4.83093e-09
4.55959e-09
4.29886e-09
4.13515e-09
5.40809e-09
5.39599e-09
5.36772e-09
5.31224e-09
5.21366e-09
5.05552e-09
4.83118e-09
4.55985e-09
4.29912e-09
4.13542e-09
5.4088e-09
5.39671e-09
5.36844e-09
5.31297e-09
5.21439e-09
5.05624e-09
4.83188e-09
4.56052e-09
4.29977e-09
4.13605e-09
5.41009e-09
5.39801e-09
5.36976e-09
5.31429e-09
5.21571e-09
5.05754e-09
4.83313e-09
4.56172e-09
4.30091e-09
4.13716e-09
5.41205e-09
5.40001e-09
5.3718e-09
5.31634e-09
5.21774e-09
5.05952e-09
4.83504e-09
4.56353e-09
4.30264e-09
4.13883e-09
5.41476e-09
5.40283e-09
5.37467e-09
5.31923e-09
5.2206e-09
5.06231e-09
4.83772e-09
4.56608e-09
4.30505e-09
4.14117e-09
5.4182e-09
5.40657e-09
5.3785e-09
5.32306e-09
5.22439e-09
5.06599e-09
4.84126e-09
4.56943e-09
4.30822e-09
4.14423e-09
1.67658e-09
1.67265e-09
1.66352e-09
1.64586e-09
1.61503e-09
1.56646e-09
1.49892e-09
1.41885e-09
1.34338e-09
1.29667e-09
1.67629e-09
1.67236e-09
1.66323e-09
1.64559e-09
1.61476e-09
1.56621e-09
1.49868e-09
1.41864e-09
1.3432e-09
1.29658e-09
1.67611e-09
1.67218e-09
1.66306e-09
1.64542e-09
1.61459e-09
1.56606e-09
1.49854e-09
1.41852e-09
1.3431e-09
1.2965e-09
1.67605e-09
1.67212e-09
1.663e-09
1.64536e-09
1.61455e-09
1.56601e-09
1.49851e-09
1.41849e-09
1.34308e-09
1.2965e-09
1.67613e-09
1.6722e-09
1.66309e-09
1.64545e-09
1.61463e-09
1.5661e-09
1.4986e-09
1.41858e-09
1.34318e-09
1.29659e-09
1.67637e-09
1.67245e-09
1.66333e-09
1.6457e-09
1.61488e-09
1.56635e-09
1.49884e-09
1.41881e-09
1.3434e-09
1.29681e-09
1.6768e-09
1.67289e-09
1.66378e-09
1.64615e-09
1.61533e-09
1.56679e-09
1.49926e-09
1.41922e-09
1.34379e-09
1.29719e-09
1.67747e-09
1.67356e-09
1.66446e-09
1.64683e-09
1.61601e-09
1.56745e-09
1.4999e-09
1.41983e-09
1.34437e-09
1.29776e-09
1.67837e-09
1.6745e-09
1.66542e-09
1.6478e-09
1.61696e-09
1.56838e-09
1.5008e-09
1.42068e-09
1.34518e-09
1.29854e-09
1.67949e-09
1.67571e-09
1.66666e-09
1.64904e-09
1.61819e-09
1.56958e-09
1.50194e-09
1.42177e-09
1.34622e-09
1.29955e-09
0.000268135
0.0003057
0.000344991
0.000374808
0.000394029
0.000405069
0.000410858
0.000413682
0.000414989
0.000415557
0.000268098
0.000305659
0.000344947
0.000374761
0.000393981
0.00040502
0.000410809
0.000413635
0.000414947
0.00041553
0.000268072
0.000305631
0.000344916
0.000374729
0.000393948
0.000404988
0.000410777
0.000413605
0.000414921
0.000415508
0.000268059
0.000305616
0.0003449
0.000374713
0.000393931
0.000404971
0.000410762
0.000413591
0.000414908
0.000415498
0.000268057
0.000305615
0.0003449
0.000374713
0.000393932
0.000404973
0.000410764
0.000413594
0.000414913
0.000415504
0.00026807
0.00030563
0.000344917
0.000374732
0.000393953
0.000404995
0.000410787
0.000413618
0.000414938
0.000415529
0.000268098
0.000305662
0.000344953
0.000374772
0.000393996
0.00040504
0.000410834
0.000413666
0.000414986
0.000415578
0.000268143
0.000305714
0.000345014
0.000374839
0.000394067
0.000405114
0.000410909
0.000413742
0.000415063
0.000415655
0.000268209
0.000305791
0.000345101
0.000374935
0.00039417
0.00040522
0.000411018
0.000413852
0.000415174
0.000415767
0.000268294
0.000305894
0.00034522
0.000375066
0.000394308
0.000405364
0.000411165
0.000414001
0.000415324
0.000415917
9.03034e-05
0.00010006
0.000111613
0.000120978
0.000127274
0.000131006
0.000133014
0.000134017
0.000134491
0.000134698
9.02903e-05
0.000100046
0.000111598
0.000120962
0.000127257
0.000130989
0.000132998
0.000134001
0.000134476
0.000134689
9.02814e-05
0.000100036
0.000111587
0.000120951
0.000127246
0.000130978
0.000132987
0.000133991
0.000134467
0.000134682
9.02766e-05
0.000100031
0.000111582
0.000120945
0.00012724
0.000130972
0.000132982
0.000133986
0.000134463
0.000134679
9.02764e-05
0.000100031
0.000111582
0.000120946
0.000127241
0.000130973
0.000132983
0.000133988
0.000134465
0.000134681
9.02812e-05
0.000100036
0.000111588
0.000120953
0.000127249
0.000130981
0.000132991
0.000133997
0.000134474
0.00013469
9.02917e-05
0.000100048
0.000111602
0.000120967
0.000127264
0.000130998
0.000133008
0.000134014
0.000134492
0.000134708
9.03089e-05
0.000100067
0.000111623
0.000120991
0.00012729
0.000131024
0.000133035
0.000134042
0.00013452
0.000134736
9.03332e-05
0.000100095
0.000111655
0.000121026
0.000127326
0.000131062
0.000133074
0.000134081
0.00013456
0.000134776
9.03642e-05
0.000100132
0.000111697
0.000121072
0.000127376
0.000131114
0.000133127
0.000134134
0.000134613
0.00013483
2.91311e-05
3.16732e-05
3.49544e-05
3.77702e-05
3.97406e-05
4.09449e-05
4.16099e-05
4.19494e-05
4.21126e-05
4.21851e-05
2.91267e-05
3.16685e-05
3.49494e-05
3.77649e-05
3.97351e-05
4.09394e-05
4.16044e-05
4.19441e-05
4.21079e-05
4.21822e-05
2.91237e-05
3.16653e-05
3.4946e-05
3.77614e-05
3.97314e-05
4.09357e-05
4.16009e-05
4.19408e-05
4.2105e-05
4.21798e-05
2.91221e-05
3.16637e-05
3.49443e-05
3.77596e-05
3.97297e-05
4.0934e-05
4.15993e-05
4.19393e-05
4.21038e-05
4.21788e-05
2.91222e-05
3.16637e-05
3.49444e-05
3.77598e-05
3.973e-05
4.09344e-05
4.15998e-05
4.19399e-05
4.21045e-05
4.21797e-05
2.91239e-05
3.16657e-05
3.49466e-05
3.77623e-05
3.97326e-05
4.09372e-05
4.16027e-05
4.1943e-05
4.21077e-05
4.21829e-05
2.91277e-05
3.16699e-05
3.49513e-05
3.77674e-05
3.97381e-05
4.09429e-05
4.16086e-05
4.1949e-05
4.21138e-05
4.21891e-05
2.91338e-05
3.16766e-05
3.49588e-05
3.77756e-05
3.97469e-05
4.09521e-05
4.1618e-05
4.19586e-05
4.21234e-05
4.21987e-05
2.91425e-05
3.16863e-05
3.49697e-05
3.77876e-05
3.97596e-05
4.09653e-05
4.16315e-05
4.19722e-05
4.21372e-05
4.22126e-05
2.91534e-05
3.16993e-05
3.49844e-05
3.78036e-05
3.97767e-05
4.0983e-05
4.16496e-05
4.19906e-05
4.21557e-05
4.22313e-05
9.03598e-06
9.69541e-06
1.06005e-05
1.14154e-05
1.20068e-05
1.2379e-05
1.25897e-05
1.26995e-05
1.27533e-05
1.27775e-05
9.03455e-06
9.69391e-06
1.05989e-05
1.14137e-05
1.20051e-05
1.23773e-05
1.25879e-05
1.26978e-05
1.27518e-05
1.27766e-05
9.03358e-06
9.69289e-06
1.05979e-05
1.14126e-05
1.20039e-05
1.23761e-05
1.25868e-05
1.26968e-05
1.27509e-05
1.27758e-05
9.03309e-06
9.69238e-06
1.05973e-05
1.1412e-05
1.20034e-05
1.23756e-05
1.25863e-05
1.26964e-05
1.27505e-05
1.27755e-05
9.03312e-06
9.69243e-06
1.05974e-05
1.14121e-05
1.20035e-05
1.23758e-05
1.25865e-05
1.26966e-05
1.27508e-05
1.27759e-05
9.03374e-06
9.6931e-06
1.05982e-05
1.1413e-05
1.20044e-05
1.23767e-05
1.25875e-05
1.26976e-05
1.27519e-05
1.2777e-05
9.03504e-06
9.69451e-06
1.05997e-05
1.14147e-05
1.20062e-05
1.23786e-05
1.25895e-05
1.26996e-05
1.27539e-05
1.2779e-05
9.03713e-06
9.69678e-06
1.06022e-05
1.14174e-05
1.20092e-05
1.23817e-05
1.25926e-05
1.27028e-05
1.27571e-05
1.27822e-05
9.04006e-06
9.70004e-06
1.06059e-05
1.14214e-05
1.20134e-05
1.23861e-05
1.25971e-05
1.27074e-05
1.27617e-05
1.27868e-05
9.04379e-06
9.70441e-06
1.06108e-05
1.14267e-05
1.20191e-05
1.2392e-05
1.26031e-05
1.27135e-05
1.27679e-05
1.2793e-05
2.70213e-06
2.87148e-06
3.11463e-06
3.34241e-06
3.51326e-06
3.62376e-06
3.68777e-06
3.72183e-06
3.7388e-06
3.74653e-06
2.70168e-06
2.87101e-06
3.11414e-06
3.34189e-06
3.51273e-06
3.62322e-06
3.68723e-06
3.72131e-06
3.73834e-06
3.74625e-06
2.70138e-06
2.8707e-06
3.11381e-06
3.34155e-06
3.51238e-06
3.62287e-06
3.68689e-06
3.72099e-06
3.73806e-06
3.74603e-06
2.70124e-06
2.87055e-06
3.11365e-06
3.34139e-06
3.51222e-06
3.62272e-06
3.68675e-06
3.72087e-06
3.73796e-06
3.74595e-06
2.70125e-06
2.87057e-06
3.11368e-06
3.34143e-06
3.51227e-06
3.62278e-06
3.68682e-06
3.72095e-06
3.73806e-06
3.74606e-06
2.70146e-06
2.87079e-06
3.11393e-06
3.3417e-06
3.51256e-06
3.62309e-06
3.68715e-06
3.72129e-06
3.73841e-06
3.74642e-06
2.70189e-06
2.87125e-06
3.11444e-06
3.34225e-06
3.51315e-06
3.62371e-06
3.68778e-06
3.72194e-06
3.73907e-06
3.74708e-06
2.70257e-06
2.87199e-06
3.11525e-06
3.34314e-06
3.51409e-06
3.62469e-06
3.68878e-06
3.72296e-06
3.7401e-06
3.74811e-06
2.70353e-06
2.87305e-06
3.11642e-06
3.34441e-06
3.51544e-06
3.62609e-06
3.69022e-06
3.72442e-06
3.74157e-06
3.74959e-06
2.70475e-06
2.87446e-06
3.11799e-06
3.34612e-06
3.51725e-06
3.62797e-06
3.69215e-06
3.72637e-06
3.74354e-06
3.75158e-06
7.80572e-07
8.23454e-07
8.87148e-07
9.48819e-07
9.96446e-07
1.02803e-06
1.04674e-06
1.05688e-06
1.06203e-06
1.0644e-06
7.80439e-07
8.23316e-07
8.87001e-07
9.48665e-07
9.96288e-07
1.02787e-06
1.04658e-06
1.05673e-06
1.06189e-06
1.06432e-06
7.8035e-07
8.23223e-07
8.86904e-07
9.48564e-07
9.96185e-07
1.02777e-06
1.04648e-06
1.05664e-06
1.06181e-06
1.06425e-06
7.80306e-07
8.23178e-07
8.86858e-07
9.48518e-07
9.96139e-07
1.02773e-06
1.04644e-06
1.0566e-06
1.06178e-06
1.06423e-06
7.80314e-07
8.23188e-07
8.8687e-07
9.48533e-07
9.96157e-07
1.02775e-06
1.04646e-06
1.05663e-06
1.06182e-06
1.06427e-06
7.80381e-07
8.2326e-07
8.86949e-07
9.4862e-07
9.9625e-07
1.02785e-06
1.04656e-06
1.05674e-06
1.06192e-06
1.06438e-06
7.80517e-07
8.23405e-07
8.87108e-07
9.48792e-07
9.96433e-07
1.02804e-06
1.04676e-06
1.05694e-06
1.06213e-06
1.06459e-06
7.80733e-07
8.23636e-07
8.8736e-07
9.49065e-07
9.96724e-07
1.02834e-06
1.04707e-06
1.05726e-06
1.06245e-06
1.06491e-06
7.81035e-07
8.23966e-07
8.87724e-07
9.49459e-07
9.97142e-07
1.02877e-06
1.04752e-06
1.05771e-06
1.0629e-06
1.06537e-06
7.81419e-07
8.24409e-07
8.88213e-07
9.49988e-07
9.97702e-07
1.02936e-06
1.04811e-06
1.05831e-06
1.06351e-06
1.06598e-06
2.18176e-07
2.28853e-07
2.45133e-07
2.61337e-07
2.74178e-07
2.82892e-07
2.88159e-07
2.91071e-07
2.9257e-07
2.93272e-07
2.18137e-07
2.28813e-07
2.4509e-07
2.61293e-07
2.74132e-07
2.82846e-07
2.88114e-07
2.91027e-07
2.92531e-07
2.93248e-07
2.18111e-07
2.28787e-07
2.45062e-07
2.61264e-07
2.74103e-07
2.82817e-07
2.88085e-07
2.91e-07
2.92508e-07
2.9323e-07
2.18099e-07
2.28774e-07
2.4505e-07
2.61251e-07
2.7409e-07
2.82805e-07
2.88074e-07
2.9099e-07
2.92501e-07
2.93225e-07
2.18102e-07
2.28778e-07
2.45054e-07
2.61256e-07
2.74096e-07
2.82812e-07
2.88082e-07
2.91e-07
2.92511e-07
2.93236e-07
2.18123e-07
2.288e-07
2.45078e-07
2.61283e-07
2.74125e-07
2.82842e-07
2.88113e-07
2.91032e-07
2.92545e-07
2.9327e-07
2.18165e-07
2.28844e-07
2.45126e-07
2.61335e-07
2.7418e-07
2.82899e-07
2.88173e-07
2.91093e-07
2.92606e-07
2.93332e-07
2.1823e-07
2.28914e-07
2.45202e-07
2.61417e-07
2.74267e-07
2.8299e-07
2.88266e-07
2.91187e-07
2.92702e-07
2.93428e-07
2.18322e-07
2.29014e-07
2.45311e-07
2.61535e-07
2.74392e-07
2.8312e-07
2.88399e-07
2.91322e-07
2.92838e-07
2.93565e-07
2.18439e-07
2.29148e-07
2.45458e-07
2.61693e-07
2.74559e-07
2.83294e-07
2.88577e-07
2.91503e-07
2.9302e-07
2.93749e-07
5.91293e-08
6.174e-08
6.58036e-08
6.99441e-08
7.33006e-08
7.56272e-08
7.70606e-08
7.7867e-08
7.82889e-08
7.84889e-08
5.91184e-08
6.17288e-08
6.57918e-08
6.99318e-08
7.3288e-08
7.56143e-08
7.70479e-08
7.78547e-08
7.82781e-08
7.84824e-08
5.91112e-08
6.17214e-08
6.57841e-08
6.99238e-08
7.32799e-08
7.56062e-08
7.704e-08
7.78474e-08
7.82717e-08
7.84775e-08
5.91079e-08
6.1718e-08
6.57807e-08
6.99204e-08
7.32765e-08
7.5603e-08
7.7037e-08
7.78448e-08
7.82698e-08
7.84761e-08
5.9109e-08
6.17193e-08
6.57822e-08
6.99221e-08
7.32785e-08
7.56053e-08
7.70396e-08
7.78478e-08
7.82731e-08
7.84797e-08
5.91153e-08
6.17259e-08
6.57893e-08
6.99299e-08
7.32868e-08
7.56141e-08
7.70488e-08
7.78573e-08
7.82829e-08
7.84896e-08
5.91275e-08
6.17388e-08
6.58033e-08
6.9945e-08
7.33029e-08
7.56309e-08
7.70661e-08
7.78749e-08
7.83007e-08
7.85076e-08
5.91468e-08
6.17593e-08
6.58255e-08
6.99689e-08
7.33281e-08
7.56572e-08
7.70931e-08
7.79024e-08
7.83285e-08
7.85356e-08
5.91737e-08
6.17885e-08
6.58573e-08
7.00031e-08
7.33643e-08
7.56947e-08
7.71316e-08
7.79415e-08
7.8368e-08
7.85753e-08
5.92082e-08
6.18276e-08
6.59e-08
7.00489e-08
7.34127e-08
7.5745e-08
7.71831e-08
7.79937e-08
7.84207e-08
7.86285e-08
1.57517e-08
1.63841e-08
1.73856e-08
1.84269e-08
1.92887e-08
1.98979e-08
2.02802e-08
2.0499e-08
2.06153e-08
2.06711e-08
1.57486e-08
1.6381e-08
1.73823e-08
1.84235e-08
1.92852e-08
1.98944e-08
2.02767e-08
2.04957e-08
2.06123e-08
2.06693e-08
1.57466e-08
1.6379e-08
1.73802e-08
1.84213e-08
1.9283e-08
1.98922e-08
2.02746e-08
2.04937e-08
2.06106e-08
2.0668e-08
1.57458e-08
1.63781e-08
1.73793e-08
1.84204e-08
1.92821e-08
1.98913e-08
2.02738e-08
2.0493e-08
2.06101e-08
2.06677e-08
1.57461e-08
1.63785e-08
1.73798e-08
1.8421e-08
1.92827e-08
1.9892e-08
2.02746e-08
2.04939e-08
2.06111e-08
2.06688e-08
1.5748e-08
1.63805e-08
1.73819e-08
1.84232e-08
1.92851e-08
1.98946e-08
2.02773e-08
2.04967e-08
2.0614e-08
2.06716e-08
1.57515e-08
1.63842e-08
1.73859e-08
1.84276e-08
1.92897e-08
1.98994e-08
2.02822e-08
2.05017e-08
2.06191e-08
2.06768e-08
1.57571e-08
1.63901e-08
1.73923e-08
1.84344e-08
1.92969e-08
1.99069e-08
2.02899e-08
2.05095e-08
2.0627e-08
2.06848e-08
1.57649e-08
1.63985e-08
1.74013e-08
1.84441e-08
1.93072e-08
1.99176e-08
2.03009e-08
2.05207e-08
2.06382e-08
2.06961e-08
1.57748e-08
1.64097e-08
1.74135e-08
1.84571e-08
1.93209e-08
1.99318e-08
2.03155e-08
2.05355e-08
2.06532e-08
2.07111e-08
4.93757e-09
5.11792e-09
5.40784e-09
5.71514e-09
5.97465e-09
6.16178e-09
6.28147e-09
6.35119e-09
6.38882e-09
6.40699e-09
4.93664e-09
5.11696e-09
5.40684e-09
5.7141e-09
5.97358e-09
6.1607e-09
6.2804e-09
6.35016e-09
6.38793e-09
6.40649e-09
4.93601e-09
5.11632e-09
5.40617e-09
5.71341e-09
5.97288e-09
6.16001e-09
6.27972e-09
6.34954e-09
6.38739e-09
6.40609e-09
4.93574e-09
5.11604e-09
5.40589e-09
5.71314e-09
5.97261e-09
6.15975e-09
6.2795e-09
6.34935e-09
6.38726e-09
6.406e-09
4.93589e-09
5.1162e-09
5.40607e-09
5.71334e-09
5.97285e-09
6.16001e-09
6.27978e-09
6.34967e-09
6.38761e-09
6.40638e-09
4.93652e-09
5.11687e-09
5.40679e-09
5.71412e-09
5.97367e-09
6.16089e-09
6.28069e-09
6.35061e-09
6.38858e-09
6.40736e-09
4.93774e-09
5.11815e-09
5.40817e-09
5.71559e-09
5.97523e-09
6.16251e-09
6.28237e-09
6.35232e-09
6.39031e-09
6.40911e-09
4.93964e-09
5.12015e-09
5.41032e-09
5.71789e-09
5.97766e-09
6.16504e-09
6.28496e-09
6.35495e-09
6.39297e-09
6.41179e-09
4.94226e-09
5.12297e-09
5.41336e-09
5.72114e-09
5.98109e-09
6.1686e-09
6.28861e-09
6.35867e-09
6.39672e-09
6.41556e-09
4.9455e-09
5.12663e-09
5.41732e-09
5.72537e-09
5.98554e-09
6.17321e-09
6.29334e-09
6.36346e-09
6.40156e-09
6.42045e-09
)
;

boundaryField
{
    inlet1
    {
        type            fixedValue;
        value           uniform 10;
    }
    inlet2
    {
        type            fixedValue;
        value           uniform 20;
    }
    outlet1
    {
        type            zeroGradient;
    }
    outlet2
    {
        type            zeroGradient;
    }
    fixedWalls
    {
        type            zeroGradient;
    }
}


// ************************************************************************* //
