/*--------------------------------*- C++ -*----------------------------------*\
  =========                 |
  \\      /  F ield         | OpenFOAM: The Open Source CFD Toolbox
   \\    /   O peration     | Website:  https://openfoam.org
    \\  /    A nd           | Version:  6
     \\/     M anipulation  |
\*---------------------------------------------------------------------------*/
FoamFile
{
    version     2.0;
    format      ascii;
    class       volScalarField;
    location    "0.865";
    object      T;
}
// * * * * * * * * * * * * * * * * * * * * * * * * * * * * * * * * * * * * * //

dimensions      [0 0 0 1 0 0 0];

internalField   nonuniform List<scalar> 
7000
(
106.555
106.553
106.551
106.547
106.543
106.538
106.533
106.528
106.525
106.523
106.555
106.553
106.551
106.547
106.543
106.538
106.533
106.528
106.525
106.523
106.555
106.553
106.551
106.547
106.543
106.538
106.533
106.528
106.525
106.523
106.555
106.553
106.551
106.547
106.542
106.538
106.533
106.528
106.525
106.523
106.555
106.553
106.551
106.547
106.542
106.538
106.533
106.528
106.525
106.523
106.555
106.553
106.551
106.547
106.542
106.538
106.533
106.528
106.525
106.523
106.555
106.553
106.551
106.547
106.542
106.538
106.533
106.528
106.525
106.523
106.555
106.553
106.551
106.547
106.542
106.538
106.533
106.528
106.525
106.523
106.555
106.553
106.551
106.547
106.543
106.538
106.533
106.528
106.525
106.523
106.555
106.553
106.551
106.547
106.543
106.538
106.533
106.528
106.525
106.523
99.6856
99.6814
99.6734
99.662
99.6481
99.6329
99.6177
99.6043
99.5942
99.5888
99.6856
99.6814
99.6733
99.662
99.6481
99.6329
99.6177
99.6043
99.5942
99.5887
99.6856
99.6814
99.6733
99.6619
99.6481
99.6328
99.6177
99.6043
99.5942
99.5887
99.6855
99.6814
99.6733
99.6619
99.6481
99.6328
99.6177
99.6043
99.5942
99.5887
99.6855
99.6814
99.6733
99.6619
99.6481
99.6328
99.6177
99.6043
99.5942
99.5887
99.6855
99.6814
99.6733
99.6619
99.6481
99.6328
99.6177
99.6043
99.5942
99.5887
99.6855
99.6814
99.6733
99.6619
99.6481
99.6328
99.6177
99.6043
99.5942
99.5887
99.6855
99.6814
99.6733
99.6619
99.6481
99.6328
99.6177
99.6043
99.5942
99.5887
99.6855
99.6814
99.6733
99.6619
99.6481
99.6328
99.6177
99.6043
99.5942
99.5887
99.6856
99.6814
99.6733
99.6619
99.6481
99.6328
99.6177
99.6043
99.5942
99.5887
92.8793
92.8722
92.8585
92.839
92.8152
92.7888
92.7624
92.7388
92.7209
92.7111
92.8792
92.8722
92.8585
92.839
92.8151
92.7888
92.7624
92.7388
92.7208
92.7111
92.8792
92.8722
92.8585
92.839
92.8151
92.7888
92.7624
92.7388
92.7208
92.7111
92.8792
92.8721
92.8584
92.839
92.8151
92.7888
92.7624
92.7387
92.7208
92.7111
92.8792
92.8721
92.8584
92.839
92.8151
92.7888
92.7624
92.7387
92.7208
92.7111
92.8792
92.8721
92.8584
92.839
92.8151
92.7888
92.7624
92.7387
92.7208
92.7111
92.8792
92.8721
92.8584
92.839
92.8151
92.7888
92.7624
92.7387
92.7208
92.7111
92.8792
92.8721
92.8584
92.839
92.8151
92.7888
92.7624
92.7388
92.7208
92.7111
92.8792
92.8722
92.8585
92.839
92.8151
92.7888
92.7624
92.7388
92.7208
92.7111
92.8792
92.8722
92.8585
92.839
92.8151
92.7888
92.7624
92.7388
92.7208
92.7111
86.1771
86.167
86.1473
86.1191
86.0843
86.0454
86.0058
85.9699
85.9423
85.9272
86.1771
86.167
86.1473
86.1191
86.0842
86.0453
86.0058
85.9699
85.9423
85.9272
86.1771
86.1669
86.1472
86.1191
86.0842
86.0453
86.0058
85.9699
85.9423
85.9272
86.1771
86.1669
86.1472
86.119
86.0842
86.0453
86.0058
85.9699
85.9423
85.9271
86.1771
86.1669
86.1472
86.119
86.0842
86.0453
86.0058
85.9699
85.9422
85.9271
86.1771
86.1669
86.1472
86.119
86.0842
86.0453
86.0058
85.9699
85.9422
85.9271
86.1771
86.1669
86.1472
86.119
86.0842
86.0453
86.0058
85.9699
85.9423
85.9271
86.1771
86.1669
86.1472
86.119
86.0842
86.0453
86.0058
85.9699
85.9423
85.9272
86.1771
86.1669
86.1472
86.1191
86.0842
86.0453
86.0058
85.9699
85.9423
85.9272
86.1771
86.167
86.1472
86.1191
86.0842
86.0453
86.0058
85.9699
85.9423
85.9272
79.6192
79.6059
79.5798
79.5422
79.4952
79.4418
79.3864
79.335
79.2945
79.2719
79.6192
79.6058
79.5798
79.5422
79.4952
79.4417
79.3864
79.3349
79.2945
79.2719
79.6192
79.6058
79.5798
79.5422
79.4951
79.4417
79.3864
79.3349
79.2944
79.2719
79.6191
79.6058
79.5797
79.5422
79.4951
79.4417
79.3863
79.3349
79.2944
79.2719
79.6191
79.6058
79.5797
79.5422
79.4951
79.4417
79.3863
79.3349
79.2944
79.2718
79.6191
79.6058
79.5797
79.5422
79.4951
79.4417
79.3863
79.3349
79.2944
79.2718
79.6191
79.6058
79.5797
79.5422
79.4951
79.4417
79.3863
79.3349
79.2944
79.2718
79.6191
79.6058
79.5797
79.5422
79.4951
79.4417
79.3863
79.3349
79.2944
79.2719
79.6191
79.6058
79.5798
79.5422
79.4951
79.4417
79.3864
79.3349
79.2944
79.2719
79.6192
79.6058
79.5798
79.5422
79.4952
79.4417
79.3864
79.335
79.2945
79.2719
73.2438
73.2273
73.1948
73.1473
73.0869
73.0168
72.942
72.87
72.8113
72.7775
73.2438
73.2273
73.1947
73.1473
73.0869
73.0168
72.9419
72.87
72.8113
72.7775
73.2438
73.2272
73.1947
73.1473
73.0869
73.0167
72.9419
72.87
72.8113
72.7774
73.2438
73.2272
73.1947
73.1472
73.0868
73.0167
72.9419
72.87
72.8112
72.7774
73.2437
73.2272
73.1947
73.1472
73.0868
73.0167
72.9419
72.87
72.8112
72.7774
73.2437
73.2272
73.1947
73.1472
73.0868
73.0167
72.9419
72.87
72.8112
72.7774
73.2437
73.2272
73.1947
73.1472
73.0868
73.0167
72.9419
72.87
72.8112
72.7774
73.2438
73.2272
73.1947
73.1472
73.0869
73.0167
72.9419
72.87
72.8113
72.7774
73.2438
73.2272
73.1947
73.1473
73.0869
73.0167
72.9419
72.87
72.8113
72.7775
73.2438
73.2273
73.1947
73.1473
73.0869
73.0168
72.9419
72.87
72.8113
72.7775
67.0871
67.0676
67.029
66.9719
66.8976
66.8088
66.7102
66.6105
66.5243
66.4716
67.087
67.0676
67.0289
66.9718
66.8976
66.8087
66.7101
66.6105
66.5242
66.4716
67.087
67.0675
67.0289
66.9718
66.8976
66.8087
66.7101
66.6105
66.5242
66.4716
67.087
67.0675
67.0289
66.9718
66.8975
66.8087
66.7101
66.6104
66.5242
66.4716
67.087
67.0675
67.0289
66.9718
66.8975
66.8087
66.7101
66.6104
66.5242
66.4716
67.087
67.0675
67.0289
66.9718
66.8975
66.8087
66.7101
66.6104
66.5242
66.4716
67.087
67.0675
67.0289
66.9718
66.8975
66.8087
66.7101
66.6104
66.5242
66.4716
67.087
67.0675
67.0289
66.9718
66.8975
66.8087
66.7101
66.6104
66.5242
66.4716
67.087
67.0675
67.0289
66.9718
66.8976
66.8087
66.7101
66.6105
66.5242
66.4716
67.087
67.0676
67.029
66.9718
66.8976
66.8088
66.7102
66.6105
66.5243
66.4716
61.182
61.1603
61.1169
61.0516
60.9646
60.8565
60.7299
60.5926
60.4623
60.374
61.182
61.1603
61.1168
61.0516
60.9645
60.8564
60.7299
60.5925
60.4622
60.374
61.1819
61.1602
61.1168
61.0515
60.9645
60.8564
60.7299
60.5925
60.4622
60.374
61.1819
61.1602
61.1168
61.0515
60.9645
60.8564
60.7298
60.5925
60.4622
60.3739
61.1819
61.1602
61.1168
61.0515
60.9645
60.8563
60.7298
60.5924
60.4621
60.3739
61.1819
61.1602
61.1168
61.0515
60.9644
60.8563
60.7298
60.5924
60.4621
60.3739
61.1819
61.1602
61.1168
61.0515
60.9645
60.8564
60.7298
60.5925
60.4622
60.3739
61.1819
61.1602
61.1168
61.0515
60.9645
60.8564
60.7299
60.5925
60.4622
60.3739
61.1819
61.1602
61.1168
61.0515
60.9645
60.8564
60.7299
60.5925
60.4622
60.374
61.182
61.1603
61.1168
61.0516
60.9645
60.8564
60.7299
60.5925
60.4622
60.374
55.5579
55.5352
55.4895
55.4197
55.324
55.1997
55.0441
54.8576
54.654
54.4877
55.5578
55.5352
55.4895
55.4197
55.3239
55.1997
55.0441
54.8575
54.654
54.4876
55.5578
55.5352
55.4895
55.4197
55.3239
55.1996
55.044
54.8575
54.654
54.4876
55.5578
55.5351
55.4894
55.4196
55.3239
55.1996
55.044
54.8575
54.6539
54.4876
55.5578
55.5351
55.4894
55.4196
55.3239
55.1996
55.044
54.8575
54.6539
54.4875
55.5578
55.5351
55.4894
55.4196
55.3239
55.1996
55.044
54.8575
54.6539
54.4875
55.5578
55.5351
55.4894
55.4196
55.3239
55.1996
55.044
54.8575
54.6539
54.4876
55.5578
55.5351
55.4894
55.4196
55.3239
55.1996
55.044
54.8575
54.654
54.4876
55.5578
55.5352
55.4895
55.4197
55.3239
55.1996
55.044
54.8575
54.654
54.4876
55.5578
55.5352
55.4895
55.4197
55.324
55.1997
55.0441
54.8576
54.654
54.4877
50.2391
50.2176
50.1737
50.1058
50.0101
49.8798
49.7035
49.4635
49.1418
48.7747
50.2391
50.2175
50.1737
50.1057
50.01
49.8798
49.7035
49.4634
49.1417
48.7746
50.239
50.2175
50.1736
50.1057
50.01
49.8797
49.7035
49.4634
49.1417
48.7746
50.239
50.2174
50.1736
50.1057
50.0099
49.8797
49.7034
49.4634
49.1417
48.7746
50.239
50.2174
50.1736
50.1057
50.0099
49.8797
49.7034
49.4634
49.1416
48.7745
50.239
50.2174
50.1736
50.1057
50.0099
49.8797
49.7034
49.4634
49.1416
48.7745
50.239
50.2174
50.1736
50.1057
50.0099
49.8797
49.7034
49.4634
49.1416
48.7746
50.239
50.2175
50.1736
50.1057
50.01
49.8797
49.7034
49.4634
49.1417
48.7746
50.239
50.2175
50.1737
50.1057
50.01
49.8797
49.7035
49.4634
49.1417
48.7746
50.2391
50.2175
50.1737
50.1058
50.01
49.8798
49.7035
49.4635
49.1418
48.7747
45.2444
45.2265
45.1901
45.1333
45.0518
44.9366
44.769
44.5068
44.0457
43.0792
45.2443
45.2265
45.1901
45.1332
45.0517
44.9366
44.769
44.5068
44.0457
43.0792
45.2443
45.2264
45.19
45.1332
45.0517
44.9365
44.7689
44.5067
44.0456
43.0791
45.2443
45.2264
45.19
45.1331
45.0516
44.9365
44.7689
44.5067
44.0456
43.0791
45.2443
45.2264
45.19
45.1331
45.0516
44.9365
44.7689
44.5067
44.0456
43.0791
45.2443
45.2264
45.19
45.1331
45.0516
44.9365
44.7689
44.5067
44.0456
43.0791
45.2443
45.2264
45.19
45.1331
45.0516
44.9365
44.7689
44.5067
44.0456
43.0791
45.2443
45.2264
45.19
45.1332
45.0517
44.9365
44.7689
44.5067
44.0456
43.0791
45.2443
45.2264
45.19
45.1332
45.0517
44.9366
44.7689
44.5068
44.0456
43.0791
45.2443
45.2265
45.1901
45.1332
45.0517
44.9366
44.769
44.5068
44.0457
43.0792
40.5858
40.5745
40.5516
40.5166
40.4672
40.3976
40.2951
40.1334
39.8627
39.4107
40.5858
40.5744
40.5516
40.5166
40.4672
40.3976
40.2951
40.1333
39.8627
39.4106
40.5857
40.5744
40.5515
40.5165
40.4671
40.3975
40.295
40.1333
39.8626
39.4106
40.5857
40.5743
40.5515
40.5165
40.4671
40.3975
40.295
40.1332
39.8626
39.4106
40.5857
40.5743
40.5515
40.5165
40.4671
40.3975
40.295
40.1332
39.8626
39.4105
40.5857
40.5743
40.5515
40.5165
40.4671
40.3975
40.295
40.1332
39.8626
39.4105
40.5857
40.5743
40.5515
40.5165
40.4671
40.3975
40.295
40.1332
39.8626
39.4105
40.5857
40.5743
40.5515
40.5165
40.4671
40.3975
40.295
40.1333
39.8626
39.4106
40.5857
40.5744
40.5516
40.5166
40.4671
40.3976
40.295
40.1333
39.8626
39.4106
40.5858
40.5744
40.5516
40.5166
40.4672
40.3976
40.2951
40.1334
39.8627
39.4107
36.2685
36.2662
36.2625
36.2589
36.2574
36.2593
36.2649
36.2743
36.2934
36.3616
36.2685
36.2661
36.2624
36.2589
36.2573
36.2592
36.2649
36.2742
36.2933
36.3616
36.2684
36.2661
36.2624
36.2588
36.2573
36.2592
36.2648
36.2742
36.2933
36.3615
36.2684
36.2661
36.2624
36.2588
36.2573
36.2591
36.2648
36.2741
36.2932
36.3615
36.2684
36.2661
36.2623
36.2588
36.2573
36.2591
36.2648
36.2741
36.2932
36.3614
36.2684
36.2661
36.2623
36.2588
36.2573
36.2591
36.2648
36.2741
36.2932
36.3614
36.2684
36.2661
36.2624
36.2588
36.2573
36.2591
36.2648
36.2741
36.2932
36.3615
36.2684
36.2661
36.2624
36.2588
36.2573
36.2592
36.2648
36.2742
36.2933
36.3615
36.2684
36.2661
36.2624
36.2589
36.2573
36.2592
36.2648
36.2742
36.2933
36.3615
36.2685
36.2662
36.2625
36.2589
36.2574
36.2593
36.2649
36.2743
36.2934
36.3616
32.291
32.2993
32.3184
32.3525
32.4084
32.4957
32.6277
32.8247
33.1219
33.5875
32.2909
32.2993
32.3183
32.3524
32.4084
32.4957
32.6277
32.8247
33.1219
33.5874
32.2909
32.2993
32.3183
32.3524
32.4083
32.4956
32.6276
32.8246
33.1218
33.5873
32.2908
32.2992
32.3183
32.3524
32.4083
32.4956
32.6276
32.8246
33.1218
33.5873
32.2908
32.2992
32.3183
32.3523
32.4083
32.4956
32.6276
32.8246
33.1218
33.5873
32.2908
32.2992
32.3182
32.3523
32.4083
32.4956
32.6276
32.8246
33.1218
33.5873
32.2908
32.2992
32.3183
32.3524
32.4083
32.4956
32.6276
32.8246
33.1218
33.5873
32.2908
32.2992
32.3183
32.3524
32.4083
32.4956
32.6276
32.8246
33.1218
33.5873
32.2909
32.2993
32.3183
32.3524
32.4084
32.4957
32.6277
32.8247
33.1219
33.5874
32.2909
32.2993
32.3184
32.3525
32.4084
32.4957
32.6277
32.8247
33.1219
33.5874
28.6458
28.6654
28.7083
28.7817
28.8972
29.0717
29.3287
29.7014
30.2364
31.0004
28.6457
28.6654
28.7082
28.7816
28.8972
29.0716
29.3286
29.7013
30.2363
31.0004
28.6457
28.6653
28.7082
28.7816
28.8971
29.0716
29.3286
29.7012
30.2362
31.0003
28.6456
28.6653
28.7082
28.7816
28.8971
29.0715
29.3286
29.7012
30.2362
31.0003
28.6456
28.6653
28.7082
28.7816
28.8971
29.0715
29.3286
29.7012
30.2362
31.0003
28.6456
28.6653
28.7082
28.7816
28.8971
29.0715
29.3286
29.7012
30.2362
31.0003
28.6456
28.6653
28.7082
28.7816
28.8971
29.0715
29.3286
29.7012
30.2362
31.0003
28.6457
28.6653
28.7082
28.7816
28.8971
29.0716
29.3286
29.7012
30.2362
31.0003
28.6457
28.6653
28.7082
28.7816
28.8972
29.0716
29.3286
29.7013
30.2363
31.0004
28.6457
28.6654
28.7083
28.7817
28.8972
29.0717
29.3287
29.7013
30.2364
31.0004
25.3212
25.3513
25.4164
25.5262
25.6964
25.9499
26.3182
26.8432
27.5772
28.5795
25.3211
25.3513
25.4164
25.5262
25.6964
25.9498
26.3181
26.8431
27.5771
28.5795
25.3211
25.3512
25.4164
25.5262
25.6964
25.9498
26.3181
26.8431
27.577
28.5794
25.321
25.3512
25.4163
25.5261
25.6963
25.9498
26.3181
26.8431
27.577
28.5794
25.321
25.3512
25.4163
25.5261
25.6963
25.9498
26.3181
26.843
27.577
28.5794
25.321
25.3512
25.4163
25.5261
25.6963
25.9498
26.3181
26.843
27.577
28.5793
25.321
25.3512
25.4163
25.5261
25.6963
25.9498
26.3181
26.8431
27.577
28.5794
25.3211
25.3512
25.4163
25.5261
25.6963
25.9498
26.3181
26.8431
27.577
28.5794
25.3211
25.3513
25.4164
25.5262
25.6964
25.9498
26.3181
26.8431
27.5771
28.5795
25.3211
25.3513
25.4164
25.5262
25.6964
25.9499
26.3182
26.8432
27.5772
28.5795
22.3024
22.3412
22.4245
22.5637
22.7777
23.0941
23.5512
24.1998
25.1011
26.3153
22.3024
22.3412
22.4244
22.5637
22.7777
23.094
23.5511
24.1997
25.101
26.3153
22.3023
22.3412
22.4244
22.5636
22.7776
23.094
23.5511
24.1997
25.1009
26.3152
22.3023
22.3411
22.4244
22.5636
22.7776
23.0939
23.551
24.1997
25.1009
26.3152
22.3023
22.3411
22.4244
22.5636
22.7776
23.0939
23.551
24.1996
25.1009
26.3152
22.3023
22.3411
22.4244
22.5636
22.7776
23.0939
23.551
24.1996
25.1009
26.3152
22.3023
22.3411
22.4244
22.5636
22.7776
23.0939
23.551
24.1997
25.1009
26.3152
22.3023
22.3412
22.4244
22.5636
22.7776
23.094
23.5511
24.1997
25.1009
26.3152
22.3024
22.3412
22.4244
22.5637
22.7777
23.094
23.5511
24.1997
25.101
26.3153
22.3024
22.3412
22.4245
22.5637
22.7777
23.094
23.5512
24.1998
25.1011
26.3153
19.5735
19.6181
19.7135
19.8719
20.1139
20.4699
20.9841
21.7186
22.7548
24.1811
19.5734
19.6181
19.7134
19.8719
20.1138
20.4698
20.9841
21.7186
22.7547
24.181
19.5734
19.6181
19.7134
19.8718
20.1138
20.4698
20.984
21.7185
22.7547
24.181
19.5733
19.618
19.7134
19.8718
20.1137
20.4697
20.984
21.7185
22.7546
24.1809
19.5733
19.618
19.7134
19.8718
20.1137
20.4697
20.984
21.7185
22.7546
24.1809
19.5733
19.618
19.7134
19.8718
20.1137
20.4697
20.984
21.7185
22.7546
24.1809
19.5733
19.618
19.7134
19.8718
20.1137
20.4697
20.984
21.7185
22.7546
24.1809
19.5734
19.6181
19.7134
19.8718
20.1138
20.4698
20.984
21.7185
22.7547
24.181
19.5734
19.6181
19.7134
19.8719
20.1138
20.4698
20.9841
21.7186
22.7547
24.181
19.5734
19.6181
19.7135
19.8719
20.1139
20.4699
20.9841
21.7186
22.7548
24.1811
17.1181
17.1654
17.2657
17.4311
17.6816
18.0476
18.5754
19.337
20.4475
22.0864
17.118
17.1653
17.2656
17.431
17.6815
18.0475
18.5754
19.337
20.4474
22.0863
17.118
17.1653
17.2656
17.431
17.6815
18.0475
18.5754
19.3369
20.4474
22.0863
17.118
17.1652
17.2656
17.431
17.6814
18.0475
18.5753
19.3369
20.4473
22.0862
17.118
17.1652
17.2655
17.431
17.6814
18.0474
18.5753
19.3369
20.4473
22.0862
17.118
17.1652
17.2655
17.431
17.6814
18.0474
18.5753
19.3369
20.4473
22.0862
17.118
17.1652
17.2656
17.431
17.6814
18.0475
18.5753
19.3369
20.4473
22.0862
17.118
17.1653
17.2656
17.431
17.6815
18.0475
18.5754
19.3369
20.4474
22.0863
17.118
17.1653
17.2656
17.431
17.6815
18.0475
18.5754
19.337
20.4474
22.0863
17.1181
17.1653
17.2657
17.4311
17.6816
18.0476
18.5755
19.337
20.4475
22.0864
14.9212
14.9677
15.0658
15.2258
15.4646
15.8078
16.2944
16.9893
18.0215
19.7272
14.9211
14.9677
15.0658
15.2258
15.4646
15.8078
16.2944
16.9892
18.0214
19.7271
14.9211
14.9676
15.0657
15.2258
15.4646
15.8077
16.2943
16.9892
18.0214
19.7271
14.9211
14.9676
15.0657
15.2257
15.4645
15.8077
16.2943
16.9892
18.0214
19.7271
14.921
14.9676
15.0657
15.2257
15.4645
15.8077
16.2943
16.9892
18.0213
19.7271
14.921
14.9676
15.0657
15.2257
15.4645
15.8077
16.2943
16.9892
18.0213
19.7271
14.9211
14.9676
15.0657
15.2257
15.4645
15.8077
16.2943
16.9892
18.0214
19.7271
14.9211
14.9676
15.0657
15.2258
15.4646
15.8077
16.2943
16.9892
18.0214
19.7271
14.9211
14.9677
15.0658
15.2258
15.4646
15.8078
16.2944
16.9892
18.0214
19.7271
14.9211
14.9677
15.0658
15.2258
15.4647
15.8078
16.2944
16.9893
18.0215
19.7272
40.5271
40.1994
41.4606
44.1094
48.1401
53.6772
60.9813
70.5148
83.1171
100.474
40.5271
40.1993
41.4605
44.1093
48.14
53.6771
60.9812
70.5147
83.117
100.474
40.527
40.1993
41.4604
44.1092
48.1399
53.677
60.9811
70.5146
83.1169
100.474
40.527
40.1992
41.4604
44.1092
48.1399
53.6769
60.9811
70.5145
83.1169
100.474
40.5269
40.1992
41.4604
44.1092
48.1398
53.6769
60.981
70.5145
83.1168
100.474
40.5269
40.1992
41.4603
44.1092
48.1398
53.6769
60.981
70.5145
83.1168
100.474
40.5269
40.1992
41.4604
44.1092
48.1398
53.6769
60.981
70.5145
83.1168
100.474
40.527
40.1992
41.4604
44.1092
48.1399
53.677
60.9811
70.5145
83.1169
100.474
40.527
40.1993
41.4604
44.1093
48.1399
53.677
60.9812
70.5146
83.117
100.474
40.5271
40.1993
41.4605
44.1093
48.14
53.6771
60.9812
70.5147
83.117
100.474
38.8066
39.1658
40.6742
43.3714
47.3172
52.6306
59.5062
68.2298
79.1715
92.6316
38.8065
39.1657
40.6741
43.3713
47.3171
52.6305
59.5061
68.2297
79.1713
92.6315
38.8064
39.1657
40.674
43.3712
47.3171
52.6304
59.506
68.2296
79.1712
92.6314
38.8064
39.1656
40.674
43.3712
47.317
52.6303
59.5059
68.2296
79.1712
92.6313
38.8064
39.1656
40.674
43.3711
47.317
52.6303
59.5059
68.2295
79.1711
92.6313
38.8064
39.1656
40.674
43.3711
47.317
52.6303
59.5059
68.2295
79.1711
92.6313
38.8064
39.1656
40.674
43.3711
47.317
52.6303
59.5059
68.2296
79.1712
92.6313
38.8064
39.1656
40.674
43.3712
47.317
52.6304
59.506
68.2296
79.1712
92.6314
38.8065
39.1657
40.6741
43.3712
47.3171
52.6304
59.506
68.2297
79.1713
92.6315
38.8065
39.1658
40.6741
43.3713
47.3172
52.6305
59.5061
68.2298
79.1714
92.6316
36.6356
37.5415
39.3011
42.0283
45.8097
50.7412
56.936
64.51
73.5158
83.7603
36.6355
37.5414
39.301
42.0282
45.8096
50.741
56.9359
64.5098
73.5157
83.7601
36.6354
37.5414
39.301
42.0281
45.8095
50.741
56.9358
64.5098
73.5156
83.7601
36.6354
37.5413
39.3009
42.028
45.8095
50.7409
56.9358
64.5097
73.5156
83.76
36.6354
37.5413
39.3009
42.028
45.8095
50.7409
56.9357
64.5097
73.5155
83.76
36.6354
37.5413
39.3009
42.028
45.8095
50.7409
56.9357
64.5097
73.5155
83.76
36.6354
37.5413
39.3009
42.028
45.8095
50.7409
56.9357
64.5097
73.5155
83.76
36.6354
37.5414
39.3009
42.0281
45.8095
50.7409
56.9358
64.5097
73.5156
83.76
36.6355
37.5414
39.301
42.0281
45.8096
50.741
56.9359
64.5098
73.5157
83.7601
36.6356
37.5415
39.3011
42.0282
45.8097
50.7411
56.936
64.5099
73.5158
83.7602
34.3526
35.6249
37.563
40.2733
43.8331
48.3052
53.7371
60.1385
67.4283
75.3359
34.3525
35.6248
37.5629
40.2732
43.833
48.3051
53.737
60.1384
67.4282
75.3357
34.3525
35.6247
37.5628
40.2731
43.8329
48.3051
53.7369
60.1383
67.4281
75.3356
34.3524
35.6247
37.5628
40.2731
43.8329
48.305
53.7368
60.1383
67.428
75.3356
34.3524
35.6246
37.5628
40.2731
43.8328
48.305
53.7368
60.1382
67.428
75.3355
34.3524
35.6246
37.5628
40.2731
43.8328
48.305
53.7368
60.1382
67.428
75.3355
34.3524
35.6247
37.5628
40.2731
43.8328
48.305
53.7368
60.1383
67.428
75.3356
34.3525
35.6247
37.5628
40.2731
43.8329
48.305
53.7369
60.1383
67.4281
75.3356
34.3525
35.6248
37.5629
40.2732
43.833
48.3051
53.737
60.1384
67.4282
75.3357
34.3526
35.6248
37.563
40.2733
43.8331
48.3052
53.7371
60.1385
67.4283
75.3358
32.0858
33.6044
35.6541
38.3092
41.6218
45.6228
50.3147
55.6547
61.5254
67.6977
32.0857
33.6043
35.654
38.3091
41.6217
45.6227
50.3146
55.6546
61.5253
67.6976
32.0857
33.6042
35.6539
38.309
41.6216
45.6226
50.3145
55.6545
61.5252
67.6975
32.0856
33.6042
35.6539
38.3089
41.6216
45.6226
50.3145
55.6545
61.5251
67.6974
32.0856
33.6042
35.6539
38.3089
41.6216
45.6226
50.3144
55.6544
61.5251
67.6974
32.0856
33.6042
35.6539
38.3089
41.6216
45.6226
50.3144
55.6544
61.5251
67.6974
32.0856
33.6042
35.6539
38.3089
41.6216
45.6226
50.3144
55.6544
61.5251
67.6974
32.0857
33.6042
35.6539
38.309
41.6216
45.6226
50.3145
55.6545
61.5252
67.6975
32.0857
33.6043
35.654
38.309
41.6217
45.6227
50.3146
55.6546
61.5253
67.6976
32.0858
33.6044
35.6541
38.3091
41.6218
45.6228
50.3147
55.6547
61.5254
67.6977
29.9087
31.6132
33.7386
36.3241
39.3957
42.9578
46.9846
51.4099
56.1165
60.9331
29.9086
31.6131
33.7385
36.324
39.3956
42.9577
46.9845
51.4098
56.1164
60.9329
29.9085
31.613
33.7384
36.324
39.3956
42.9576
46.9845
51.4097
56.1163
60.9328
29.9085
31.613
33.7384
36.3239
39.3955
42.9576
46.9844
51.4097
56.1163
60.9328
29.9085
31.613
33.7383
36.3239
39.3955
42.9576
46.9844
51.4096
56.1162
60.9328
29.9085
31.613
33.7383
36.3239
39.3955
42.9575
46.9844
51.4096
56.1162
60.9328
29.9085
31.613
33.7384
36.3239
39.3955
42.9576
46.9844
51.4097
56.1163
60.9328
29.9085
31.613
33.7384
36.324
39.3956
42.9576
46.9845
51.4097
56.1163
60.9329
29.9086
31.6131
33.7385
36.324
39.3956
42.9577
46.9845
51.4098
56.1164
60.9329
29.9087
31.6132
33.7385
36.3241
39.3957
42.9578
46.9846
51.4099
56.1165
60.9331
27.8751
29.7574
31.9573
34.4852
37.3475
40.5305
43.99
47.6459
51.3847
55.0772
27.875
29.7573
31.9572
34.4851
37.3474
40.5304
43.9899
47.6458
51.3846
55.0771
27.8749
29.7573
31.9571
34.485
37.3473
40.5304
43.9899
47.6457
51.3845
55.077
27.8749
29.7572
31.9571
34.485
37.3473
40.5303
43.9898
47.6457
51.3844
55.077
27.8749
29.7572
31.9571
34.485
37.3473
40.5303
43.9898
47.6456
51.3844
55.077
27.8749
29.7572
31.9571
34.485
37.3473
40.5303
43.9898
47.6456
51.3844
55.077
27.8749
29.7572
31.9571
34.485
37.3473
40.5303
43.9898
47.6457
51.3844
55.077
27.8749
29.7573
31.9571
34.485
37.3473
40.5304
43.9899
47.6457
51.3845
55.077
27.875
29.7573
31.9572
34.4851
37.3474
40.5304
43.9899
47.6458
51.3846
55.0771
27.8751
29.7574
31.9573
34.4852
37.3475
40.5305
43.99
47.6459
51.3847
55.0773
26.0307
28.1343
30.437
32.9387
35.6415
38.5232
41.526
44.5528
47.476
50.1715
26.0307
28.1343
30.4369
32.9386
35.6414
38.5231
41.5259
44.5527
47.4759
50.1714
26.0306
28.1342
30.4369
32.9386
35.6413
38.523
41.5258
44.5526
47.4758
50.1713
26.0306
28.1342
30.4368
32.9385
35.6413
38.523
41.5257
44.5526
47.4758
50.1712
26.0306
28.1341
30.4368
32.9385
35.6412
38.5229
41.5257
44.5525
47.4758
50.1712
26.0306
28.1341
30.4368
32.9385
35.6412
38.5229
41.5257
44.5525
47.4758
50.1712
26.0306
28.1342
30.4368
32.9385
35.6413
38.523
41.5258
44.5526
47.4758
50.1712
26.0306
28.1342
30.4369
32.9386
35.6413
38.523
41.5258
44.5526
47.4758
50.1713
26.0307
28.1343
30.4369
32.9386
35.6414
38.5231
41.5259
44.5527
47.4759
50.1714
26.0307
28.1343
30.437
32.9387
35.6415
38.5232
41.526
44.5528
47.476
50.1715
24.4345
26.8551
29.3007
31.8128
34.4141
37.0856
39.7582
42.3091
44.5618
46.3131
24.4345
26.855
29.3006
31.8127
34.414
37.0855
39.7581
42.309
44.5617
46.313
24.4344
26.8549
29.3006
31.8126
34.414
37.0854
39.758
42.3089
44.5616
46.313
24.4344
26.8549
29.3005
31.8126
34.4139
37.0854
39.758
42.3088
44.5616
46.3129
24.4344
26.8549
29.3005
31.8126
34.4139
37.0853
39.758
42.3088
44.5615
46.3129
24.4344
26.8549
29.3005
31.8126
34.4139
37.0853
39.758
42.3088
44.5615
46.3129
24.4344
26.8549
29.3006
31.8126
34.4139
37.0854
39.758
42.3089
44.5616
46.3129
24.4344
26.8549
29.3006
31.8127
34.414
37.0854
39.758
42.3089
44.5616
46.313
24.4345
26.855
29.3007
31.8127
34.4141
37.0855
39.7581
42.309
44.5617
46.3131
24.4346
26.8551
29.3007
31.8128
34.4142
37.0856
39.7582
42.3091
44.5618
46.3132
23.2563
26.0858
28.6757
31.2147
33.7703
36.3331
38.8273
41.1026
42.9065
43.8068
23.2562
26.0858
28.6756
31.2147
33.7702
36.333
38.8272
41.1025
42.9064
43.8067
23.2562
26.0857
28.6756
31.2146
33.7701
36.333
38.8271
41.1024
42.9064
43.8066
23.2561
26.0857
28.6756
31.2146
33.7701
36.3329
38.8271
41.1024
42.9063
43.8066
23.2561
26.0857
28.6755
31.2146
33.7701
36.3329
38.8271
41.1024
42.9063
43.8066
23.2561
26.0857
28.6755
31.2146
33.7701
36.3329
38.8271
41.1024
42.9063
43.8066
23.2561
26.0857
28.6756
31.2146
33.7701
36.3329
38.8271
41.1024
42.9063
43.8066
23.2562
26.0857
28.6756
31.2146
33.7702
36.333
38.8271
41.1025
42.9064
43.8067
23.2562
26.0858
28.6757
31.2147
33.7702
36.333
38.8272
41.1026
42.9065
43.8067
23.2563
26.0859
28.6758
31.2148
33.7703
36.3331
38.8273
41.1027
42.9066
43.8069
126.499
138.946
146.627
152.038
156.066
159.105
161.367
162.978
164.014
164.522
126.499
138.946
146.627
152.038
156.066
159.104
161.367
162.977
164.014
164.522
126.499
138.946
146.627
152.038
156.065
159.104
161.366
162.977
164.014
164.522
126.499
138.946
146.627
152.038
156.065
159.104
161.366
162.977
164.014
164.522
126.499
138.946
146.627
152.038
156.065
159.104
161.366
162.977
164.014
164.522
126.499
138.946
146.627
152.038
156.065
159.104
161.366
162.977
164.014
164.522
126.499
138.946
146.627
152.038
156.065
159.104
161.366
162.977
164.014
164.522
126.499
138.946
146.627
152.038
156.065
159.104
161.366
162.977
164.014
164.522
126.499
138.946
146.627
152.038
156.065
159.104
161.367
162.977
164.014
164.522
126.499
138.946
146.627
152.038
156.066
159.105
161.367
162.978
164.014
164.522
107.95
119.126
127.064
132.855
137.176
140.419
142.819
144.521
145.612
146.146
107.95
119.126
127.064
132.855
137.175
140.419
142.819
144.52
145.612
146.146
107.95
119.126
127.064
132.855
137.175
140.419
142.819
144.52
145.612
146.146
107.95
119.126
127.064
132.855
137.175
140.419
142.819
144.52
145.612
146.146
107.95
119.126
127.064
132.855
137.175
140.419
142.819
144.52
145.612
146.145
107.95
119.126
127.064
132.855
137.175
140.419
142.819
144.52
145.612
146.145
107.95
119.126
127.064
132.855
137.175
140.419
142.819
144.52
145.612
146.146
107.95
119.126
127.064
132.855
137.175
140.419
142.819
144.52
145.612
146.146
107.95
119.126
127.064
132.855
137.175
140.419
142.819
144.52
145.612
146.146
107.95
119.126
127.064
132.855
137.175
140.419
142.819
144.521
145.612
146.146
94.3867
103.401
110.518
116.022
120.252
123.474
125.875
127.583
128.681
129.218
94.3866
103.401
110.518
116.022
120.251
123.473
125.875
127.583
128.681
129.218
94.3865
103.401
110.518
116.021
120.251
123.473
125.875
127.583
128.68
129.218
94.3864
103.401
110.518
116.021
120.251
123.473
125.875
127.583
128.68
129.218
94.3864
103.401
110.517
116.021
120.251
123.473
125.875
127.583
128.68
129.217
94.3864
103.401
110.517
116.021
120.251
123.473
125.875
127.583
128.68
129.218
94.3864
103.401
110.518
116.021
120.251
123.473
125.875
127.583
128.68
129.218
94.3864
103.401
110.518
116.021
120.251
123.473
125.875
127.583
128.68
129.218
94.3865
103.401
110.518
116.022
120.251
123.473
125.875
127.583
128.681
129.218
94.3866
103.401
110.518
116.022
120.252
123.474
125.875
127.583
128.681
129.218
83.2825
90.4375
96.4606
101.351
105.235
108.257
110.54
112.177
113.234
113.753
83.2823
90.4374
96.4605
101.351
105.235
108.257
110.539
112.177
113.234
113.753
83.2822
90.4373
96.4604
101.351
105.235
108.257
110.539
112.177
113.234
113.753
83.2822
90.4372
96.4603
101.351
105.235
108.256
110.539
112.177
113.234
113.753
83.2821
90.4372
96.4603
101.351
105.235
108.256
110.539
112.177
113.234
113.753
83.2821
90.4372
96.4603
101.351
105.235
108.256
110.539
112.177
113.234
113.753
83.2822
90.4372
96.4603
101.351
105.235
108.256
110.539
112.177
113.234
113.753
83.2822
90.4373
96.4604
101.351
105.235
108.257
110.539
112.177
113.234
113.753
83.2823
90.4373
96.4605
101.351
105.235
108.257
110.539
112.177
113.234
113.753
83.2824
90.4375
96.4606
101.351
105.235
108.257
110.54
112.177
113.235
113.754
73.8147
79.4673
84.4125
88.5759
91.9806
94.6883
96.7663
98.2731
99.2532
99.736
73.8146
79.4672
84.4124
88.5757
91.9804
94.6881
96.7662
98.273
99.2531
99.7359
73.8145
79.4671
84.4123
88.5756
91.9803
94.6881
96.7661
98.2729
99.253
99.7358
73.8144
79.467
84.4122
88.5756
91.9803
94.688
96.766
98.2728
99.2529
99.7358
73.8144
79.467
84.4122
88.5755
91.9803
94.688
96.766
98.2728
99.2529
99.7358
73.8144
79.467
84.4122
88.5755
91.9803
94.688
96.766
98.2728
99.2529
99.7358
73.8144
79.467
84.4122
88.5756
91.9803
94.688
96.766
98.2728
99.253
99.7358
73.8145
79.4671
84.4123
88.5756
91.9804
94.6881
96.7661
98.2729
99.253
99.7359
73.8146
79.4672
84.4124
88.5757
91.9805
94.6882
96.7662
98.273
99.2531
99.736
73.8147
79.4673
84.4125
88.5759
91.9806
94.6883
96.7663
98.2732
99.2533
99.7361
65.6491
70.0592
74.0154
77.4411
80.3158
82.6513
84.4734
85.8107
86.6877
87.1218
65.649
70.0591
74.0152
77.441
80.3157
82.6511
84.4733
85.8106
86.6876
87.1217
65.6489
70.059
74.0151
77.4409
80.3156
82.651
84.4732
85.8105
86.6875
87.1216
65.6488
70.0589
74.0151
77.4409
80.3155
82.651
84.4731
85.8105
86.6874
87.1215
65.6488
70.0589
74.015
77.4408
80.3155
82.651
84.4731
85.8104
86.6874
87.1215
65.6488
70.0589
74.015
77.4408
80.3155
82.651
84.4731
85.8104
86.6874
87.1215
65.6488
70.0589
74.0151
77.4409
80.3156
82.651
84.4732
85.8105
86.6875
87.1216
65.6489
70.059
74.0151
77.4409
80.3156
82.6511
84.4732
85.8106
86.6875
87.1216
65.649
70.0591
74.0152
77.441
80.3157
82.6512
84.4733
85.8107
86.6877
87.1217
65.6491
70.0592
74.0154
77.4412
80.3159
82.6513
84.4735
85.8108
86.6878
87.1219
58.616
61.9474
65.0046
67.7254
70.0684
72.0143
73.5592
74.7078
75.4678
75.8459
58.6159
61.9472
65.0045
67.7253
70.0683
72.0142
73.559
74.7077
75.4677
75.8459
58.6158
61.9471
65.0044
67.7252
70.0682
72.0141
73.5589
74.7076
75.4676
75.8458
58.6157
61.9471
65.0043
67.7251
70.0682
72.014
73.5589
74.7076
75.4676
75.8457
58.6157
61.9471
65.0043
67.7251
70.0681
72.014
73.5589
74.7075
75.4676
75.8457
58.6157
61.9471
65.0043
67.7251
70.0681
72.014
73.5589
74.7075
75.4676
75.8457
58.6157
61.9471
65.0043
67.7251
70.0682
72.014
73.5589
74.7076
75.4676
75.8458
58.6158
61.9472
65.0044
67.7252
70.0682
72.0141
73.559
74.7077
75.4677
75.8459
58.6159
61.9473
65.0045
67.7253
70.0683
72.0142
73.5591
74.7078
75.4678
75.846
58.616
61.9474
65.0046
67.7254
70.0685
72.0143
73.5592
74.7079
75.4679
75.8461
52.6025
54.9356
57.1681
59.2358
61.0758
62.6436
63.9129
64.8703
65.5099
65.8299
52.6024
54.9355
57.1679
59.2357
61.0757
62.6435
63.9128
64.8702
65.5098
65.8298
52.6023
54.9354
57.1678
59.2356
61.0756
62.6434
63.9127
64.8701
65.5097
65.8297
52.6023
54.9353
57.1678
59.2355
61.0755
62.6434
63.9127
64.87
65.5096
65.8297
52.6022
54.9353
57.1678
59.2355
61.0755
62.6433
63.9127
64.87
65.5096
65.8297
52.6023
54.9353
57.1678
59.2355
61.0755
62.6434
63.9127
64.87
65.5096
65.8297
52.6023
54.9353
57.1678
59.2355
61.0755
62.6434
63.9127
64.87
65.5097
65.8297
52.6023
54.9354
57.1679
59.2356
61.0756
62.6435
63.9128
64.8701
65.5097
65.8298
52.6024
54.9355
57.168
59.2357
61.0757
62.6436
63.9129
64.8702
65.5098
65.8299
52.6026
54.9356
57.1681
59.2358
61.0758
62.6437
63.913
64.8703
65.51
65.83
47.4825
48.8304
50.3117
51.7981
53.1873
54.4103
55.4232
56.1993
56.7233
56.9871
47.4824
48.8303
50.3116
51.798
53.1872
54.4102
55.4231
56.1992
56.7232
56.987
47.4823
48.8302
50.3115
51.7979
53.1871
54.4101
55.423
56.1991
56.7232
56.987
47.4822
48.8301
50.3115
51.7978
53.1871
54.4101
55.423
56.1991
56.7231
56.9869
47.4822
48.8301
50.3114
51.7978
53.187
54.4101
55.4229
56.1991
56.7231
56.9869
47.4822
48.8301
50.3114
51.7978
53.1871
54.4101
55.4229
56.1991
56.7231
56.9869
47.4822
48.8301
50.3115
51.7978
53.1871
54.4101
55.423
56.1991
56.7231
56.987
47.4823
48.8302
50.3115
51.7979
53.1871
54.4102
55.4231
56.1992
56.7232
56.987
47.4824
48.8303
50.3116
51.798
53.1872
54.4103
55.4231
56.1993
56.7233
56.9871
47.4825
48.8304
50.3117
51.7981
53.1874
54.4104
55.4233
56.1994
56.7234
56.9873
42.9603
43.3746
44.2399
45.2536
46.2676
47.1954
47.9832
48.5972
49.0164
49.2287
42.9602
43.3745
44.2398
45.2535
46.2674
47.1952
47.9831
48.5971
49.0163
49.2287
42.9601
43.3744
44.2397
45.2535
46.2674
47.1952
47.983
48.597
49.0162
49.2286
42.96
43.3743
44.2396
45.2534
46.2673
47.1951
47.983
48.597
49.0162
49.2286
42.96
43.3743
44.2396
45.2534
46.2673
47.1951
47.983
48.597
49.0162
49.2285
42.96
43.3743
44.2396
45.2534
46.2673
47.1951
47.983
48.597
49.0162
49.2286
42.96
43.3744
44.2396
45.2534
46.2673
47.1951
47.983
48.597
49.0162
49.2286
42.9601
43.3744
44.2397
45.2535
46.2674
47.1952
47.9831
48.5971
49.0163
49.2287
42.9602
43.3745
44.2398
45.2536
46.2675
47.1953
47.9832
48.5972
49.0164
49.2288
42.9603
43.3746
44.2399
45.2537
46.2676
47.1954
47.9833
48.5973
49.0165
49.2289
406.141
406.161
406.197
406.245
406.299
406.353
406.403
406.444
406.473
406.488
406.141
406.161
406.197
406.245
406.299
406.353
406.403
406.444
406.473
406.488
406.141
406.161
406.197
406.245
406.299
406.353
406.403
406.444
406.473
406.488
406.141
406.161
406.197
406.245
406.299
406.353
406.403
406.444
406.473
406.488
406.141
406.161
406.197
406.245
406.299
406.353
406.403
406.444
406.473
406.488
406.141
406.161
406.197
406.245
406.299
406.353
406.403
406.444
406.473
406.488
406.141
406.161
406.197
406.245
406.299
406.353
406.403
406.444
406.473
406.488
406.141
406.161
406.197
406.245
406.299
406.353
406.403
406.444
406.473
406.488
406.141
406.161
406.197
406.245
406.299
406.353
406.403
406.444
406.473
406.488
406.141
406.161
406.197
406.245
406.299
406.353
406.403
406.444
406.473
406.488
378.463
378.524
378.637
378.786
378.955
379.124
379.277
379.403
379.492
379.538
378.463
378.524
378.637
378.786
378.955
379.124
379.277
379.403
379.492
379.538
378.463
378.524
378.637
378.786
378.955
379.124
379.277
379.403
379.492
379.538
378.463
378.524
378.637
378.786
378.955
379.124
379.277
379.403
379.492
379.538
378.463
378.524
378.637
378.786
378.955
379.124
379.277
379.403
379.492
379.538
378.463
378.524
378.637
378.786
378.955
379.124
379.277
379.403
379.492
379.538
378.463
378.524
378.637
378.786
378.955
379.124
379.277
379.403
379.492
379.538
378.463
378.524
378.637
378.786
378.955
379.124
379.277
379.403
379.492
379.538
378.463
378.524
378.637
378.786
378.955
379.124
379.277
379.403
379.492
379.538
378.463
378.524
378.637
378.786
378.955
379.124
379.277
379.403
379.492
379.538
350.898
351.009
351.214
351.484
351.785
352.085
352.356
352.577
352.732
352.812
350.898
351.009
351.214
351.484
351.785
352.085
352.356
352.577
352.732
352.812
350.898
351.009
351.214
351.484
351.785
352.085
352.356
352.577
352.732
352.812
350.898
351.009
351.214
351.484
351.785
352.085
352.356
352.577
352.732
352.812
350.898
351.009
351.214
351.484
351.785
352.085
352.356
352.577
352.732
352.812
350.898
351.009
351.214
351.484
351.785
352.085
352.356
352.577
352.732
352.812
350.898
351.009
351.214
351.484
351.785
352.085
352.356
352.577
352.732
352.812
350.898
351.009
351.214
351.484
351.785
352.085
352.356
352.577
352.732
352.812
350.898
351.009
351.214
351.484
351.785
352.085
352.356
352.577
352.732
352.812
350.898
351.009
351.214
351.484
351.785
352.085
352.356
352.577
352.732
352.812
323.507
323.686
324.013
324.438
324.906
325.365
325.776
326.107
326.339
326.457
323.507
323.686
324.013
324.438
324.905
325.365
325.776
326.107
326.339
326.457
323.507
323.686
324.013
324.438
324.905
325.365
325.776
326.107
326.339
326.457
323.507
323.686
324.013
324.438
324.905
325.365
325.776
326.107
326.339
326.457
323.507
323.686
324.013
324.438
324.905
325.365
325.776
326.107
326.339
326.457
323.507
323.686
324.013
324.438
324.905
325.365
325.776
326.107
326.339
326.457
323.507
323.686
324.013
324.438
324.905
325.365
325.776
326.107
326.339
326.457
323.507
323.686
324.013
324.438
324.905
325.365
325.776
326.107
326.339
326.457
323.507
323.686
324.013
324.438
324.905
325.365
325.776
326.107
326.339
326.457
323.507
323.686
324.013
324.438
324.905
325.365
325.776
326.107
326.339
326.457
296.329
296.607
297.107
297.744
298.43
299.092
299.674
300.138
300.459
300.623
296.329
296.607
297.107
297.744
298.43
299.092
299.674
300.138
300.459
300.623
296.329
296.607
297.107
297.744
298.43
299.091
299.674
300.138
300.459
300.623
296.329
296.607
297.107
297.744
298.43
299.091
299.674
300.138
300.459
300.623
296.329
296.607
297.107
297.744
298.43
299.091
299.674
300.138
300.459
300.623
296.329
296.607
297.107
297.744
298.43
299.091
299.674
300.138
300.459
300.623
296.329
296.607
297.107
297.744
298.43
299.091
299.674
300.138
300.459
300.623
296.329
296.607
297.107
297.744
298.43
299.091
299.674
300.138
300.459
300.623
296.329
296.607
297.107
297.744
298.43
299.091
299.674
300.138
300.459
300.623
296.329
296.607
297.107
297.744
298.43
299.092
299.674
300.138
300.459
300.623
269.362
269.797
270.558
271.495
272.475
273.396
274.19
274.813
275.24
275.456
269.362
269.797
270.558
271.495
272.474
273.396
274.19
274.813
275.24
275.456
269.362
269.797
270.558
271.495
272.474
273.396
274.19
274.813
275.24
275.456
269.362
269.797
270.557
271.495
272.474
273.396
274.189
274.813
275.24
275.456
269.362
269.797
270.557
271.495
272.474
273.396
274.189
274.813
275.24
275.456
269.362
269.797
270.557
271.495
272.474
273.396
274.189
274.813
275.24
275.456
269.362
269.797
270.557
271.495
272.474
273.396
274.189
274.813
275.24
275.456
269.362
269.797
270.557
271.495
272.474
273.396
274.189
274.813
275.24
275.456
269.362
269.797
270.558
271.495
272.474
273.396
274.19
274.813
275.24
275.456
269.362
269.797
270.558
271.495
272.475
273.396
274.19
274.813
275.24
275.456
242.54
243.243
244.413
245.787
247.165
248.417
249.468
250.278
250.826
251.102
242.54
243.243
244.413
245.787
247.165
248.417
249.468
250.278
250.826
251.102
242.54
243.242
244.413
245.787
247.165
248.417
249.468
250.278
250.826
251.102
242.54
243.242
244.413
245.787
247.165
248.417
249.468
250.278
250.826
251.102
242.54
243.242
244.413
245.787
247.164
248.417
249.468
250.278
250.826
251.102
242.54
243.242
244.413
245.787
247.164
248.417
249.468
250.278
250.826
251.102
242.54
243.242
244.413
245.787
247.165
248.417
249.468
250.278
250.826
251.102
242.54
243.242
244.413
245.787
247.165
248.417
249.468
250.278
250.826
251.102
242.54
243.242
244.413
245.787
247.165
248.417
249.468
250.278
250.826
251.102
242.54
243.243
244.413
245.787
247.165
248.417
249.468
250.278
250.826
251.102
215.672
216.878
218.725
220.74
222.648
224.309
225.662
226.682
227.363
227.703
215.671
216.878
218.725
220.74
222.647
224.309
225.662
226.682
227.363
227.703
215.671
216.878
218.725
220.74
222.647
224.309
225.662
226.682
227.363
227.703
215.671
216.878
218.725
220.74
222.647
224.309
225.662
226.682
227.363
227.703
215.671
216.878
218.725
220.74
222.647
224.309
225.662
226.682
227.363
227.703
215.671
216.878
218.725
220.74
222.647
224.309
225.662
226.682
227.363
227.703
215.671
216.878
218.725
220.74
222.647
224.309
225.662
226.682
227.363
227.703
215.671
216.878
218.725
220.74
222.647
224.309
225.662
226.682
227.363
227.703
215.671
216.878
218.725
220.74
222.647
224.309
225.662
226.682
227.363
227.703
215.671
216.878
218.725
220.74
222.648
224.309
225.662
226.682
227.363
227.703
188.318
190.598
193.596
196.532
199.112
201.25
202.933
204.173
204.989
205.394
188.318
190.597
193.596
196.532
199.112
201.25
202.933
204.173
204.989
205.393
188.318
190.597
193.596
196.532
199.112
201.25
202.932
204.173
204.989
205.393
188.318
190.597
193.595
196.532
199.112
201.25
202.932
204.173
204.989
205.393
188.318
190.597
193.595
196.532
199.112
201.25
202.932
204.173
204.989
205.393
188.318
190.597
193.595
196.532
199.112
201.25
202.932
204.173
204.989
205.393
188.318
190.597
193.595
196.532
199.112
201.25
202.932
204.173
204.989
205.393
188.318
190.597
193.596
196.532
199.112
201.25
202.932
204.173
204.989
205.393
188.318
190.597
193.596
196.532
199.112
201.25
202.933
204.173
204.989
205.393
188.318
190.597
193.596
196.532
199.112
201.25
202.933
204.173
204.989
205.394
159.46
164.374
169.31
173.466
176.813
179.443
181.447
182.895
183.835
184.298
159.46
164.374
169.31
173.466
176.812
179.443
181.447
182.895
183.835
184.298
159.46
164.374
169.31
173.466
176.812
179.443
181.447
182.895
183.835
184.298
159.46
164.374
169.31
173.466
176.812
179.443
181.447
182.895
183.835
184.298
159.46
164.374
169.31
173.465
176.812
179.443
181.447
182.895
183.835
184.298
159.46
164.374
169.31
173.465
176.812
179.443
181.447
182.895
183.835
184.298
159.46
164.374
169.31
173.466
176.812
179.443
181.447
182.895
183.835
184.298
159.46
164.374
169.31
173.466
176.812
179.443
181.447
182.895
183.835
184.298
159.46
164.374
169.31
173.466
176.812
179.443
181.447
182.895
183.835
184.298
159.46
164.374
169.31
173.466
176.813
179.443
181.447
182.895
183.835
184.298
12.969
13.0121
13.1021
13.2466
13.4573
13.7504
14.1456
14.6632
15.3046
15.9611
12.969
13.0121
13.102
13.2465
13.4573
13.7503
14.1456
14.6632
15.3046
15.9611
12.969
13.012
13.102
13.2465
13.4572
13.7503
14.1456
14.6631
15.3045
15.9611
12.9689
13.012
13.102
13.2465
13.4572
13.7503
14.1455
14.6631
15.3045
15.9611
12.9689
13.012
13.102
13.2464
13.4572
13.7503
14.1455
14.6631
15.3045
15.961
12.9689
13.012
13.102
13.2464
13.4572
13.7503
14.1455
14.6631
15.3045
15.961
12.9689
13.012
13.102
13.2465
13.4572
13.7503
14.1455
14.6631
15.3045
15.9611
12.9689
13.012
13.102
13.2465
13.4572
13.7503
14.1456
14.6631
15.3045
15.9611
12.969
13.0121
13.102
13.2465
13.4573
13.7503
14.1456
14.6632
15.3046
15.9611
12.969
13.0121
13.1021
13.2466
13.4573
13.7504
14.1457
14.6632
15.3046
15.9612
11.2497
11.2875
11.3655
11.4885
11.663
11.8959
12.1917
12.5443
12.9189
13.2119
11.2497
11.2875
11.3655
11.4885
11.6629
11.8959
12.1916
12.5443
12.9188
13.2119
11.2497
11.2874
11.3655
11.4885
11.6629
11.8958
12.1916
12.5442
12.9188
13.2119
11.2497
11.2874
11.3654
11.4884
11.6629
11.8958
12.1916
12.5442
12.9188
13.2118
11.2496
11.2874
11.3654
11.4884
11.6629
11.8958
12.1916
12.5442
12.9188
13.2118
11.2496
11.2874
11.3654
11.4884
11.6629
11.8958
12.1916
12.5442
12.9188
13.2118
11.2497
11.2874
11.3654
11.4884
11.6629
11.8958
12.1916
12.5442
12.9188
13.2119
11.2497
11.2874
11.3655
11.4885
11.6629
11.8958
12.1916
12.5442
12.9188
13.2119
11.2497
11.2875
11.3655
11.4885
11.6629
11.8959
12.1916
12.5443
12.9188
13.2119
11.2497
11.2875
11.3655
11.4885
11.663
11.8959
12.1917
12.5443
12.9189
13.212
9.75267
9.7843
9.8489
9.94875
10.0863
10.2625
10.4739
10.7064
10.927
11.075
9.75264
9.78426
9.84886
9.94871
10.0863
10.2625
10.4738
10.7063
10.927
11.0749
9.75261
9.78424
9.84884
9.94869
10.0862
10.2625
10.4738
10.7063
10.9269
11.0749
9.75259
9.78422
9.84882
9.94867
10.0862
10.2625
10.4738
10.7063
10.9269
11.0749
9.75259
9.78421
9.84881
9.94866
10.0862
10.2625
10.4738
10.7063
10.9269
11.0749
9.75259
9.78421
9.84881
9.94866
10.0862
10.2625
10.4738
10.7063
10.9269
11.0749
9.75259
9.78422
9.84882
9.94867
10.0862
10.2625
10.4738
10.7063
10.9269
11.0749
9.75261
9.78424
9.84884
9.94869
10.0862
10.2625
10.4738
10.7063
10.9269
11.0749
9.75263
9.78426
9.84886
9.94872
10.0863
10.2625
10.4738
10.7063
10.927
11.075
9.75266
9.78429
9.8489
9.94876
10.0863
10.2626
10.4739
10.7064
10.927
11.075
8.46817
8.49369
8.54524
8.62341
8.72816
8.8574
9.00487
9.15713
9.29069
9.37262
8.46813
8.49365
8.5452
8.62338
8.72812
8.85737
9.00484
9.1571
9.29065
9.37259
8.46811
8.49363
8.54518
8.62335
8.7281
8.85734
9.00481
9.15708
9.29063
9.37257
8.46809
8.49361
8.54516
8.62334
8.72808
8.85732
9.0048
9.15706
9.29062
9.37256
8.46808
8.4936
8.54515
8.62333
8.72808
8.85732
9.00479
9.15705
9.29061
9.37255
8.46808
8.4936
8.54516
8.62333
8.72808
8.85732
9.00479
9.15706
9.29061
9.37256
8.46809
8.49361
8.54516
8.62334
8.72809
8.85733
9.0048
9.15707
9.29063
9.37257
8.46811
8.49363
8.54518
8.62336
8.72811
8.85735
9.00482
9.15709
9.29065
9.37259
8.46813
8.49365
8.54521
8.62339
8.72813
8.85738
9.00485
9.15712
9.29068
9.37262
8.46815
8.49368
8.54524
8.62342
8.72817
8.85742
9.00489
9.15716
9.29072
9.37266
7.38722
7.40724
7.44728
7.50694
7.58491
7.67802
7.78001
7.88031
7.96363
8.01212
7.38719
7.40721
7.44725
7.50691
7.58488
7.67799
7.77998
7.88028
7.9636
8.01209
7.38716
7.40719
7.44723
7.50689
7.58486
7.67797
7.77996
7.88026
7.96358
8.01208
7.38715
7.40718
7.44721
7.50688
7.58484
7.67795
7.77994
7.88025
7.96356
8.01206
7.38714
7.40717
7.44721
7.50687
7.58484
7.67795
7.77994
7.88024
7.96356
8.01206
7.38714
7.40717
7.44721
7.50687
7.58484
7.67795
7.77994
7.88024
7.96356
8.01206
7.38715
7.40718
7.44722
7.50688
7.58485
7.67796
7.77995
7.88025
7.96357
8.01207
7.38716
7.40719
7.44723
7.5069
7.58487
7.67798
7.77997
7.88027
7.96359
8.01209
7.38718
7.40721
7.44726
7.50692
7.58489
7.678
7.78
7.8803
7.96362
8.01212
7.38721
7.40724
7.44729
7.50695
7.58493
7.67804
7.78003
7.88034
7.96366
8.01216
6.50144
6.51689
6.54749
6.59238
6.64978
6.71647
6.78715
6.85414
6.90771
6.9379
6.50141
6.51686
6.54746
6.59235
6.64975
6.71644
6.78712
6.85411
6.90768
6.93788
6.50139
6.51684
6.54744
6.59233
6.64973
6.71642
6.7871
6.85409
6.90766
6.93786
6.50138
6.51683
6.54742
6.59231
6.64972
6.7164
6.78709
6.85408
6.90765
6.93785
6.50137
6.51682
6.54742
6.59231
6.64971
6.7164
6.78708
6.85407
6.90765
6.93785
6.50137
6.51682
6.54742
6.59231
6.64971
6.7164
6.78708
6.85407
6.90765
6.93785
6.50138
6.51683
6.54743
6.59232
6.64972
6.71641
6.78709
6.85409
6.90766
6.93786
6.50139
6.51684
6.54744
6.59233
6.64974
6.71643
6.78711
6.8541
6.90768
6.93788
6.50141
6.51686
6.54746
6.59236
6.64976
6.71645
6.78714
6.85413
6.90771
6.93791
6.50143
6.51689
6.54749
6.59239
6.6498
6.71648
6.78717
6.85416
6.90774
6.93794
5.80319
5.81507
5.83841
5.8722
5.91461
5.96276
6.01247
6.05827
6.09393
6.1136
5.80317
5.81504
5.83838
5.87217
5.91458
5.96273
6.01244
6.05825
6.0939
6.11359
5.80315
5.81502
5.83837
5.87215
5.91456
5.96271
6.01242
6.05823
6.09389
6.11357
5.80313
5.81501
5.83835
5.87214
5.91455
5.9627
6.01241
6.05822
6.09388
6.11356
5.80313
5.81501
5.83835
5.87213
5.91454
5.96269
6.0124
6.05821
6.09387
6.11356
5.80313
5.81501
5.83835
5.87213
5.91454
5.9627
6.01241
6.05822
6.09388
6.11356
5.80314
5.81501
5.83836
5.87214
5.91455
5.96271
6.01242
6.05823
6.09389
6.11357
5.80315
5.81503
5.83837
5.87216
5.91457
5.96272
6.01243
6.05824
6.09391
6.11359
5.80317
5.81505
5.83839
5.87218
5.91459
5.96275
6.01246
6.05827
6.09393
6.11361
5.80319
5.81507
5.83842
5.87221
5.91462
5.96278
6.01249
6.0583
6.09396
6.11365
5.28584
5.29514
5.31329
5.33926
5.37138
5.40717
5.44335
5.47599
5.5009
5.51446
5.28581
5.29511
5.31326
5.33924
5.37135
5.40714
5.44332
5.47596
5.50088
5.51444
5.28579
5.29509
5.31324
5.33922
5.37133
5.40712
5.44331
5.47594
5.50086
5.51442
5.28578
5.29508
5.31323
5.33921
5.37132
5.40711
5.4433
5.47593
5.50085
5.51442
5.28578
5.29508
5.31323
5.3392
5.37132
5.40711
5.44329
5.47593
5.50085
5.51441
5.28578
5.29508
5.31323
5.33921
5.37132
5.40711
5.44329
5.47593
5.50085
5.51442
5.28578
5.29508
5.31324
5.33921
5.37133
5.40712
5.4433
5.47594
5.50086
5.51443
5.2858
5.2951
5.31325
5.33923
5.37134
5.40713
5.44332
5.47596
5.50088
5.51444
5.28581
5.29512
5.31327
5.33925
5.37137
5.40716
5.44334
5.47598
5.5009
5.51447
5.28583
5.29514
5.3133
5.33928
5.3714
5.40719
5.44337
5.47601
5.50093
5.5145
4.94406
4.9517
4.96654
4.98759
5.01331
5.04158
5.06973
5.09472
5.11355
5.1237
4.94403
4.95167
4.96651
4.98756
5.01329
5.04156
5.0697
5.0947
5.11353
5.12368
4.94402
4.95166
4.9665
4.98755
5.01327
5.04154
5.06969
5.09469
5.11352
5.12367
4.94401
4.95165
4.96649
4.98754
5.01326
5.04153
5.06968
5.09468
5.11351
5.12366
4.944
4.95164
4.96648
4.98753
5.01326
5.04153
5.06967
5.09467
5.11351
5.12366
4.944
4.95164
4.96648
4.98754
5.01326
5.04153
5.06968
5.09468
5.11351
5.12366
4.94401
4.95165
4.96649
4.98754
5.01327
5.04154
5.06969
5.09469
5.11352
5.12367
4.94402
4.95166
4.9665
4.98756
5.01328
5.04155
5.0697
5.0947
5.11354
5.12369
4.94404
4.95168
4.96652
4.98758
5.01331
5.04158
5.06972
5.09473
5.11356
5.12371
4.94406
4.95171
4.96655
4.98761
5.01333
5.0416
5.06975
5.09476
5.11359
5.12374
4.77413
4.78096
4.7942
4.81288
4.83555
4.86027
4.88468
4.90617
4.92224
4.93086
4.77411
4.78095
4.79418
4.81286
4.83553
4.86026
4.88466
4.90615
4.92222
4.93085
4.77409
4.78093
4.79416
4.81284
4.83552
4.86024
4.88465
4.90614
4.92221
4.93083
4.77408
4.78092
4.79415
4.81283
4.83551
4.86023
4.88464
4.90613
4.9222
4.93083
4.77408
4.78092
4.79415
4.81283
4.8355
4.86023
4.88464
4.90613
4.9222
4.93083
4.77408
4.78092
4.79415
4.81283
4.83551
4.86023
4.88464
4.90613
4.92221
4.93083
4.77409
4.78093
4.79416
4.81284
4.83552
4.86024
4.88465
4.90614
4.92222
4.93084
4.7741
4.78094
4.79417
4.81285
4.83553
4.86026
4.88466
4.90616
4.92223
4.93086
4.77412
4.78096
4.79419
4.81287
4.83555
4.86028
4.88469
4.90618
4.92226
4.93088
4.77414
4.78098
4.79422
4.8129
4.83558
4.8603
4.88471
4.90621
4.92228
4.93091
37.9318
38.2241
38.7798
39.4741
40.2039
40.8949
41.4957
41.9717
42.3002
42.4677
37.9317
38.224
38.7797
39.474
40.2038
40.8948
41.4956
41.9716
42.3001
42.4676
37.9317
38.224
38.7796
39.474
40.2037
40.8947
41.4956
41.9716
42.3001
42.4676
37.9316
38.2239
38.7796
39.4739
40.2037
40.8946
41.4955
41.9715
42.3
42.4675
37.9316
38.2239
38.7795
39.4739
40.2036
40.8946
41.4955
41.9715
42.3
42.4675
37.9316
38.2239
38.7795
39.4739
40.2036
40.8946
41.4955
41.9715
42.3
42.4675
37.9316
38.2239
38.7796
39.4739
40.2037
40.8947
41.4955
41.9715
42.3001
42.4676
37.9317
38.224
38.7796
39.474
40.2037
40.8947
41.4956
41.9716
42.3001
42.4676
37.9317
38.2241
38.7797
39.4741
40.2038
40.8948
41.4957
41.9717
42.3002
42.4677
37.9318
38.2242
38.7798
39.4742
40.2039
40.8949
41.4958
41.9718
42.3003
42.4678
33.3352
33.536
33.9093
34.391
34.9145
35.4236
35.8755
36.2388
36.492
36.6218
33.3351
33.5359
33.9092
34.3909
34.9144
35.4235
35.8754
36.2387
36.4919
36.6218
33.3351
33.5358
33.9092
34.3909
34.9143
35.4235
35.8753
36.2386
36.4918
36.6217
33.335
33.5358
33.9091
34.3908
34.9143
35.4234
35.8753
36.2386
36.4918
36.6217
33.335
33.5357
33.9091
34.3908
34.9142
35.4234
35.8753
36.2386
36.4918
36.6217
33.335
33.5357
33.9091
34.3908
34.9142
35.4234
35.8753
36.2386
36.4918
36.6217
33.335
33.5358
33.9091
34.3908
34.9143
35.4235
35.8753
36.2386
36.4918
36.6217
33.3351
33.5358
33.9092
34.3909
34.9143
35.4235
35.8754
36.2387
36.4919
36.6218
33.3351
33.5359
33.9093
34.391
34.9144
35.4236
35.8755
36.2388
36.492
36.6219
33.3352
33.536
33.9094
34.3911
34.9145
35.4237
35.8756
36.2389
36.4921
36.622
29.2296
29.368
29.6253
29.9636
30.3396
30.7129
31.0496
31.3238
31.5165
31.6159
29.2295
29.3679
29.6252
29.9635
30.3395
30.7128
31.0495
31.3237
31.5164
31.6158
29.2294
29.3679
29.6251
29.9635
30.3395
30.7127
31.0495
31.3236
31.5164
31.6157
29.2294
29.3678
29.6251
29.9634
30.3394
30.7127
31.0494
31.3236
31.5163
31.6157
29.2294
29.3678
29.6251
29.9634
30.3394
30.7127
31.0494
31.3236
31.5163
31.6157
29.2294
29.3678
29.6251
29.9634
30.3394
30.7127
31.0494
31.3236
31.5163
31.6157
29.2294
29.3678
29.6251
29.9634
30.3394
30.7127
31.0495
31.3236
31.5164
31.6158
29.2294
29.3679
29.6251
29.9635
30.3395
30.7127
31.0495
31.3237
31.5164
31.6158
29.2295
29.368
29.6252
29.9635
30.3396
30.7128
31.0496
31.3237
31.5165
31.6159
29.2296
29.368
29.6253
29.9636
30.3397
30.7129
31.0497
31.3238
31.5166
31.616
25.6444
25.741
25.9214
26.1616
26.4329
26.7062
26.9561
27.1616
27.3071
27.3825
25.6443
25.7409
25.9213
26.1616
26.4328
26.7061
26.956
27.1615
27.307
27.3824
25.6442
25.7409
25.9212
26.1615
26.4327
26.7061
26.9559
27.1614
27.307
27.3823
25.6442
25.7408
25.9212
26.1615
26.4327
26.706
26.9559
27.1614
27.3069
27.3823
25.6442
25.7408
25.9212
26.1614
26.4327
26.706
26.9559
27.1614
27.3069
27.3823
25.6442
25.7408
25.9212
26.1614
26.4327
26.706
26.9559
27.1614
27.3069
27.3823
25.6442
25.7408
25.9212
26.1615
26.4327
26.7061
26.9559
27.1614
27.307
27.3823
25.6442
25.7409
25.9213
26.1615
26.4328
26.7061
26.956
27.1615
27.307
27.3824
25.6443
25.7409
25.9213
26.1616
26.4328
26.7062
26.956
27.1615
27.3071
27.3825
25.6444
25.741
25.9214
26.1617
26.4329
26.7063
26.9561
27.1616
27.3072
27.3826
22.5895
22.658
22.7864
22.959
23.1561
23.3569
23.5424
23.6961
23.8057
23.8627
22.5894
22.6579
22.7863
22.9589
23.156
23.3568
23.5423
23.6961
23.8057
23.8626
22.5893
22.6578
22.7862
22.9588
23.1559
23.3568
23.5422
23.696
23.8056
23.8626
22.5893
22.6578
22.7862
22.9588
23.1559
23.3567
23.5422
23.696
23.8056
23.8625
22.5893
22.6578
22.7862
22.9588
23.1559
23.3567
23.5422
23.696
23.8056
23.8625
22.5893
22.6578
22.7862
22.9588
23.1559
23.3567
23.5422
23.696
23.8056
23.8625
22.5893
22.6578
22.7862
22.9588
23.1559
23.3568
23.5422
23.696
23.8056
23.8626
22.5893
22.6578
22.7862
22.9589
23.1559
23.3568
23.5423
23.6961
23.8057
23.8626
22.5894
22.6579
22.7863
22.9589
23.156
23.3569
23.5423
23.6961
23.8057
23.8627
22.5895
22.658
22.7864
22.959
23.1561
23.357
23.5424
23.6962
23.8058
23.8628
20.0634
20.1128
20.2059
20.3318
20.4768
20.6257
20.7644
20.8801
20.9629
21.0061
20.0633
20.1127
20.2058
20.3317
20.4767
20.6257
20.7643
20.88
20.9629
21.0061
20.0633
20.1127
20.2057
20.3317
20.4766
20.6256
20.7642
20.88
20.9628
21.006
20.0632
20.1126
20.2057
20.3316
20.4766
20.6256
20.7642
20.8799
20.9628
21.006
20.0632
20.1126
20.2057
20.3316
20.4766
20.6256
20.7642
20.8799
20.9628
21.006
20.0632
20.1126
20.2057
20.3316
20.4766
20.6256
20.7642
20.8799
20.9628
21.006
20.0632
20.1127
20.2057
20.3316
20.4766
20.6256
20.7642
20.88
20.9628
21.0061
20.0633
20.1127
20.2058
20.3317
20.4766
20.6256
20.7643
20.88
20.9629
21.0061
20.0633
20.1128
20.2058
20.3318
20.4767
20.6257
20.7644
20.8801
20.9629
21.0062
20.0634
20.1128
20.2059
20.3318
20.4768
20.6258
20.7644
20.8802
20.963
21.0063
18.0588
18.0954
18.1646
18.2586
18.3675
18.4802
18.5857
18.6741
18.7378
18.771
18.0588
18.0954
18.1645
18.2585
18.3675
18.4801
18.5856
18.6741
18.7377
18.7709
18.0587
18.0953
18.1644
18.2585
18.3674
18.4801
18.5855
18.674
18.7376
18.7709
18.0587
18.0953
18.1644
18.2585
18.3674
18.48
18.5855
18.674
18.7376
18.7709
18.0586
18.0952
18.1644
18.2584
18.3674
18.48
18.5855
18.674
18.7376
18.7709
18.0587
18.0952
18.1644
18.2584
18.3674
18.48
18.5855
18.674
18.7376
18.7709
18.0587
18.0953
18.1644
18.2585
18.3674
18.4801
18.5855
18.674
18.7376
18.7709
18.0587
18.0953
18.1645
18.2585
18.3674
18.4801
18.5856
18.6741
18.7377
18.771
18.0588
18.0954
18.1645
18.2586
18.3675
18.4802
18.5856
18.6741
18.7378
18.771
18.0588
18.0954
18.1646
18.2587
18.3676
18.4803
18.5857
18.6742
18.7378
18.7711
16.5664
16.5946
16.6481
16.721
16.8059
16.8942
16.9772
17.047
17.0974
17.1238
16.5663
16.5945
16.648
16.721
16.8059
16.8941
16.9771
17.047
17.0974
17.1238
16.5663
16.5945
16.6479
16.7209
16.8058
16.8941
16.977
17.0469
17.0973
17.1237
16.5662
16.5944
16.6479
16.7209
16.8058
16.894
16.977
17.0469
17.0973
17.1237
16.5662
16.5944
16.6479
16.7209
16.8058
16.894
16.977
17.0469
17.0973
17.1237
16.5662
16.5944
16.6479
16.7209
16.8058
16.894
16.977
17.0469
17.0973
17.1237
16.5662
16.5945
16.6479
16.7209
16.8058
16.894
16.977
17.0469
17.0973
17.1238
16.5663
16.5945
16.648
16.7209
16.8058
16.8941
16.9771
17.047
17.0974
17.1238
16.5663
16.5945
16.648
16.721
16.8059
16.8942
16.9771
17.047
17.0975
17.1239
16.5664
16.5946
16.6481
16.7211
16.806
16.8942
16.9772
17.0471
17.0975
17.124
15.5772
15.6003
15.6443
15.7045
15.7747
15.8479
15.917
15.9753
16.0175
16.0396
15.5771
15.6003
15.6442
15.7044
15.7746
15.8479
15.9169
15.9753
16.0175
16.0396
15.577
15.6002
15.6442
15.7044
15.7746
15.8478
15.9169
15.9752
16.0174
16.0396
15.577
15.6002
15.6442
15.7043
15.7746
15.8478
15.9169
15.9752
16.0174
16.0395
15.577
15.6002
15.6441
15.7043
15.7745
15.8478
15.9169
15.9752
16.0174
16.0395
15.577
15.6002
15.6441
15.7043
15.7746
15.8478
15.9169
15.9752
16.0174
16.0395
15.577
15.6002
15.6442
15.7044
15.7746
15.8478
15.9169
15.9753
16.0174
16.0396
15.5771
15.6002
15.6442
15.7044
15.7746
15.8479
15.9169
15.9753
16.0175
16.0396
15.5771
15.6003
15.6443
15.7045
15.7747
15.8479
15.917
15.9754
16.0175
16.0397
15.5772
15.6004
15.6443
15.7045
15.7748
15.848
15.9171
15.9754
16.0176
16.0398
15.0844
15.1052
15.1447
15.1988
15.2621
15.3282
15.3906
15.4434
15.4817
15.5017
15.0843
15.1051
15.1446
15.1988
15.262
15.3281
15.3906
15.4434
15.4816
15.5017
15.0843
15.1051
15.1446
15.1987
15.262
15.3281
15.3905
15.4434
15.4816
15.5017
15.0843
15.1051
15.1446
15.1987
15.262
15.3281
15.3905
15.4433
15.4816
15.5017
15.0842
15.105
15.1445
15.1987
15.262
15.328
15.3905
15.4433
15.4816
15.5017
15.0842
15.105
15.1446
15.1987
15.262
15.3281
15.3905
15.4433
15.4816
15.5017
15.0843
15.1051
15.1446
15.1987
15.262
15.3281
15.3905
15.4434
15.4816
15.5017
15.0843
15.1051
15.1446
15.1988
15.262
15.3281
15.3906
15.4434
15.4816
15.5017
15.0843
15.1052
15.1447
15.1988
15.2621
15.3282
15.3906
15.4435
15.4817
15.5018
15.0844
15.1052
15.1447
15.1989
15.2622
15.3283
15.3907
15.4436
15.4818
15.5019
)
;

boundaryField
{
    inlet1
    {
        type            fixedValue;
        value           uniform 10;
    }
    inlet2
    {
        type            fixedValue;
        value           uniform 20;
    }
    outlet1
    {
        type            zeroGradient;
    }
    outlet2
    {
        type            zeroGradient;
    }
    fixedWalls
    {
        type            zeroGradient;
    }
}


// ************************************************************************* //
