/*--------------------------------*- C++ -*----------------------------------*\
  =========                 |
  \\      /  F ield         | OpenFOAM: The Open Source CFD Toolbox
   \\    /   O peration     | Website:  https://openfoam.org
    \\  /    A nd           | Version:  6
     \\/     M anipulation  |
\*---------------------------------------------------------------------------*/
FoamFile
{
    version     2.0;
    format      ascii;
    class       volScalarField;
    location    "0.73";
    object      T;
}
// * * * * * * * * * * * * * * * * * * * * * * * * * * * * * * * * * * * * * //

dimensions      [0 0 0 1 0 0 0];

internalField   nonuniform List<scalar> 
7000
(
106.264
106.262
106.258
106.253
106.247
106.24
106.233
106.226
106.222
106.219
106.264
106.262
106.258
106.253
106.247
106.24
106.233
106.226
106.222
106.219
106.264
106.262
106.258
106.253
106.247
106.24
106.233
106.226
106.222
106.219
106.264
106.262
106.258
106.253
106.247
106.24
106.233
106.226
106.222
106.219
106.264
106.262
106.258
106.253
106.247
106.24
106.233
106.226
106.222
106.219
106.264
106.262
106.258
106.253
106.247
106.24
106.233
106.226
106.222
106.219
106.264
106.262
106.258
106.253
106.247
106.24
106.233
106.226
106.222
106.219
106.264
106.262
106.258
106.253
106.247
106.24
106.233
106.226
106.222
106.219
106.264
106.262
106.258
106.253
106.247
106.24
106.233
106.226
106.222
106.219
106.264
106.262
106.258
106.253
106.247
106.24
106.233
106.226
106.222
106.219
98.8184
98.8124
98.8009
98.7846
98.7647
98.7429
98.7212
98.7019
98.6874
98.6796
98.8184
98.8124
98.8009
98.7846
98.7647
98.7429
98.7212
98.7019
98.6874
98.6796
98.8184
98.8124
98.8009
98.7845
98.7647
98.7428
98.7212
98.7019
98.6874
98.6796
98.8184
98.8124
98.8009
98.7845
98.7647
98.7428
98.7211
98.7019
98.6874
98.6796
98.8183
98.8124
98.8009
98.7845
98.7646
98.7428
98.7211
98.7019
98.6874
98.6796
98.8183
98.8124
98.8009
98.7845
98.7646
98.7428
98.7211
98.7019
98.6874
98.6796
98.8183
98.8124
98.8009
98.7845
98.7646
98.7428
98.7211
98.7019
98.6874
98.6796
98.8183
98.8124
98.8009
98.7845
98.7647
98.7428
98.7211
98.7019
98.6874
98.6796
98.8184
98.8124
98.8009
98.7845
98.7647
98.7428
98.7212
98.7019
98.6874
98.6796
98.8184
98.8124
98.8009
98.7846
98.7647
98.7429
98.7212
98.7019
98.6874
98.6796
91.4494
91.4391
91.4193
91.3911
91.3565
91.3183
91.28
91.2458
91.2198
91.2058
91.4494
91.4391
91.4193
91.3911
91.3565
91.3183
91.28
91.2458
91.2198
91.2057
91.4494
91.4391
91.4193
91.391
91.3565
91.3183
91.28
91.2458
91.2198
91.2057
91.4493
91.4391
91.4192
91.391
91.3565
91.3183
91.28
91.2458
91.2198
91.2057
91.4493
91.4391
91.4192
91.391
91.3564
91.3183
91.28
91.2457
91.2198
91.2057
91.4493
91.4391
91.4192
91.391
91.3564
91.3183
91.28
91.2457
91.2198
91.2057
91.4493
91.4391
91.4192
91.391
91.3564
91.3183
91.28
91.2457
91.2198
91.2057
91.4493
91.4391
91.4192
91.391
91.3565
91.3183
91.28
91.2458
91.2198
91.2057
91.4494
91.4391
91.4193
91.391
91.3565
91.3183
91.28
91.2458
91.2198
91.2057
91.4494
91.4391
91.4193
91.3911
91.3565
91.3183
91.28
91.2458
91.2198
91.2058
84.2073
84.1924
84.1633
84.1218
84.0704
84.013
83.9548
83.902
83.8614
83.8392
84.2073
84.1924
84.1633
84.1217
84.0704
84.013
83.9548
83.902
83.8614
83.8392
84.2073
84.1923
84.1633
84.1217
84.0703
84.013
83.9548
83.9019
83.8613
83.8391
84.2073
84.1923
84.1633
84.1217
84.0703
84.013
83.9547
83.9019
83.8613
83.8391
84.2073
84.1923
84.1632
84.1217
84.0703
84.013
83.9547
83.9019
83.8613
83.8391
84.2073
84.1923
84.1632
84.1217
84.0703
84.013
83.9547
83.9019
83.8613
83.8391
84.2073
84.1923
84.1632
84.1217
84.0703
84.013
83.9547
83.9019
83.8613
83.8391
84.2073
84.1923
84.1633
84.1217
84.0703
84.013
83.9548
83.9019
83.8613
83.8391
84.2073
84.1923
84.1633
84.1217
84.0703
84.013
83.9548
83.9019
83.8613
83.8391
84.2073
84.1924
84.1633
84.1217
84.0704
84.013
83.9548
83.902
83.8614
83.8392
77.1406
77.1204
77.0811
77.0243
76.9534
76.8729
76.7896
76.7124
76.6519
76.6182
77.1406
77.1204
77.081
77.0243
76.9533
76.8728
76.7896
76.7124
76.6518
76.6181
77.1405
77.1204
77.081
77.0243
76.9533
76.8728
76.7896
76.7124
76.6518
76.6181
77.1405
77.1204
77.081
77.0243
76.9533
76.8728
76.7895
76.7124
76.6518
76.6181
77.1405
77.1204
77.081
77.0243
76.9533
76.8728
76.7895
76.7124
76.6518
76.6181
77.1405
77.1204
77.081
77.0243
76.9533
76.8728
76.7895
76.7124
76.6518
76.6181
77.1405
77.1204
77.081
77.0243
76.9533
76.8728
76.7895
76.7124
76.6518
76.6181
77.1405
77.1204
77.081
77.0243
76.9533
76.8728
76.7895
76.7124
76.6518
76.6181
77.1405
77.1204
77.081
77.0243
76.9533
76.8728
76.7896
76.7124
76.6518
76.6181
77.1405
77.1204
77.0811
77.0243
76.9533
76.8729
76.7896
76.7124
76.6518
76.6182
70.2951
70.2693
70.2186
70.1448
70.051
69.9423
69.8269
69.7166
69.6271
69.5757
70.295
70.2693
70.2186
70.1447
70.0509
69.9423
69.8269
69.7166
69.627
69.5757
70.295
70.2692
70.2185
70.1447
70.0509
69.9423
69.8269
69.7166
69.627
69.5757
70.295
70.2692
70.2185
70.1447
70.0509
69.9422
69.8269
69.7165
69.627
69.5757
70.295
70.2692
70.2185
70.1447
70.0509
69.9422
69.8268
69.7165
69.627
69.5757
70.295
70.2692
70.2185
70.1447
70.0508
69.9422
69.8268
69.7165
69.627
69.5757
70.295
70.2692
70.2185
70.1447
70.0509
69.9422
69.8268
69.7165
69.627
69.5757
70.295
70.2692
70.2185
70.1447
70.0509
69.9422
69.8269
69.7165
69.627
69.5757
70.295
70.2692
70.2186
70.1447
70.0509
69.9423
69.8269
69.7166
69.627
69.5757
70.295
70.2693
70.2186
70.1447
70.0509
69.9423
69.8269
69.7166
69.627
69.5757
63.7136
63.682
63.6194
63.5269
63.4072
63.2649
63.1083
62.9516
62.8176
62.7368
63.7136
63.682
63.6193
63.5269
63.4072
63.2649
63.1082
62.9516
62.8176
62.7367
63.7136
63.6819
63.6193
63.5269
63.4072
63.2648
63.1082
62.9515
62.8176
62.7367
63.7135
63.6819
63.6193
63.5268
63.4071
63.2648
63.1082
62.9515
62.8175
62.7367
63.7135
63.6819
63.6193
63.5268
63.4071
63.2648
63.1081
62.9515
62.8175
62.7367
63.7135
63.6819
63.6193
63.5268
63.4071
63.2648
63.1081
62.9515
62.8175
62.7367
63.7135
63.6819
63.6193
63.5268
63.4071
63.2648
63.1081
62.9515
62.8175
62.7367
63.7135
63.6819
63.6193
63.5269
63.4072
63.2648
63.1082
62.9515
62.8176
62.7367
63.7136
63.6819
63.6193
63.5269
63.4072
63.2648
63.1082
62.9516
62.8176
62.7367
63.7136
63.682
63.6193
63.5269
63.4072
63.2649
63.1082
62.9516
62.8176
62.7368
57.4351
57.3979
57.3236
57.2124
57.0651
56.8842
56.6759
56.4541
56.2485
56.1122
57.4351
57.3979
57.3235
57.2123
57.0651
56.8842
56.6758
56.454
56.2484
56.1122
57.435
57.3978
57.3235
57.2123
57.065
56.8842
56.6758
56.454
56.2484
56.1122
57.435
57.3978
57.3235
57.2123
57.065
56.8841
56.6758
56.454
56.2484
56.1121
57.435
57.3978
57.3235
57.2122
57.065
56.8841
56.6757
56.454
56.2483
56.1121
57.435
57.3978
57.3235
57.2122
57.065
56.8841
56.6757
56.454
56.2483
56.1121
57.435
57.3978
57.3235
57.2122
57.065
56.8841
56.6758
56.454
56.2484
56.1121
57.435
57.3978
57.3235
57.2123
57.065
56.8841
56.6758
56.454
56.2484
56.1122
57.4351
57.3978
57.3235
57.2123
57.065
56.8842
56.6758
56.454
56.2484
56.1122
57.4351
57.3979
57.3235
57.2123
57.0651
56.8842
56.6759
56.4541
56.2485
56.1122
51.4936
51.4517
51.3675
51.2396
51.0664
50.8457
50.5771
50.2664
49.941
49.686
51.4935
51.4517
51.3674
51.2396
51.0663
50.8457
50.577
50.2663
49.941
49.6859
51.4935
51.4516
51.3674
51.2395
51.0663
50.8456
50.577
50.2663
49.941
49.6859
51.4935
51.4516
51.3673
51.2395
51.0662
50.8456
50.577
50.2662
49.9409
49.6858
51.4934
51.4516
51.3673
51.2395
51.0662
50.8456
50.5769
50.2662
49.9409
49.6858
51.4934
51.4516
51.3673
51.2395
51.0662
50.8456
50.5769
50.2662
49.9409
49.6858
51.4934
51.4516
51.3673
51.2395
51.0662
50.8456
50.577
50.2662
49.9409
49.6858
51.4935
51.4516
51.3674
51.2395
51.0663
50.8456
50.577
50.2663
49.9409
49.6859
51.4935
51.4516
51.3674
51.2395
51.0663
50.8457
50.577
50.2663
49.941
49.6859
51.4935
51.4517
51.3674
51.2396
51.0663
50.8457
50.5771
50.2663
49.941
49.686
45.917
45.8724
45.7819
45.6431
45.4511
45.1978
44.8707
44.4522
43.9309
43.3783
45.917
45.8723
45.7819
45.643
45.451
45.1977
44.8706
44.4521
43.9308
43.3783
45.9169
45.8723
45.7818
45.643
45.451
45.1977
44.8706
44.4521
43.9308
43.3782
45.9169
45.8722
45.7818
45.643
45.4509
45.1977
44.8706
44.452
43.9308
43.3782
45.9169
45.8722
45.7818
45.643
45.4509
45.1977
44.8705
44.452
43.9308
43.3782
45.9169
45.8722
45.7818
45.643
45.4509
45.1977
44.8705
44.452
43.9308
43.3782
45.9169
45.8722
45.7818
45.643
45.4509
45.1977
44.8705
44.452
43.9308
43.3782
45.9169
45.8722
45.7818
45.643
45.4509
45.1977
44.8706
44.4521
43.9308
43.3782
45.9169
45.8723
45.7819
45.643
45.451
45.1977
44.8706
44.4521
43.9308
43.3783
45.917
45.8723
45.7819
45.6431
45.451
45.1978
44.8707
44.4522
43.9309
43.3783
40.7264
40.6817
40.5909
40.4506
40.2543
39.9895
39.6319
39.1295
38.355
36.9344
40.7264
40.6817
40.5908
40.4505
40.2542
39.9894
39.6318
39.1294
38.355
36.9343
40.7264
40.6816
40.5908
40.4505
40.2542
39.9894
39.6318
39.1294
38.3549
36.9342
40.7263
40.6816
40.5908
40.4505
40.2541
39.9894
39.6318
39.1293
38.3549
36.9342
40.7263
40.6816
40.5907
40.4504
40.2541
39.9893
39.6317
39.1293
38.3549
36.9342
40.7263
40.6816
40.5907
40.4504
40.2541
39.9893
39.6317
39.1293
38.3549
36.9342
40.7263
40.6816
40.5907
40.4504
40.2541
39.9894
39.6317
39.1293
38.3549
36.9342
40.7263
40.6816
40.5908
40.4505
40.2541
39.9894
39.6318
39.1294
38.3549
36.9342
40.7264
40.6816
40.5908
40.4505
40.2542
39.9894
39.6318
39.1294
38.355
36.9343
40.7264
40.6817
40.5909
40.4506
40.2542
39.9895
39.6319
39.1295
38.355
36.9343
35.9349
35.8933
35.8091
35.6795
35.4992
35.2576
34.9348
34.4928
33.8619
32.9359
35.9348
35.8932
35.809
35.6794
35.4991
35.2575
34.9347
34.4927
33.8618
32.9358
35.9348
35.8932
35.809
35.6794
35.4991
35.2575
34.9347
34.4927
33.8617
32.9358
35.9348
35.8932
35.8089
35.6794
35.499
35.2575
34.9347
34.4926
33.8617
32.9357
35.9348
35.8932
35.8089
35.6794
35.499
35.2574
34.9346
34.4926
33.8617
32.9357
35.9348
35.8932
35.8089
35.6794
35.499
35.2574
34.9346
34.4926
33.8617
32.9357
35.9348
35.8932
35.8089
35.6794
35.499
35.2575
34.9347
34.4926
33.8617
32.9357
35.9348
35.8932
35.809
35.6794
35.4991
35.2575
34.9347
34.4927
33.8617
32.9357
35.9348
35.8932
35.809
35.6794
35.4991
35.2575
34.9347
34.4927
33.8618
32.9358
35.9349
35.8933
35.809
35.6795
35.4992
35.2576
34.9348
34.4928
33.8618
32.9359
31.5468
31.5115
31.4407
31.3338
31.1889
31.0025
30.768
30.4761
30.1209
29.7304
31.5468
31.5115
31.4407
31.3337
31.1888
31.0024
30.7679
30.476
30.1208
29.7303
31.5467
31.5114
31.4406
31.3337
31.1888
31.0024
30.7679
30.476
30.1208
29.7303
31.5467
31.5114
31.4406
31.3336
31.1888
31.0024
30.7679
30.4759
30.1207
29.7302
31.5467
31.5114
31.4406
31.3336
31.1888
31.0023
30.7679
30.4759
30.1207
29.7302
31.5467
31.5114
31.4406
31.3336
31.1888
31.0023
30.7679
30.4759
30.1207
29.7302
31.5467
31.5114
31.4406
31.3336
31.1888
31.0024
30.7679
30.4759
30.1207
29.7302
31.5467
31.5114
31.4406
31.3337
31.1888
31.0024
30.7679
30.4759
30.1208
29.7303
31.5468
31.5115
31.4407
31.3337
31.1888
31.0024
30.7679
30.476
30.1208
29.7303
31.5468
31.5115
31.4407
31.3338
31.1889
31.0025
30.768
30.4761
30.1209
29.7304
27.5585
27.5319
27.4799
27.4043
27.3084
27.1969
27.0771
26.9627
26.8826
26.9026
27.5585
27.5319
27.4798
27.4043
27.3084
27.1969
27.0771
26.9626
26.8825
26.9026
27.5584
27.5318
27.4798
27.4042
27.3083
27.1968
27.077
26.9625
26.8824
26.9025
27.5584
27.5318
27.4797
27.4042
27.3083
27.1968
27.077
26.9625
26.8824
26.9025
27.5584
27.5318
27.4797
27.4042
27.3083
27.1968
27.077
26.9625
26.8824
26.9024
27.5584
27.5318
27.4797
27.4042
27.3083
27.1968
27.077
26.9625
26.8824
26.9024
27.5584
27.5318
27.4797
27.4042
27.3083
27.1968
27.077
26.9625
26.8824
26.9025
27.5584
27.5318
27.4798
27.4042
27.3083
27.1968
27.077
26.9625
26.8824
26.9025
27.5584
27.5319
27.4798
27.4042
27.3084
27.1969
27.0771
26.9626
26.8825
26.9025
27.5585
27.5319
27.4798
27.4043
27.3084
27.1969
27.0771
26.9626
26.8825
26.9026
23.9589
23.9424
23.9119
23.8721
23.8312
23.8011
23.8004
23.8568
24.0134
24.3381
23.9588
23.9424
23.9118
23.8721
23.8311
23.8011
23.8003
23.8567
24.0134
24.338
23.9588
23.9423
23.9118
23.872
23.8311
23.801
23.8003
23.8566
24.0133
24.3379
23.9588
23.9423
23.9118
23.872
23.831
23.801
23.8003
23.8566
24.0133
24.3379
23.9587
23.9423
23.9117
23.872
23.831
23.801
23.8003
23.8566
24.0133
24.3379
23.9587
23.9423
23.9117
23.872
23.831
23.801
23.8003
23.8566
24.0133
24.3379
23.9588
23.9423
23.9118
23.872
23.831
23.801
23.8003
23.8566
24.0133
24.3379
23.9588
23.9423
23.9118
23.872
23.831
23.801
23.8003
23.8566
24.0133
24.3379
23.9588
23.9424
23.9118
23.8721
23.8311
23.8011
23.8003
23.8567
24.0134
24.338
23.9588
23.9424
23.9119
23.8721
23.8311
23.8011
23.8004
23.8567
24.0134
24.338
20.7311
20.7249
20.7161
20.712
20.7246
20.7723
20.8812
21.088
21.4416
22.0027
20.731
20.7248
20.716
20.7119
20.7246
20.7722
20.8811
21.088
21.4415
22.0026
20.731
20.7248
20.716
20.7119
20.7245
20.7722
20.8811
21.0879
21.4415
22.0026
20.731
20.7248
20.716
20.7118
20.7245
20.7722
20.8811
21.0879
21.4415
22.0025
20.7309
20.7248
20.7159
20.7118
20.7245
20.7721
20.8811
21.0879
21.4414
22.0025
20.7309
20.7248
20.7159
20.7118
20.7245
20.7721
20.8811
21.0879
21.4414
22.0025
20.731
20.7248
20.716
20.7118
20.7245
20.7721
20.8811
21.0879
21.4415
22.0025
20.731
20.7248
20.716
20.7119
20.7245
20.7722
20.8811
21.0879
21.4415
22.0025
20.731
20.7248
20.716
20.7119
20.7246
20.7722
20.8811
21.088
21.4415
22.0026
20.731
20.7249
20.7161
20.7119
20.7246
20.7723
20.8812
21.088
21.4416
22.0027
17.8542
17.8573
17.868
17.8953
17.9545
18.0681
18.2687
18.6003
19.1181
19.8811
17.8541
17.8573
17.8679
17.8952
17.9544
18.0681
18.2686
18.6002
19.118
19.881
17.8541
17.8572
17.8679
17.8952
17.9544
18.068
18.2686
18.6002
19.118
19.8809
17.8541
17.8572
17.8678
17.8952
17.9543
18.068
18.2686
18.6001
19.118
19.8809
17.8541
17.8572
17.8678
17.8952
17.9543
18.068
18.2686
18.6001
19.1179
19.8809
17.8541
17.8572
17.8678
17.8952
17.9543
18.068
18.2686
18.6001
19.118
19.8809
17.8541
17.8572
17.8678
17.8952
17.9543
18.068
18.2686
18.6001
19.118
19.8809
17.8541
17.8572
17.8679
17.8952
17.9544
18.068
18.2686
18.6002
19.118
19.8809
17.8541
17.8572
17.8679
17.8952
17.9544
18.0681
18.2686
18.6002
19.118
19.881
17.8541
17.8573
17.8679
17.8953
17.9545
18.0681
18.2687
18.6003
19.1181
19.8811
15.3049
15.3154
15.3414
15.3929
15.4868
15.6485
15.9152
16.3394
16.991
17.9477
15.3048
15.3154
15.3413
15.3929
15.4867
15.6484
15.9151
16.3393
16.991
17.9476
15.3048
15.3153
15.3413
15.3928
15.4867
15.6484
15.9151
16.3393
16.9909
17.9476
15.3048
15.3153
15.3413
15.3928
15.4867
15.6483
15.915
16.3393
16.9909
17.9476
15.3047
15.3153
15.3413
15.3928
15.4867
15.6483
15.915
16.3393
16.9909
17.9476
15.3047
15.3153
15.3413
15.3928
15.4867
15.6483
15.915
16.3393
16.9909
17.9476
15.3048
15.3153
15.3413
15.3928
15.4867
15.6483
15.915
16.3393
16.9909
17.9476
15.3048
15.3153
15.3413
15.3928
15.4867
15.6484
15.9151
16.3393
16.9909
17.9476
15.3048
15.3154
15.3413
15.3929
15.4867
15.6484
15.9151
16.3393
16.991
17.9477
15.3048
15.3154
15.3414
15.3929
15.4868
15.6485
15.9152
16.3394
16.991
17.9477
13.059
13.0745
13.1105
13.1769
13.2905
13.4769
13.7751
14.245
14.9813
16.1293
13.0589
13.0745
13.1104
13.1768
13.2904
13.4768
13.775
14.2449
14.9812
16.1292
13.0589
13.0745
13.1104
13.1768
13.2904
13.4768
13.775
14.2449
14.9812
16.1292
13.0589
13.0744
13.1104
13.1768
13.2904
13.4768
13.775
14.2448
14.9811
16.1291
13.0589
13.0744
13.1104
13.1768
13.2903
13.4768
13.7749
14.2448
14.9811
16.1291
13.0589
13.0744
13.1104
13.1768
13.2903
13.4768
13.7749
14.2448
14.9811
16.1291
13.0589
13.0744
13.1104
13.1768
13.2904
13.4768
13.775
14.2449
14.9811
16.1291
13.0589
13.0745
13.1104
13.1768
13.2904
13.4768
13.775
14.2449
14.9812
16.1292
13.0589
13.0745
13.1104
13.1768
13.2904
13.4768
13.775
14.2449
14.9812
16.1292
13.059
13.0745
13.1105
13.1769
13.2905
13.4769
13.7751
14.245
14.9813
16.1293
11.0927
11.1108
11.1511
11.2226
11.3399
11.525
11.8114
12.2538
12.9574
14.1874
11.0927
11.1107
11.151
11.2226
11.3398
11.5249
11.8114
12.2538
12.9573
14.1873
11.0927
11.1107
11.151
11.2225
11.3398
11.5249
11.8113
12.2537
12.9573
14.1873
11.0926
11.1107
11.151
11.2225
11.3398
11.5249
11.8113
12.2537
12.9573
14.1872
11.0926
11.1107
11.151
11.2225
11.3398
11.5249
11.8113
12.2537
12.9573
14.1872
11.0926
11.1107
11.151
11.2225
11.3398
11.5249
11.8113
12.2537
12.9573
14.1872
11.0926
11.1107
11.151
11.2225
11.3398
11.5249
11.8113
12.2537
12.9573
14.1872
11.0927
11.1107
11.151
11.2225
11.3398
11.5249
11.8113
12.2537
12.9573
14.1873
11.0927
11.1107
11.151
11.2226
11.3398
11.5249
11.8114
12.2538
12.9574
14.1873
11.0927
11.1107
11.1511
11.2226
11.3399
11.525
11.8114
12.2538
12.9574
14.1874
33.5376
32.5007
33.1127
35.1449
38.5831
43.5515
50.3161
59.3482
71.5013
88.483
33.5375
32.5006
33.1126
35.1448
38.5829
43.5514
50.316
59.348
71.5011
88.4829
33.5375
32.5006
33.1125
35.1448
38.5829
43.5513
50.3159
59.3479
71.501
88.4828
33.5374
32.5005
33.1124
35.1447
38.5828
43.5512
50.3158
59.3478
71.501
88.4827
33.5374
32.5005
33.1124
35.1447
38.5828
43.5512
50.3158
59.3478
71.5009
88.4827
33.5374
32.5005
33.1124
35.1447
38.5828
43.5512
50.3157
59.3478
71.5009
88.4827
33.5374
32.5005
33.1124
35.1447
38.5828
43.5512
50.3158
59.3478
71.5009
88.4827
33.5374
32.5005
33.1125
35.1447
38.5828
43.5513
50.3158
59.3479
71.501
88.4827
33.5375
32.5006
33.1125
35.1448
38.5829
43.5513
50.3159
59.3479
71.5011
88.4828
33.5375
32.5006
33.1126
35.1448
38.5829
43.5514
50.316
59.348
71.5012
88.4829
31.7087
31.4358
32.3261
34.4216
37.7836
42.5342
48.8745
57.0988
67.5879
80.655
31.7086
31.4357
32.326
34.4215
37.7834
42.5341
48.8744
57.0987
67.5878
80.6549
31.7085
31.4356
32.3259
34.4215
37.7834
42.534
48.8743
57.0986
67.5877
80.6548
31.7085
31.4356
32.3259
34.4214
37.7833
42.5339
48.8742
57.0985
67.5876
80.6547
31.7085
31.4356
32.3259
34.4214
37.7833
42.5339
48.8742
57.0985
67.5876
80.6546
31.7085
31.4356
32.3259
34.4214
37.7833
42.5339
48.8742
57.0985
67.5876
80.6546
31.7085
31.4356
32.3259
34.4214
37.7833
42.5339
48.8742
57.0985
67.5876
80.6547
31.7085
31.4356
32.3259
34.4214
37.7833
42.534
48.8743
57.0986
67.5877
80.6547
31.7086
31.4357
32.326
34.4215
37.7834
42.534
48.8743
57.0987
67.5877
80.6548
31.7086
31.4357
32.326
34.4216
37.7835
42.5341
48.8745
57.0988
67.5879
80.6549
29.4632
29.793
30.9673
33.1126
36.3236
40.7028
46.3711
53.4521
62.007
71.8497
29.4631
29.7929
30.9673
33.1125
36.3235
40.7027
46.371
53.452
62.0068
71.8496
29.463
29.7929
30.9672
33.1124
36.3234
40.7026
46.3709
53.4519
62.0067
71.8495
29.463
29.7928
30.9671
33.1124
36.3233
40.7026
46.3708
53.4518
62.0067
71.8494
29.463
29.7928
30.9671
33.1124
36.3233
40.7025
46.3708
53.4518
62.0066
71.8494
29.463
29.7928
30.9671
33.1124
36.3233
40.7025
46.3708
53.4518
62.0066
71.8494
29.463
29.7928
30.9671
33.1124
36.3233
40.7025
46.3708
53.4518
62.0067
71.8494
29.463
29.7928
30.9672
33.1124
36.3234
40.7026
46.3709
53.4519
62.0067
71.8495
29.4631
29.7929
30.9672
33.1125
36.3234
40.7027
46.371
53.452
62.0068
71.8496
29.4631
29.793
30.9673
33.1126
36.3235
40.7028
46.3711
53.4521
62.0069
71.8497
27.1619
27.8907
29.2679
31.4143
34.4182
38.3514
43.2695
49.1901
56.0385
63.549
27.1618
27.8906
29.2678
31.4142
34.4181
38.3513
43.2694
49.19
56.0384
63.5488
27.1618
27.8906
29.2677
31.4142
34.418
38.3512
43.2693
49.1899
56.0383
63.5487
27.1617
27.8905
29.2677
31.4141
34.4179
38.3511
43.2693
49.1898
56.0382
63.5487
27.1617
27.8905
29.2677
31.4141
34.4179
38.3511
43.2692
49.1898
56.0382
63.5486
27.1617
27.8905
29.2677
31.4141
34.4179
38.3511
43.2692
49.1898
56.0382
63.5486
27.1617
27.8905
29.2677
31.4141
34.4179
38.3511
43.2692
49.1898
56.0382
63.5487
27.1618
27.8906
29.2677
31.4141
34.418
38.3512
43.2693
49.1898
56.0382
63.5487
27.1618
27.8906
29.2678
31.4142
34.418
38.3513
43.2694
49.1899
56.0383
63.5488
27.1619
27.8907
29.2679
31.4143
34.4181
38.3514
43.2695
49.1901
56.0385
63.549
24.9314
25.9217
27.4244
29.5285
32.2983
35.7748
39.9692
44.8462
50.294
56.0867
24.9313
25.9216
27.4243
29.5284
32.2982
35.7747
39.9691
44.8461
50.2939
56.0866
24.9312
25.9215
27.4242
29.5283
32.2982
35.7746
39.969
44.846
50.2938
56.0865
24.9312
25.9215
27.4242
29.5282
32.2981
35.7746
39.969
44.8459
50.2937
56.0864
24.9312
25.9215
27.4241
29.5282
32.2981
35.7746
39.9689
44.8459
50.2937
56.0864
24.9311
25.9215
27.4241
29.5282
32.2981
35.7746
39.9689
44.8459
50.2937
56.0864
24.9312
25.9215
27.4241
29.5282
32.2981
35.7746
39.969
44.8459
50.2937
56.0864
24.9312
25.9215
27.4242
29.5283
32.2981
35.7746
39.969
44.846
50.2938
56.0865
24.9313
25.9216
27.4243
29.5283
32.2982
35.7747
39.9691
44.8461
50.2939
56.0866
24.9313
25.9217
27.4243
29.5284
32.2983
35.7748
39.9692
44.8462
50.294
56.0867
22.8387
24.0156
25.5971
27.6381
30.177
33.2289
36.7769
40.7622
45.0731
49.5397
22.8386
24.0155
25.597
27.638
30.1769
33.2287
36.7767
40.7621
45.073
49.5396
22.8386
24.0154
25.597
27.638
30.1769
33.2287
36.7767
40.762
45.0729
49.5395
22.8385
24.0154
25.5969
27.6379
30.1768
33.2286
36.7766
40.762
45.0728
49.5394
22.8385
24.0154
25.5969
27.6379
30.1768
33.2286
36.7766
40.7619
45.0728
49.5394
22.8385
24.0154
25.5969
27.6379
30.1768
33.2286
36.7766
40.7619
45.0728
49.5394
22.8385
24.0154
25.5969
27.6379
30.1768
33.2286
36.7766
40.762
45.0728
49.5394
22.8385
24.0154
25.597
27.638
30.1769
33.2287
36.7767
40.762
45.0729
49.5395
22.8386
24.0155
25.597
27.638
30.1769
33.2287
36.7767
40.7621
45.073
49.5396
22.8387
24.0156
25.5971
27.6381
30.177
33.2289
36.7769
40.7622
45.0731
49.5397
20.9311
22.2712
23.919
25.9014
28.2371
30.9227
33.9232
37.1664
40.5446
43.9297
20.931
22.2711
23.9189
25.9013
28.237
30.9226
33.9231
37.1663
40.5445
43.9296
20.9309
22.271
23.9188
25.9012
28.2369
30.9225
33.923
37.1662
40.5444
43.9295
20.9309
22.271
23.9188
25.9012
28.2369
30.9225
33.9229
37.1661
40.5443
43.9294
20.9309
22.271
23.9188
25.9012
28.2368
30.9224
33.9229
37.1661
40.5443
43.9294
20.9309
22.271
23.9188
25.9012
28.2369
30.9224
33.9229
37.1661
40.5443
43.9294
20.9309
22.271
23.9188
25.9012
28.2369
30.9225
33.9229
37.1661
40.5443
43.9294
20.9309
22.271
23.9188
25.9012
28.2369
30.9225
33.923
37.1662
40.5444
43.9295
20.931
22.2711
23.9189
25.9013
28.237
30.9226
33.9231
37.1663
40.5445
43.9296
20.9311
22.2712
23.919
25.9014
28.2371
30.9227
33.9232
37.1664
40.5446
43.9297
19.2473
20.7746
22.5046
24.4525
26.6305
29.0253
31.5883
34.2318
36.8364
39.281
19.2473
20.7745
22.5045
24.4524
26.6304
29.0252
31.5882
34.2317
36.8363
39.2809
19.2472
20.7744
22.5044
24.4524
26.6303
29.0251
31.5881
34.2316
36.8362
39.2808
19.2472
20.7744
22.5044
24.4523
26.6303
29.0251
31.588
34.2316
36.8362
39.2807
19.2471
20.7744
22.5043
24.4523
26.6303
29.025
31.588
34.2316
36.8362
39.2807
19.2471
20.7744
22.5043
24.4523
26.6303
29.0251
31.588
34.2316
36.8362
39.2807
19.2472
20.7744
22.5044
24.4523
26.6303
29.0251
31.588
34.2316
36.8362
39.2807
19.2472
20.7744
22.5044
24.4524
26.6303
29.0251
31.5881
34.2316
36.8363
39.2808
19.2473
20.7745
22.5045
24.4525
26.6304
29.0252
31.5882
34.2317
36.8364
39.2809
19.2473
20.7746
22.5046
24.4525
26.6305
29.0253
31.5883
34.2318
36.8365
39.281
17.8356
19.6191
21.4604
23.4054
25.4804
27.6722
29.9212
32.1164
34.0953
35.6679
17.8356
19.6191
21.4603
23.4053
25.4803
27.6721
29.9211
32.1163
34.0952
35.6678
17.8355
19.619
21.4603
23.4052
25.4802
27.6721
29.921
32.1162
34.0951
35.6677
17.8355
19.619
21.4602
23.4052
25.4802
27.672
29.921
32.1161
34.0951
35.6676
17.8355
19.619
21.4602
23.4052
25.4801
27.672
29.921
32.1161
34.0951
35.6676
17.8355
19.619
21.4602
23.4052
25.4801
27.672
29.921
32.1161
34.0951
35.6676
17.8355
19.619
21.4602
23.4052
25.4802
27.672
29.921
32.1161
34.0951
35.6676
17.8355
19.619
21.4603
23.4052
25.4802
27.6721
29.9211
32.1162
34.0952
35.6677
17.8356
19.6191
21.4603
23.4053
25.4803
27.6722
29.9212
32.1163
34.0953
35.6678
17.8356
19.6192
21.4604
23.4054
25.4804
27.6723
29.9213
32.1164
34.0954
35.6679
16.8307
18.939
20.8924
22.8523
24.8791
26.9661
29.0464
30.9844
32.5505
33.3507
16.8307
18.9389
20.8923
22.8523
24.879
26.966
29.0463
30.9843
32.5504
33.3506
16.8306
18.9389
20.8922
22.8522
24.879
26.966
29.0462
30.9843
32.5503
33.3505
16.8306
18.9388
20.8922
22.8522
24.8789
26.9659
29.0462
30.9842
32.5503
33.3504
16.8306
18.9388
20.8922
22.8522
24.8789
26.9659
29.0461
30.9842
32.5503
33.3504
16.8306
18.9388
20.8922
22.8522
24.8789
26.9659
29.0462
30.9842
32.5503
33.3504
16.8306
18.9388
20.8922
22.8522
24.8789
26.9659
29.0462
30.9842
32.5503
33.3505
16.8307
18.9389
20.8923
22.8522
24.879
26.966
29.0462
30.9843
32.5504
33.3505
16.8307
18.9389
20.8923
22.8523
24.8791
26.9661
29.0463
30.9844
32.5504
33.3506
16.8308
18.939
20.8924
22.8524
24.8792
26.9662
29.0464
30.9845
32.5506
33.3507
114.248
126.483
133.969
139.201
143.065
145.962
148.106
149.626
150.601
151.077
114.248
126.483
133.969
139.2
143.065
145.962
148.106
149.626
150.601
151.077
114.248
126.483
133.969
139.2
143.065
145.962
148.106
149.626
150.601
151.077
114.248
126.483
133.969
139.2
143.065
145.962
148.106
149.626
150.601
151.077
114.248
126.483
133.969
139.2
143.065
145.961
148.106
149.626
150.601
151.077
114.248
126.483
133.969
139.2
143.065
145.961
148.106
149.626
150.601
151.077
114.248
126.483
133.969
139.2
143.065
145.962
148.106
149.626
150.601
151.077
114.248
126.483
133.969
139.2
143.065
145.962
148.106
149.626
150.601
151.077
114.248
126.483
133.969
139.2
143.065
145.962
148.106
149.626
150.601
151.077
114.248
126.483
133.969
139.201
143.065
145.962
148.106
149.626
150.601
151.078
95.6493
106.552
114.252
119.831
123.967
127.052
129.323
130.926
131.951
132.451
95.6492
106.552
114.251
119.831
123.967
127.052
129.323
130.926
131.951
132.451
95.6491
106.552
114.251
119.831
123.966
127.052
129.323
130.926
131.95
132.451
95.649
106.552
114.251
119.831
123.966
127.052
129.323
130.926
131.95
132.45
95.649
106.552
114.251
119.831
123.966
127.052
129.323
130.926
131.95
132.45
95.649
106.552
114.251
119.831
123.966
127.052
129.323
130.926
131.95
132.45
95.649
106.552
114.251
119.831
123.966
127.052
129.323
130.926
131.95
132.451
95.6491
106.552
114.251
119.831
123.966
127.052
129.323
130.926
131.951
132.451
95.6492
106.552
114.251
119.831
123.967
127.052
129.323
130.926
131.951
132.451
95.6493
106.552
114.252
119.831
123.967
127.052
129.323
130.926
131.951
132.451
82.1272
90.8396
97.6926
102.967
106.998
110.052
112.317
113.922
114.95
115.452
82.127
90.8394
97.6925
102.966
106.998
110.052
112.317
113.922
114.95
115.452
82.1269
90.8393
97.6923
102.966
106.998
110.052
112.317
113.922
114.95
115.452
82.1269
90.8392
97.6923
102.966
106.998
110.052
112.317
113.922
114.949
115.451
82.1268
90.8392
97.6922
102.966
106.998
110.052
112.317
113.922
114.949
115.451
82.1268
90.8392
97.6922
102.966
106.998
110.052
112.317
113.922
114.949
115.451
82.1269
90.8392
97.6923
102.966
106.998
110.052
112.317
113.922
114.949
115.452
82.1269
90.8393
97.6923
102.966
106.998
110.052
112.317
113.922
114.95
115.452
82.127
90.8394
97.6925
102.966
106.998
110.052
112.317
113.922
114.95
115.452
82.1272
90.8396
97.6926
102.967
106.998
110.052
112.317
113.922
114.95
115.452
71.1443
77.9909
83.744
88.399
92.0803
94.9315
97.0762
98.6088
99.5959
100.079
71.1441
77.9907
83.7438
88.3989
92.0802
94.9314
97.0761
98.6087
99.5957
100.079
71.144
77.9906
83.7437
88.3988
92.0801
94.9313
97.0759
98.6086
99.5956
100.079
71.1439
77.9906
83.7436
88.3987
92.08
94.9312
97.0759
98.6085
99.5955
100.079
71.1439
77.9905
83.7436
88.3987
92.08
94.9312
97.0758
98.6085
99.5955
100.079
71.1439
77.9905
83.7436
88.3987
92.08
94.9312
97.0759
98.6085
99.5955
100.079
71.1439
77.9905
83.7436
88.3987
92.08
94.9312
97.0759
98.6085
99.5956
100.079
71.144
77.9906
83.7437
88.3988
92.0801
94.9313
97.076
98.6086
99.5957
100.079
71.1441
77.9907
83.7438
88.3989
92.0802
94.9314
97.0761
98.6087
99.5958
100.079
71.1443
77.9909
83.744
88.399
92.0804
94.9316
97.0763
98.6089
99.596
100.079
61.8671
67.2228
71.9069
75.842
79.0495
81.591
83.5341
84.9385
85.8497
86.2978
61.8669
67.2227
71.9068
75.8418
79.0494
81.5908
83.534
84.9384
85.8495
86.2977
61.8668
67.2226
71.9067
75.8417
79.0493
81.5907
83.5339
84.9383
85.8494
86.2976
61.8668
67.2225
71.9066
75.8416
79.0492
81.5906
83.5338
84.9382
85.8494
86.2975
61.8667
67.2225
71.9066
75.8416
79.0492
81.5906
83.5338
84.9382
85.8493
86.2975
61.8667
67.2225
71.9066
75.8416
79.0492
81.5906
83.5338
84.9382
85.8494
86.2975
61.8668
67.2225
71.9066
75.8416
79.0492
81.5906
83.5338
84.9382
85.8494
86.2976
61.8668
67.2226
71.9067
75.8417
79.0493
81.5907
83.5339
84.9383
85.8495
86.2977
61.8669
67.2227
71.9068
75.8418
79.0494
81.5908
83.534
84.9384
85.8496
86.2978
61.8671
67.2228
71.9069
75.842
79.0496
81.591
83.5342
84.9386
85.8498
86.298
53.949
58.0892
61.8068
65.0223
67.7139
69.8938
71.5892
72.8298
73.6415
74.0427
53.9489
58.089
61.8067
65.0222
67.7138
69.8937
71.5891
72.8297
73.6414
74.0425
53.9488
58.0889
61.8066
65.0221
67.7137
69.8936
71.589
72.8296
73.6413
74.0425
53.9487
58.0889
61.8065
65.022
67.7136
69.8935
71.5889
72.8295
73.6412
74.0424
53.9487
58.0888
61.8065
65.022
67.7136
69.8935
71.5889
72.8295
73.6412
74.0424
53.9487
58.0888
61.8065
65.022
67.7136
69.8935
71.5889
72.8295
73.6412
74.0424
53.9487
58.0889
61.8065
65.022
67.7136
69.8936
71.5889
72.8296
73.6413
74.0425
53.9488
58.089
61.8066
65.0221
67.7137
69.8936
71.589
72.8296
73.6413
74.0425
53.9489
58.0891
61.8067
65.0222
67.7138
69.8937
71.5891
72.8298
73.6415
74.0427
53.949
58.0892
61.8068
65.0223
67.714
69.8939
71.5893
72.8299
73.6416
74.0428
47.2076
50.3109
53.1641
55.7019
57.883
59.6893
61.1193
62.1796
62.8797
63.2276
47.2075
50.3107
53.164
55.7018
57.8828
59.6892
61.1191
62.1795
62.8796
63.2275
47.2074
50.3106
53.1639
55.7017
57.8827
59.6891
61.119
62.1794
62.8795
63.2274
47.2073
50.3106
53.1638
55.7016
57.8827
59.689
61.119
62.1793
62.8795
63.2274
47.2073
50.3105
53.1638
55.7016
57.8826
59.689
61.1189
62.1793
62.8794
63.2274
47.2073
50.3106
53.1638
55.7016
57.8826
59.689
61.1189
62.1793
62.8795
63.2274
47.2073
50.3106
53.1638
55.7017
57.8827
59.689
61.119
62.1794
62.8795
63.2274
47.2074
50.3107
53.1639
55.7017
57.8828
59.6891
61.1191
62.1795
62.8796
63.2275
47.2075
50.3108
53.164
55.7018
57.8829
59.6892
61.1192
62.1796
62.8797
63.2276
47.2076
50.3109
53.1642
55.702
57.883
59.6894
61.1193
62.1797
62.8799
63.2278
41.5183
43.681
45.7543
47.673
49.3768
50.8245
51.9934
52.8726
53.4589
53.7519
41.5182
43.6808
45.7542
47.6729
49.3767
50.8244
51.9932
52.8725
53.4588
53.7518
41.5181
43.6808
45.7541
47.6728
49.3766
50.8243
51.9931
52.8724
53.4587
53.7517
41.518
43.6807
45.754
47.6728
49.3765
50.8243
51.9931
52.8724
53.4587
53.7517
41.518
43.6807
45.754
47.6727
49.3765
50.8242
51.9931
52.8723
53.4587
53.7517
41.518
43.6807
45.754
47.6727
49.3765
50.8242
51.9931
52.8724
53.4587
53.7517
41.518
43.6807
45.754
47.6728
49.3765
50.8243
51.9931
52.8724
53.4587
53.7517
41.5181
43.6808
45.7541
47.6729
49.3766
50.8244
51.9932
52.8725
53.4588
53.7518
41.5182
43.6809
45.7542
47.673
49.3767
50.8245
51.9933
52.8726
53.4589
53.7519
41.5183
43.681
45.7543
47.6731
49.3768
50.8246
51.9934
52.8727
53.4591
53.7521
36.7489
38.0009
39.3742
40.7482
42.0285
43.1521
44.0799
44.7891
45.2669
45.5072
36.7488
38.0008
39.3741
40.7481
42.0284
43.152
44.0798
44.789
45.2668
45.5071
36.7487
38.0007
39.374
40.748
42.0283
43.1519
44.0797
44.7889
45.2668
45.5071
36.7486
38.0007
39.374
40.748
42.0283
43.1519
44.0797
44.7888
45.2667
45.507
36.7486
38.0006
39.3739
40.748
42.0282
43.1518
44.0797
44.7888
45.2667
45.507
36.7486
38.0006
39.3739
40.748
42.0283
43.1519
44.0797
44.7888
45.2667
45.507
36.7486
38.0007
39.374
40.748
42.0283
43.1519
44.0797
44.7889
45.2668
45.5071
36.7487
38.0007
39.374
40.7481
42.0284
43.152
44.0798
44.7889
45.2668
45.5071
36.7488
38.0008
39.3741
40.7482
42.0285
43.1521
44.0799
44.789
45.2669
45.5072
36.7489
38.001
39.3743
40.7483
42.0286
43.1522
44.08
44.7892
45.2671
45.5074
32.6198
33.0192
33.8228
34.7569
35.687
36.5349
37.2527
37.8107
38.1908
38.3832
32.6197
33.0191
33.8227
34.7568
35.6869
36.5348
37.2526
37.8106
38.1907
38.3831
32.6196
33.019
33.8226
34.7568
35.6868
36.5347
37.2525
37.8105
38.1907
38.383
32.6195
33.019
33.8225
34.7567
35.6867
36.5347
37.2525
37.8104
38.1906
38.383
32.6195
33.0189
33.8225
34.7567
35.6867
36.5347
37.2525
37.8104
38.1906
38.383
32.6195
33.0189
33.8225
34.7567
35.6867
36.5347
37.2525
37.8104
38.1906
38.383
32.6195
33.019
33.8226
34.7567
35.6868
36.5347
37.2525
37.8105
38.1907
38.383
32.6196
33.019
33.8226
34.7568
35.6868
36.5348
37.2526
37.8105
38.1907
38.3831
32.6197
33.0191
33.8227
34.7569
35.6869
36.5349
37.2527
37.8106
38.1908
38.3832
32.6198
33.0192
33.8228
34.757
35.687
36.535
37.2528
37.8108
38.191
38.3833
405.235
405.253
405.286
405.331
405.382
405.432
405.479
405.517
405.543
405.557
405.235
405.253
405.286
405.331
405.382
405.432
405.479
405.517
405.543
405.557
405.235
405.253
405.286
405.331
405.382
405.432
405.479
405.517
405.543
405.557
405.235
405.253
405.286
405.331
405.382
405.432
405.479
405.517
405.543
405.557
405.235
405.253
405.286
405.331
405.382
405.432
405.479
405.517
405.543
405.557
405.235
405.253
405.286
405.331
405.382
405.432
405.479
405.517
405.543
405.557
405.235
405.253
405.286
405.331
405.382
405.432
405.479
405.517
405.543
405.557
405.235
405.253
405.286
405.331
405.382
405.432
405.479
405.517
405.543
405.557
405.235
405.253
405.286
405.331
405.382
405.432
405.479
405.517
405.543
405.557
405.235
405.253
405.286
405.331
405.382
405.432
405.479
405.517
405.543
405.557
375.763
375.82
375.926
376.066
376.223
376.381
376.524
376.641
376.723
376.766
375.763
375.82
375.926
376.066
376.223
376.381
376.524
376.641
376.723
376.766
375.763
375.82
375.926
376.066
376.223
376.381
376.524
376.641
376.723
376.766
375.763
375.82
375.926
376.066
376.223
376.381
376.524
376.641
376.723
376.766
375.763
375.82
375.926
376.066
376.223
376.38
376.524
376.641
376.723
376.766
375.763
375.82
375.926
376.066
376.223
376.38
376.524
376.641
376.723
376.766
375.763
375.82
375.926
376.066
376.223
376.381
376.524
376.641
376.723
376.766
375.763
375.82
375.926
376.066
376.223
376.381
376.524
376.641
376.723
376.766
375.763
375.82
375.926
376.066
376.223
376.381
376.524
376.641
376.723
376.766
375.763
375.82
375.926
376.066
376.223
376.381
376.524
376.641
376.723
376.766
346.466
346.571
346.763
347.016
347.298
347.579
347.831
348.037
348.181
348.255
346.466
346.57
346.763
347.016
347.298
347.578
347.831
348.036
348.181
348.255
346.466
346.57
346.763
347.016
347.298
347.578
347.831
348.036
348.18
348.255
346.466
346.57
346.763
347.016
347.298
347.578
347.831
348.036
348.18
348.255
346.466
346.57
346.763
347.016
347.298
347.578
347.831
348.036
348.18
348.255
346.466
346.57
346.763
347.016
347.298
347.578
347.831
348.036
348.18
348.255
346.466
346.57
346.763
347.016
347.298
347.578
347.831
348.036
348.18
348.255
346.466
346.57
346.763
347.016
347.298
347.578
347.831
348.036
348.18
348.255
346.466
346.57
346.763
347.016
347.298
347.578
347.831
348.036
348.181
348.255
346.466
346.57
346.763
347.016
347.298
347.578
347.831
348.036
348.181
348.255
317.443
317.612
317.92
318.32
318.759
319.19
319.574
319.883
320.098
320.209
317.443
317.612
317.92
318.32
318.759
319.19
319.574
319.883
320.098
320.209
317.442
317.611
317.92
318.32
318.759
319.19
319.574
319.883
320.098
320.209
317.442
317.611
317.92
318.32
318.759
319.19
319.574
319.883
320.098
320.209
317.442
317.611
317.92
318.32
318.759
319.19
319.574
319.883
320.098
320.209
317.442
317.611
317.92
318.32
318.759
319.19
319.574
319.883
320.098
320.209
317.442
317.611
317.92
318.32
318.759
319.19
319.574
319.883
320.098
320.209
317.442
317.611
317.92
318.32
318.759
319.19
319.574
319.883
320.098
320.209
317.442
317.611
317.92
318.32
318.759
319.19
319.574
319.883
320.098
320.209
317.442
317.612
317.92
318.32
318.759
319.19
319.574
319.883
320.098
320.209
288.767
289.031
289.505
290.107
290.754
291.376
291.922
292.356
292.656
292.809
288.767
289.031
289.505
290.107
290.754
291.376
291.921
292.356
292.656
292.808
288.766
289.031
289.505
290.107
290.754
291.376
291.921
292.355
292.655
292.808
288.766
289.031
289.505
290.107
290.754
291.376
291.921
292.355
292.655
292.808
288.766
289.031
289.505
290.107
290.753
291.376
291.921
292.355
292.655
292.808
288.766
289.031
289.505
290.107
290.753
291.376
291.921
292.355
292.655
292.808
288.766
289.031
289.505
290.107
290.753
291.376
291.921
292.355
292.655
292.808
288.766
289.031
289.505
290.107
290.754
291.376
291.921
292.355
292.655
292.808
288.766
289.031
289.505
290.107
290.754
291.376
291.921
292.356
292.656
292.808
288.767
289.031
289.505
290.107
290.754
291.376
291.922
292.356
292.656
292.809
260.468
260.884
261.608
262.499
263.426
264.296
265.042
265.627
266.026
266.229
260.468
260.884
261.608
262.499
263.426
264.295
265.042
265.627
266.026
266.228
260.468
260.884
261.608
262.499
263.426
264.295
265.042
265.626
266.026
266.228
260.468
260.884
261.608
262.498
263.426
264.295
265.042
265.626
266.026
266.228
260.468
260.884
261.608
262.498
263.426
264.295
265.042
265.626
266.026
266.228
260.468
260.884
261.608
262.498
263.426
264.295
265.042
265.626
266.026
266.228
260.468
260.884
261.608
262.498
263.426
264.295
265.042
265.626
266.026
266.228
260.468
260.884
261.608
262.498
263.426
264.295
265.042
265.626
266.026
266.228
260.468
260.884
261.608
262.499
263.426
264.295
265.042
265.627
266.026
266.228
260.468
260.884
261.608
262.499
263.426
264.296
265.042
265.627
266.026
266.229
232.506
233.182
234.303
235.615
236.925
238.111
239.103
239.864
240.378
240.636
232.506
233.182
234.303
235.615
236.925
238.111
239.102
239.864
240.378
240.636
232.506
233.181
234.303
235.615
236.925
238.11
239.102
239.864
240.378
240.636
232.506
233.181
234.303
235.615
236.925
238.11
239.102
239.864
240.378
240.636
232.506
233.181
234.303
235.615
236.925
238.11
239.102
239.864
240.378
240.636
232.506
233.181
234.303
235.615
236.925
238.11
239.102
239.864
240.378
240.636
232.506
233.181
234.303
235.615
236.925
238.11
239.102
239.864
240.378
240.636
232.506
233.181
234.303
235.615
236.925
238.11
239.102
239.864
240.378
240.636
232.506
233.181
234.303
235.615
236.925
238.111
239.102
239.864
240.378
240.636
232.506
233.182
234.303
235.615
236.925
238.111
239.103
239.864
240.378
240.636
204.712
205.88
207.66
209.592
211.413
212.991
214.271
215.232
215.871
216.19
204.712
205.88
207.659
209.592
211.413
212.991
214.27
215.232
215.871
216.19
204.712
205.88
207.659
209.592
211.413
212.991
214.27
215.232
215.871
216.19
204.712
205.879
207.659
209.592
211.413
212.991
214.27
215.232
215.871
216.19
204.712
205.879
207.659
209.592
211.413
212.991
214.27
215.232
215.871
216.19
204.712
205.879
207.659
209.592
211.413
212.991
214.27
215.232
215.871
216.19
204.712
205.879
207.659
209.592
211.413
212.991
214.27
215.232
215.871
216.19
204.712
205.879
207.659
209.592
211.413
212.991
214.27
215.232
215.871
216.19
204.712
205.88
207.659
209.592
211.413
212.991
214.27
215.232
215.871
216.19
204.712
205.88
207.659
209.592
211.413
212.991
214.271
215.232
215.871
216.19
176.666
178.885
181.789
184.617
187.087
189.122
190.717
191.887
192.655
193.034
176.666
178.885
181.789
184.617
187.087
189.122
190.717
191.887
192.655
193.034
176.666
178.885
181.789
184.616
187.087
189.122
190.716
191.887
192.654
193.034
176.666
178.885
181.789
184.616
187.087
189.122
190.716
191.887
192.654
193.034
176.666
178.885
181.789
184.616
187.087
189.122
190.716
191.887
192.654
193.034
176.666
178.885
181.789
184.616
187.087
189.122
190.716
191.887
192.654
193.034
176.666
178.885
181.789
184.616
187.087
189.122
190.716
191.887
192.654
193.034
176.666
178.885
181.789
184.616
187.087
189.122
190.716
191.887
192.654
193.034
176.666
178.885
181.789
184.617
187.087
189.122
190.717
191.887
192.655
193.034
176.666
178.885
181.789
184.617
187.087
189.122
190.717
191.887
192.655
193.034
147.367
152.177
156.977
160.991
164.202
166.709
168.61
169.977
170.861
171.296
147.367
152.177
156.977
160.991
164.201
166.709
168.61
169.977
170.861
171.296
147.366
152.177
156.977
160.991
164.201
166.709
168.61
169.977
170.861
171.296
147.366
152.177
156.977
160.991
164.201
166.709
168.61
169.976
170.861
171.296
147.366
152.177
156.977
160.991
164.201
166.709
168.61
169.976
170.861
171.296
147.366
152.177
156.977
160.991
164.201
166.709
168.61
169.976
170.861
171.296
147.366
152.177
156.977
160.991
164.201
166.709
168.61
169.977
170.861
171.296
147.366
152.177
156.977
160.991
164.201
166.709
168.61
169.977
170.861
171.296
147.367
152.177
156.977
160.991
164.201
166.709
168.61
169.977
170.861
171.296
147.367
152.177
156.977
160.991
164.202
166.709
168.61
169.977
170.861
171.296
9.38359
9.40179
9.44159
9.5099
9.61743
9.77906
10.0137
10.3419
10.7723
11.2334
9.38356
9.40175
9.44155
9.50986
9.6174
9.77902
10.0136
10.3419
10.7723
11.2334
9.38353
9.40172
9.44153
9.50983
9.61737
9.77899
10.0136
10.3418
10.7722
11.2333
9.38351
9.4017
9.44151
9.50982
9.61735
9.77897
10.0136
10.3418
10.7722
11.2333
9.3835
9.4017
9.4415
9.50981
9.61734
9.77896
10.0136
10.3418
10.7722
11.2333
9.3835
9.4017
9.4415
9.50981
9.61734
9.77896
10.0136
10.3418
10.7722
11.2333
9.38351
9.4017
9.44151
9.50982
9.61735
9.77897
10.0136
10.3418
10.7722
11.2333
9.38353
9.40172
9.44153
9.50984
9.61737
9.779
10.0136
10.3418
10.7723
11.2333
9.38355
9.40175
9.44156
9.50987
9.61741
9.77903
10.0137
10.3419
10.7723
11.2334
9.38358
9.40178
9.44159
9.50991
9.61745
9.77907
10.0137
10.3419
10.7723
11.2334
7.91061
7.92734
7.96322
8.02293
8.11315
8.24176
8.41564
8.63501
8.87948
9.07817
7.91058
7.92731
7.96319
8.02289
8.11311
8.24173
8.41561
8.63497
8.87944
9.07814
7.91056
7.92728
7.96316
8.02287
8.11309
8.2417
8.41558
8.63494
8.87942
9.07811
7.91054
7.92727
7.96315
8.02285
8.11307
8.24169
8.41556
8.63492
8.8794
9.0781
7.91053
7.92726
7.96314
8.02284
8.11306
8.24168
8.41556
8.63492
8.87939
9.07809
7.91053
7.92726
7.96314
8.02285
8.11307
8.24168
8.41556
8.63492
8.8794
9.07809
7.91054
7.92727
7.96315
8.02286
8.11308
8.24169
8.41557
8.63493
8.87941
9.07811
7.91056
7.92729
7.96317
8.02287
8.1131
8.24171
8.41559
8.63496
8.87943
9.07813
7.91058
7.92731
7.96319
8.0229
8.11313
8.24174
8.41562
8.63499
8.87947
9.07817
7.9106
7.92734
7.96323
8.02294
8.11316
8.24178
8.41566
8.63503
8.87951
9.07821
6.65459
6.66892
6.69912
6.74794
6.8189
6.91505
7.03673
7.17732
7.31634
7.41253
6.65456
6.66889
6.69909
6.74791
6.81887
6.91502
7.0367
7.17729
7.31631
7.41251
6.65454
6.66887
6.69906
6.74789
6.81885
6.91499
7.03668
7.17726
7.31629
7.41249
6.65452
6.66885
6.69905
6.74788
6.81883
6.91498
7.03666
7.17725
7.31627
7.41248
6.65451
6.66885
6.69904
6.74787
6.81882
6.91497
7.03666
7.17724
7.31627
7.41247
6.65451
6.66885
6.69904
6.74787
6.81883
6.91498
7.03666
7.17724
7.31627
7.41247
6.65452
6.66885
6.69905
6.74788
6.81884
6.91499
7.03667
7.17726
7.31628
7.41249
6.65454
6.66887
6.69907
6.7479
6.81885
6.915
7.03669
7.17728
7.3163
7.41251
6.65456
6.66889
6.69909
6.74792
6.81888
6.91503
7.03672
7.17731
7.31633
7.41254
6.65458
6.66892
6.69912
6.74796
6.81891
6.91507
7.03676
7.17734
7.31637
7.41258
5.59794
5.60957
5.63368
5.67167
5.72495
5.79394
5.87646
5.96535
6.04612
6.09696
5.59791
5.60954
5.63365
5.67164
5.72492
5.79391
5.87643
5.96532
6.04609
6.09694
5.59789
5.60952
5.63363
5.67162
5.7249
5.79389
5.87641
5.9653
6.04607
6.09692
5.59788
5.60951
5.63362
5.6716
5.72488
5.79388
5.87639
5.96528
6.04606
6.09691
5.59787
5.6095
5.63361
5.6716
5.72488
5.79387
5.87639
5.96528
6.04606
6.09691
5.59787
5.6095
5.63361
5.6716
5.72488
5.79387
5.87639
5.96528
6.04606
6.09691
5.59788
5.60951
5.63362
5.67161
5.72489
5.79388
5.8764
5.96529
6.04607
6.09692
5.59789
5.60952
5.63363
5.67162
5.7249
5.7939
5.87642
5.96531
6.04609
6.09694
5.59791
5.60954
5.63366
5.67165
5.72493
5.79393
5.87644
5.96534
6.04612
6.09697
5.59793
5.60957
5.63369
5.67168
5.72496
5.79396
5.87648
5.96537
6.04615
6.097
4.72469
4.73374
4.75225
4.78075
4.81949
4.86773
4.9228
4.979
5.02712
5.05573
4.72467
4.73372
4.75223
4.78072
4.81946
4.86771
4.92277
4.97897
5.0271
5.05571
4.72465
4.7337
4.75221
4.7807
4.81944
4.86769
4.92275
4.97895
5.02708
5.0557
4.72464
4.73369
4.7522
4.78069
4.81943
4.86768
4.92274
4.97894
5.02707
5.05569
4.72463
4.73368
4.75219
4.78069
4.81943
4.86767
4.92274
4.97894
5.02707
5.05568
4.72463
4.73368
4.75219
4.78069
4.81943
4.86767
4.92274
4.97894
5.02707
5.05569
4.72464
4.73369
4.7522
4.7807
4.81944
4.86768
4.92275
4.97895
5.02708
5.0557
4.72465
4.7337
4.75221
4.78071
4.81945
4.8677
4.92277
4.97897
5.0271
5.05572
4.72467
4.73372
4.75223
4.78073
4.81947
4.86772
4.92279
4.97899
5.02712
5.05574
4.72469
4.73375
4.75226
4.78076
4.8195
4.86775
4.92282
4.97902
5.02715
5.05577
4.02055
4.0274
4.04123
4.0621
4.08971
4.12299
4.15956
4.19536
4.22476
4.24162
4.02053
4.02738
4.04121
4.06207
4.08969
4.12297
4.15954
4.19534
4.22474
4.24161
4.02051
4.02736
4.04119
4.06206
4.08967
4.12295
4.15952
4.19532
4.22472
4.24159
4.0205
4.02735
4.04118
4.06205
4.08966
4.12294
4.15951
4.19531
4.22471
4.24158
4.0205
4.02734
4.04117
4.06204
4.08966
4.12294
4.15951
4.19531
4.22471
4.24158
4.0205
4.02734
4.04117
4.06204
4.08966
4.12294
4.15951
4.19531
4.22471
4.24158
4.0205
4.02735
4.04118
4.06205
4.08967
4.12295
4.15952
4.19532
4.22472
4.24159
4.02051
4.02736
4.04119
4.06206
4.08968
4.12296
4.15953
4.19534
4.22474
4.24161
4.02053
4.02738
4.04121
4.06208
4.0897
4.12298
4.15956
4.19536
4.22476
4.24163
4.02055
4.0274
4.04124
4.06211
4.08973
4.12301
4.15958
4.19539
4.22479
4.24166
3.47308
3.47819
3.4884
3.50355
3.52313
3.54609
3.57056
3.59375
3.61222
3.62257
3.47306
3.47817
3.48838
3.50352
3.52311
3.54607
3.57054
3.59373
3.6122
3.62255
3.47304
3.47815
3.48836
3.50351
3.5231
3.54606
3.57052
3.59371
3.61219
3.62254
3.47303
3.47814
3.48835
3.5035
3.52309
3.54605
3.57051
3.59371
3.61218
3.62254
3.47303
3.47814
3.48835
3.5035
3.52308
3.54604
3.57051
3.5937
3.61218
3.62253
3.47303
3.47814
3.48835
3.5035
3.52308
3.54605
3.57051
3.59371
3.61218
3.62254
3.47303
3.47814
3.48836
3.5035
3.52309
3.54605
3.57052
3.59371
3.61219
3.62255
3.47304
3.47816
3.48837
3.50352
3.5231
3.54607
3.57053
3.59373
3.6122
3.62256
3.47306
3.47817
3.48839
3.50353
3.52312
3.54609
3.57055
3.59375
3.61222
3.62258
3.47308
3.47819
3.48841
3.50356
3.52315
3.54611
3.57058
3.59377
3.61225
3.62261
3.07192
3.07577
3.0834
3.09455
3.10869
3.12489
3.14172
3.15727
3.16939
3.17607
3.0719
3.07575
3.08338
3.09453
3.10867
3.12487
3.1417
3.15726
3.16937
3.17605
3.07188
3.07574
3.08336
3.09451
3.10865
3.12485
3.14168
3.15724
3.16936
3.17604
3.07188
3.07573
3.08336
3.0945
3.10864
3.12484
3.14168
3.15724
3.16935
3.17604
3.07187
3.07572
3.08335
3.0945
3.10864
3.12484
3.14167
3.15723
3.16935
3.17603
3.07187
3.07572
3.08335
3.0945
3.10864
3.12484
3.14168
3.15724
3.16935
3.17604
3.07188
3.07573
3.08336
3.09451
3.10865
3.12485
3.14168
3.15724
3.16936
3.17605
3.07189
3.07574
3.08337
3.09452
3.10866
3.12486
3.1417
3.15726
3.16937
3.17606
3.0719
3.07575
3.08339
3.09454
3.10868
3.12488
3.14171
3.15728
3.16939
3.17608
3.07192
3.07577
3.08341
3.09456
3.1087
3.1249
3.14174
3.1573
3.16942
3.1761
2.80905
2.8121
2.81808
2.82673
2.83753
2.84968
2.86206
2.87329
2.88188
2.88657
2.80904
2.81208
2.81807
2.82671
2.83751
2.84966
2.86204
2.87327
2.88187
2.88656
2.80902
2.81207
2.81805
2.8267
2.8375
2.84965
2.86203
2.87326
2.88186
2.88655
2.80902
2.81206
2.81805
2.82669
2.83749
2.84964
2.86202
2.87325
2.88185
2.88654
2.80901
2.81206
2.81804
2.82669
2.83749
2.84964
2.86202
2.87325
2.88185
2.88654
2.80901
2.81206
2.81804
2.82669
2.83749
2.84964
2.86202
2.87325
2.88185
2.88655
2.80902
2.81206
2.81805
2.8267
2.8375
2.84965
2.86203
2.87326
2.88186
2.88655
2.80903
2.81207
2.81806
2.82671
2.83751
2.84966
2.86204
2.87327
2.88187
2.88657
2.80904
2.81209
2.81808
2.82672
2.83752
2.84968
2.86206
2.87329
2.88189
2.88658
2.80906
2.81211
2.8181
2.82675
2.83755
2.8497
2.86208
2.87331
2.88191
2.88661
2.67901
2.68167
2.68686
2.69431
2.70352
2.71378
2.72412
2.73339
2.74042
2.74423
2.679
2.68165
2.68685
2.69429
2.70351
2.71377
2.7241
2.73337
2.74041
2.74422
2.67899
2.68164
2.68683
2.69428
2.7035
2.71376
2.72409
2.73336
2.7404
2.74421
2.67898
2.68163
2.68683
2.69428
2.70349
2.71375
2.72409
2.73336
2.74039
2.74421
2.67898
2.68163
2.68682
2.69427
2.70349
2.71375
2.72409
2.73336
2.74039
2.74421
2.67898
2.68163
2.68683
2.69427
2.70349
2.71375
2.72409
2.73336
2.7404
2.74421
2.67899
2.68164
2.68683
2.69428
2.7035
2.71376
2.7241
2.73337
2.7404
2.74422
2.67899
2.68165
2.68684
2.69429
2.70351
2.71377
2.72411
2.73338
2.74042
2.74423
2.67901
2.68166
2.68686
2.69431
2.70352
2.71379
2.72412
2.7334
2.74043
2.74425
2.67902
2.68168
2.68688
2.69433
2.70355
2.71381
2.72415
2.73342
2.74045
2.74427
28.1344
28.4083
28.9212
29.5576
30.2232
30.851
31.3952
31.8252
32.1213
32.2721
28.1343
28.4082
28.9211
29.5575
30.2231
30.8509
31.3951
31.8251
32.1212
32.2721
28.1342
28.4081
28.921
29.5574
30.223
30.8508
31.395
31.825
32.1212
32.272
28.1342
28.4081
28.9209
29.5573
30.2229
30.8508
31.395
31.8249
32.1211
32.272
28.1341
28.408
28.9209
29.5573
30.2229
30.8507
31.3949
31.8249
32.1211
32.2719
28.1342
28.408
28.9209
29.5573
30.2229
30.8508
31.395
31.8249
32.1211
32.272
28.1342
28.4081
28.921
29.5574
30.223
30.8508
31.395
31.825
32.1212
32.272
28.1342
28.4081
28.921
29.5574
30.223
30.8509
31.3951
31.825
32.1212
32.2721
28.1343
28.4082
28.9211
29.5575
30.2231
30.8509
31.3951
31.8251
32.1213
32.2722
28.1344
28.4083
28.9212
29.5576
30.2232
30.8511
31.3953
31.8253
32.1214
32.2723
24.0984
24.2834
24.6249
25.0632
25.5373
25.9968
26.4033
26.7293
26.9561
27.0722
24.0983
24.2833
24.6248
25.0631
25.5372
25.9967
26.4032
26.7292
26.956
27.0722
24.0983
24.2832
24.6247
25.063
25.5372
25.9967
26.4032
26.7291
26.9559
27.0721
24.0982
24.2832
24.6247
25.063
25.5371
25.9966
26.4031
26.7291
26.9559
27.0721
24.0982
24.2831
24.6247
25.063
25.5371
25.9966
26.4031
26.7291
26.9559
27.0721
24.0982
24.2832
24.6247
25.063
25.5371
25.9966
26.4031
26.7291
26.9559
27.0721
24.0982
24.2832
24.6247
25.063
25.5371
25.9966
26.4032
26.7291
26.9559
27.0721
24.0983
24.2832
24.6248
25.0631
25.5372
25.9967
26.4032
26.7292
26.956
27.0722
24.0984
24.2833
24.6248
25.0631
25.5373
25.9968
26.4033
26.7293
26.9561
27.0723
24.0984
24.2834
24.6249
25.0632
25.5374
25.9969
26.4034
26.7294
26.9562
27.0724
20.5497
20.6755
20.9085
21.2136
21.5514
21.8855
22.1862
22.4303
22.6016
22.6899
20.5496
20.6755
20.9084
21.2135
21.5513
21.8855
22.1861
22.4302
22.6016
22.6898
20.5496
20.6754
20.9083
21.2134
21.5512
21.8854
22.186
22.4301
22.6015
22.6897
20.5495
20.6753
20.9083
21.2134
21.5512
21.8854
22.186
22.4301
22.6015
22.6897
20.5495
20.6753
20.9083
21.2133
21.5512
21.8853
22.186
22.4301
22.6015
22.6897
20.5495
20.6753
20.9083
21.2134
21.5512
21.8853
22.186
22.4301
22.6015
22.6897
20.5495
20.6754
20.9083
21.2134
21.5512
21.8854
22.186
22.4301
22.6015
22.6898
20.5496
20.6754
20.9083
21.2134
21.5512
21.8854
22.1861
22.4302
22.6016
22.6898
20.5496
20.6755
20.9084
21.2135
21.5513
21.8855
22.1861
22.4303
22.6016
22.6899
20.5497
20.6756
20.9085
21.2136
21.5514
21.8856
22.1862
22.4304
22.6017
22.69
17.4972
17.5839
17.7454
17.9599
18.2012
18.4437
18.6648
18.8462
18.9744
19.0408
17.4971
17.5839
17.7453
17.9598
18.2012
18.4437
18.6647
18.8461
18.9744
19.0407
17.4971
17.5838
17.7453
17.9597
18.2011
18.4436
18.6646
18.846
18.9743
19.0407
17.497
17.5838
17.7453
17.9597
18.2011
18.4436
18.6646
18.846
18.9743
19.0407
17.497
17.5838
17.7452
17.9597
18.201
18.4435
18.6646
18.846
18.9743
19.0407
17.497
17.5838
17.7452
17.9597
18.201
18.4436
18.6646
18.846
18.9743
19.0407
17.497
17.5838
17.7453
17.9597
18.2011
18.4436
18.6646
18.846
18.9743
19.0407
17.4971
17.5838
17.7453
17.9598
18.2011
18.4436
18.6647
18.8461
18.9744
19.0407
17.4971
17.5839
17.7454
17.9598
18.2012
18.4437
18.6648
18.8462
18.9745
19.0408
17.4972
17.584
17.7455
17.9599
18.2013
18.4438
18.6649
18.8463
18.9745
19.0409
14.9327
14.9933
15.1069
15.2592
15.4326
15.6089
15.7713
15.9057
16.0013
16.0509
14.9326
14.9933
15.1068
15.2591
15.4325
15.6088
15.7712
15.9056
16.0012
16.0509
14.9325
14.9932
15.1068
15.2591
15.4325
15.6088
15.7712
15.9056
16.0012
16.0509
14.9325
14.9932
15.1067
15.259
15.4325
15.6088
15.7711
15.9055
16.0012
16.0508
14.9325
14.9932
15.1067
15.259
15.4324
15.6087
15.7711
15.9055
16.0012
16.0508
14.9325
14.9932
15.1067
15.259
15.4325
15.6088
15.7711
15.9055
16.0012
16.0508
14.9325
14.9932
15.1067
15.2591
15.4325
15.6088
15.7712
15.9056
16.0012
16.0509
14.9326
14.9932
15.1068
15.2591
15.4325
15.6088
15.7712
15.9056
16.0012
16.0509
14.9326
14.9933
15.1068
15.2592
15.4326
15.6089
15.7713
15.9057
16.0013
16.051
14.9327
14.9934
15.1069
15.2592
15.4327
15.609
15.7714
15.9058
16.0014
16.0511
12.839
12.8822
12.9633
13.073
13.1989
13.3281
13.4481
13.548
13.6195
13.6567
12.8389
12.8821
12.9633
13.0729
13.1989
13.328
13.448
13.5479
13.6194
13.6567
12.8389
12.882
12.9632
13.0729
13.1988
13.328
13.4479
13.5479
13.6194
13.6566
12.8388
12.882
12.9632
13.0728
13.1988
13.328
13.4479
13.5479
13.6193
13.6566
12.8388
12.882
12.9632
13.0728
13.1988
13.328
13.4479
13.5479
13.6193
13.6566
12.8388
12.882
12.9632
13.0728
13.1988
13.328
13.4479
13.5479
13.6193
13.6566
12.8388
12.882
12.9632
13.0729
13.1988
13.328
13.4479
13.5479
13.6194
13.6566
12.8389
12.882
12.9632
13.0729
13.1989
13.328
13.448
13.5479
13.6194
13.6567
12.8389
12.8821
12.9633
13.073
13.1989
13.3281
13.448
13.548
13.6195
13.6567
12.839
12.8822
12.9634
13.073
13.199
13.3282
13.4481
13.5481
13.6196
13.6568
11.1958
11.2273
11.2868
11.3675
11.4608
11.5571
11.6471
11.7226
11.7767
11.805
11.1958
11.2273
11.2867
11.3674
11.4607
11.5571
11.6471
11.7225
11.7767
11.805
11.1957
11.2272
11.2866
11.3674
11.4607
11.557
11.647
11.7225
11.7766
11.8049
11.1957
11.2272
11.2866
11.3673
11.4606
11.557
11.647
11.7224
11.7766
11.8049
11.1957
11.2272
11.2866
11.3673
11.4606
11.557
11.647
11.7224
11.7766
11.8049
11.1957
11.2272
11.2866
11.3673
11.4606
11.557
11.647
11.7224
11.7766
11.8049
11.1957
11.2272
11.2866
11.3673
11.4607
11.557
11.647
11.7225
11.7766
11.8049
11.1957
11.2272
11.2867
11.3674
11.4607
11.557
11.6471
11.7225
11.7767
11.805
11.1958
11.2273
11.2867
11.3674
11.4608
11.5571
11.6471
11.7226
11.7767
11.805
11.1958
11.2273
11.2868
11.3675
11.4608
11.5572
11.6472
11.7226
11.7768
11.8051
9.98349
10.0074
10.0526
10.1143
10.186
10.2603
10.3302
10.3889
10.4313
10.4534
9.98343
10.0073
10.0526
10.1143
10.1859
10.2603
10.3301
10.3889
10.4312
10.4534
9.98339
10.0073
10.0525
10.1142
10.1859
10.2602
10.3301
10.3888
10.4312
10.4533
9.98336
10.0073
10.0525
10.1142
10.1859
10.2602
10.3301
10.3888
10.4311
10.4533
9.98335
10.0073
10.0525
10.1142
10.1858
10.2602
10.3301
10.3888
10.4311
10.4533
9.98336
10.0073
10.0525
10.1142
10.1858
10.2602
10.3301
10.3888
10.4311
10.4533
9.98337
10.0073
10.0525
10.1142
10.1859
10.2602
10.3301
10.3888
10.4312
10.4533
9.9834
10.0073
10.0526
10.1142
10.1859
10.2603
10.3301
10.3889
10.4312
10.4534
9.98345
10.0074
10.0526
10.1143
10.186
10.2603
10.3302
10.3889
10.4313
10.4534
9.9835
10.0074
10.0527
10.1144
10.186
10.2604
10.3302
10.389
10.4313
10.4535
9.18529
9.20464
9.24133
9.29151
9.34999
9.41091
9.46831
9.51674
9.55171
9.57005
9.18524
9.20458
9.24128
9.29146
9.34994
9.41086
9.46826
9.51669
9.55167
9.57001
9.1852
9.20455
9.24124
9.29142
9.3499
9.41082
9.46822
9.51665
9.55164
9.56999
9.18517
9.20452
9.24122
9.2914
9.34988
9.4108
9.4682
9.51663
9.55162
9.56997
9.18516
9.20451
9.24121
9.29139
9.34987
9.41079
9.46819
9.51663
9.55161
9.56997
9.18517
9.20452
9.24121
9.29139
9.34988
9.4108
9.4682
9.51664
9.55162
9.56998
9.18518
9.20453
9.24123
9.29141
9.3499
9.41082
9.46822
9.51666
9.55165
9.57
9.18521
9.20457
9.24127
9.29145
9.34994
9.41086
9.46826
9.5167
9.55169
9.57004
9.18525
9.20461
9.24131
9.2915
9.34999
9.41091
9.46831
9.51675
9.55174
9.57009
9.1853
9.20467
9.24138
9.29156
9.35005
9.41097
9.46838
9.51682
9.55181
9.57016
8.7893
8.80652
8.83921
8.88396
8.93622
8.99075
9.04223
9.08574
9.1172
9.13371
8.78926
8.80648
8.83916
8.88392
8.93617
8.99071
9.04219
9.0857
9.11716
9.13368
8.78923
8.80645
8.83913
8.88389
8.93614
8.99068
9.04216
9.08567
9.11714
9.13366
8.7892
8.80643
8.83911
8.88386
8.93612
8.99066
9.04214
9.08565
9.11712
9.13365
8.78919
8.80642
8.8391
8.88386
8.93611
8.99065
9.04213
9.08565
9.11712
9.13364
8.7892
8.80642
8.83911
8.88386
8.93612
8.99066
9.04214
9.08566
9.11713
9.13365
8.78921
8.80644
8.83912
8.88388
8.93614
8.99068
9.04217
9.08568
9.11715
9.13368
8.78924
8.80647
8.83916
8.88392
8.93618
8.99072
9.0422
9.08572
9.11719
9.13372
8.78928
8.80651
8.8392
8.88396
8.93623
8.99077
9.04225
9.08577
9.11724
9.13377
8.78933
8.80657
8.83927
8.88403
8.93629
8.99083
9.04232
9.08583
9.11731
9.13383
)
;

boundaryField
{
    inlet1
    {
        type            fixedValue;
        value           uniform 10;
    }
    inlet2
    {
        type            fixedValue;
        value           uniform 20;
    }
    outlet1
    {
        type            zeroGradient;
    }
    outlet2
    {
        type            zeroGradient;
    }
    fixedWalls
    {
        type            zeroGradient;
    }
}


// ************************************************************************* //
