/*--------------------------------*- C++ -*----------------------------------*\
  =========                 |
  \\      /  F ield         | OpenFOAM: The Open Source CFD Toolbox
   \\    /   O peration     | Website:  https://openfoam.org
    \\  /    A nd           | Version:  6
     \\/     M anipulation  |
\*---------------------------------------------------------------------------*/
FoamFile
{
    version     2.0;
    format      ascii;
    class       volScalarField;
    location    "0.85";
    object      T;
}
// * * * * * * * * * * * * * * * * * * * * * * * * * * * * * * * * * * * * * //

dimensions      [0 0 0 1 0 0 0];

internalField   nonuniform List<scalar> 
7000
(
106.525
106.524
106.521
106.517
106.512
106.507
106.502
106.497
106.494
106.492
106.525
106.524
106.521
106.517
106.512
106.507
106.502
106.497
106.494
106.492
106.525
106.524
106.521
106.517
106.512
106.507
106.502
106.497
106.494
106.492
106.525
106.524
106.521
106.517
106.512
106.507
106.502
106.497
106.494
106.492
106.525
106.524
106.521
106.517
106.512
106.507
106.502
106.497
106.494
106.492
106.525
106.524
106.521
106.517
106.512
106.507
106.502
106.497
106.494
106.492
106.525
106.524
106.521
106.517
106.512
106.507
106.502
106.497
106.494
106.492
106.525
106.524
106.521
106.517
106.512
106.507
106.502
106.497
106.494
106.492
106.525
106.524
106.521
106.517
106.512
106.507
106.502
106.497
106.494
106.492
106.525
106.524
106.521
106.517
106.512
106.507
106.502
106.497
106.494
106.492
99.5966
99.5922
99.5837
99.5717
99.5571
99.5411
99.5251
99.511
99.5003
99.4946
99.5966
99.5922
99.5837
99.5717
99.5571
99.541
99.5251
99.511
99.5003
99.4946
99.5966
99.5922
99.5837
99.5717
99.5571
99.541
99.5251
99.511
99.5003
99.4946
99.5966
99.5922
99.5837
99.5717
99.5571
99.541
99.5251
99.5109
99.5003
99.4946
99.5966
99.5922
99.5837
99.5717
99.5571
99.541
99.5251
99.5109
99.5003
99.4946
99.5966
99.5922
99.5837
99.5717
99.5571
99.541
99.5251
99.5109
99.5003
99.4946
99.5966
99.5922
99.5837
99.5717
99.5571
99.541
99.5251
99.5109
99.5003
99.4946
99.5966
99.5922
99.5837
99.5717
99.5571
99.541
99.5251
99.5109
99.5003
99.4946
99.5966
99.5922
99.5837
99.5717
99.5571
99.541
99.5251
99.511
99.5003
99.4946
99.5966
99.5922
99.5837
99.5717
99.5571
99.541
99.5251
99.511
99.5003
99.4946
92.7324
92.7249
92.7104
92.6899
92.6647
92.6369
92.609
92.5841
92.5652
92.5549
92.7324
92.7249
92.7104
92.6899
92.6647
92.6369
92.609
92.5841
92.5652
92.5549
92.7323
92.7249
92.7104
92.6899
92.6647
92.6369
92.609
92.5841
92.5652
92.5549
92.7323
92.7249
92.7104
92.6898
92.6647
92.6369
92.609
92.5841
92.5651
92.5549
92.7323
92.7249
92.7104
92.6898
92.6647
92.6369
92.609
92.5841
92.5651
92.5549
92.7323
92.7249
92.7104
92.6898
92.6647
92.6369
92.609
92.5841
92.5651
92.5549
92.7323
92.7249
92.7104
92.6898
92.6647
92.6369
92.609
92.5841
92.5651
92.5549
92.7323
92.7249
92.7104
92.6898
92.6647
92.6369
92.609
92.5841
92.5652
92.5549
92.7323
92.7249
92.7104
92.6899
92.6647
92.6369
92.609
92.5841
92.5652
92.5549
92.7324
92.7249
92.7104
92.6899
92.6647
92.6369
92.609
92.5841
92.5652
92.5549
85.9744
85.9636
85.9427
85.9129
85.876
85.8349
85.7931
85.7551
85.7259
85.71
85.9743
85.9636
85.9427
85.9129
85.876
85.8349
85.7931
85.7551
85.7259
85.7099
85.9743
85.9636
85.9427
85.9129
85.876
85.8348
85.793
85.7551
85.7259
85.7099
85.9743
85.9636
85.9427
85.9129
85.876
85.8348
85.793
85.7551
85.7259
85.7099
85.9743
85.9636
85.9427
85.9129
85.876
85.8348
85.793
85.7551
85.7259
85.7099
85.9743
85.9636
85.9427
85.9129
85.876
85.8348
85.793
85.7551
85.7259
85.7099
85.9743
85.9636
85.9427
85.9129
85.876
85.8348
85.793
85.7551
85.7259
85.7099
85.9743
85.9636
85.9427
85.9129
85.876
85.8348
85.793
85.7551
85.7259
85.7099
85.9743
85.9636
85.9427
85.9129
85.876
85.8348
85.793
85.7551
85.7259
85.7099
85.9743
85.9636
85.9427
85.9129
85.876
85.8349
85.7931
85.7551
85.7259
85.71
79.3633
79.3492
79.3215
79.2816
79.2316
79.1749
79.1162
79.0617
79.0188
78.9949
79.3633
79.3491
79.3214
79.2815
79.2316
79.1749
79.1161
79.0616
79.0187
78.9948
79.3633
79.3491
79.3214
79.2815
79.2315
79.1748
79.1161
79.0616
79.0187
78.9948
79.3633
79.3491
79.3214
79.2815
79.2315
79.1748
79.1161
79.0616
79.0187
78.9948
79.3633
79.3491
79.3214
79.2815
79.2315
79.1748
79.1161
79.0616
79.0187
78.9948
79.3633
79.3491
79.3214
79.2815
79.2315
79.1748
79.1161
79.0616
79.0187
78.9948
79.3633
79.3491
79.3214
79.2815
79.2315
79.1748
79.1161
79.0616
79.0187
78.9948
79.3633
79.3491
79.3214
79.2815
79.2315
79.1748
79.1161
79.0616
79.0187
78.9948
79.3633
79.3491
79.3214
79.2815
79.2315
79.1749
79.1161
79.0616
79.0187
78.9948
79.3633
79.3491
79.3214
79.2815
79.2316
79.1749
79.1162
79.0616
79.0187
78.9949
72.9384
72.9207
72.886
72.8354
72.7709
72.6962
72.6165
72.54
72.4777
72.4418
72.9384
72.9207
72.886
72.8353
72.7709
72.6961
72.6165
72.54
72.4776
72.4418
72.9383
72.9207
72.8859
72.8353
72.7709
72.6961
72.6165
72.54
72.4776
72.4418
72.9383
72.9207
72.8859
72.8353
72.7709
72.6961
72.6164
72.54
72.4776
72.4417
72.9383
72.9207
72.8859
72.8353
72.7708
72.6961
72.6164
72.54
72.4776
72.4417
72.9383
72.9207
72.8859
72.8353
72.7708
72.6961
72.6164
72.54
72.4776
72.4417
72.9383
72.9207
72.8859
72.8353
72.7708
72.6961
72.6164
72.54
72.4776
72.4417
72.9383
72.9207
72.8859
72.8353
72.7709
72.6961
72.6165
72.54
72.4776
72.4417
72.9383
72.9207
72.8859
72.8353
72.7709
72.6961
72.6165
72.54
72.4776
72.4418
72.9384
72.9207
72.886
72.8353
72.7709
72.6962
72.6165
72.54
72.4777
72.4418
66.7363
66.7153
66.6738
66.6125
66.5328
66.4376
66.3321
66.2258
66.134
66.0781
66.7362
66.7153
66.6738
66.6124
66.5327
66.4375
66.3321
66.2258
66.1339
66.0781
66.7362
66.7153
66.6737
66.6124
66.5327
66.4375
66.3321
66.2257
66.1339
66.078
66.7362
66.7152
66.6737
66.6124
66.5327
66.4375
66.332
66.2257
66.1339
66.078
66.7362
66.7152
66.6737
66.6124
66.5327
66.4375
66.332
66.2257
66.1339
66.078
66.7362
66.7152
66.6737
66.6124
66.5327
66.4375
66.332
66.2257
66.1339
66.078
66.7362
66.7152
66.6737
66.6124
66.5327
66.4375
66.332
66.2257
66.1339
66.078
66.7362
66.7152
66.6737
66.6124
66.5327
66.4375
66.332
66.2257
66.1339
66.078
66.7362
66.7153
66.6737
66.6124
66.5327
66.4375
66.3321
66.2257
66.1339
66.078
66.7362
66.7153
66.6738
66.6124
66.5327
66.4376
66.3321
66.2258
66.134
66.0781
60.7906
60.767
60.7199
60.6491
60.555
60.4383
60.3022
60.1551
60.0161
59.9224
60.7906
60.767
60.7198
60.6491
60.5549
60.4383
60.3022
60.155
60.0161
59.9223
60.7905
60.767
60.7198
60.6491
60.5549
60.4382
60.3022
60.155
60.016
59.9223
60.7905
60.7669
60.7198
60.6491
60.5549
60.4382
60.3021
60.155
60.016
59.9223
60.7905
60.7669
60.7198
60.649
60.5549
60.4382
60.3021
60.155
60.016
59.9223
60.7905
60.7669
60.7198
60.649
60.5549
60.4382
60.3021
60.155
60.016
59.9223
60.7905
60.7669
60.7198
60.649
60.5549
60.4382
60.3021
60.155
60.016
59.9223
60.7905
60.7669
60.7198
60.6491
60.5549
60.4382
60.3022
60.155
60.016
59.9223
60.7905
60.767
60.7198
60.6491
60.5549
60.4383
60.3022
60.155
60.0161
59.9223
60.7906
60.767
60.7199
60.6491
60.555
60.4383
60.3022
60.1551
60.0161
59.9224
55.1312
55.1062
55.056
54.9793
54.8744
54.7389
54.5702
54.3695
54.152
53.9756
55.1311
55.1062
55.0559
54.9792
54.8744
54.7389
54.5702
54.3694
54.152
53.9756
55.1311
55.1062
55.0559
54.9792
54.8744
54.7388
54.5702
54.3694
54.152
53.9755
55.1311
55.1061
55.0559
54.9792
54.8743
54.7388
54.5701
54.3693
54.1519
53.9755
55.131
55.1061
55.0558
54.9792
54.8743
54.7388
54.5701
54.3693
54.1519
53.9755
55.131
55.1061
55.0558
54.9792
54.8743
54.7388
54.5701
54.3693
54.1519
53.9755
55.131
55.1061
55.0558
54.9792
54.8743
54.7388
54.5701
54.3693
54.1519
53.9755
55.1311
55.1061
55.0559
54.9792
54.8743
54.7388
54.5701
54.3694
54.1519
53.9755
55.1311
55.1062
55.0559
54.9792
54.8744
54.7388
54.5702
54.3694
54.152
53.9756
55.1311
55.1062
55.0559
54.9793
54.8744
54.7389
54.5702
54.3694
54.152
53.9756
49.7828
49.7585
49.7092
49.6329
49.526
49.3815
49.1879
48.9275
48.5833
48.1954
49.7828
49.7585
49.7092
49.6329
49.5259
49.3814
49.1878
48.9275
48.5832
48.1953
49.7827
49.7585
49.7091
49.6329
49.5259
49.3814
49.1878
48.9274
48.5832
48.1953
49.7827
49.7584
49.7091
49.6328
49.5259
49.3814
49.1878
48.9274
48.5831
48.1952
49.7827
49.7584
49.7091
49.6328
49.5258
49.3814
49.1878
48.9274
48.5831
48.1952
49.7827
49.7584
49.7091
49.6328
49.5258
49.3814
49.1878
48.9274
48.5831
48.1952
49.7827
49.7584
49.7091
49.6328
49.5259
49.3814
49.1878
48.9274
48.5831
48.1952
49.7827
49.7584
49.7091
49.6328
49.5259
49.3814
49.1878
48.9274
48.5832
48.1953
49.7828
49.7585
49.7091
49.6329
49.5259
49.3814
49.1878
48.9274
48.5832
48.1953
49.7828
49.7585
49.7092
49.6329
49.526
49.3815
49.1879
48.9275
48.5832
48.1953
44.7646
44.7436
44.7008
44.6342
44.5394
44.407
44.2177
43.9283
43.4321
42.4149
44.7646
44.7435
44.7007
44.6341
44.5393
44.407
44.2176
43.9283
43.432
42.4149
44.7645
44.7435
44.7007
44.6341
44.5393
44.4069
44.2176
43.9282
43.432
42.4148
44.7645
44.7435
44.7007
44.6341
44.5392
44.4069
44.2176
43.9282
43.4319
42.4148
44.7645
44.7435
44.7007
44.6341
44.5392
44.4069
44.2176
43.9282
43.4319
42.4148
44.7645
44.7435
44.7007
44.6341
44.5392
44.4069
44.2176
43.9282
43.4319
42.4148
44.7645
44.7435
44.7007
44.6341
44.5392
44.4069
44.2176
43.9282
43.4319
42.4148
44.7645
44.7435
44.7007
44.6341
44.5393
44.4069
44.2176
43.9282
43.4319
42.4148
44.7645
44.7435
44.7007
44.6341
44.5393
44.4069
44.2176
43.9283
43.432
42.4148
44.7646
44.7435
44.7008
44.6342
44.5393
44.407
44.2177
43.9283
43.432
42.4149
40.0888
40.0739
40.0439
39.9979
39.9334
39.8441
39.7166
39.5232
39.2123
38.7077
40.0888
40.0739
40.0439
39.9979
39.9333
39.844
39.7165
39.5232
39.2123
38.7077
40.0887
40.0738
40.0438
39.9978
39.9333
39.844
39.7164
39.5231
39.2122
38.7076
40.0887
40.0738
40.0438
39.9978
39.9333
39.844
39.7164
39.5231
39.2122
38.7076
40.0887
40.0738
40.0438
39.9978
39.9332
39.8439
39.7164
39.5231
39.2122
38.7076
40.0887
40.0738
40.0438
39.9978
39.9332
39.8439
39.7164
39.5231
39.2122
38.7076
40.0887
40.0738
40.0438
39.9978
39.9333
39.844
39.7164
39.5231
39.2122
38.7076
40.0887
40.0738
40.0438
39.9978
39.9333
39.844
39.7164
39.5231
39.2122
38.7076
40.0887
40.0738
40.0439
39.9979
39.9333
39.844
39.7165
39.5231
39.2122
38.7076
40.0888
40.0739
40.0439
39.9979
39.9334
39.8441
39.7165
39.5232
39.2123
38.7077
35.7606
35.7544
35.7429
35.7274
35.7094
35.6898
35.6682
35.6438
35.6212
35.6388
35.7606
35.7544
35.7429
35.7274
35.7093
35.6897
35.6682
35.6437
35.6211
35.6387
35.7605
35.7544
35.7428
35.7273
35.7093
35.6897
35.6681
35.6436
35.6211
35.6387
35.7605
35.7543
35.7428
35.7273
35.7093
35.6896
35.6681
35.6436
35.6211
35.6386
35.7605
35.7543
35.7428
35.7273
35.7092
35.6896
35.6681
35.6436
35.621
35.6386
35.7605
35.7543
35.7428
35.7273
35.7092
35.6896
35.6681
35.6436
35.621
35.6386
35.7605
35.7543
35.7428
35.7273
35.7092
35.6896
35.6681
35.6436
35.621
35.6386
35.7605
35.7543
35.7428
35.7273
35.7093
35.6896
35.6681
35.6436
35.6211
35.6387
35.7605
35.7544
35.7429
35.7273
35.7093
35.6897
35.6681
35.6437
35.6211
35.6387
35.7606
35.7544
35.7429
35.7274
35.7094
35.6897
35.6682
35.6437
35.6212
35.6388
31.7783
31.7827
31.7935
31.8149
31.8535
31.9181
32.0217
32.1839
32.4392
32.8558
31.7783
31.7826
31.7934
31.8149
31.8534
31.9181
32.0217
32.1838
32.4392
32.8557
31.7782
31.7826
31.7934
31.8148
31.8534
31.918
32.0216
32.1838
32.4391
32.8557
31.7782
31.7826
31.7933
31.8148
31.8533
31.918
32.0216
32.1837
32.4391
32.8556
31.7782
31.7825
31.7933
31.8148
31.8533
31.918
32.0216
32.1837
32.4391
32.8556
31.7782
31.7825
31.7933
31.8148
31.8533
31.918
32.0216
32.1837
32.4391
32.8556
31.7782
31.7825
31.7933
31.8148
31.8533
31.918
32.0216
32.1837
32.4391
32.8556
31.7782
31.7826
31.7934
31.8148
31.8533
31.918
32.0216
32.1838
32.4391
32.8557
31.7783
31.7826
31.7934
31.8148
31.8534
31.9181
32.0217
32.1838
32.4392
32.8557
31.7783
31.7826
31.7934
31.8149
31.8534
31.9181
32.0217
32.1839
32.4392
32.8558
28.1344
28.1498
28.1842
28.2446
28.3423
28.4935
28.7216
29.059
29.5522
30.2681
28.1343
28.1498
28.1842
28.2446
28.3422
28.4935
28.7215
29.0589
29.5521
30.2681
28.1343
28.1497
28.1841
28.2445
28.3422
28.4934
28.7215
29.0588
29.552
30.268
28.1342
28.1497
28.1841
28.2445
28.3421
28.4934
28.7214
29.0588
29.552
30.268
28.1342
28.1497
28.1841
28.2445
28.3421
28.4934
28.7214
29.0588
29.552
30.2679
28.1342
28.1497
28.1841
28.2445
28.3421
28.4934
28.7214
29.0588
29.552
30.2679
28.1342
28.1497
28.1841
28.2445
28.3421
28.4934
28.7214
29.0588
29.552
30.268
28.1343
28.1497
28.1841
28.2445
28.3422
28.4934
28.7215
29.0588
29.552
30.268
28.1343
28.1498
28.1842
28.2446
28.3422
28.4935
28.7215
29.0589
29.5521
30.268
28.1343
28.1498
28.1842
28.2446
28.3423
28.4935
28.7216
29.0589
29.5521
30.2681
24.8165
24.8424
24.899
24.9958
25.148
25.3782
25.7175
26.2071
26.8992
27.8534
24.8164
24.8424
24.899
24.9957
25.148
25.3782
25.7174
26.2071
26.8991
27.8533
24.8164
24.8424
24.8989
24.9957
25.1479
25.3781
25.7174
26.207
26.8991
27.8533
24.8164
24.8423
24.8989
24.9957
25.1479
25.3781
25.7173
26.207
26.899
27.8533
24.8163
24.8423
24.8989
24.9956
25.1479
25.3781
25.7173
26.207
26.899
27.8532
24.8163
24.8423
24.8989
24.9956
25.1479
25.3781
25.7173
26.207
26.899
27.8532
24.8163
24.8423
24.8989
24.9957
25.1479
25.3781
25.7173
26.207
26.899
27.8532
24.8164
24.8423
24.8989
24.9957
25.1479
25.3781
25.7174
26.207
26.8991
27.8533
24.8164
24.8424
24.899
24.9957
25.148
25.3782
25.7174
26.207
26.8991
27.8533
24.8164
24.8424
24.899
24.9958
25.148
25.3782
25.7175
26.2071
26.8992
27.8534
21.8094
21.8441
21.919
22.0454
22.2418
22.5353
22.9638
23.5773
24.4365
25.6018
21.8093
21.844
21.9189
22.0454
22.2418
22.5353
22.9637
23.5773
24.4365
25.6017
21.8093
21.844
21.9189
22.0453
22.2417
22.5352
22.9637
23.5772
24.4364
25.6016
21.8093
21.844
21.9189
22.0453
22.2417
22.5352
22.9637
23.5772
24.4364
25.6016
21.8093
21.844
21.9189
22.0453
22.2417
22.5352
22.9636
23.5772
24.4364
25.6016
21.8093
21.844
21.9189
22.0453
22.2417
22.5352
22.9636
23.5772
24.4364
25.6016
21.8093
21.844
21.9189
22.0453
22.2417
22.5352
22.9637
23.5772
24.4364
25.6016
21.8093
21.844
21.9189
22.0453
22.2417
22.5352
22.9637
23.5772
24.4364
25.6016
21.8093
21.844
21.9189
22.0454
22.2418
22.5353
22.9637
23.5773
24.4365
25.6017
21.8093
21.8441
21.919
22.0454
22.2418
22.5353
22.9638
23.5773
24.4365
25.6017
19.0963
19.1371
19.2244
19.3707
19.5958
19.93
20.4167
21.1169
22.1111
23.4866
19.0962
19.137
19.2244
19.3706
19.5958
19.9299
20.4166
21.1169
22.111
23.4865
19.0962
19.137
19.2244
19.3706
19.5958
19.9299
20.4166
21.1168
22.111
23.4865
19.0962
19.1369
19.2243
19.3706
19.5957
19.9299
20.4166
21.1168
22.1109
23.4864
19.0962
19.1369
19.2243
19.3706
19.5957
19.9299
20.4166
21.1168
22.1109
23.4864
19.0962
19.1369
19.2243
19.3706
19.5957
19.9299
20.4166
21.1168
22.1109
23.4864
19.0962
19.1369
19.2243
19.3706
19.5957
19.9299
20.4166
21.1168
22.111
23.4864
19.0962
19.137
19.2244
19.3706
19.5957
19.9299
20.4166
21.1168
22.111
23.4865
19.0962
19.137
19.2244
19.3706
19.5958
19.9299
20.4166
21.1169
22.111
23.4865
19.0963
19.137
19.2244
19.3707
19.5958
19.93
20.4167
21.117
22.1111
23.4866
16.6603
16.7039
16.7968
16.951
17.1859
17.5318
18.0341
18.7636
19.8334
21.4194
16.6602
16.7038
16.7968
16.9509
17.1859
17.5317
18.0341
18.7636
19.8333
21.4193
16.6602
16.7038
16.7967
16.9509
17.1858
17.5317
18.034
18.7635
19.8333
21.4193
16.6602
16.7038
16.7967
16.9509
17.1858
17.5317
18.034
18.7635
19.8332
21.4192
16.6602
16.7038
16.7967
16.9508
17.1858
17.5317
18.034
18.7635
19.8332
21.4192
16.6602
16.7038
16.7967
16.9508
17.1858
17.5317
18.034
18.7635
19.8332
21.4192
16.6602
16.7038
16.7967
16.9509
17.1858
17.5317
18.034
18.7635
19.8332
21.4192
16.6602
16.7038
16.7967
16.9509
17.1858
17.5317
18.034
18.7635
19.8333
21.4193
16.6602
16.7038
16.7968
16.9509
17.1859
17.5317
18.0341
18.7636
19.8333
21.4193
16.6602
16.7039
16.7968
16.951
17.1859
17.5318
18.0341
18.7636
19.8334
21.4194
14.4852
14.5285
14.62
14.7699
14.995
15.3204
15.7848
16.4519
17.4484
19.1031
14.4852
14.5285
14.62
14.7699
14.995
15.3204
15.7847
16.4519
17.4484
19.103
14.4852
14.5284
14.6199
14.7699
14.9949
15.3203
15.7847
16.4518
17.4483
19.103
14.4852
14.5284
14.6199
14.7698
14.9949
15.3203
15.7847
16.4518
17.4483
19.103
14.4851
14.5284
14.6199
14.7698
14.9949
15.3203
15.7847
16.4518
17.4483
19.103
14.4851
14.5284
14.6199
14.7698
14.9949
15.3203
15.7847
16.4518
17.4483
19.103
14.4852
14.5284
14.6199
14.7698
14.9949
15.3203
15.7847
16.4518
17.4483
19.103
14.4852
14.5284
14.6199
14.7699
14.9949
15.3204
15.7847
16.4518
17.4483
19.103
14.4852
14.5285
14.62
14.7699
14.995
15.3204
15.7847
16.4519
17.4484
19.1031
14.4852
14.5285
14.62
14.7699
14.995
15.3204
15.7848
16.4519
17.4484
19.1031
39.7689
39.3638
40.5556
43.14
47.1105
52.5914
59.8441
69.3318
81.8959
99.2246
39.7688
39.3637
40.5555
43.1399
47.1104
52.5913
59.8439
69.3317
81.8957
99.2244
39.7688
39.3636
40.5554
43.1399
47.1103
52.5912
59.8439
69.3316
81.8956
99.2243
39.7687
39.3636
40.5554
43.1398
47.1102
52.5911
59.8438
69.3315
81.8956
99.2243
39.7687
39.3635
40.5553
43.1398
47.1102
52.5911
59.8438
69.3315
81.8955
99.2242
39.7687
39.3635
40.5553
43.1398
47.1102
52.5911
59.8438
69.3315
81.8955
99.2242
39.7687
39.3636
40.5553
43.1398
47.1102
52.5911
59.8438
69.3315
81.8956
99.2243
39.7687
39.3636
40.5554
43.1398
47.1102
52.5911
59.8438
69.3315
81.8956
99.2243
39.7688
39.3636
40.5554
43.1399
47.1103
52.5912
59.8439
69.3316
81.8957
99.2244
39.7688
39.3637
40.5555
43.14
47.1104
52.5913
59.844
69.3317
81.8958
99.2245
38.035
38.3256
39.7681
42.4026
46.2891
51.5467
58.371
67.0487
77.9508
91.3792
38.0349
38.3255
39.7681
42.4025
46.289
51.5466
58.3709
67.0486
77.9507
91.379
38.0348
38.3254
39.768
42.4024
46.2889
51.5465
58.3708
67.0485
77.9506
91.3789
38.0348
38.3254
39.7679
42.4024
46.2888
51.5464
58.3707
67.0484
77.9505
91.3789
38.0348
38.3254
39.7679
42.4023
46.2888
51.5464
58.3707
67.0484
77.9505
91.3788
38.0348
38.3254
39.7679
42.4023
46.2888
51.5464
58.3707
67.0484
77.9505
91.3788
38.0348
38.3254
39.7679
42.4024
46.2888
51.5464
58.3707
67.0484
77.9505
91.3789
38.0348
38.3254
39.768
42.4024
46.2888
51.5465
58.3708
67.0484
77.9505
91.3789
38.0349
38.3255
39.768
42.4025
46.2889
51.5465
58.3708
67.0485
77.9506
91.379
38.0349
38.3255
39.7681
42.4025
46.289
51.5466
58.3709
67.0486
77.9507
91.3791
35.8536
36.6973
38.3948
41.0613
44.7847
49.6612
55.8052
63.3331
72.2985
82.5086
35.8535
36.6973
38.3947
41.0612
44.7846
49.6611
55.8051
63.333
72.2984
82.5085
35.8534
36.6972
38.3946
41.0611
44.7845
49.661
55.805
63.3329
72.2983
82.5084
35.8534
36.6971
38.3946
41.0611
44.7844
49.661
55.805
63.3328
72.2982
82.5083
35.8534
36.6971
38.3946
41.0611
44.7844
49.6609
55.8049
63.3328
72.2982
82.5083
35.8534
36.6971
38.3946
41.0611
44.7844
49.6609
55.8049
63.3328
72.2982
82.5083
35.8534
36.6971
38.3946
41.0611
44.7844
49.6609
55.8049
63.3328
72.2982
82.5083
35.8534
36.6972
38.3946
41.0611
44.7844
49.661
55.805
63.3329
72.2983
82.5084
35.8535
36.6972
38.3947
41.0612
44.7845
49.6611
55.8051
63.333
72.2984
82.5084
35.8535
36.6973
38.3948
41.0613
44.7846
49.6612
55.8052
63.3331
72.2985
82.5086
33.5659
34.7797
36.6584
39.31
42.813
47.2313
52.6131
58.9689
66.2181
74.0904
33.5658
34.7796
36.6583
39.3099
42.8129
47.2312
52.6129
58.9688
66.218
74.0902
33.5658
34.7796
36.6583
39.3098
42.8128
47.2311
52.6129
58.9687
66.2179
74.0902
33.5657
34.7795
36.6582
39.3098
42.8128
47.231
52.6128
58.9686
66.2178
74.0901
33.5657
34.7795
36.6582
39.3098
42.8127
47.231
52.6128
58.9686
66.2178
74.0901
33.5657
34.7795
36.6582
39.3098
42.8127
47.231
52.6128
58.9686
66.2178
74.0901
33.5657
34.7795
36.6582
39.3098
42.8128
47.231
52.6128
58.9686
66.2178
74.0901
33.5658
34.7796
36.6583
39.3098
42.8128
47.2311
52.6128
58.9687
66.2179
74.0901
33.5658
34.7796
36.6583
39.3099
42.8129
47.2311
52.6129
58.9688
66.218
74.0902
33.5659
34.7797
36.6584
39.31
42.813
47.2313
52.613
58.9689
66.2181
74.0903
31.3002
32.7621
34.7539
37.3515
40.6085
44.5567
49.1995
54.495
60.326
66.4636
31.3001
32.762
34.7538
37.3514
40.6084
44.5566
49.1994
54.4949
60.3259
66.4635
31.3
32.7619
34.7537
37.3513
40.6083
44.5565
49.1993
54.4948
60.3258
66.4634
31.3
32.7619
34.7537
37.3512
40.6082
44.5564
49.1993
54.4947
60.3257
66.4633
31.2999
32.7619
34.7536
37.3512
40.6082
44.5564
49.1993
54.4947
60.3257
66.4633
31.2999
32.7619
34.7536
37.3512
40.6082
44.5564
49.1993
54.4947
60.3257
66.4633
31.3
32.7619
34.7537
37.3512
40.6082
44.5564
49.1993
54.4947
60.3257
66.4633
31.3
32.7619
34.7537
37.3513
40.6083
44.5565
49.1993
54.4948
60.3258
66.4634
31.3001
32.762
34.7538
37.3513
40.6083
44.5566
49.1994
54.4949
60.3259
66.4635
31.3001
32.7621
34.7538
37.3514
40.6084
44.5567
49.1995
54.495
60.326
66.4636
29.1293
30.7773
32.8451
35.3737
38.3904
41.9008
45.8799
50.2622
54.9309
59.7147
29.1292
30.7772
32.845
35.3736
38.3903
41.9006
45.8798
50.2621
54.9308
59.7146
29.1291
30.7771
32.8449
35.3736
38.3902
41.9006
45.8797
50.262
54.9307
59.7145
29.1291
30.7771
32.8449
35.3735
38.3902
41.9005
45.8796
50.2619
54.9307
59.7145
29.1291
30.7771
32.8449
35.3735
38.3902
41.9005
45.8796
50.2619
54.9307
59.7144
29.1291
30.7771
32.8448
35.3735
38.3902
41.9005
45.8796
50.2619
54.9307
59.7144
29.1291
30.7771
32.8449
35.3735
38.3902
41.9005
45.8796
50.2619
54.9307
59.7145
29.1291
30.7771
32.8449
35.3735
38.3902
41.9006
45.8797
50.262
54.9307
59.7145
29.1292
30.7772
32.845
35.3736
38.3903
41.9006
45.8798
50.2621
54.9308
59.7146
29.1292
30.7773
32.8451
35.3737
38.3904
41.9007
45.8799
50.2622
54.9309
59.7147
27.1066
28.9309
31.0723
33.543
36.3508
39.483
42.8963
46.5112
50.2148
53.8779
27.1065
28.9308
31.0722
33.5429
36.3507
39.4829
42.8961
46.5111
50.2147
53.8778
27.1064
28.9308
31.0722
33.5429
36.3506
39.4828
42.8961
46.511
50.2146
53.8777
27.1064
28.9307
31.0721
33.5428
36.3506
39.4828
42.896
46.511
50.2146
53.8777
27.1064
28.9307
31.0721
33.5428
36.3506
39.4827
42.896
46.5109
50.2145
53.8776
27.1064
28.9307
31.0721
33.5428
36.3506
39.4827
42.896
46.5109
50.2145
53.8776
27.1064
28.9307
31.0721
33.5428
36.3506
39.4828
42.896
46.511
50.2146
53.8777
27.1064
28.9308
31.0722
33.5429
36.3506
39.4828
42.8961
46.511
50.2146
53.8777
27.1065
28.9308
31.0722
33.543
36.3507
39.4829
42.8962
46.5111
50.2147
53.8778
27.1065
28.9309
31.0723
33.543
36.3508
39.483
42.8963
46.5112
50.2148
53.8779
25.2772
27.3192
29.5612
32.0047
34.6529
37.4845
40.4425
43.4307
46.3222
48.9929
25.2771
27.3192
29.5611
32.0046
34.6528
37.4844
40.4424
43.4306
46.3221
48.9927
25.277
27.3191
29.5611
32.0046
34.6527
37.4843
40.4423
43.4305
46.322
48.9927
25.277
27.3191
29.561
32.0045
34.6527
37.4842
40.4422
43.4305
46.3219
48.9926
25.277
27.319
29.561
32.0045
34.6526
37.4842
40.4422
43.4304
46.3219
48.9926
25.277
27.319
29.561
32.0045
34.6526
37.4842
40.4422
43.4304
46.3219
48.9926
25.277
27.3191
29.561
32.0045
34.6527
37.4842
40.4423
43.4305
46.3219
48.9926
25.277
27.3191
29.5611
32.0046
34.6527
37.4843
40.4423
43.4305
46.322
48.9927
25.2771
27.3192
29.5611
32.0047
34.6528
37.4844
40.4424
43.4306
46.3221
48.9928
25.2772
27.3192
29.5612
32.0047
34.6529
37.4845
40.4425
43.4307
46.3222
48.9929
23.699
26.0516
28.4332
30.8856
33.432
36.0537
38.6828
41.1974
43.4221
45.1549
23.6989
26.0515
28.4331
30.8855
33.4319
36.0536
38.6827
41.1973
43.422
45.1548
23.6988
26.0515
28.4331
30.8854
33.4318
36.0536
38.6827
41.1972
43.4219
45.1547
23.6988
26.0515
28.433
30.8854
33.4318
36.0535
38.6826
41.1972
43.4219
45.1546
23.6988
26.0514
28.433
30.8854
33.4317
36.0535
38.6826
41.1971
43.4219
45.1546
23.6988
26.0514
28.433
30.8854
33.4317
36.0535
38.6826
41.1971
43.4219
45.1546
23.6988
26.0515
28.4331
30.8854
33.4318
36.0535
38.6826
41.1972
43.4219
45.1546
23.6988
26.0515
28.4331
30.8854
33.4318
36.0536
38.6827
41.1972
43.4219
45.1547
23.6989
26.0516
28.4332
30.8855
33.4319
36.0537
38.6828
41.1973
43.422
45.1548
23.699
26.0516
28.4332
30.8856
33.432
36.0538
38.6829
41.1974
43.4221
45.1549
22.5381
25.291
27.8135
30.2915
32.7917
35.3051
37.7565
39.997
41.776
42.6645
22.5381
25.291
27.8134
30.2914
32.7916
35.305
37.7564
39.9969
41.7759
42.6644
22.538
25.2909
27.8134
30.2913
32.7915
35.3049
37.7563
39.9969
41.7759
42.6644
22.538
25.2909
27.8133
30.2913
32.7915
35.3049
37.7563
39.9968
41.7758
42.6643
22.538
25.2909
27.8133
30.2913
32.7915
35.3049
37.7563
39.9968
41.7758
42.6643
22.538
25.2909
27.8133
30.2913
32.7915
35.3049
37.7563
39.9968
41.7758
42.6643
22.538
25.2909
27.8133
30.2913
32.7915
35.3049
37.7563
39.9968
41.7758
42.6643
22.5381
25.291
27.8134
30.2914
32.7916
35.3049
37.7564
39.9969
41.7759
42.6644
22.5381
25.291
27.8134
30.2914
32.7916
35.305
37.7565
39.997
41.776
42.6645
22.5382
25.2911
27.8135
30.2915
32.7917
35.3051
37.7566
39.9971
41.7761
42.6646
125.238
137.671
145.337
150.735
154.749
157.777
160.029
161.632
162.664
163.169
125.238
137.671
145.337
150.735
154.749
157.776
160.029
161.632
162.664
163.169
125.238
137.671
145.337
150.735
154.749
157.776
160.029
161.632
162.664
163.169
125.238
137.671
145.337
150.734
154.749
157.776
160.029
161.632
162.664
163.169
125.238
137.671
145.337
150.734
154.749
157.776
160.029
161.632
162.664
163.169
125.238
137.671
145.337
150.734
154.749
157.776
160.029
161.632
162.664
163.169
125.238
137.671
145.337
150.734
154.749
157.776
160.029
161.632
162.664
163.169
125.238
137.671
145.337
150.735
154.749
157.776
160.029
161.632
162.664
163.169
125.238
137.671
145.337
150.735
154.749
157.776
160.029
161.632
162.664
163.169
125.238
137.671
145.337
150.735
154.749
157.776
160.029
161.632
162.664
163.169
106.674
117.83
125.749
131.523
135.829
139.059
141.449
143.142
144.228
144.759
106.674
117.83
125.749
131.523
135.829
139.059
141.449
143.142
144.228
144.759
106.674
117.829
125.749
131.523
135.828
139.059
141.449
143.142
144.228
144.759
106.674
117.829
125.749
131.523
135.828
139.059
141.449
143.142
144.228
144.759
106.673
117.829
125.749
131.523
135.828
139.059
141.449
143.142
144.228
144.759
106.673
117.829
125.749
131.523
135.828
139.059
141.449
143.142
144.228
144.759
106.674
117.829
125.749
131.523
135.828
139.059
141.449
143.142
144.228
144.759
106.674
117.829
125.749
131.523
135.828
139.059
141.449
143.142
144.228
144.759
106.674
117.829
125.749
131.523
135.829
139.059
141.449
143.142
144.228
144.759
106.674
117.83
125.749
131.523
135.829
139.059
141.449
143.142
144.228
144.759
93.1065
102.097
109.192
114.677
118.89
122.098
124.489
126.188
127.28
127.814
93.1063
102.097
109.192
114.677
118.89
122.098
124.488
126.188
127.28
127.814
93.1062
102.096
109.192
114.677
118.89
122.098
124.488
126.188
127.28
127.814
93.1062
102.096
109.191
114.677
118.89
122.098
124.488
126.188
127.28
127.814
93.1061
102.096
109.191
114.677
118.89
122.098
124.488
126.188
127.279
127.814
93.1061
102.096
109.191
114.677
118.89
122.098
124.488
126.188
127.279
127.814
93.1062
102.096
109.191
114.677
118.89
122.098
124.488
126.188
127.28
127.814
93.1062
102.096
109.192
114.677
118.89
122.098
124.488
126.188
127.28
127.814
93.1063
102.097
109.192
114.677
118.89
122.098
124.488
126.188
127.28
127.814
93.1064
102.097
109.192
114.677
118.89
122.098
124.489
126.188
127.28
127.814
82.0067
89.1356
95.136
100.007
103.874
106.881
109.152
110.781
111.833
112.348
82.0065
89.1354
95.1359
100.007
103.874
106.881
109.152
110.781
111.832
112.348
82.0065
89.1353
95.1358
100.006
103.873
106.881
109.152
110.781
111.832
112.348
82.0064
89.1353
95.1357
100.006
103.873
106.881
109.152
110.781
111.832
112.348
82.0064
89.1352
95.1357
100.006
103.873
106.881
109.152
110.781
111.832
112.348
82.0064
89.1352
95.1357
100.006
103.873
106.881
109.152
110.781
111.832
112.348
82.0064
89.1353
95.1357
100.006
103.873
106.881
109.152
110.781
111.832
112.348
82.0064
89.1353
95.1358
100.006
103.873
106.881
109.152
110.781
111.832
112.348
82.0065
89.1354
95.1359
100.007
103.874
106.881
109.152
110.781
111.832
112.348
82.0067
89.1356
95.136
100.007
103.874
106.881
109.152
110.781
111.833
112.349
72.5506
78.1773
83.0999
87.2437
90.6317
93.3252
95.3918
96.8899
97.8642
98.3441
72.5505
78.1771
83.0998
87.2436
90.6315
93.3251
95.3917
96.8898
97.8641
98.344
72.5504
78.177
83.0997
87.2435
90.6314
93.325
95.3916
96.8897
97.864
98.3439
72.5503
78.177
83.0996
87.2434
90.6314
93.3249
95.3915
96.8897
97.8639
98.3438
72.5503
78.1769
83.0996
87.2434
90.6313
93.3249
95.3915
96.8896
97.8639
98.3438
72.5503
78.1769
83.0996
87.2434
90.6313
93.3249
95.3915
96.8896
97.8639
98.3438
72.5503
78.177
83.0996
87.2434
90.6314
93.325
95.3915
96.8897
97.8639
98.3439
72.5504
78.177
83.0997
87.2435
90.6314
93.325
95.3916
96.8897
97.864
98.3439
72.5505
78.1771
83.0998
87.2436
90.6315
93.3251
95.3917
96.8899
97.8641
98.344
72.5506
78.1773
83.0999
87.2437
90.6317
93.3253
95.3919
96.89
97.8643
98.3442
64.4027
68.7886
72.7238
76.1312
78.9901
81.3122
83.1235
84.4525
85.3239
85.7552
64.4026
68.7885
72.7236
76.1311
78.99
81.312
83.1233
84.4524
85.3238
85.7551
64.4025
68.7884
72.7235
76.131
78.9899
81.312
83.1233
84.4523
85.3237
85.755
64.4024
68.7883
72.7235
76.131
78.9898
81.3119
83.1232
84.4522
85.3237
85.7549
64.4024
68.7883
72.7234
76.1309
78.9898
81.3119
83.1232
84.4522
85.3236
85.7549
64.4024
68.7883
72.7235
76.1309
78.9898
81.3119
83.1232
84.4522
85.3236
85.7549
64.4024
68.7884
72.7235
76.131
78.9898
81.3119
83.1232
84.4523
85.3237
85.755
64.4025
68.7884
72.7236
76.131
78.9899
81.312
83.1233
84.4523
85.3238
85.755
64.4026
68.7885
72.7236
76.1311
78.99
81.3121
83.1234
84.4525
85.3239
85.7552
64.4027
68.7886
72.7238
76.1313
78.9901
81.3122
83.1235
84.4526
85.324
85.7553
57.3922
60.7026
63.7415
66.4462
68.775
70.7088
72.2437
73.3848
74.1396
74.5152
57.3921
60.7025
63.7414
66.446
68.7749
70.7086
72.2436
73.3846
74.1395
74.5151
57.392
60.7024
63.7413
66.446
68.7748
70.7086
72.2435
73.3846
74.1394
74.515
57.3919
60.7024
63.7413
66.4459
68.7748
70.7085
72.2435
73.3845
74.1394
74.515
57.3919
60.7023
63.7412
66.4459
68.7747
70.7085
72.2434
73.3845
74.1394
74.5149
57.3919
60.7023
63.7412
66.4459
68.7747
70.7085
72.2434
73.3845
74.1394
74.5149
57.3919
60.7024
63.7413
66.4459
68.7748
70.7085
72.2435
73.3845
74.1394
74.515
57.392
60.7024
63.7413
66.446
68.7748
70.7086
72.2435
73.3846
74.1395
74.5151
57.3921
60.7025
63.7414
66.4461
68.7749
70.7087
72.2436
73.3847
74.1396
74.5152
57.3922
60.7027
63.7416
66.4462
68.7751
70.7088
72.2438
73.3848
74.1397
74.5153
51.405
53.722
55.9399
57.9943
59.8222
61.3796
62.6401
63.5907
64.2257
64.5434
51.4049
53.7219
55.9398
57.9942
59.8221
61.3794
62.64
63.5906
64.2256
64.5433
51.4048
53.7218
55.9397
57.9941
59.822
61.3794
62.6399
63.5905
64.2255
64.5432
51.4048
53.7218
55.9396
57.994
59.822
61.3793
62.6399
63.5904
64.2254
64.5432
51.4048
53.7217
55.9396
57.994
59.8219
61.3793
62.6398
63.5904
64.2254
64.5432
51.4048
53.7217
55.9396
57.994
59.822
61.3793
62.6399
63.5904
64.2254
64.5432
51.4048
53.7218
55.9396
57.994
59.822
61.3793
62.6399
63.5905
64.2255
64.5432
51.4049
53.7218
55.9397
57.9941
59.8221
61.3794
62.64
63.5905
64.2255
64.5433
51.405
53.7219
55.9398
57.9942
59.8222
61.3795
62.6401
63.5906
64.2256
64.5434
51.4051
53.7221
55.9399
57.9943
59.8223
61.3796
62.6402
63.5908
64.2258
64.5435
46.3144
47.6527
49.1239
50.6001
51.9796
53.1938
54.1993
54.9695
55.4895
55.7513
46.3143
47.6526
49.1238
50.5999
51.9795
53.1937
54.1991
54.9694
55.4894
55.7512
46.3142
47.6525
49.1237
50.5999
51.9794
53.1936
54.1991
54.9693
55.4894
55.7511
46.3142
47.6525
49.1237
50.5998
51.9793
53.1936
54.199
54.9693
55.4893
55.7511
46.3142
47.6525
49.1236
50.5998
51.9793
53.1936
54.199
54.9693
55.4893
55.7511
46.3142
47.6525
49.1236
50.5998
51.9793
53.1936
54.199
54.9693
55.4893
55.7511
46.3142
47.6525
49.1237
50.5998
51.9794
53.1936
54.199
54.9693
55.4893
55.7511
46.3143
47.6526
49.1237
50.5999
51.9794
53.1937
54.1991
54.9694
55.4894
55.7512
46.3143
47.6526
49.1238
50.6
51.9795
53.1938
54.1992
54.9695
55.4895
55.7513
46.3145
47.6528
49.1239
50.6001
51.9796
53.1939
54.1993
54.9696
55.4896
55.7514
41.826
42.238
43.0973
44.1037
45.1101
46.0308
46.8126
47.4216
47.8374
48.048
41.8259
42.2379
43.0972
44.1036
45.11
46.0307
46.8124
47.4215
47.8373
48.0479
41.8258
42.2378
43.0971
44.1035
45.1099
46.0306
46.8124
47.4215
47.8372
48.0479
41.8258
42.2377
43.097
44.1035
45.1099
46.0306
46.8123
47.4214
47.8372
48.0478
41.8258
42.2377
43.097
44.1035
45.1099
46.0306
46.8123
47.4214
47.8372
48.0478
41.8258
42.2377
43.097
44.1035
45.1099
46.0306
46.8123
47.4214
47.8372
48.0478
41.8258
42.2378
43.097
44.1035
45.1099
46.0306
46.8123
47.4214
47.8372
48.0479
41.8259
42.2378
43.0971
44.1036
45.11
46.0307
46.8124
47.4215
47.8373
48.0479
41.8259
42.2379
43.0972
44.1037
45.11
46.0308
46.8125
47.4216
47.8374
48.048
41.8261
42.238
43.0973
44.1038
45.1102
46.0309
46.8126
47.4217
47.8375
48.0481
406.053
406.072
406.108
406.155
406.209
406.263
406.313
406.354
406.382
406.397
406.053
406.072
406.108
406.155
406.209
406.263
406.313
406.354
406.382
406.397
406.053
406.072
406.108
406.155
406.209
406.263
406.313
406.354
406.382
406.397
406.053
406.072
406.108
406.155
406.209
406.263
406.313
406.354
406.382
406.397
406.053
406.072
406.108
406.155
406.209
406.263
406.313
406.354
406.382
406.397
406.053
406.072
406.108
406.155
406.209
406.263
406.313
406.354
406.382
406.397
406.053
406.072
406.108
406.155
406.209
406.263
406.313
406.354
406.382
406.397
406.053
406.072
406.108
406.155
406.209
406.263
406.313
406.354
406.382
406.397
406.053
406.072
406.108
406.155
406.209
406.263
406.313
406.354
406.382
406.397
406.053
406.072
406.108
406.155
406.209
406.263
406.313
406.354
406.382
406.397
378.199
378.259
378.371
378.52
378.688
378.856
379.009
379.134
379.222
379.268
378.199
378.259
378.371
378.52
378.688
378.856
379.009
379.134
379.222
379.268
378.199
378.259
378.371
378.52
378.688
378.856
379.009
379.134
379.222
379.268
378.199
378.259
378.371
378.52
378.688
378.856
379.009
379.134
379.222
379.268
378.199
378.259
378.371
378.52
378.688
378.856
379.009
379.134
379.222
379.268
378.199
378.259
378.371
378.52
378.688
378.856
379.009
379.134
379.222
379.268
378.199
378.259
378.371
378.52
378.688
378.856
379.009
379.134
379.222
379.268
378.199
378.259
378.371
378.52
378.688
378.856
379.009
379.134
379.222
379.268
378.199
378.259
378.371
378.52
378.688
378.856
379.009
379.134
379.222
379.268
378.199
378.259
378.371
378.52
378.688
378.856
379.009
379.134
379.222
379.268
350.463
350.574
350.778
351.047
351.346
351.645
351.914
352.134
352.288
352.367
350.463
350.574
350.778
351.046
351.346
351.644
351.914
352.133
352.288
352.367
350.463
350.574
350.778
351.046
351.346
351.644
351.914
352.133
352.288
352.367
350.463
350.574
350.778
351.046
351.346
351.644
351.914
352.133
352.288
352.367
350.463
350.574
350.778
351.046
351.346
351.644
351.914
352.133
352.288
352.367
350.463
350.574
350.778
351.046
351.346
351.644
351.914
352.133
352.288
352.367
350.463
350.574
350.778
351.046
351.346
351.644
351.914
352.133
352.288
352.367
350.463
350.574
350.778
351.046
351.346
351.644
351.914
352.133
352.288
352.367
350.463
350.574
350.778
351.046
351.346
351.644
351.914
352.133
352.288
352.367
350.463
350.574
350.778
351.046
351.346
351.644
351.914
352.133
352.288
352.367
322.911
323.089
323.415
323.838
324.303
324.76
325.169
325.498
325.729
325.847
322.911
323.089
323.415
323.838
324.303
324.76
325.169
325.498
325.728
325.847
322.911
323.089
323.415
323.838
324.303
324.76
325.169
325.498
325.728
325.846
322.911
323.089
323.415
323.838
324.303
324.76
325.169
325.498
325.728
325.846
322.911
323.089
323.415
323.838
324.303
324.76
325.169
325.498
325.728
325.846
322.911
323.089
323.415
323.838
324.303
324.76
325.169
325.498
325.728
325.846
322.911
323.089
323.415
323.838
324.303
324.76
325.169
325.498
325.728
325.846
322.911
323.089
323.415
323.838
324.303
324.76
325.169
325.498
325.728
325.846
322.911
323.089
323.415
323.838
324.303
324.76
325.169
325.498
325.728
325.847
322.911
323.089
323.415
323.838
324.303
324.76
325.169
325.498
325.728
325.847
295.583
295.861
296.359
296.993
297.675
298.334
298.913
299.375
299.694
299.857
295.583
295.861
296.359
296.993
297.675
298.334
298.913
299.375
299.694
299.857
295.583
295.86
296.359
296.992
297.675
298.334
298.913
299.375
299.694
299.857
295.583
295.86
296.359
296.992
297.675
298.334
298.913
299.375
299.694
299.857
295.583
295.86
296.359
296.992
297.675
298.334
298.913
299.374
299.694
299.857
295.583
295.86
296.359
296.992
297.675
298.334
298.913
299.374
299.694
299.857
295.583
295.86
296.359
296.992
297.675
298.334
298.913
299.375
299.694
299.857
295.583
295.86
296.359
296.992
297.675
298.334
298.913
299.375
299.694
299.857
295.583
295.86
296.359
296.992
297.675
298.334
298.913
299.375
299.694
299.857
295.583
295.861
296.359
296.993
297.675
298.334
298.913
299.375
299.694
299.857
268.482
268.916
269.673
270.607
271.582
272.499
273.289
273.909
274.334
274.549
268.482
268.916
269.673
270.606
271.582
272.499
273.289
273.909
274.334
274.549
268.482
268.916
269.673
270.606
271.582
272.499
273.289
273.909
274.334
274.549
268.482
268.916
269.673
270.606
271.582
272.499
273.289
273.909
274.334
274.549
268.482
268.916
269.673
270.606
271.582
272.499
273.289
273.909
274.334
274.549
268.482
268.916
269.673
270.606
271.582
272.499
273.289
273.909
274.334
274.549
268.482
268.916
269.673
270.606
271.582
272.499
273.289
273.909
274.334
274.549
268.482
268.916
269.673
270.606
271.582
272.499
273.289
273.909
274.334
274.549
268.482
268.916
269.673
270.606
271.582
272.499
273.289
273.909
274.334
274.549
268.482
268.916
269.673
270.607
271.582
272.499
273.289
273.909
274.334
274.549
241.542
242.243
243.409
244.779
246.151
247.397
248.444
249.25
249.795
250.07
241.542
242.243
243.409
244.779
246.151
247.397
248.444
249.25
249.795
250.07
241.542
242.243
243.409
244.778
246.151
247.397
248.444
249.25
249.795
250.07
241.542
242.243
243.409
244.778
246.151
247.397
248.444
249.25
249.795
250.07
241.542
242.243
243.409
244.778
246.151
247.397
248.444
249.25
249.795
250.07
241.542
242.243
243.409
244.778
246.151
247.397
248.444
249.25
249.795
250.07
241.542
242.243
243.409
244.778
246.151
247.397
248.444
249.25
249.795
250.07
241.542
242.243
243.409
244.778
246.151
247.397
248.444
249.25
249.795
250.07
241.542
242.243
243.409
244.779
246.151
247.397
248.444
249.25
249.795
250.07
241.542
242.243
243.409
244.779
246.151
247.397
248.444
249.25
249.795
250.07
214.575
215.779
217.621
219.629
221.53
223.185
224.532
225.547
226.224
226.563
214.575
215.779
217.62
219.629
221.53
223.185
224.532
225.547
226.224
226.562
214.575
215.779
217.62
219.629
221.53
223.184
224.532
225.547
226.224
226.562
214.575
215.779
217.62
219.629
221.53
223.184
224.531
225.547
226.224
226.562
214.575
215.779
217.62
219.629
221.53
223.184
224.531
225.547
226.224
226.562
214.575
215.779
217.62
219.629
221.53
223.184
224.531
225.547
226.224
226.562
214.575
215.779
217.62
219.629
221.53
223.184
224.531
225.547
226.224
226.562
214.575
215.779
217.62
219.629
221.53
223.184
224.532
225.547
226.224
226.562
214.575
215.779
217.62
219.629
221.53
223.185
224.532
225.547
226.224
226.562
214.575
215.779
217.621
219.629
221.53
223.185
224.532
225.547
226.224
226.563
187.144
189.419
192.41
195.338
197.91
200.039
201.714
202.95
203.761
204.164
187.144
189.419
192.41
195.338
197.909
200.039
201.714
202.949
203.761
204.164
187.144
189.419
192.41
195.338
197.909
200.039
201.714
202.949
203.761
204.163
187.144
189.419
192.41
195.337
197.909
200.039
201.714
202.949
203.761
204.163
187.144
189.419
192.41
195.337
197.909
200.039
201.714
202.949
203.761
204.163
187.144
189.419
192.41
195.337
197.909
200.039
201.714
202.949
203.761
204.163
187.144
189.419
192.41
195.337
197.909
200.039
201.714
202.949
203.761
204.163
187.144
189.419
192.41
195.338
197.909
200.039
201.714
202.949
203.761
204.164
187.144
189.419
192.41
195.338
197.909
200.039
201.714
202.949
203.761
204.164
187.144
189.419
192.41
195.338
197.91
200.039
201.714
202.95
203.761
204.164
158.23
163.137
168.063
172.208
175.544
178.164
180.16
181.601
182.537
182.997
158.23
163.137
168.063
172.208
175.544
178.164
180.16
181.601
182.537
182.997
158.23
163.137
168.063
172.207
175.543
178.164
180.16
181.601
182.537
182.997
158.23
163.137
168.063
172.207
175.543
178.164
180.16
181.601
182.537
182.997
158.23
163.137
168.063
172.207
175.543
178.164
180.16
181.601
182.537
182.997
158.23
163.137
168.063
172.207
175.543
178.164
180.16
181.601
182.537
182.997
158.23
163.137
168.063
172.207
175.543
178.164
180.16
181.601
182.537
182.997
158.23
163.137
168.063
172.207
175.543
178.164
180.16
181.601
182.537
182.997
158.23
163.137
168.063
172.208
175.544
178.164
180.16
181.601
182.537
182.997
158.23
163.137
168.063
172.208
175.544
178.164
180.16
181.602
182.537
182.998
12.5567
12.5969
12.6811
12.8169
13.016
13.2942
13.6716
14.1683
14.7867
15.4221
12.5567
12.5969
12.6811
12.8169
13.0159
13.2942
13.6716
14.1683
14.7866
15.422
12.5566
12.5968
12.681
12.8168
13.0159
13.2942
13.6715
14.1682
14.7866
15.422
12.5566
12.5968
12.681
12.8168
13.0159
13.2941
13.6715
14.1682
14.7866
15.422
12.5566
12.5968
12.681
12.8168
13.0159
13.2941
13.6715
14.1682
14.7866
15.422
12.5566
12.5968
12.681
12.8168
13.0159
13.2941
13.6715
14.1682
14.7866
15.422
12.5566
12.5968
12.681
12.8168
13.0159
13.2941
13.6715
14.1682
14.7866
15.422
12.5566
12.5968
12.681
12.8168
13.0159
13.2942
13.6715
14.1682
14.7866
15.422
12.5566
12.5969
12.6811
12.8169
13.0159
13.2942
13.6716
14.1683
14.7866
15.4221
12.5567
12.5969
12.6811
12.8169
13.016
13.2942
13.6716
14.1683
14.7867
15.4221
10.8617
10.897
10.9702
11.0859
11.2508
11.4719
11.7541
12.0919
12.4522
12.7349
10.8616
10.897
10.9701
11.0859
11.2508
11.4719
11.754
12.0919
12.4521
12.7349
10.8616
10.8969
10.9701
11.0859
11.2507
11.4719
11.754
12.0918
12.4521
12.7349
10.8616
10.8969
10.9701
11.0858
11.2507
11.4719
11.754
12.0918
12.4521
12.7349
10.8616
10.8969
10.9701
11.0858
11.2507
11.4718
11.754
12.0918
12.4521
12.7348
10.8616
10.8969
10.9701
11.0858
11.2507
11.4718
11.754
12.0918
12.4521
12.7348
10.8616
10.8969
10.9701
11.0858
11.2507
11.4719
11.754
12.0918
12.4521
12.7349
10.8616
10.8969
10.9701
11.0859
11.2507
11.4719
11.754
12.0919
12.4521
12.7349
10.8616
10.897
10.9701
11.0859
11.2508
11.4719
11.754
12.0919
12.4521
12.7349
10.8617
10.897
10.9702
11.0859
11.2508
11.472
11.7541
12.0919
12.4522
12.735
9.38864
9.41826
9.47889
9.57288
9.70281
9.86996
10.0712
10.2934
10.505
10.6472
9.38861
9.41823
9.47886
9.57284
9.70278
9.86992
10.0711
10.2933
10.5049
10.6472
9.38858
9.4182
9.47883
9.57281
9.70275
9.86989
10.0711
10.2933
10.5049
10.6472
9.38856
9.41819
9.47881
9.5728
9.70273
9.86988
10.0711
10.2933
10.5049
10.6472
9.38856
9.41818
9.4788
9.57279
9.70273
9.86987
10.0711
10.2933
10.5049
10.6471
9.38856
9.41818
9.4788
9.57279
9.70273
9.86987
10.0711
10.2933
10.5049
10.6471
9.38856
9.41819
9.47881
9.5728
9.70274
9.86988
10.0711
10.2933
10.5049
10.6472
9.38858
9.4182
9.47883
9.57282
9.70276
9.8699
10.0711
10.2933
10.5049
10.6472
9.3886
9.41823
9.47886
9.57285
9.70279
9.86993
10.0711
10.2934
10.5049
10.6472
9.38863
9.41826
9.47889
9.57288
9.70283
9.86997
10.0712
10.2934
10.505
10.6473
8.12708
8.15098
8.19935
8.27287
8.3717
8.49405
8.63413
8.77924
8.90687
8.98533
8.12704
8.15095
8.19931
8.27284
8.37166
8.49401
8.6341
8.77921
8.90684
8.9853
8.12702
8.15092
8.19929
8.27282
8.37164
8.49399
8.63407
8.77918
8.90682
8.98528
8.12701
8.15091
8.19927
8.2728
8.37162
8.49397
8.63406
8.77917
8.9068
8.98527
8.127
8.1509
8.19927
8.27279
8.37162
8.49396
8.63405
8.77916
8.9068
8.98527
8.127
8.1509
8.19927
8.27279
8.37162
8.49397
8.63406
8.77917
8.9068
8.98527
8.127
8.15091
8.19927
8.2728
8.37163
8.49398
8.63407
8.77918
8.90681
8.98528
8.12702
8.15092
8.19929
8.27282
8.37165
8.494
8.63409
8.7792
8.90683
8.9853
8.12704
8.15095
8.19932
8.27285
8.37167
8.49402
8.63412
8.77923
8.90686
8.98533
8.12707
8.15098
8.19935
8.27288
8.37171
8.49406
8.63415
8.77927
8.9069
8.98538
7.06721
7.08595
7.12347
7.1795
7.25292
7.34085
7.43745
7.53272
7.61203
7.65828
7.06718
7.08592
7.12344
7.17947
7.25288
7.34081
7.43742
7.53269
7.61201
7.65825
7.06715
7.08589
7.12342
7.17944
7.25286
7.34079
7.4374
7.53267
7.61199
7.65824
7.06714
7.08588
7.1234
7.17943
7.25285
7.34078
7.43738
7.53265
7.61197
7.65822
7.06713
7.08587
7.12339
7.17942
7.25284
7.34077
7.43738
7.53265
7.61197
7.65822
7.06713
7.08587
7.12339
7.17942
7.25284
7.34077
7.43738
7.53265
7.61197
7.65822
7.06714
7.08588
7.1234
7.17943
7.25285
7.34078
7.43739
7.53266
7.61198
7.65824
7.06715
7.0859
7.12342
7.17945
7.25287
7.3408
7.43741
7.53268
7.612
7.65826
7.06717
7.08592
7.12344
7.17948
7.2529
7.34083
7.43744
7.53271
7.61203
7.65828
7.0672
7.08595
7.12347
7.17951
7.25293
7.34086
7.43747
7.53274
7.61207
7.65832
6.19998
6.21441
6.24303
6.28509
6.33901
6.4018
6.46852
6.53191
6.5827
6.61136
6.19995
6.21438
6.243
6.28506
6.33898
6.40177
6.46849
6.53188
6.58267
6.61134
6.19993
6.21436
6.24298
6.28504
6.33896
6.40175
6.46847
6.53186
6.58265
6.61132
6.19992
6.21435
6.24297
6.28503
6.33895
6.40174
6.46846
6.53185
6.58264
6.61131
6.19991
6.21434
6.24296
6.28502
6.33894
6.40173
6.46846
6.53184
6.58264
6.61131
6.19991
6.21434
6.24296
6.28503
6.33894
6.40173
6.46846
6.53185
6.58264
6.61131
6.19992
6.21435
6.24297
6.28503
6.33895
6.40174
6.46847
6.53186
6.58265
6.61132
6.19993
6.21436
6.24298
6.28505
6.33897
6.40176
6.46849
6.53188
6.58267
6.61134
6.19995
6.21438
6.243
6.28507
6.33899
6.40178
6.46851
6.5319
6.5827
6.61137
6.19997
6.21441
6.24303
6.2851
6.33902
6.40182
6.46854
6.53193
6.58273
6.6114
5.5172
5.52827
5.55005
5.58161
5.62132
5.6665
5.71325
5.7564
5.79006
5.80864
5.51717
5.52824
5.55002
5.58159
5.6213
5.66647
5.71322
5.75638
5.79003
5.80863
5.51715
5.52822
5.55
5.58157
5.62128
5.66646
5.7132
5.75636
5.79001
5.80861
5.51714
5.52821
5.54999
5.58156
5.62126
5.66644
5.71319
5.75635
5.79
5.8086
5.51713
5.5282
5.54998
5.58155
5.62126
5.66644
5.71318
5.75634
5.79
5.8086
5.51713
5.5282
5.54998
5.58155
5.62126
5.66644
5.71319
5.75635
5.79
5.8086
5.51714
5.52821
5.54999
5.58156
5.62127
5.66645
5.7132
5.75636
5.79001
5.80861
5.51715
5.52823
5.55
5.58158
5.62129
5.66647
5.71321
5.75637
5.79003
5.80863
5.51717
5.52825
5.55003
5.5816
5.62131
5.66649
5.71324
5.7564
5.79006
5.80865
5.51719
5.52827
5.55005
5.58163
5.62134
5.66652
5.71327
5.75643
5.79009
5.80869
5.01181
5.02045
5.03733
5.06153
5.09149
5.12494
5.15882
5.18943
5.21283
5.22557
5.01178
5.02042
5.03731
5.0615
5.09146
5.12491
5.15879
5.1894
5.21281
5.22555
5.01176
5.02041
5.03729
5.06149
5.09145
5.1249
5.15878
5.18939
5.21279
5.22554
5.01175
5.0204
5.03728
5.06148
5.09144
5.12488
5.15877
5.18938
5.21278
5.22553
5.01175
5.02039
5.03728
5.06147
5.09143
5.12488
5.15876
5.18937
5.21278
5.22553
5.01175
5.02039
5.03728
5.06147
5.09143
5.12488
5.15877
5.18938
5.21278
5.22553
5.01176
5.0204
5.03728
5.06148
5.09144
5.12489
5.15877
5.18939
5.21279
5.22554
5.01177
5.02041
5.0373
5.06149
5.09146
5.12491
5.15879
5.1894
5.21281
5.22556
5.01178
5.02043
5.03732
5.06152
5.09148
5.12493
5.15881
5.18943
5.21283
5.22558
5.0118
5.02045
5.03734
5.06154
5.09151
5.12496
5.15884
5.18946
5.21286
5.22561
4.67817
4.68526
4.69902
4.71856
4.74248
4.7688
4.79505
4.81839
4.83599
4.84549
4.67815
4.68523
4.699
4.71854
4.74246
4.76878
4.79503
4.81837
4.83597
4.84547
4.67813
4.68522
4.69898
4.71853
4.74244
4.76877
4.79501
4.81836
4.83596
4.84546
4.67812
4.68521
4.69897
4.71852
4.74243
4.76876
4.795
4.81835
4.83595
4.84545
4.67812
4.6852
4.69896
4.71851
4.74243
4.76875
4.795
4.81835
4.83595
4.84545
4.67812
4.6852
4.69897
4.71851
4.74243
4.76875
4.795
4.81835
4.83595
4.84545
4.67813
4.68521
4.69897
4.71852
4.74244
4.76876
4.79501
4.81836
4.83596
4.84546
4.67814
4.68522
4.69899
4.71854
4.74245
4.76878
4.79503
4.81838
4.83598
4.84548
4.67815
4.68524
4.69901
4.71856
4.74248
4.7688
4.79505
4.8184
4.836
4.8455
4.67817
4.68526
4.69903
4.71858
4.7425
4.76883
4.79508
4.81843
4.83603
4.84553
4.51237
4.51869
4.53094
4.54825
4.56929
4.59225
4.61495
4.63496
4.64994
4.65797
4.51235
4.51868
4.53093
4.54823
4.56927
4.59223
4.61493
4.63495
4.64992
4.65796
4.51234
4.51866
4.53091
4.54822
4.56925
4.59222
4.61492
4.63493
4.64991
4.65795
4.51233
4.51865
4.5309
4.54821
4.56925
4.59221
4.61491
4.63492
4.6499
4.65795
4.51232
4.51865
4.5309
4.54821
4.56924
4.59221
4.61491
4.63492
4.6499
4.65795
4.51232
4.51865
4.5309
4.54821
4.56924
4.59221
4.61491
4.63493
4.64991
4.65795
4.51233
4.51866
4.53091
4.54822
4.56925
4.59222
4.61492
4.63494
4.64992
4.65796
4.51234
4.51867
4.53092
4.54823
4.56927
4.59223
4.61493
4.63495
4.64993
4.65798
4.51236
4.51869
4.53094
4.54825
4.56929
4.59225
4.61496
4.63497
4.64995
4.658
4.51238
4.51871
4.53096
4.54828
4.56931
4.59228
4.61498
4.635
4.64998
4.65803
36.8447
37.1351
37.6866
38.3757
39.0996
39.785
40.3809
40.8528
41.1785
41.3445
36.8446
37.135
37.6865
38.3756
39.0995
39.7849
40.3808
40.8527
41.1784
41.3444
36.8446
37.1349
37.6864
38.3755
39.0995
39.7848
40.3807
40.8527
41.1783
41.3444
36.8445
37.1348
37.6864
38.3754
39.0994
39.7848
40.3806
40.8526
41.1783
41.3443
36.8445
37.1348
37.6864
38.3754
39.0994
39.7847
40.3806
40.8526
41.1783
41.3443
36.8445
37.1348
37.6864
38.3754
39.0994
39.7848
40.3806
40.8526
41.1783
41.3443
36.8445
37.1348
37.6864
38.3755
39.0994
39.7848
40.3807
40.8526
41.1783
41.3444
36.8446
37.1349
37.6865
38.3755
39.0995
39.7849
40.3807
40.8527
41.1784
41.3444
36.8447
37.135
37.6866
38.3756
39.0996
39.7849
40.3808
40.8528
41.1785
41.3445
36.8447
37.1351
37.6867
38.3757
39.0997
39.7851
40.3809
40.8529
41.1786
41.3446
32.2982
32.4974
32.8678
33.3456
33.8646
34.3693
34.8172
35.1771
35.428
35.5567
32.2981
32.4973
32.8677
33.3455
33.8645
34.3692
34.8171
35.1771
35.428
35.5566
32.298
32.4972
32.8676
33.3454
33.8644
34.3691
34.817
35.177
35.4279
35.5565
32.298
32.4972
32.8676
33.3453
33.8644
34.3691
34.817
35.1769
35.4279
35.5565
32.298
32.4972
32.8676
33.3453
33.8643
34.3691
34.8169
35.1769
35.4278
35.5565
32.298
32.4972
32.8676
33.3453
33.8643
34.3691
34.8169
35.1769
35.4278
35.5565
32.298
32.4972
32.8676
33.3454
33.8644
34.3691
34.817
35.177
35.4279
35.5565
32.2981
32.4973
32.8676
33.3454
33.8644
34.3692
34.817
35.177
35.4279
35.5566
32.2981
32.4973
32.8677
33.3455
33.8645
34.3693
34.8171
35.1771
35.428
35.5567
32.2982
32.4974
32.8678
33.3456
33.8646
34.3694
34.8172
35.1772
35.4281
35.5568
28.2432
28.3805
28.6355
28.9708
29.3434
29.7132
30.0467
30.3182
30.5091
30.6074
28.2431
28.3804
28.6354
28.9707
29.3433
29.7131
30.0466
30.3181
30.509
30.6074
28.243
28.3803
28.6353
28.9706
29.3432
29.713
30.0466
30.318
30.5089
30.6073
28.243
28.3803
28.6353
28.9706
29.3432
29.713
30.0465
30.318
30.5089
30.6073
28.243
28.3802
28.6353
28.9706
29.3432
29.7129
30.0465
30.318
30.5089
30.6073
28.243
28.3802
28.6353
28.9706
29.3432
29.7129
30.0465
30.318
30.5089
30.6073
28.243
28.3803
28.6353
28.9706
29.3432
29.713
30.0465
30.318
30.5089
30.6073
28.243
28.3803
28.6353
28.9707
29.3432
29.713
30.0466
30.3181
30.509
30.6074
28.2431
28.3804
28.6354
28.9707
29.3433
29.7131
30.0467
30.3182
30.5091
30.6075
28.2432
28.3805
28.6355
28.9708
29.3434
29.7132
30.0468
30.3183
30.5092
30.6076
24.707
24.8028
24.9814
25.2193
25.4879
25.7585
26.0058
26.2091
26.3532
26.4277
24.7069
24.8027
24.9813
25.2193
25.4878
25.7584
26.0057
26.2091
26.3531
26.4277
24.7069
24.8026
24.9813
25.2192
25.4878
25.7584
26.0056
26.209
26.353
26.4276
24.7068
24.8026
24.9812
25.2191
25.4877
25.7583
26.0056
26.209
26.353
26.4276
24.7068
24.8025
24.9812
25.2191
25.4877
25.7583
26.0056
26.209
26.353
26.4276
24.7068
24.8025
24.9812
25.2191
25.4877
25.7583
26.0056
26.209
26.353
26.4276
24.7068
24.8026
24.9812
25.2192
25.4877
25.7583
26.0056
26.209
26.353
26.4276
24.7069
24.8026
24.9813
25.2192
25.4878
25.7584
26.0057
26.209
26.3531
26.4277
24.7069
24.8027
24.9813
25.2193
25.4879
25.7585
26.0058
26.2091
26.3532
26.4277
24.707
24.8028
24.9814
25.2194
25.488
25.7586
26.0059
26.2092
26.3533
26.4278
21.6977
21.7655
21.8925
22.0633
22.2583
22.457
22.6403
22.7924
22.9007
22.957
21.6976
21.7654
21.8924
22.0632
22.2582
22.4569
22.6403
22.7923
22.9007
22.957
21.6975
21.7653
21.8924
22.0632
22.2581
22.4568
22.6402
22.7923
22.9006
22.9569
21.6975
21.7653
21.8923
22.0631
22.2581
22.4568
22.6402
22.7922
22.9006
22.9569
21.6975
21.7652
21.8923
22.0631
22.2581
22.4568
22.6402
22.7922
22.9006
22.9569
21.6975
21.7652
21.8923
22.0631
22.2581
22.4568
22.6402
22.7922
22.9006
22.9569
21.6975
21.7653
21.8923
22.0632
22.2581
22.4568
22.6402
22.7923
22.9006
22.9569
21.6975
21.7653
21.8924
22.0632
22.2582
22.4568
22.6402
22.7923
22.9007
22.957
21.6976
21.7654
21.8925
22.0633
22.2582
22.4569
22.6403
22.7924
22.9007
22.9571
21.6977
21.7655
21.8925
22.0634
22.2583
22.457
22.6404
22.7925
22.9008
22.9572
19.2121
19.2609
19.3529
19.4774
19.6206
19.7679
19.9048
20.0191
20.101
20.1436
19.212
19.2609
19.3528
19.4773
19.6206
19.7678
19.9048
20.0191
20.1009
20.1436
19.2119
19.2608
19.3528
19.4773
19.6205
19.7677
19.9047
20.019
20.1009
20.1436
19.2119
19.2608
19.3527
19.4772
19.6205
19.7677
19.9047
20.019
20.1008
20.1435
19.2119
19.2607
19.3527
19.4772
19.6205
19.7677
19.9047
20.019
20.1008
20.1435
19.2119
19.2607
19.3527
19.4772
19.6205
19.7677
19.9047
20.019
20.1008
20.1435
19.2119
19.2608
19.3528
19.4772
19.6205
19.7677
19.9047
20.019
20.1009
20.1436
19.2119
19.2608
19.3528
19.4773
19.6205
19.7678
19.9047
20.0191
20.1009
20.1436
19.212
19.2609
19.3529
19.4773
19.6206
19.7678
19.9048
20.0191
20.101
20.1437
19.2121
19.2609
19.3529
19.4774
19.6207
19.7679
19.9049
20.0192
20.1011
20.1438
17.2415
17.2777
17.3459
17.4388
17.5463
17.6575
17.7616
17.8489
17.9117
17.9445
17.2415
17.2776
17.3459
17.4387
17.5462
17.6574
17.7615
17.8488
17.9116
17.9444
17.2414
17.2775
17.3458
17.4387
17.5462
17.6574
17.7615
17.8488
17.9116
17.9444
17.2414
17.2775
17.3458
17.4386
17.5461
17.6574
17.7614
17.8488
17.9115
17.9444
17.2414
17.2775
17.3458
17.4386
17.5461
17.6573
17.7614
17.8487
17.9115
17.9444
17.2414
17.2775
17.3458
17.4386
17.5461
17.6573
17.7614
17.8488
17.9115
17.9444
17.2414
17.2775
17.3458
17.4386
17.5462
17.6574
17.7615
17.8488
17.9116
17.9444
17.2414
17.2776
17.3458
17.4387
17.5462
17.6574
17.7615
17.8488
17.9116
17.9444
17.2415
17.2776
17.3459
17.4388
17.5463
17.6575
17.7616
17.8489
17.9117
17.9445
17.2415
17.2777
17.346
17.4388
17.5464
17.6576
17.7617
17.849
17.9118
17.9446
15.7756
15.8034
15.8561
15.9281
16.0118
16.0988
16.1806
16.2495
16.2991
16.3252
15.7755
15.8033
15.8561
15.928
16.0117
16.0987
16.1805
16.2494
16.2991
16.3251
15.7754
15.8033
15.856
15.928
16.0117
16.0987
16.1805
16.2494
16.299
16.3251
15.7754
15.8032
15.856
15.9279
16.0116
16.0986
16.1804
16.2493
16.299
16.3251
15.7754
15.8032
15.856
15.9279
16.0116
16.0986
16.1804
16.2493
16.299
16.325
15.7754
15.8032
15.856
15.9279
16.0116
16.0986
16.1804
16.2493
16.299
16.3251
15.7754
15.8033
15.856
15.928
16.0117
16.0987
16.1805
16.2494
16.299
16.3251
15.7755
15.8033
15.856
15.928
16.0117
16.0987
16.1805
16.2494
16.2991
16.3251
15.7755
15.8033
15.8561
15.9281
16.0118
16.0988
16.1806
16.2495
16.2992
16.3252
15.7756
15.8034
15.8562
15.9281
16.0118
16.0988
16.1807
16.2496
16.2992
16.3253
14.8045
14.8273
14.8706
14.9299
14.999
15.0712
15.1392
15.1966
15.2382
15.2599
14.8044
14.8272
14.8705
14.9298
14.999
15.0711
15.1391
15.1966
15.2381
15.2599
14.8044
14.8272
14.8705
14.9298
14.9989
15.0711
15.1391
15.1965
15.2381
15.2599
14.8043
14.8271
14.8705
14.9297
14.9989
15.071
15.1391
15.1965
15.238
15.2598
14.8043
14.8271
14.8704
14.9297
14.9989
15.071
15.139
15.1965
15.238
15.2598
14.8043
14.8271
14.8705
14.9297
14.9989
15.071
15.1391
15.1965
15.2381
15.2599
14.8043
14.8272
14.8705
14.9298
14.9989
15.071
15.1391
15.1965
15.2381
15.2599
14.8044
14.8272
14.8705
14.9298
14.999
15.0711
15.1391
15.1966
15.2381
15.2599
14.8044
14.8272
14.8706
14.9299
14.999
15.0712
15.1392
15.1967
15.2382
15.26
14.8045
14.8273
14.8706
14.9299
14.9991
15.0712
15.1393
15.1967
15.2383
15.2601
14.3209
14.3414
14.3802
14.4335
14.4958
14.5608
14.6223
14.6743
14.7119
14.7316
14.3208
14.3413
14.3802
14.4335
14.4958
14.5608
14.6223
14.6742
14.7119
14.7316
14.3208
14.3413
14.3802
14.4334
14.4957
14.5608
14.6222
14.6742
14.7118
14.7316
14.3208
14.3412
14.3801
14.4334
14.4957
14.5607
14.6222
14.6742
14.7118
14.7316
14.3207
14.3412
14.3801
14.4334
14.4957
14.5607
14.6222
14.6742
14.7118
14.7316
14.3207
14.3412
14.3801
14.4334
14.4957
14.5607
14.6222
14.6742
14.7118
14.7316
14.3208
14.3412
14.3801
14.4334
14.4957
14.5608
14.6222
14.6742
14.7118
14.7316
14.3208
14.3413
14.3802
14.4335
14.4957
14.5608
14.6223
14.6743
14.7119
14.7317
14.3208
14.3413
14.3802
14.4335
14.4958
14.5609
14.6223
14.6743
14.712
14.7317
14.3209
14.3414
14.3803
14.4336
14.4959
14.5609
14.6224
14.6744
14.712
14.7318
)
;

boundaryField
{
    inlet1
    {
        type            fixedValue;
        value           uniform 10;
    }
    inlet2
    {
        type            fixedValue;
        value           uniform 20;
    }
    outlet1
    {
        type            zeroGradient;
    }
    outlet2
    {
        type            zeroGradient;
    }
    fixedWalls
    {
        type            zeroGradient;
    }
}


// ************************************************************************* //
