/*--------------------------------*- C++ -*----------------------------------*\
  =========                 |
  \\      /  F ield         | OpenFOAM: The Open Source CFD Toolbox
   \\    /   O peration     | Website:  https://openfoam.org
    \\  /    A nd           | Version:  6
     \\/     M anipulation  |
\*---------------------------------------------------------------------------*/
FoamFile
{
    version     2.0;
    format      ascii;
    class       volScalarField;
    location    "0.885";
    object      T;
}
// * * * * * * * * * * * * * * * * * * * * * * * * * * * * * * * * * * * * * //

dimensions      [0 0 0 1 0 0 0];

internalField   nonuniform List<scalar> 
7000
(
106.594
106.593
106.59
106.587
106.582
106.578
106.573
106.569
106.566
106.564
106.594
106.593
106.59
106.587
106.582
106.578
106.573
106.569
106.566
106.564
106.594
106.593
106.59
106.587
106.582
106.578
106.573
106.569
106.566
106.564
106.594
106.593
106.59
106.587
106.582
106.578
106.573
106.569
106.566
106.564
106.594
106.593
106.59
106.587
106.582
106.578
106.573
106.569
106.566
106.564
106.594
106.593
106.59
106.587
106.582
106.578
106.573
106.569
106.566
106.564
106.594
106.593
106.59
106.587
106.582
106.578
106.573
106.569
106.566
106.564
106.594
106.593
106.59
106.587
106.582
106.578
106.573
106.569
106.566
106.564
106.594
106.593
106.59
106.587
106.582
106.578
106.573
106.569
106.566
106.564
106.594
106.593
106.59
106.587
106.582
106.578
106.573
106.569
106.566
106.564
99.8019
99.798
99.7906
99.78
99.7672
99.7531
99.739
99.7266
99.7172
99.7122
99.8019
99.798
99.7906
99.78
99.7672
99.7531
99.739
99.7266
99.7172
99.7122
99.8019
99.798
99.7906
99.78
99.7672
99.7531
99.739
99.7266
99.7172
99.7121
99.8019
99.798
99.7906
99.78
99.7672
99.753
99.739
99.7266
99.7172
99.7121
99.8019
99.798
99.7906
99.78
99.7671
99.753
99.739
99.7266
99.7172
99.7121
99.8019
99.798
99.7906
99.78
99.7671
99.753
99.739
99.7266
99.7172
99.7121
99.8019
99.798
99.7906
99.78
99.7671
99.753
99.739
99.7266
99.7172
99.7121
99.8019
99.798
99.7906
99.78
99.7672
99.753
99.739
99.7266
99.7172
99.7121
99.8019
99.798
99.7906
99.78
99.7672
99.7531
99.739
99.7266
99.7172
99.7122
99.8019
99.798
99.7906
99.78
99.7672
99.7531
99.739
99.7266
99.7172
99.7122
93.0714
93.0649
93.0522
93.0342
93.0122
92.9878
92.9634
92.9415
92.9249
92.9159
93.0714
93.0649
93.0522
93.0342
93.0122
92.9878
92.9634
92.9415
92.9249
92.9159
93.0714
93.0649
93.0522
93.0342
93.0122
92.9878
92.9634
92.9415
92.9249
92.9159
93.0714
93.0648
93.0522
93.0342
93.0122
92.9878
92.9634
92.9415
92.9249
92.9159
93.0714
93.0648
93.0522
93.0342
93.0121
92.9878
92.9634
92.9415
92.9249
92.9159
93.0714
93.0648
93.0522
93.0342
93.0121
92.9878
92.9634
92.9415
92.9249
92.9159
93.0714
93.0648
93.0522
93.0342
93.0121
92.9878
92.9634
92.9415
92.9249
92.9159
93.0714
93.0648
93.0522
93.0342
93.0122
92.9878
92.9634
92.9415
92.9249
92.9159
93.0714
93.0649
93.0522
93.0342
93.0122
92.9878
92.9634
92.9415
92.9249
92.9159
93.0714
93.0649
93.0522
93.0342
93.0122
92.9878
92.9634
92.9415
92.9249
92.9159
86.4425
86.4332
86.4151
86.3891
86.3571
86.3212
86.2848
86.2516
86.2261
86.2122
86.4425
86.4332
86.415
86.3891
86.357
86.3212
86.2847
86.2516
86.2261
86.2122
86.4425
86.4332
86.415
86.3891
86.357
86.3212
86.2847
86.2516
86.2261
86.2121
86.4425
86.4332
86.415
86.3891
86.357
86.3212
86.2847
86.2516
86.2261
86.2121
86.4425
86.4332
86.415
86.3891
86.357
86.3211
86.2847
86.2516
86.2261
86.2121
86.4425
86.4331
86.415
86.3891
86.357
86.3211
86.2847
86.2516
86.2261
86.2121
86.4425
86.4332
86.415
86.3891
86.357
86.3211
86.2847
86.2516
86.2261
86.2121
86.4425
86.4332
86.415
86.3891
86.357
86.3212
86.2847
86.2516
86.2261
86.2121
86.4425
86.4332
86.415
86.3891
86.357
86.3212
86.2847
86.2516
86.2261
86.2122
86.4425
86.4332
86.415
86.3891
86.357
86.3212
86.2847
86.2516
86.2261
86.2122
79.9543
79.9421
79.9183
79.8839
79.8408
79.7918
79.741
79.6937
79.6564
79.6357
79.9543
79.9421
79.9182
79.8838
79.8407
79.7918
79.7409
79.6937
79.6564
79.6356
79.9543
79.9421
79.9182
79.8838
79.8407
79.7917
79.7409
79.6937
79.6564
79.6356
79.9543
79.9421
79.9182
79.8838
79.8407
79.7917
79.7409
79.6936
79.6564
79.6356
79.9543
79.9421
79.9182
79.8838
79.8407
79.7917
79.7409
79.6936
79.6564
79.6356
79.9542
79.942
79.9182
79.8838
79.8407
79.7917
79.7409
79.6936
79.6564
79.6356
79.9543
79.9421
79.9182
79.8838
79.8407
79.7917
79.7409
79.6936
79.6564
79.6356
79.9543
79.9421
79.9182
79.8838
79.8407
79.7917
79.7409
79.6936
79.6564
79.6356
79.9543
79.9421
79.9182
79.8838
79.8407
79.7918
79.7409
79.6937
79.6564
79.6356
79.9543
79.9421
79.9182
79.8838
79.8407
79.7918
79.741
79.6937
79.6564
79.6357
73.6442
73.6292
73.5996
73.5565
73.5016
73.4377
73.3694
73.3036
73.2497
73.2187
73.6442
73.6292
73.5996
73.5565
73.5015
73.4376
73.3693
73.3035
73.2497
73.2187
73.6441
73.6291
73.5996
73.5565
73.5015
73.4376
73.3693
73.3035
73.2497
73.2186
73.6441
73.6291
73.5996
73.5565
73.5015
73.4376
73.3693
73.3035
73.2497
73.2186
73.6441
73.6291
73.5996
73.5564
73.5015
73.4376
73.3693
73.3035
73.2497
73.2186
73.6441
73.6291
73.5996
73.5564
73.5015
73.4376
73.3693
73.3035
73.2497
73.2186
73.6441
73.6291
73.5996
73.5564
73.5015
73.4376
73.3693
73.3035
73.2497
73.2186
73.6441
73.6291
73.5996
73.5565
73.5015
73.4376
73.3693
73.3035
73.2497
73.2186
73.6441
73.6291
73.5996
73.5565
73.5015
73.4376
73.3693
73.3035
73.2497
73.2186
73.6442
73.6292
73.5996
73.5565
73.5016
73.4376
73.3693
73.3036
73.2497
73.2187
67.5474
67.5299
67.4952
67.4438
67.3769
67.2966
67.2072
67.1165
67.0377
66.9895
67.5474
67.5299
67.4951
67.4438
67.3768
67.2965
67.2071
67.1165
67.0377
66.9894
67.5473
67.5298
67.4951
67.4437
67.3768
67.2965
67.2071
67.1164
67.0376
66.9894
67.5473
67.5298
67.4951
67.4437
67.3768
67.2965
67.2071
67.1164
67.0376
66.9894
67.5473
67.5298
67.4951
67.4437
67.3768
67.2965
67.2071
67.1164
67.0376
66.9894
67.5473
67.5298
67.4951
67.4437
67.3768
67.2965
67.2071
67.1164
67.0376
66.9894
67.5473
67.5298
67.4951
67.4437
67.3768
67.2965
67.2071
67.1164
67.0376
66.9894
67.5473
67.5298
67.4951
67.4437
67.3768
67.2965
67.2071
67.1164
67.0376
66.9894
67.5473
67.5298
67.4951
67.4437
67.3768
67.2965
67.2071
67.1164
67.0376
66.9894
67.5473
67.5299
67.4952
67.4438
67.3768
67.2966
67.2072
67.1165
67.0377
66.9895
61.6962
61.677
61.6385
61.5806
61.5032
61.4066
61.2929
61.1686
61.0499
60.969
61.6961
61.6769
61.6385
61.5806
61.5031
61.4065
61.2928
61.1686
61.0499
60.969
61.6961
61.6769
61.6384
61.5805
61.5031
61.4065
61.2928
61.1685
61.0498
60.9689
61.6961
61.6769
61.6384
61.5805
61.5031
61.4065
61.2928
61.1685
61.0498
60.9689
61.6961
61.6769
61.6384
61.5805
61.5031
61.4065
61.2928
61.1685
61.0498
60.9689
61.6961
61.6769
61.6384
61.5805
61.5031
61.4065
61.2928
61.1685
61.0498
60.9689
61.6961
61.6769
61.6384
61.5805
61.5031
61.4065
61.2928
61.1685
61.0498
60.9689
61.6961
61.6769
61.6384
61.5805
61.5031
61.4065
61.2928
61.1685
61.0498
60.9689
61.6961
61.6769
61.6384
61.5805
61.5031
61.4065
61.2928
61.1685
61.0498
60.969
61.6961
61.6769
61.6385
61.5806
61.5031
61.4065
61.2929
61.1686
61.0499
60.969
56.1191
56.0995
56.06
55.9994
55.9159
55.8067
55.6686
55.5012
55.3161
55.1631
56.119
56.0995
56.0599
55.9994
55.9158
55.8066
55.6686
55.5011
55.3161
55.1631
56.119
56.0994
56.0599
55.9993
55.9158
55.8066
55.6685
55.5011
55.316
55.1631
56.119
56.0994
56.0599
55.9993
55.9158
55.8066
55.6685
55.501
55.316
55.163
56.119
56.0994
56.0599
55.9993
55.9158
55.8066
55.6685
55.501
55.316
55.163
56.119
56.0994
56.0599
55.9993
55.9158
55.8066
55.6685
55.501
55.316
55.163
56.119
56.0994
56.0599
55.9993
55.9158
55.8066
55.6685
55.501
55.316
55.163
56.119
56.0994
56.0599
55.9993
55.9158
55.8066
55.6685
55.5011
55.316
55.1631
56.119
56.0994
56.0599
55.9993
55.9158
55.8066
55.6685
55.5011
55.3161
55.1631
56.119
56.0995
56.06
55.9994
55.9159
55.8067
55.6686
55.5011
55.3161
55.1631
50.84
50.8221
50.7857
50.7289
50.6482
50.5371
50.384
50.1711
49.8794
49.54
50.8399
50.822
50.7856
50.7289
50.6482
50.537
50.3839
50.171
49.8793
49.5399
50.8399
50.822
50.7856
50.7288
50.6482
50.537
50.3839
50.171
49.8793
49.5399
50.8399
50.822
50.7856
50.7288
50.6481
50.537
50.3839
50.1709
49.8793
49.5399
50.8399
50.822
50.7855
50.7288
50.6481
50.537
50.3839
50.1709
49.8792
49.5398
50.8398
50.822
50.7855
50.7288
50.6481
50.537
50.3839
50.1709
49.8792
49.5398
50.8399
50.822
50.7855
50.7288
50.6481
50.537
50.3839
50.1709
49.8793
49.5398
50.8399
50.822
50.7856
50.7288
50.6481
50.537
50.3839
50.171
49.8793
49.5399
50.8399
50.822
50.7856
50.7288
50.6482
50.537
50.3839
50.171
49.8793
49.5399
50.8399
50.8221
50.7856
50.7289
50.6482
50.5371
50.384
50.171
49.8794
49.54
45.8771
45.8635
45.8356
45.7919
45.7282
45.6361
45.4975
45.2715
44.8572
43.958
45.877
45.8634
45.8356
45.7918
45.7282
45.6361
45.4974
45.2715
44.8572
43.958
45.877
45.8634
45.8355
45.7918
45.7281
45.636
45.4974
45.2714
44.8571
43.9579
45.877
45.8634
45.8355
45.7917
45.7281
45.636
45.4973
45.2714
44.8571
43.9579
45.877
45.8633
45.8355
45.7917
45.7281
45.636
45.4973
45.2714
44.8571
43.9578
45.877
45.8633
45.8355
45.7917
45.7281
45.636
45.4973
45.2714
44.8571
43.9578
45.877
45.8633
45.8355
45.7917
45.7281
45.636
45.4973
45.2714
44.8571
43.9579
45.877
45.8634
45.8355
45.7918
45.7281
45.636
45.4974
45.2714
44.8571
43.9579
45.877
45.8634
45.8356
45.7918
45.7281
45.6361
45.4974
45.2715
44.8571
43.9579
45.877
45.8634
45.8356
45.7918
45.7282
45.6361
45.4974
45.2715
44.8572
43.958
41.2422
41.2356
41.2224
41.2022
41.173
41.1297
41.0606
40.9409
40.7238
40.3415
41.2422
41.2356
41.2224
41.2021
41.1729
41.1297
41.0606
40.9409
40.7237
40.3415
41.2421
41.2355
41.2223
41.2021
41.1729
41.1296
41.0605
40.9408
40.7237
40.3414
41.2421
41.2355
41.2223
41.202
41.1728
41.1296
41.0605
40.9408
40.7236
40.3414
41.2421
41.2355
41.2223
41.202
41.1728
41.1296
41.0605
40.9408
40.7236
40.3414
41.2421
41.2355
41.2223
41.202
41.1728
41.1296
41.0605
40.9408
40.7236
40.3414
41.2421
41.2355
41.2223
41.202
41.1728
41.1296
41.0605
40.9408
40.7236
40.3414
41.2421
41.2355
41.2223
41.2021
41.1729
41.1296
41.0605
40.9408
40.7237
40.3414
41.2421
41.2355
41.2224
41.2021
41.1729
41.1296
41.0605
40.9408
40.7237
40.3415
41.2422
41.2356
41.2224
41.2021
41.1729
41.1297
41.0606
40.9409
40.7238
40.3415
36.9404
36.9433
36.95
36.9625
36.983
37.0136
37.0555
37.1098
37.1843
37.3196
36.9404
36.9432
36.9499
36.9624
36.9829
37.0135
37.0554
37.1098
37.1842
37.3195
36.9403
36.9432
36.9499
36.9624
36.9829
37.0135
37.0554
37.1097
37.1841
37.3195
36.9403
36.9431
36.9499
36.9624
36.9829
37.0134
37.0553
37.1097
37.1841
37.3194
36.9403
36.9431
36.9499
36.9624
36.9829
37.0134
37.0553
37.1097
37.1841
37.3194
36.9403
36.9431
36.9499
36.9624
36.9829
37.0134
37.0553
37.1097
37.1841
37.3194
36.9403
36.9431
36.9499
36.9624
36.9829
37.0134
37.0553
37.1097
37.1841
37.3194
36.9403
36.9432
36.9499
36.9624
36.9829
37.0135
37.0554
37.1097
37.1841
37.3195
36.9403
36.9432
36.9499
36.9624
36.9829
37.0135
37.0554
37.1098
37.1842
37.3195
36.9404
36.9432
36.95
36.9625
36.983
37.0136
37.0554
37.1098
37.1842
37.3196
32.9702
32.9841
33.0142
33.0652
33.1444
33.2619
33.4317
33.675
34.0277
34.5581
32.9702
32.984
33.0141
33.0651
33.1443
33.2618
33.4316
33.675
34.0277
34.558
32.9702
32.984
33.0141
33.0651
33.1443
33.2617
33.4316
33.6749
34.0276
34.558
32.9701
32.984
33.014
33.0651
33.1443
33.2617
33.4316
33.6749
34.0276
34.5579
32.9701
32.984
33.014
33.0651
33.1442
33.2617
33.4315
33.6749
34.0276
34.5579
32.9701
32.984
33.014
33.065
33.1442
33.2617
33.4315
33.6749
34.0276
34.5579
32.9701
32.984
33.014
33.0651
33.1442
33.2617
33.4316
33.6749
34.0276
34.5579
32.9701
32.984
33.0141
33.0651
33.1443
33.2617
33.4316
33.6749
34.0276
34.5579
32.9702
32.984
33.0141
33.0651
33.1443
33.2618
33.4316
33.675
34.0277
34.558
32.9702
32.9841
33.0141
33.0652
33.1444
33.2618
33.4317
33.675
34.0277
34.5581
29.3247
29.3499
29.4042
29.495
29.6343
29.8397
30.1353
30.5548
31.1452
31.9729
29.3246
29.3499
29.4041
29.4949
29.6343
29.8396
30.1352
30.5547
31.1451
31.9729
29.3246
29.3498
29.4041
29.4949
29.6342
29.8396
30.1352
30.5547
31.1451
31.9728
29.3246
29.3498
29.404
29.4948
29.6342
29.8396
30.1352
30.5546
31.1451
31.9728
29.3245
29.3498
29.404
29.4948
29.6342
29.8396
30.1352
30.5546
31.145
31.9728
29.3245
29.3498
29.404
29.4948
29.6342
29.8396
30.1352
30.5546
31.145
31.9728
29.3245
29.3498
29.404
29.4948
29.6342
29.8396
30.1352
30.5546
31.1451
31.9728
29.3246
29.3498
29.4041
29.4949
29.6342
29.8396
30.1352
30.5547
31.1451
31.9728
29.3246
29.3499
29.4041
29.4949
29.6343
29.8396
30.1352
30.5547
31.1451
31.9729
29.3246
29.3499
29.4041
29.4949
29.6343
29.8397
30.1353
30.5548
31.1452
31.9729
25.9924
26.0282
26.1047
26.232
26.4261
26.7106
27.1175
27.6894
28.4788
29.5448
25.9924
26.0282
26.1047
26.2319
26.4261
26.7105
27.1175
27.6894
28.4788
29.5447
25.9923
26.0281
26.1046
26.2319
26.426
26.7105
27.1174
27.6893
28.4787
29.5447
25.9923
26.0281
26.1046
26.2319
26.426
26.7104
27.1174
27.6893
28.4787
29.5447
25.9923
26.0281
26.1046
26.2319
26.426
26.7104
27.1174
27.6893
28.4787
29.5446
25.9923
26.0281
26.1046
26.2318
26.426
26.7104
27.1174
27.6893
28.4787
29.5446
25.9923
26.0281
26.1046
26.2319
26.426
26.7104
27.1174
27.6893
28.4787
29.5447
25.9923
26.0281
26.1046
26.2319
26.426
26.7104
27.1174
27.6893
28.4787
29.5447
25.9924
26.0282
26.1047
26.2319
26.4261
26.7105
27.1174
27.6893
28.4787
29.5447
25.9924
26.0282
26.1047
26.232
26.4261
26.7105
27.1175
27.6894
28.4788
29.5448
22.9595
23.0039
23.0983
23.2546
23.492
23.8388
24.3339
25.0291
25.986
27.265
22.9595
23.0038
23.0982
23.2545
23.492
23.8387
24.3339
25.029
25.9859
27.265
22.9595
23.0038
23.0982
23.2545
23.4919
23.8387
24.3338
25.029
25.9859
27.2649
22.9594
23.0038
23.0981
23.2545
23.4919
23.8386
24.3338
25.029
25.9858
27.2649
22.9594
23.0037
23.0981
23.2544
23.4919
23.8386
24.3338
25.0289
25.9858
27.2649
22.9594
23.0037
23.0981
23.2544
23.4919
23.8386
24.3338
25.0289
25.9858
27.2649
22.9594
23.0038
23.0981
23.2545
23.4919
23.8386
24.3338
25.0289
25.9858
27.2649
22.9594
23.0038
23.0982
23.2545
23.4919
23.8387
24.3338
25.029
25.9859
27.2649
22.9595
23.0038
23.0982
23.2545
23.492
23.8387
24.3339
25.029
25.9859
27.265
22.9595
23.0039
23.0982
23.2546
23.492
23.8387
24.3339
25.0291
25.986
27.265
20.2108
20.2607
20.3667
20.5414
20.8057
21.1908
21.7416
22.5214
23.6131
25.1064
20.2107
20.2607
20.3666
20.5414
20.8056
21.1907
21.7416
22.5214
23.613
25.1064
20.2107
20.2606
20.3666
20.5413
20.8056
21.1907
21.7415
22.5213
23.613
25.1063
20.2107
20.2606
20.3666
20.5413
20.8056
21.1906
21.7415
22.5213
23.613
25.1063
20.2106
20.2606
20.3666
20.5413
20.8056
21.1906
21.7415
22.5213
23.6129
25.1063
20.2106
20.2606
20.3666
20.5413
20.8056
21.1906
21.7415
22.5213
23.6129
25.1063
20.2107
20.2606
20.3666
20.5413
20.8056
21.1906
21.7415
22.5213
23.613
25.1063
20.2107
20.2606
20.3666
20.5413
20.8056
21.1907
21.7415
22.5213
23.613
25.1063
20.2107
20.2606
20.3666
20.5414
20.8056
21.1907
21.7416
22.5214
23.613
25.1064
20.2107
20.2607
20.3667
20.5414
20.8057
21.1908
21.7416
22.5214
23.6131
25.1064
17.731
17.7831
17.8933
18.0737
18.3448
18.7377
19.2994
20.1035
21.2677
22.9762
17.7309
17.7831
17.8932
18.0737
18.3448
18.7376
19.2994
20.1034
21.2676
22.9762
17.7309
17.783
17.8932
18.0737
18.3448
18.7376
19.2993
20.1034
21.2676
22.9761
17.7309
17.783
17.8931
18.0736
18.3447
18.7376
19.2993
20.1033
21.2675
22.9761
17.7308
17.783
17.8931
18.0736
18.3447
18.7375
19.2993
20.1033
21.2675
22.9761
17.7308
17.783
17.8931
18.0736
18.3447
18.7375
19.2993
20.1033
21.2675
22.9761
17.7309
17.783
17.8931
18.0736
18.3447
18.7376
19.2993
20.1033
21.2675
22.9761
17.7309
17.783
17.8932
18.0737
18.3448
18.7376
19.2993
20.1034
21.2676
22.9761
17.7309
17.783
17.8932
18.0737
18.3448
18.7376
19.2994
20.1034
21.2676
22.9762
17.7309
17.7831
17.8932
18.0737
18.3448
18.7377
19.2994
20.1035
21.2677
22.9762
15.5061
15.557
15.664
15.8375
16.0946
16.4614
16.9775
17.7091
18.7883
20.5612
15.5061
15.557
15.6639
15.8374
16.0946
16.4613
16.9774
17.709
18.7883
20.5611
15.506
15.557
15.6639
15.8374
16.0945
16.4613
16.9774
17.709
18.7882
20.5611
15.506
15.5569
15.6639
15.8374
16.0945
16.4613
16.9774
17.709
18.7882
20.5611
15.506
15.5569
15.6639
15.8374
16.0945
16.4613
16.9774
17.7089
18.7882
20.5611
15.506
15.5569
15.6639
15.8374
16.0945
16.4613
16.9774
17.7089
18.7882
20.5611
15.506
15.5569
15.6639
15.8374
16.0945
16.4613
16.9774
17.709
18.7882
20.5611
15.506
15.557
15.6639
15.8374
16.0945
16.4613
16.9774
17.709
18.7883
20.5611
15.506
15.557
15.6639
15.8374
16.0946
16.4613
16.9774
17.709
18.7883
20.5612
15.5061
15.557
15.664
15.8375
16.0946
16.4614
16.9775
17.7091
18.7884
20.5612
41.5307
41.3054
42.6579
45.3909
49.5
55.1095
62.4795
72.0707
84.7204
102.11
41.5307
41.3053
42.6578
45.3908
49.4998
55.1094
62.4794
72.0706
84.7203
102.11
41.5306
41.3053
42.6577
45.3907
49.4998
55.1093
62.4793
72.0705
84.7202
102.11
41.5306
41.3052
42.6577
45.3907
49.4997
55.1093
62.4792
72.0704
84.7202
102.11
41.5305
41.3052
42.6576
45.3907
49.4997
55.1092
62.4792
72.0704
84.7201
102.11
41.5305
41.3052
42.6576
45.3907
49.4997
55.1092
62.4792
72.0704
84.7201
102.11
41.5305
41.3052
42.6577
45.3907
49.4997
55.1092
62.4792
72.0704
84.7201
102.11
41.5306
41.3052
42.6577
45.3907
49.4997
55.1093
62.4793
72.0705
84.7202
102.11
41.5306
41.3053
42.6577
45.3908
49.4998
55.1093
62.4793
72.0705
84.7203
102.11
41.5307
41.3053
42.6578
45.3908
49.4999
55.1094
62.4794
72.0706
84.7203
102.11
39.8284
40.2782
41.8732
44.6524
48.6755
54.0608
61.0021
69.784
80.7749
94.2737
39.8283
40.2781
41.8731
44.6523
48.6754
54.0607
61.002
69.7839
80.7747
94.2736
39.8282
40.2781
41.873
44.6522
48.6753
54.0606
61.0019
69.7838
80.7746
94.2735
39.8282
40.278
41.873
44.6522
48.6753
54.0605
61.0018
69.7837
80.7746
94.2734
39.8282
40.278
41.8729
44.6521
48.6753
54.0605
61.0018
69.7837
80.7745
94.2734
39.8282
40.278
41.8729
44.6521
48.6753
54.0605
61.0018
69.7837
80.7745
94.2734
39.8282
40.278
41.8729
44.6522
48.6753
54.0605
61.0018
69.7837
80.7746
94.2734
39.8282
40.278
41.873
44.6522
48.6753
54.0606
61.0018
69.7837
80.7746
94.2735
39.8283
40.2781
41.873
44.6522
48.6754
54.0606
61.0019
69.7838
80.7747
94.2736
39.8283
40.2782
41.8731
44.6523
48.6755
54.0607
61.002
69.7839
80.7748
94.2737
37.6719
38.6598
40.5011
43.3074
47.1645
52.1669
58.427
66.0595
75.1162
85.4033
37.6718
38.6597
40.501
43.3073
47.1644
52.1668
58.4269
66.0594
75.1161
85.4032
37.6717
38.6597
40.5009
43.3073
47.1643
52.1667
58.4268
66.0593
75.116
85.4031
37.6717
38.6596
40.5008
43.3072
47.1643
52.1666
58.4268
66.0592
75.116
85.403
37.6717
38.6596
40.5008
43.3072
47.1642
52.1666
58.4267
66.0592
75.1159
85.403
37.6717
38.6596
40.5008
43.3072
47.1642
52.1666
58.4267
66.0592
75.1159
85.403
37.6717
38.6596
40.5008
43.3072
47.1643
52.1666
58.4267
66.0592
75.116
85.403
37.6717
38.6596
40.5009
43.3072
47.1643
52.1667
58.4268
66.0593
75.116
85.4031
37.6718
38.6597
40.5009
43.3073
47.1644
52.1667
58.4269
66.0593
75.1161
85.4032
37.6718
38.6598
40.501
43.3074
47.1645
52.1668
58.427
66.0595
75.1162
85.4033
35.396
36.7452
38.7613
41.5485
45.1822
49.724
55.2204
61.68
69.0212
76.973
35.3959
36.7451
38.7612
41.5484
45.1821
49.7239
55.2202
61.6799
69.021
76.9728
35.3958
36.745
38.7612
41.5483
45.182
49.7239
55.2202
61.6798
69.0209
76.9728
35.3958
36.745
38.7611
41.5482
45.1819
49.7238
55.2201
61.6798
69.0209
76.9727
35.3957
36.745
38.7611
41.5482
45.1819
49.7238
55.2201
61.6797
69.0209
76.9727
35.3957
36.745
38.7611
41.5482
45.1819
49.7238
55.2201
61.6797
69.0209
76.9727
35.3958
36.745
38.7611
41.5482
45.1819
49.7238
55.2201
61.6798
69.0209
76.9727
35.3958
36.745
38.7612
41.5483
45.182
49.7238
55.2201
61.6798
69.0209
76.9727
35.3959
36.7451
38.7612
41.5483
45.182
49.7239
55.2202
61.6799
69.021
76.9728
35.3959
36.7451
38.7613
41.5484
45.1821
49.724
55.2203
61.68
69.0211
76.9729
33.1287
34.7219
36.8476
39.5778
42.963
47.0325
51.7876
57.1848
63.106
69.3222
33.1287
34.7218
36.8475
39.5777
42.9629
47.0324
51.7875
57.1846
63.1059
69.322
33.1286
34.7217
36.8474
39.5776
42.9628
47.0323
51.7874
57.1846
63.1058
69.322
33.1286
34.7217
36.8474
39.5776
42.9628
47.0322
51.7873
57.1845
63.1057
69.3219
33.1285
34.7217
36.8473
39.5776
42.9628
47.0322
51.7873
57.1845
63.1057
69.3219
33.1285
34.7217
36.8473
39.5776
42.9628
47.0322
51.7873
57.1845
63.1057
69.3219
33.1286
34.7217
36.8474
39.5776
42.9628
47.0322
51.7873
57.1845
63.1057
69.3219
33.1286
34.7217
36.8474
39.5776
42.9628
47.0323
51.7874
57.1845
63.1058
69.3219
33.1286
34.7218
36.8475
39.5777
42.9629
47.0323
51.7875
57.1846
63.1059
69.322
33.1287
34.7218
36.8476
39.5778
42.963
47.0324
51.7876
57.1847
63.106
69.3222
30.9443
32.7231
34.924
37.5841
40.7273
44.3566
48.4452
52.9258
57.6809
62.5392
30.9442
32.723
34.9239
37.584
40.7272
44.3565
48.4451
52.9257
57.6808
62.539
30.9441
32.7229
34.9239
37.584
40.7271
44.3565
48.445
52.9256
57.6807
62.539
30.9441
32.7229
34.9238
37.5839
40.7271
44.3564
48.445
52.9256
57.6807
62.5389
30.9441
32.7229
34.9238
37.5839
40.7271
44.3564
48.4449
52.9255
57.6807
62.5389
30.9441
32.7229
34.9238
37.5839
40.7271
44.3564
48.4449
52.9255
57.6807
62.5389
30.9441
32.7229
34.9238
37.5839
40.7271
44.3564
48.445
52.9256
57.6807
62.5389
30.9441
32.7229
34.9239
37.5839
40.7271
44.3565
48.445
52.9256
57.6807
62.539
30.9442
32.723
34.9239
37.584
40.7272
44.3565
48.4451
52.9257
57.6808
62.539
30.9443
32.7231
34.924
37.5841
40.7273
44.3566
48.4452
52.9258
57.6809
62.5392
28.8972
30.8557
33.1324
35.7352
38.6687
41.9179
45.4375
49.1463
52.9304
56.6607
28.8971
30.8557
33.1323
35.7351
38.6686
41.9178
45.4374
49.1461
52.9303
56.6606
28.897
30.8556
33.1322
35.735
38.6686
41.9178
45.4373
49.1461
52.9302
56.6605
28.897
30.8556
33.1322
35.735
38.6685
41.9177
45.4372
49.146
52.9301
56.6605
28.897
30.8555
33.1322
35.735
38.6685
41.9177
45.4372
49.146
52.9301
56.6604
28.897
30.8555
33.1322
35.735
38.6685
41.9177
45.4372
49.146
52.9301
56.6604
28.897
30.8556
33.1322
35.735
38.6685
41.9177
45.4372
49.146
52.9301
56.6605
28.897
30.8556
33.1322
35.735
38.6686
41.9178
45.4373
49.1461
52.9302
56.6605
28.8971
30.8557
33.1323
35.7351
38.6686
41.9178
45.4374
49.1462
52.9303
56.6606
28.8972
30.8557
33.1324
35.7352
38.6687
41.9179
45.4375
49.1463
52.9304
56.6607
27.0339
29.2184
31.6007
34.1787
36.9528
39.8999
42.961
46.038
49.0024
51.7299
27.0338
29.2183
31.6006
34.1786
36.9527
39.8998
42.9609
46.0378
49.0023
51.7298
27.0338
29.2182
31.6006
34.1785
36.9527
39.8998
42.9608
46.0378
49.0022
51.7297
27.0337
29.2182
31.6005
34.1785
36.9526
39.8997
42.9608
46.0377
49.0021
51.7297
27.0337
29.2182
31.6005
34.1785
36.9526
39.8997
42.9607
46.0377
49.0021
51.7297
27.0337
29.2182
31.6005
34.1785
36.9526
39.8997
42.9607
46.0377
49.0021
51.7297
27.0337
29.2182
31.6005
34.1785
36.9526
39.8997
42.9608
46.0377
49.0021
51.7297
27.0338
29.2182
31.6006
34.1785
36.9527
39.8998
42.9608
46.0378
49.0022
51.7298
27.0338
29.2183
31.6006
34.1786
36.9527
39.8998
42.9609
46.0379
49.0023
51.7298
27.0339
29.2184
31.6007
34.1787
36.9528
39.8999
42.961
46.038
49.0024
51.73
25.4146
27.9242
30.454
33.0443
35.7176
38.4539
41.1833
43.7816
46.0709
47.8468
25.4145
27.9242
30.4539
33.0443
35.7175
38.4538
41.1832
43.7815
46.0708
47.8467
25.4145
27.9241
30.4539
33.0442
35.7175
38.4538
41.1832
43.7814
46.0707
47.8466
25.4144
27.9241
30.4538
33.0442
35.7174
38.4537
41.1831
43.7814
46.0707
47.8466
25.4144
27.9241
30.4538
33.0441
35.7174
38.4537
41.1831
43.7814
46.0707
47.8465
25.4144
27.9241
30.4538
33.0441
35.7174
38.4537
41.1831
43.7814
46.0707
47.8465
25.4144
27.9241
30.4538
33.0442
35.7174
38.4537
41.1831
43.7814
46.0707
47.8466
25.4145
27.9241
30.4539
33.0442
35.7175
38.4538
41.1832
43.7815
46.0708
47.8466
25.4145
27.9242
30.4539
33.0443
35.7176
38.4539
41.1833
43.7815
46.0708
47.8467
25.4146
27.9243
30.454
33.0444
35.7177
38.454
41.1834
43.7816
46.071
47.8468
24.2137
27.1439
29.8223
32.4414
35.0694
37.6968
40.2468
42.5677
44.4044
45.3208
24.2137
27.1439
29.8223
32.4413
35.0693
37.6967
40.2468
42.5676
44.4043
45.3207
24.2136
27.1438
29.8222
32.4413
35.0692
37.6967
40.2467
42.5675
44.4043
45.3206
24.2136
27.1438
29.8222
32.4412
35.0692
37.6966
40.2467
42.5675
44.4042
45.3206
24.2136
27.1438
29.8222
32.4412
35.0692
37.6966
40.2466
42.5675
44.4042
45.3206
24.2136
27.1438
29.8222
32.4412
35.0692
37.6966
40.2466
42.5675
44.4042
45.3206
24.2136
27.1438
29.8222
32.4412
35.0692
37.6966
40.2467
42.5675
44.4042
45.3206
24.2136
27.1439
29.8222
32.4413
35.0692
37.6967
40.2467
42.5676
44.4043
45.3207
24.2137
27.1439
29.8223
32.4413
35.0693
37.6968
40.2468
42.5676
44.4044
45.3207
24.2137
27.144
29.8224
32.4414
35.0694
37.6969
40.2469
42.5678
44.4045
45.3208
128.147
140.609
148.307
153.735
157.778
160.831
163.105
164.725
165.768
166.279
128.146
140.609
148.307
153.735
157.778
160.831
163.105
164.725
165.768
166.279
128.146
140.609
148.307
153.735
157.778
160.831
163.105
164.725
165.768
166.279
128.146
140.609
148.307
153.735
157.778
160.831
163.105
164.725
165.768
166.279
128.146
140.609
148.307
153.735
157.778
160.831
163.105
164.725
165.768
166.279
128.146
140.609
148.307
153.735
157.778
160.831
163.105
164.725
165.768
166.279
128.146
140.609
148.307
153.735
157.778
160.831
163.105
164.725
165.768
166.279
128.146
140.609
148.307
153.735
157.778
160.831
163.105
164.725
165.768
166.279
128.146
140.609
148.307
153.735
157.778
160.831
163.105
164.725
165.768
166.279
128.147
140.609
148.307
153.735
157.778
160.831
163.105
164.725
165.768
166.279
109.62
120.82
128.781
134.592
138.93
142.189
144.603
146.314
147.412
147.95
109.62
120.82
128.78
134.592
138.93
142.189
144.603
146.314
147.412
147.95
109.62
120.82
128.78
134.591
138.93
142.189
144.603
146.314
147.412
147.949
109.619
120.82
128.78
134.591
138.93
142.189
144.603
146.314
147.412
147.949
109.619
120.82
128.78
134.591
138.93
142.189
144.603
146.314
147.412
147.949
109.619
120.82
128.78
134.591
138.93
142.189
144.603
146.314
147.412
147.949
109.619
120.82
128.78
134.591
138.93
142.189
144.603
146.314
147.412
147.949
109.619
120.82
128.78
134.591
138.93
142.189
144.603
146.314
147.412
147.949
109.62
120.82
128.78
134.592
138.93
142.189
144.603
146.314
147.412
147.95
109.62
120.82
128.781
134.592
138.93
142.189
144.603
146.314
147.413
147.95
96.0646
105.109
112.252
117.778
122.028
125.267
127.683
129.401
130.506
131.047
96.0645
105.109
112.251
117.778
122.028
125.267
127.683
129.401
130.506
131.047
96.0644
105.109
112.251
117.778
122.028
125.267
127.682
129.401
130.506
131.047
96.0643
105.109
112.251
117.778
122.028
125.267
127.682
129.401
130.506
131.047
96.0643
105.109
112.251
117.778
122.028
125.267
127.682
129.401
130.506
131.047
96.0643
105.109
112.251
117.778
122.028
125.267
127.682
129.401
130.506
131.047
96.0643
105.109
112.251
117.778
122.028
125.267
127.682
129.401
130.506
131.047
96.0644
105.109
112.251
117.778
122.028
125.267
127.682
129.401
130.506
131.047
96.0644
105.109
112.251
117.778
122.028
125.267
127.683
129.401
130.506
131.047
96.0646
105.109
112.252
117.778
122.028
125.267
127.683
129.401
130.506
131.047
84.9572
92.1446
98.1957
103.11
107.015
110.055
112.352
114
115.065
115.588
84.9571
92.1444
98.1956
103.11
107.015
110.055
112.352
114
115.065
115.587
84.957
92.1444
98.1955
103.11
107.015
110.055
112.352
114
115.065
115.587
84.957
92.1443
98.1954
103.11
107.015
110.054
112.352
114
115.065
115.587
84.9569
92.1443
98.1954
103.11
107.015
110.054
112.352
114
115.065
115.587
84.9569
92.1443
98.1954
103.11
107.015
110.054
112.352
114
115.065
115.587
84.9569
92.1443
98.1954
103.11
107.015
110.054
112.352
114
115.065
115.587
84.957
92.1443
98.1955
103.11
107.015
110.055
112.352
114
115.065
115.587
84.9571
92.1444
98.1956
103.11
107.015
110.055
112.352
114
115.065
115.588
84.9572
92.1446
98.1957
103.11
107.015
110.055
112.352
114
115.065
115.588
75.4769
81.1619
86.1351
90.3227
93.7483
96.4735
98.5656
100.083
101.071
101.557
75.4767
81.1618
86.135
90.3226
93.7481
96.4733
98.5655
100.083
101.07
101.557
75.4767
81.1617
86.1349
90.3225
93.748
96.4732
98.5654
100.083
101.07
101.557
75.4766
81.1616
86.1348
90.3225
93.748
96.4732
98.5654
100.083
101.07
101.557
75.4766
81.1616
86.1348
90.3224
93.748
96.4732
98.5653
100.083
101.07
101.557
75.4766
81.1616
86.1348
90.3224
93.748
96.4732
98.5653
100.083
101.07
101.557
75.4766
81.1616
86.1348
90.3225
93.748
96.4732
98.5654
100.083
101.07
101.557
75.4766
81.1617
86.1349
90.3225
93.7481
96.4733
98.5654
100.083
101.07
101.557
75.4767
81.1618
86.135
90.3226
93.7482
96.4734
98.5655
100.083
101.07
101.557
75.4769
81.1619
86.1351
90.3228
93.7483
96.4735
98.5657
100.083
101.071
101.557
67.2907
71.7313
75.7138
79.1625
82.0569
84.4089
86.2445
87.5921
88.476
88.9135
67.2906
71.7312
75.7137
79.1623
82.0567
84.4088
86.2444
87.592
88.4759
88.9134
67.2905
71.7311
75.7136
79.1623
82.0566
84.4087
86.2443
87.5919
88.4758
88.9134
67.2905
71.731
75.7135
79.1622
82.0566
84.4086
86.2443
87.5918
88.4757
88.9133
67.2904
71.731
75.7135
79.1622
82.0565
84.4086
86.2442
87.5918
88.4757
88.9133
67.2904
71.731
75.7135
79.1622
82.0566
84.4086
86.2442
87.5918
88.4757
88.9133
67.2905
71.731
75.7135
79.1622
82.0566
84.4086
86.2443
87.5919
88.4758
88.9133
67.2905
71.7311
75.7136
79.1623
82.0567
84.4087
86.2444
87.5919
88.4758
88.9134
67.2906
71.7312
75.7137
79.1624
82.0567
84.4088
86.2445
87.592
88.4759
88.9135
67.2907
71.7313
75.7138
79.1625
82.0569
84.4089
86.2446
87.5922
88.4761
88.9136
60.2307
63.5886
66.669
69.4101
71.7709
73.7318
75.2891
76.4472
77.2136
77.5949
60.2306
63.5885
66.6689
69.41
71.7708
73.7317
75.289
76.4471
77.2135
77.5949
60.2305
63.5884
66.6688
69.4099
71.7707
73.7316
75.2889
76.447
77.2134
77.5948
60.2305
63.5884
66.6687
69.4099
71.7706
73.7316
75.2888
76.4469
77.2134
77.5947
60.2304
63.5884
66.6687
69.4098
71.7706
73.7315
75.2888
76.4469
77.2133
77.5947
60.2304
63.5884
66.6687
69.4098
71.7706
73.7315
75.2888
76.4469
77.2133
77.5947
60.2305
63.5884
66.6687
69.4099
71.7706
73.7316
75.2888
76.447
77.2134
77.5948
60.2305
63.5884
66.6688
69.4099
71.7707
73.7316
75.2889
76.447
77.2135
77.5949
60.2306
63.5885
66.6689
69.41
71.7708
73.7317
75.289
76.4471
77.2136
77.595
60.2307
63.5887
66.669
69.4102
71.7709
73.7319
75.2891
76.4473
77.2137
77.5951
54.1854
56.5391
58.7901
60.8747
62.7298
64.3108
65.591
66.5568
67.2021
67.5251
54.1853
56.5389
58.7899
60.8746
62.7297
64.3107
65.5909
66.5567
67.202
67.525
54.1852
56.5389
58.7899
60.8745
62.7296
64.3106
65.5908
66.5566
67.2019
67.5249
54.1851
56.5388
58.7898
60.8744
62.7295
64.3105
65.5908
66.5565
67.2019
67.5249
54.1851
56.5388
58.7898
60.8744
62.7295
64.3105
65.5908
66.5565
67.2019
67.5249
54.1851
56.5388
58.7898
60.8744
62.7295
64.3105
65.5908
66.5565
67.2019
67.5249
54.1851
56.5388
58.7898
60.8744
62.7296
64.3106
65.5908
66.5566
67.2019
67.5249
54.1852
56.5389
58.7899
60.8745
62.7296
64.3106
65.5909
66.5566
67.202
67.525
54.1853
56.539
58.79
60.8746
62.7297
64.3107
65.591
66.5567
67.2021
67.5251
54.1854
56.5391
58.7901
60.8747
62.7298
64.3108
65.5911
66.5569
67.2022
67.5252
49.0293
50.3898
51.8842
53.3835
54.785
56.019
57.0412
57.8246
58.3536
58.62
49.0291
50.3897
51.8841
53.3834
54.7849
56.0189
57.0411
57.8245
58.3535
58.6199
49.0291
50.3896
51.884
53.3833
54.7848
56.0188
57.041
57.8244
58.3534
58.6198
49.029
50.3895
51.8839
53.3832
54.7847
56.0188
57.0409
57.8244
58.3534
58.6198
49.029
50.3895
51.8839
53.3832
54.7847
56.0187
57.0409
57.8243
58.3534
58.6198
49.029
50.3895
51.8839
53.3832
54.7847
56.0187
57.0409
57.8243
58.3534
58.6198
49.029
50.3895
51.8839
53.3833
54.7848
56.0188
57.041
57.8244
58.3534
58.6198
49.0291
50.3896
51.884
53.3833
54.7848
56.0188
57.041
57.8245
58.3535
58.6199
49.0292
50.3897
51.8841
53.3834
54.7849
56.0189
57.0411
57.8245
58.3536
58.62
49.0293
50.3898
51.8842
53.3835
54.785
56.0191
57.0413
57.8247
58.3537
58.6201
44.4654
44.8833
45.7564
46.7795
47.8029
48.7396
49.5352
50.1554
50.5788
50.7933
44.4653
44.8832
45.7563
46.7794
47.8028
48.7395
49.5351
50.1552
50.5787
50.7932
44.4653
44.8831
45.7562
46.7793
47.8027
48.7394
49.535
50.1552
50.5786
50.7932
44.4652
44.883
45.7561
46.7792
47.8027
48.7394
49.535
50.1551
50.5786
50.7931
44.4652
44.883
45.7561
46.7792
47.8026
48.7393
49.535
50.1551
50.5786
50.7931
44.4652
44.883
45.7561
46.7792
47.8027
48.7394
49.535
50.1551
50.5786
50.7931
44.4652
44.883
45.7561
46.7793
47.8027
48.7394
49.535
50.1552
50.5786
50.7932
44.4653
44.8831
45.7562
46.7793
47.8027
48.7394
49.5351
50.1552
50.5787
50.7932
44.4654
44.8832
45.7563
46.7794
47.8028
48.7395
49.5352
50.1553
50.5788
50.7933
44.4655
44.8833
45.7564
46.7795
47.803
48.7397
49.5353
50.1554
50.5789
50.7934
406.256
406.275
406.311
406.36
406.414
406.469
406.519
406.56
406.59
406.605
406.256
406.275
406.311
406.36
406.414
406.469
406.519
406.56
406.59
406.605
406.256
406.275
406.311
406.36
406.414
406.469
406.519
406.56
406.59
406.605
406.256
406.275
406.311
406.36
406.414
406.469
406.519
406.56
406.59
406.605
406.256
406.275
406.311
406.36
406.414
406.469
406.519
406.56
406.59
406.605
406.256
406.275
406.311
406.36
406.414
406.469
406.519
406.56
406.59
406.605
406.256
406.275
406.311
406.36
406.414
406.469
406.519
406.56
406.59
406.605
406.256
406.275
406.311
406.36
406.414
406.469
406.519
406.56
406.59
406.605
406.256
406.275
406.311
406.36
406.414
406.469
406.519
406.56
406.59
406.605
406.256
406.275
406.311
406.36
406.414
406.469
406.519
406.56
406.59
406.605
378.804
378.865
378.979
379.129
379.299
379.469
379.624
379.751
379.84
379.886
378.804
378.865
378.979
379.129
379.299
379.469
379.624
379.751
379.84
379.886
378.804
378.865
378.979
379.129
379.299
379.469
379.624
379.751
379.84
379.886
378.804
378.865
378.979
379.129
379.299
379.469
379.624
379.751
379.84
379.886
378.804
378.865
378.979
379.129
379.299
379.469
379.624
379.751
379.84
379.886
378.804
378.865
378.979
379.129
379.299
379.469
379.624
379.751
379.84
379.886
378.804
378.865
378.979
379.129
379.299
379.469
379.624
379.751
379.84
379.886
378.804
378.865
378.979
379.129
379.299
379.469
379.624
379.751
379.84
379.886
378.804
378.865
378.979
379.129
379.299
379.469
379.624
379.751
379.84
379.886
378.804
378.865
378.979
379.129
379.299
379.469
379.624
379.751
379.84
379.886
351.458
351.57
351.777
352.048
352.351
352.653
352.926
353.148
353.305
353.385
351.458
351.57
351.776
352.048
352.351
352.653
352.926
353.148
353.304
353.385
351.458
351.57
351.776
352.048
352.351
352.653
352.926
353.148
353.304
353.385
351.458
351.57
351.776
352.048
352.351
352.653
352.926
353.148
353.304
353.385
351.458
351.57
351.776
352.048
352.351
352.653
352.926
353.148
353.304
353.385
351.458
351.57
351.776
352.048
352.351
352.653
352.926
353.148
353.304
353.385
351.458
351.57
351.776
352.048
352.351
352.653
352.926
353.148
353.304
353.385
351.458
351.57
351.776
352.048
352.351
352.653
352.926
353.148
353.304
353.385
351.458
351.57
351.776
352.048
352.351
352.653
352.926
353.148
353.304
353.385
351.458
351.57
351.776
352.048
352.351
352.653
352.926
353.148
353.305
353.385
324.276
324.456
324.785
325.213
325.683
326.145
326.559
326.893
327.126
327.245
324.276
324.456
324.785
325.213
325.683
326.145
326.559
326.892
327.125
327.245
324.276
324.456
324.785
325.212
325.683
326.145
326.559
326.892
327.125
327.245
324.276
324.456
324.785
325.212
325.683
326.145
326.559
326.892
327.125
327.245
324.276
324.456
324.785
325.212
325.683
326.145
326.559
326.892
327.125
327.245
324.276
324.456
324.785
325.212
325.683
326.145
326.559
326.892
327.125
327.245
324.276
324.456
324.785
325.212
325.683
326.145
326.559
326.892
327.125
327.245
324.276
324.456
324.785
325.212
325.683
326.145
326.559
326.892
327.125
327.245
324.276
324.456
324.785
325.212
325.683
326.145
326.559
326.892
327.125
327.245
324.276
324.456
324.785
325.213
325.683
326.145
326.559
326.892
327.126
327.245
297.292
297.572
298.074
298.714
299.404
300.07
300.655
301.123
301.446
301.611
297.292
297.571
298.074
298.714
299.404
300.07
300.655
301.122
301.446
301.611
297.292
297.571
298.074
298.714
299.404
300.07
300.655
301.122
301.446
301.611
297.292
297.571
298.074
298.714
299.404
300.069
300.655
301.122
301.446
301.611
297.292
297.571
298.074
298.714
299.404
300.069
300.655
301.122
301.446
301.611
297.292
297.571
298.074
298.714
299.404
300.069
300.655
301.122
301.446
301.611
297.292
297.571
298.074
298.714
299.404
300.069
300.655
301.122
301.446
301.611
297.292
297.571
298.074
298.714
299.404
300.07
300.655
301.122
301.446
301.611
297.292
297.571
298.074
298.714
299.404
300.07
300.655
301.122
301.446
301.611
297.292
297.571
298.074
298.714
299.404
300.07
300.655
301.123
301.446
301.611
270.501
270.937
271.701
272.643
273.628
274.554
275.353
275.98
276.409
276.627
270.5
270.937
271.701
272.643
273.628
274.554
275.352
275.98
276.409
276.627
270.5
270.937
271.701
272.643
273.627
274.554
275.352
275.979
276.409
276.627
270.5
270.937
271.701
272.643
273.627
274.554
275.352
275.979
276.409
276.627
270.5
270.937
271.701
272.643
273.627
274.554
275.352
275.979
276.409
276.627
270.5
270.937
271.701
272.643
273.627
274.554
275.352
275.979
276.409
276.627
270.5
270.937
271.701
272.643
273.627
274.554
275.352
275.979
276.409
276.627
270.5
270.937
271.701
272.643
273.627
274.554
275.352
275.979
276.409
276.627
270.5
270.937
271.701
272.643
273.628
274.554
275.352
275.98
276.409
276.627
270.5
270.937
271.701
272.643
273.628
274.554
275.353
275.98
276.409
276.627
243.832
244.537
245.712
247.092
248.476
249.735
250.792
251.607
252.158
252.436
243.832
244.537
245.712
247.092
248.476
249.735
250.792
251.607
252.158
252.436
243.832
244.537
245.712
247.092
248.476
249.735
250.792
251.607
252.158
252.436
243.832
244.537
245.712
247.092
248.476
249.735
250.792
251.607
252.158
252.436
243.831
244.537
245.712
247.092
248.476
249.735
250.792
251.607
252.158
252.436
243.831
244.537
245.712
247.092
248.476
249.735
250.792
251.607
252.158
252.436
243.831
244.537
245.712
247.092
248.476
249.735
250.792
251.607
252.158
252.436
243.832
244.537
245.712
247.092
248.476
249.735
250.792
251.607
252.158
252.436
243.832
244.537
245.712
247.092
248.476
249.735
250.792
251.607
252.158
252.436
243.832
244.537
245.712
247.092
248.476
249.735
250.792
251.607
252.158
252.436
217.093
218.303
220.156
222.179
224.095
225.765
227.125
228.151
228.836
229.178
217.093
218.303
220.156
222.179
224.095
225.764
227.125
228.151
228.836
229.178
217.093
218.303
220.156
222.179
224.095
225.764
227.125
228.151
228.835
229.178
217.093
218.303
220.156
222.179
224.095
225.764
227.125
228.151
228.835
229.177
217.093
218.303
220.156
222.179
224.095
225.764
227.125
228.151
228.835
229.177
217.093
218.303
220.156
222.179
224.095
225.764
227.125
228.151
228.835
229.177
217.093
218.303
220.156
222.179
224.095
225.764
227.125
228.151
228.835
229.177
217.093
218.303
220.156
222.179
224.095
225.764
227.125
228.151
228.836
229.178
217.093
218.303
220.156
222.179
224.095
225.764
227.125
228.151
228.836
229.178
217.093
218.303
220.156
222.179
224.095
225.765
227.125
228.151
228.836
229.178
189.844
192.128
195.135
198.081
200.672
202.819
204.511
205.759
206.579
206.986
189.844
192.128
195.135
198.081
200.672
202.819
204.511
205.759
206.579
206.986
189.843
192.128
195.134
198.081
200.672
202.819
204.511
205.759
206.579
206.986
189.843
192.128
195.134
198.081
200.672
202.819
204.511
205.759
206.579
206.986
189.843
192.128
195.134
198.081
200.672
202.819
204.511
205.758
206.579
206.986
189.843
192.128
195.134
198.081
200.672
202.819
204.511
205.758
206.579
206.986
189.843
192.128
195.134
198.081
200.672
202.819
204.511
205.759
206.579
206.986
189.843
192.128
195.134
198.081
200.672
202.819
204.511
205.759
206.579
206.986
189.843
192.128
195.134
198.081
200.672
202.819
204.511
205.759
206.579
206.986
189.844
192.128
195.135
198.081
200.672
202.819
204.511
205.759
206.579
206.986
161.061
165.984
170.932
175.101
178.46
181.103
183.117
184.573
185.519
185.985
161.061
165.984
170.932
175.1
178.46
181.103
183.117
184.573
185.519
185.985
161.061
165.984
170.931
175.1
178.46
181.102
183.117
184.573
185.519
185.985
161.061
165.984
170.931
175.1
178.46
181.102
183.117
184.573
185.519
185.984
161.061
165.984
170.931
175.1
178.46
181.102
183.117
184.573
185.519
185.984
161.061
165.984
170.931
175.1
178.46
181.102
183.117
184.573
185.519
185.984
161.061
165.984
170.931
175.1
178.46
181.102
183.117
184.573
185.519
185.985
161.061
165.984
170.931
175.1
178.46
181.102
183.117
184.573
185.519
185.985
161.061
165.984
170.931
175.1
178.46
181.103
183.117
184.573
185.519
185.985
161.061
165.984
170.932
175.101
178.46
181.103
183.117
184.574
185.519
185.985
13.5238
13.5707
13.6683
13.8244
14.0508
14.3635
14.7825
15.3278
15.9996
16.684
13.5237
13.5706
13.6683
13.8244
14.0507
14.3635
14.7825
15.3277
15.9995
16.6839
13.5237
13.5706
13.6683
13.8244
14.0507
14.3634
14.7825
15.3277
15.9995
16.6839
13.5237
13.5706
13.6682
13.8243
14.0507
14.3634
14.7824
15.3277
15.9995
16.6839
13.5237
13.5706
13.6682
13.8243
14.0507
14.3634
14.7824
15.3277
15.9995
16.6839
13.5237
13.5706
13.6682
13.8243
14.0507
14.3634
14.7824
15.3277
15.9995
16.6839
13.5237
13.5706
13.6682
13.8243
14.0507
14.3634
14.7824
15.3277
15.9995
16.6839
13.5237
13.5706
13.6683
13.8244
14.0507
14.3634
14.7825
15.3277
15.9995
16.6839
13.5237
13.5706
13.6683
13.8244
14.0507
14.3635
14.7825
15.3277
15.9996
16.6839
13.5238
13.5707
13.6683
13.8244
14.0508
14.3635
14.7826
15.3278
15.9996
16.684
11.7733
11.8143
11.8988
12.0315
12.2187
12.4673
12.7812
13.1534
13.5469
13.8536
11.7732
11.8142
11.8987
12.0314
12.2186
12.4673
12.7811
13.1534
13.5469
13.8536
11.7732
11.8142
11.8987
12.0314
12.2186
12.4672
12.7811
13.1534
13.5469
13.8536
11.7732
11.8142
11.8987
12.0314
12.2186
12.4672
12.7811
13.1534
13.5468
13.8535
11.7732
11.8142
11.8987
12.0314
12.2186
12.4672
12.7811
13.1533
13.5468
13.8535
11.7732
11.8142
11.8987
12.0314
12.2186
12.4672
12.7811
13.1533
13.5468
13.8535
11.7732
11.8142
11.8987
12.0314
12.2186
12.4672
12.7811
13.1534
13.5469
13.8535
11.7732
11.8142
11.8987
12.0314
12.2186
12.4672
12.7811
13.1534
13.5469
13.8536
11.7732
11.8142
11.8987
12.0314
12.2187
12.4673
12.7812
13.1534
13.5469
13.8536
11.7732
11.8143
11.8988
12.0315
12.2187
12.4673
12.7812
13.1535
13.547
13.8537
10.2452
10.2795
10.3494
10.4571
10.6048
10.7932
11.0179
11.2641
11.4968
11.6523
10.2451
10.2794
10.3494
10.4571
10.6048
10.7931
11.0179
11.2641
11.4967
11.6523
10.2451
10.2794
10.3493
10.457
10.6047
10.7931
11.0179
11.264
11.4967
11.6522
10.2451
10.2794
10.3493
10.457
10.6047
10.7931
11.0179
11.264
11.4967
11.6522
10.2451
10.2794
10.3493
10.457
10.6047
10.7931
11.0178
11.264
11.4967
11.6522
10.2451
10.2794
10.3493
10.457
10.6047
10.7931
11.0178
11.264
11.4967
11.6522
10.2451
10.2794
10.3493
10.457
10.6047
10.7931
11.0179
11.264
11.4967
11.6522
10.2451
10.2794
10.3493
10.457
10.6048
10.7931
11.0179
11.264
11.4967
11.6523
10.2451
10.2794
10.3494
10.4571
10.6048
10.7932
11.0179
11.2641
11.4967
11.6523
10.2452
10.2795
10.3494
10.4571
10.6048
10.7932
11.018
11.2641
11.4968
11.6523
8.93097
8.95866
9.01448
9.09888
9.21155
9.34999
9.50731
9.6691
9.81053
9.89708
8.93094
8.95863
9.01445
9.09885
9.21151
9.34996
9.50728
9.66907
9.8105
9.89705
8.93091
8.9586
9.01442
9.09882
9.21149
9.34993
9.50725
9.66904
9.81048
9.89703
8.9309
8.95859
9.01441
9.09881
9.21147
9.34992
9.50723
9.66903
9.81046
9.89702
8.93089
8.95858
9.0144
9.0988
9.21147
9.34991
9.50723
9.66902
9.81046
9.89701
8.93089
8.95858
9.0144
9.0988
9.21147
9.34991
9.50723
9.66903
9.81046
9.89702
8.9309
8.95859
9.01441
9.09881
9.21148
9.34992
9.50724
9.66904
9.81047
9.89703
8.93091
8.9586
9.01442
9.09883
9.2115
9.34994
9.50726
9.66906
9.81049
9.89705
8.93093
8.95863
9.01445
9.09885
9.21152
9.34997
9.50729
9.66909
9.81052
9.89708
8.93096
8.95866
9.01449
9.09889
9.21156
9.35001
9.50733
9.66913
9.81057
9.89712
7.8227
7.84445
7.88787
7.9524
8.03647
8.13651
8.24569
8.35271
8.44136
8.49284
7.82267
7.84442
7.88784
7.95237
8.03644
8.13647
8.24566
8.35268
8.44133
8.49282
7.82264
7.8444
7.88781
7.95235
8.03641
8.13645
8.24564
8.35266
8.4413
8.4928
7.82263
7.84438
7.8878
7.95233
8.0364
8.13643
8.24562
8.35265
8.44129
8.49279
7.82262
7.84437
7.88779
7.95232
8.03639
8.13643
8.24562
8.35264
8.44129
8.49278
7.82262
7.84437
7.88779
7.95232
8.03639
8.13643
8.24562
8.35264
8.44129
8.49279
7.82263
7.84438
7.8878
7.95233
8.0364
8.13644
8.24563
8.35265
8.4413
8.4928
7.82264
7.8444
7.88782
7.95235
8.03642
8.13646
8.24565
8.35267
8.44132
8.49282
7.82266
7.84442
7.88784
7.95238
8.03645
8.13649
8.24568
8.3527
8.44135
8.49285
7.82269
7.84445
7.88787
7.95241
8.03648
8.13652
8.24572
8.35274
8.44139
8.49289
6.91284
6.92965
6.96291
7.01159
7.07369
7.1456
7.22158
7.2934
7.35069
7.38292
6.91281
6.92962
6.96288
7.01156
7.07366
7.14557
7.22155
7.29337
7.35066
7.3829
6.91279
6.9296
6.96286
7.01154
7.07363
7.14554
7.22153
7.29334
7.35064
7.38288
6.91277
6.92959
6.96284
7.01153
7.07362
7.14553
7.22152
7.29333
7.35063
7.38287
6.91277
6.92958
6.96284
7.01152
7.07361
7.14553
7.22151
7.29333
7.35062
7.38286
6.91277
6.92958
6.96284
7.01152
7.07362
7.14553
7.22152
7.29333
7.35063
7.38287
6.91277
6.92959
6.96285
7.01153
7.07362
7.14554
7.22153
7.29334
7.35064
7.38288
6.91279
6.9296
6.96286
7.01155
7.07364
7.14555
7.22155
7.29336
7.35066
7.3829
6.91281
6.92962
6.96288
7.01157
7.07367
7.14558
7.22157
7.29339
7.35069
7.38293
6.91283
6.92965
6.96292
7.01161
7.0737
7.14561
7.22161
7.29342
7.35072
7.38296
6.19448
6.20744
6.23289
6.26966
6.31571
6.36786
6.42155
6.47091
6.50926
6.53039
6.19445
6.20741
6.23286
6.26963
6.31568
6.36783
6.42152
6.47088
6.50923
6.53037
6.19443
6.20739
6.23284
6.26961
6.31566
6.36781
6.4215
6.47086
6.50922
6.53035
6.19441
6.20738
6.23283
6.2696
6.31565
6.36779
6.42149
6.47085
6.50921
6.53034
6.19441
6.20737
6.23282
6.26959
6.31564
6.36779
6.42149
6.47085
6.5092
6.53034
6.19441
6.20737
6.23282
6.26959
6.31564
6.36779
6.42149
6.47085
6.50921
6.53035
6.19442
6.20738
6.23283
6.2696
6.31565
6.3678
6.4215
6.47086
6.50922
6.53036
6.19443
6.2074
6.23285
6.26962
6.31567
6.36782
6.42152
6.47088
6.50923
6.53037
6.19445
6.20742
6.23287
6.26964
6.31569
6.36784
6.42154
6.47091
6.50926
6.5304
6.19447
6.20744
6.2329
6.26967
6.31572
6.36787
6.42157
6.47094
6.50929
6.53043
5.66155
5.67173
5.6916
5.71998
5.755
5.79394
5.83323
5.8686
5.89556
5.9102
5.66152
5.67171
5.69157
5.71995
5.75497
5.79392
5.83321
5.86857
5.89553
5.91018
5.6615
5.67169
5.69155
5.71993
5.75495
5.7939
5.83319
5.86856
5.89552
5.91017
5.66149
5.67168
5.69154
5.71992
5.75494
5.79389
5.83318
5.86855
5.89551
5.91016
5.66148
5.67167
5.69153
5.71992
5.75494
5.79388
5.83317
5.86854
5.8955
5.91016
5.66148
5.67167
5.69154
5.71992
5.75494
5.79388
5.83318
5.86855
5.89551
5.91016
5.66149
5.67168
5.69154
5.71993
5.75495
5.79389
5.83319
5.86856
5.89552
5.91017
5.6615
5.67169
5.69156
5.71994
5.75497
5.79391
5.8332
5.86857
5.89553
5.91019
5.66152
5.67171
5.69158
5.71996
5.75499
5.79393
5.83323
5.8686
5.89556
5.91022
5.66154
5.67174
5.69161
5.71999
5.75502
5.79396
5.83326
5.86863
5.89559
5.91025
5.30916
5.31756
5.33385
5.35694
5.38511
5.41601
5.44672
5.47396
5.49444
5.50547
5.30913
5.31753
5.33383
5.35692
5.38509
5.41599
5.4467
5.47393
5.49442
5.50545
5.30911
5.31751
5.33381
5.3569
5.38507
5.41597
5.44668
5.47392
5.4944
5.50544
5.3091
5.3175
5.3338
5.35689
5.38506
5.41596
5.44667
5.47391
5.4944
5.50543
5.3091
5.3175
5.33379
5.35688
5.38505
5.41596
5.44667
5.47391
5.49439
5.50543
5.3091
5.3175
5.3338
5.35689
5.38506
5.41596
5.44667
5.47391
5.4944
5.50543
5.30911
5.31751
5.3338
5.35689
5.38507
5.41597
5.44668
5.47392
5.49441
5.50544
5.30912
5.31752
5.33382
5.35691
5.38508
5.41598
5.4467
5.47394
5.49442
5.50546
5.30914
5.31754
5.33384
5.35693
5.3851
5.41601
5.44672
5.47396
5.49445
5.50548
5.30916
5.31756
5.33387
5.35696
5.38513
5.41604
5.44675
5.47399
5.49448
5.50551
5.13385
5.14139
5.15595
5.17649
5.20139
5.22849
5.25521
5.2787
5.29625
5.30565
5.13383
5.14137
5.15593
5.17647
5.20137
5.22847
5.25519
5.27869
5.29623
5.30564
5.13382
5.14135
5.15592
5.17646
5.20135
5.22846
5.25518
5.27867
5.29622
5.30563
5.13381
5.14134
5.15591
5.17645
5.20134
5.22845
5.25517
5.27866
5.29621
5.30562
5.1338
5.14134
5.1559
5.17644
5.20134
5.22845
5.25516
5.27866
5.29621
5.30562
5.13381
5.14134
5.1559
5.17644
5.20134
5.22845
5.25517
5.27867
5.29622
5.30562
5.13381
5.14135
5.15591
5.17645
5.20135
5.22846
5.25518
5.27867
5.29623
5.30564
5.13382
5.14136
5.15593
5.17647
5.20137
5.22847
5.25519
5.27869
5.29624
5.30565
5.13384
5.14138
5.15595
5.17649
5.20139
5.2285
5.25521
5.27871
5.29627
5.30568
5.13386
5.1414
5.15597
5.17652
5.20142
5.22852
5.25524
5.27874
5.29629
5.3057
39.3789
39.6739
40.2348
40.936
41.673
42.371
42.9782
43.4592
43.7913
43.9606
39.3788
39.6738
40.2347
40.9358
41.6729
42.3709
42.9781
43.4591
43.7912
43.9605
39.3787
39.6737
40.2346
40.9358
41.6728
42.3708
42.978
43.4591
43.7911
43.9604
39.3786
39.6736
40.2346
40.9357
41.6727
42.3708
42.9779
43.459
43.7911
43.9604
39.3786
39.6736
40.2346
40.9357
41.6727
42.3708
42.9779
43.459
43.7911
43.9604
39.3786
39.6736
40.2346
40.9357
41.6727
42.3708
42.9779
43.459
43.7911
43.9604
39.3786
39.6737
40.2346
40.9357
41.6728
42.3708
42.978
43.4591
43.7911
43.9604
39.3787
39.6737
40.2347
40.9358
41.6728
42.3709
42.978
43.4591
43.7912
43.9605
39.3788
39.6738
40.2347
40.9359
41.6729
42.371
42.9781
43.4592
43.7913
43.9606
39.3789
39.6739
40.2349
40.936
41.673
42.3711
42.9782
43.4593
43.7914
43.9607
34.7199
34.9227
35.2998
35.7866
36.3156
36.8303
37.2872
37.6546
37.9107
38.0421
34.7198
34.9226
35.2997
35.7865
36.3155
36.8302
37.2871
37.6545
37.9107
38.042
34.7197
34.9225
35.2996
35.7864
36.3154
36.8302
37.2871
37.6545
37.9106
38.042
34.7197
34.9224
35.2996
35.7864
36.3154
36.8301
37.287
37.6544
37.9106
38.0419
34.7197
34.9224
35.2996
35.7863
36.3154
36.8301
37.287
37.6544
37.9105
38.0419
34.7197
34.9224
35.2996
35.7863
36.3154
36.8301
37.287
37.6544
37.9106
38.0419
34.7197
34.9224
35.2996
35.7864
36.3154
36.8301
37.287
37.6544
37.9106
38.042
34.7197
34.9225
35.2997
35.7864
36.3155
36.8302
37.2871
37.6545
37.9107
38.042
34.7198
34.9226
35.2997
35.7865
36.3155
36.8303
37.2872
37.6546
37.9107
38.0421
34.7199
34.9227
35.2998
35.7866
36.3156
36.8304
37.2873
37.6547
37.9108
38.0422
30.5509
30.6908
30.9509
31.293
31.6733
32.051
32.3918
32.6692
32.8643
32.9649
30.5508
30.6907
30.9508
31.2929
31.6733
32.0509
32.3917
32.6691
32.8642
32.9648
30.5507
30.6906
30.9507
31.2929
31.6732
32.0508
32.3916
32.6691
32.8642
32.9648
30.5506
30.6906
30.9507
31.2928
31.6731
32.0508
32.3916
32.669
32.8642
32.9648
30.5506
30.6906
30.9507
31.2928
31.6731
32.0508
32.3915
32.669
32.8641
32.9647
30.5506
30.6906
30.9507
31.2928
31.6731
32.0508
32.3915
32.669
32.8642
32.9648
30.5507
30.6906
30.9507
31.2928
31.6732
32.0508
32.3916
32.669
32.8642
32.9648
30.5507
30.6906
30.9507
31.2929
31.6732
32.0508
32.3916
32.6691
32.8642
32.9648
30.5508
30.6907
30.9508
31.293
31.6733
32.0509
32.3917
32.6692
32.8643
32.9649
30.5508
30.6908
30.9509
31.2931
31.6734
32.051
32.3918
32.6693
32.8644
32.965
26.904
27.0018
27.1843
27.4275
27.7021
27.9789
28.2319
28.4401
28.5876
28.6639
26.9039
27.0017
27.1842
27.4274
27.702
27.9788
28.2319
28.44
28.5875
28.6638
26.9038
27.0016
27.1841
27.4273
27.7019
27.9787
28.2318
28.44
28.5874
28.6638
26.9038
27.0016
27.1841
27.4273
27.7019
27.9787
28.2318
28.4399
28.5874
28.6638
26.9037
27.0015
27.1841
27.4273
27.7019
27.9787
28.2317
28.4399
28.5874
28.6638
26.9038
27.0015
27.1841
27.4273
27.7019
27.9787
28.2317
28.4399
28.5874
28.6638
26.9038
27.0016
27.1841
27.4273
27.7019
27.9787
28.2318
28.4399
28.5874
28.6638
26.9038
27.0016
27.1841
27.4273
27.702
27.9788
28.2318
28.44
28.5875
28.6639
26.9039
27.0017
27.1842
27.4274
27.702
27.9788
28.2319
28.4401
28.5876
28.6639
26.9039
27.0018
27.1843
27.4275
27.7021
27.9789
28.232
28.4402
28.5877
28.664
23.7916
23.861
23.9911
24.166
24.3657
24.5693
24.7573
24.9133
25.0244
25.0822
23.7915
23.8609
23.991
24.1659
24.3656
24.5692
24.7573
24.9132
25.0243
25.0821
23.7915
23.8608
23.9909
24.1658
24.3656
24.5692
24.7572
24.9131
25.0243
25.0821
23.7914
23.8608
23.9909
24.1658
24.3655
24.5691
24.7572
24.9131
25.0243
25.082
23.7914
23.8608
23.9909
24.1658
24.3655
24.5691
24.7572
24.9131
25.0242
25.082
23.7914
23.8608
23.9909
24.1658
24.3655
24.5691
24.7572
24.9131
25.0243
25.082
23.7914
23.8608
23.9909
24.1658
24.3655
24.5692
24.7572
24.9131
25.0243
25.0821
23.7915
23.8608
23.9909
24.1659
24.3656
24.5692
24.7572
24.9132
25.0243
25.0821
23.7915
23.8609
23.991
24.1659
24.3657
24.5693
24.7573
24.9133
25.0244
25.0822
23.7916
23.861
23.9911
24.166
24.3658
24.5694
24.7574
24.9134
25.0245
25.0823
21.2144
21.2645
21.3589
21.4866
21.6337
21.7849
21.9257
22.0431
22.1273
22.1711
21.2143
21.2644
21.3588
21.4866
21.6336
21.7849
21.9256
22.0431
22.1272
22.1711
21.2142
21.2643
21.3587
21.4865
21.6336
21.7848
21.9255
22.043
22.1271
22.171
21.2142
21.2643
21.3587
21.4865
21.6336
21.7848
21.9255
22.043
22.1271
22.171
21.2142
21.2643
21.3587
21.4864
21.6335
21.7848
21.9255
22.043
22.1271
22.171
21.2142
21.2643
21.3587
21.4865
21.6335
21.7848
21.9255
22.043
22.1271
22.171
21.2142
21.2643
21.3587
21.4865
21.6336
21.7848
21.9255
22.043
22.1271
22.171
21.2142
21.2643
21.3587
21.4865
21.6336
21.7848
21.9256
22.043
22.1272
22.1711
21.2143
21.2644
21.3588
21.4866
21.6337
21.7849
21.9256
22.0431
22.1273
22.1712
21.2143
21.2645
21.3589
21.4867
21.6338
21.785
21.9257
22.0432
22.1274
22.1712
19.1667
19.2039
19.2741
19.3697
19.4803
19.5948
19.702
19.792
19.8566
19.8905
19.1666
19.2038
19.274
19.3696
19.4803
19.5948
19.702
19.7919
19.8566
19.8904
19.1666
19.2037
19.274
19.3695
19.4802
19.5947
19.7019
19.7919
19.8565
19.8904
19.1665
19.2037
19.2739
19.3695
19.4802
19.5947
19.7019
19.7918
19.8565
19.8903
19.1665
19.2037
19.2739
19.3695
19.4802
19.5947
19.7019
19.7918
19.8565
19.8903
19.1665
19.2037
19.2739
19.3695
19.4802
19.5947
19.7019
19.7918
19.8565
19.8903
19.1665
19.2037
19.274
19.3695
19.4802
19.5947
19.7019
19.7919
19.8565
19.8904
19.1666
19.2038
19.274
19.3696
19.4802
19.5947
19.7019
19.7919
19.8566
19.8904
19.1666
19.2038
19.2741
19.3696
19.4803
19.5948
19.702
19.792
19.8567
19.8905
19.1667
19.2039
19.2741
19.3697
19.4804
19.5949
19.7021
19.7921
19.8567
19.8906
17.6407
17.6694
17.7238
17.798
17.8844
17.9742
18.0587
18.1298
18.1811
18.208
17.6406
17.6693
17.7237
17.798
17.8844
17.9742
18.0586
18.1298
18.1811
18.208
17.6406
17.6693
17.7237
17.7979
17.8843
17.9741
18.0586
18.1297
18.181
18.2079
17.6405
17.6692
17.7236
17.7979
17.8843
17.9741
18.0585
18.1297
18.181
18.2079
17.6405
17.6692
17.7236
17.7979
17.8843
17.9741
18.0585
18.1297
18.181
18.2079
17.6405
17.6692
17.7236
17.7979
17.8843
17.9741
18.0585
18.1297
18.181
18.2079
17.6405
17.6692
17.7236
17.7979
17.8843
17.9741
18.0586
18.1297
18.181
18.2079
17.6406
17.6693
17.7237
17.7979
17.8843
17.9741
18.0586
18.1298
18.1811
18.208
17.6406
17.6693
17.7237
17.798
17.8844
17.9742
18.0587
18.1298
18.1811
18.208
17.6407
17.6694
17.7238
17.7981
17.8845
17.9743
18.0588
18.1299
18.1812
18.2081
16.6285
16.6521
16.6969
16.7582
16.8297
16.9044
16.9748
17.0342
17.0772
17.0997
16.6284
16.652
16.6968
16.7581
16.8297
16.9043
16.9747
17.0342
17.0771
17.0997
16.6284
16.652
16.6968
16.7581
16.8296
16.9042
16.9746
17.0341
17.0771
17.0997
16.6283
16.6519
16.6967
16.758
16.8296
16.9042
16.9746
17.0341
17.0771
17.0996
16.6283
16.6519
16.6967
16.758
16.8296
16.9042
16.9746
17.0341
17.0771
17.0996
16.6283
16.6519
16.6967
16.758
16.8296
16.9042
16.9746
17.0341
17.0771
17.0996
16.6283
16.6519
16.6967
16.7581
16.8296
16.9042
16.9746
17.0341
17.0771
17.0997
16.6284
16.652
16.6968
16.7581
16.8297
16.9043
16.9747
17.0342
17.0772
17.0997
16.6284
16.652
16.6968
16.7582
16.8297
16.9043
16.9747
17.0342
17.0772
17.0998
16.6285
16.6521
16.6969
16.7582
16.8298
16.9044
16.9748
17.0343
17.0773
17.0999
16.124
16.1452
16.1855
16.2407
16.3052
16.3726
16.4363
16.4902
16.5292
16.5496
16.124
16.1452
16.1855
16.2407
16.3052
16.3726
16.4363
16.4901
16.5291
16.5496
16.1239
16.1451
16.1854
16.2406
16.3051
16.3725
16.4362
16.4901
16.5291
16.5496
16.1239
16.1451
16.1854
16.2406
16.3051
16.3725
16.4362
16.4901
16.5291
16.5496
16.1239
16.1451
16.1854
16.2406
16.3051
16.3725
16.4362
16.4901
16.5291
16.5496
16.1239
16.1451
16.1854
16.2406
16.3051
16.3725
16.4362
16.4901
16.5291
16.5496
16.1239
16.1451
16.1854
16.2406
16.3051
16.3725
16.4362
16.4901
16.5291
16.5496
16.1239
16.1452
16.1854
16.2406
16.3052
16.3726
16.4363
16.4902
16.5292
16.5496
16.124
16.1452
16.1855
16.2407
16.3052
16.3726
16.4363
16.4902
16.5292
16.5497
16.124
16.1453
16.1856
16.2408
16.3053
16.3727
16.4364
16.4903
16.5293
16.5498
)
;

boundaryField
{
    inlet1
    {
        type            fixedValue;
        value           uniform 10;
    }
    inlet2
    {
        type            fixedValue;
        value           uniform 20;
    }
    outlet1
    {
        type            zeroGradient;
    }
    outlet2
    {
        type            zeroGradient;
    }
    fixedWalls
    {
        type            zeroGradient;
    }
}


// ************************************************************************* //
