/*--------------------------------*- C++ -*----------------------------------*\
  =========                 |
  \\      /  F ield         | OpenFOAM: The Open Source CFD Toolbox
   \\    /   O peration     | Website:  https://openfoam.org
    \\  /    A nd           | Version:  6
     \\/     M anipulation  |
\*---------------------------------------------------------------------------*/
FoamFile
{
    version     2.0;
    format      ascii;
    class       volScalarField;
    location    "0.14";
    object      T;
}
// * * * * * * * * * * * * * * * * * * * * * * * * * * * * * * * * * * * * * //

dimensions      [0 0 0 1 0 0 0];

internalField   nonuniform List<scalar> 
7000
(
101.667
101.667
101.667
101.667
101.666
101.666
101.666
101.666
101.666
101.666
101.667
101.667
101.667
101.667
101.666
101.666
101.666
101.666
101.666
101.666
101.667
101.667
101.667
101.666
101.666
101.666
101.666
101.666
101.666
101.666
101.667
101.667
101.667
101.666
101.666
101.666
101.666
101.666
101.666
101.666
101.667
101.667
101.667
101.666
101.666
101.666
101.666
101.666
101.666
101.666
101.667
101.667
101.667
101.666
101.666
101.666
101.666
101.666
101.666
101.666
101.667
101.667
101.667
101.666
101.666
101.666
101.666
101.666
101.666
101.666
101.667
101.667
101.667
101.666
101.666
101.666
101.666
101.666
101.666
101.666
101.667
101.667
101.667
101.666
101.666
101.666
101.666
101.666
101.666
101.666
101.667
101.667
101.667
101.667
101.666
101.666
101.666
101.666
101.666
101.666
85.301
85.3008
85.3006
85.3004
85.3001
85.2998
85.2994
85.2991
85.2988
85.2987
85.3008
85.3006
85.3004
85.3002
85.3
85.2996
85.2993
85.2989
85.2987
85.2986
85.3007
85.3005
85.3003
85.3001
85.2999
85.2995
85.2992
85.2988
85.2986
85.2985
85.3007
85.3005
85.3003
85.3001
85.2998
85.2995
85.2991
85.2988
85.2985
85.2984
85.3006
85.3004
85.3002
85.3
85.2998
85.2994
85.2991
85.2988
85.2985
85.2984
85.3006
85.3004
85.3002
85.3
85.2998
85.2995
85.2991
85.2988
85.2985
85.2984
85.3006
85.3005
85.3003
85.3
85.2998
85.2995
85.2991
85.2988
85.2985
85.2985
85.3007
85.3005
85.3003
85.3001
85.2998
85.2995
85.2992
85.2989
85.2986
85.2985
85.3008
85.3006
85.3004
85.3002
85.2999
85.2996
85.2993
85.299
85.2987
85.2986
85.3008
85.3007
85.3005
85.3003
85.3
85.2997
85.2994
85.2991
85.2988
85.2987
69.8046
69.8043
69.8039
69.8035
69.803
69.8023
69.8014
69.8006
69.7999
69.7995
69.8044
69.8041
69.8037
69.8033
69.8027
69.802
69.8012
69.8004
69.7997
69.7993
69.8042
69.8039
69.8036
69.8031
69.8026
69.8019
69.8011
69.8002
69.7995
69.7992
69.8041
69.8038
69.8035
69.803
69.8025
69.8018
69.801
69.8001
69.7995
69.7991
69.8041
69.8038
69.8034
69.803
69.8024
69.8018
69.8009
69.8001
69.7994
69.7991
69.8041
69.8038
69.8034
69.803
69.8025
69.8018
69.8009
69.8001
69.7994
69.7991
69.8041
69.8038
69.8035
69.803
69.8025
69.8018
69.801
69.8002
69.7995
69.7992
69.8042
69.8039
69.8036
69.8031
69.8026
69.8019
69.8011
69.8003
69.7996
69.7993
69.8043
69.804
69.8037
69.8033
69.8027
69.802
69.8012
69.8004
69.7997
69.7994
69.8044
69.8042
69.8038
69.8034
69.8029
69.8022
69.8014
69.8006
69.7999
69.7996
55.6546
55.6542
55.6536
55.6528
55.6518
55.6503
55.6486
55.6466
55.6449
55.644
55.6543
55.6539
55.6533
55.6526
55.6515
55.6501
55.6483
55.6464
55.6447
55.6438
55.6541
55.6537
55.6532
55.6524
55.6513
55.6499
55.6481
55.6462
55.6446
55.6437
55.654
55.6536
55.653
55.6523
55.6512
55.6498
55.648
55.6461
55.6445
55.6436
55.654
55.6535
55.653
55.6522
55.6512
55.6497
55.648
55.6461
55.6444
55.6435
55.6539
55.6535
55.653
55.6522
55.6512
55.6498
55.648
55.6461
55.6444
55.6436
55.654
55.6536
55.653
55.6523
55.6512
55.6498
55.6481
55.6462
55.6445
55.6436
55.6541
55.6537
55.6531
55.6524
55.6514
55.6499
55.6482
55.6463
55.6447
55.6438
55.6542
55.6538
55.6533
55.6526
55.6515
55.6501
55.6484
55.6465
55.6448
55.644
55.6544
55.654
55.6535
55.6528
55.6518
55.6504
55.6486
55.6467
55.6451
55.6442
43.1929
43.1923
43.1915
43.1902
43.1882
43.1855
43.1818
43.1777
43.1738
43.1714
43.1926
43.1921
43.1912
43.1899
43.188
43.1852
43.1816
43.1774
43.1736
43.1713
43.1924
43.1919
43.191
43.1897
43.1878
43.185
43.1814
43.1772
43.1734
43.1711
43.1923
43.1917
43.1909
43.1896
43.1876
43.1849
43.1813
43.1771
43.1733
43.171
43.1922
43.1917
43.1908
43.1895
43.1876
43.1848
43.1812
43.1771
43.1733
43.171
43.1922
43.1917
43.1908
43.1895
43.1876
43.1848
43.1812
43.1771
43.1733
43.171
43.1923
43.1917
43.1909
43.1896
43.1877
43.1849
43.1813
43.1772
43.1734
43.1711
43.1924
43.1919
43.191
43.1897
43.1878
43.1851
43.1815
43.1773
43.1735
43.1712
43.1926
43.192
43.1912
43.1899
43.188
43.1853
43.1817
43.1776
43.1737
43.1715
43.1928
43.1923
43.1915
43.1902
43.1883
43.1855
43.1819
43.1778
43.174
43.1717
32.606
32.6053
32.604
32.6018
32.5984
32.5932
32.5861
32.5774
32.5688
32.5632
32.6058
32.605
32.6037
32.6015
32.5981
32.5929
32.5858
32.5771
32.5685
32.563
32.6056
32.6048
32.6035
32.6013
32.5979
32.5927
32.5856
32.5769
32.5684
32.5628
32.6054
32.6047
32.6034
32.6012
32.5978
32.5926
32.5855
32.5768
32.5683
32.5627
32.6054
32.6046
32.6033
32.6012
32.5977
32.5926
32.5855
32.5768
32.5682
32.5627
32.6054
32.6046
32.6033
32.6012
32.5978
32.5926
32.5855
32.5768
32.5683
32.5627
32.6055
32.6047
32.6034
32.6013
32.5978
32.5927
32.5856
32.5769
32.5684
32.5628
32.6056
32.6048
32.6036
32.6014
32.598
32.5928
32.5857
32.5771
32.5685
32.563
32.6058
32.605
32.6038
32.6016
32.5982
32.5931
32.5859
32.5773
32.5688
32.5632
32.606
32.6053
32.604
32.6019
32.5985
32.5933
32.5862
32.5776
32.569
32.5635
23.9278
23.9268
23.9248
23.9214
23.9156
23.9064
23.8929
23.8753
23.8565
23.8431
23.9275
23.9265
23.9246
23.9211
23.9153
23.9061
23.8926
23.8751
23.8563
23.843
23.9273
23.9263
23.9244
23.9209
23.9151
23.9059
23.8924
23.8749
23.8561
23.8428
23.9272
23.9262
23.9243
23.9208
23.915
23.9058
23.8923
23.8748
23.856
23.8428
23.9272
23.9262
23.9242
23.9208
23.915
23.9058
23.8923
23.8748
23.856
23.8427
23.9272
23.9262
23.9242
23.9208
23.915
23.9058
23.8923
23.8748
23.8561
23.8428
23.9272
23.9263
23.9243
23.9209
23.9151
23.9059
23.8924
23.8749
23.8561
23.8429
23.9274
23.9264
23.9245
23.921
23.9152
23.9061
23.8926
23.875
23.8563
23.843
23.9275
23.9266
23.9247
23.9212
23.9155
23.9063
23.8928
23.8753
23.8565
23.8432
23.9277
23.9268
23.9249
23.9215
23.9157
23.9065
23.8931
23.8755
23.8568
23.8435
17.0619
17.0606
17.0578
17.0526
17.0434
17.028
17.0038
16.9695
16.9289
16.8963
17.0617
17.0604
17.0576
17.0524
17.0432
17.0278
17.0036
16.9693
16.9287
16.8962
17.0616
17.0603
17.0575
17.0523
17.0431
17.0276
17.0034
16.9692
16.9286
16.8961
17.0615
17.0602
17.0574
17.0522
17.043
17.0275
17.0033
16.9691
16.9285
16.896
17.0614
17.0601
17.0573
17.0521
17.043
17.0275
17.0033
16.9691
16.9285
16.896
17.0614
17.0601
17.0574
17.0522
17.043
17.0275
17.0033
16.9691
16.9285
16.896
17.0615
17.0602
17.0574
17.0522
17.0431
17.0276
17.0034
16.9692
16.9286
16.8961
17.0616
17.0603
17.0576
17.0524
17.0432
17.0278
17.0035
16.9693
16.9287
16.8963
17.0618
17.0605
17.0577
17.0526
17.0434
17.028
17.0037
16.9695
16.9289
16.8965
17.062
17.0607
17.058
17.0528
17.0436
17.0282
17.004
16.9698
16.9292
16.8967
11.8177
11.816
11.8123
11.805
11.7915
11.7675
11.727
11.6635
11.5772
11.4938
11.8175
11.8158
11.8121
11.8049
11.7914
11.7674
11.7268
11.6634
11.5771
11.4937
11.8174
11.8157
11.812
11.8047
11.7912
11.7672
11.7267
11.6633
11.577
11.4936
11.8173
11.8156
11.8119
11.8047
11.7912
11.7672
11.7266
11.6632
11.5769
11.4936
11.8173
11.8156
11.8119
11.8046
11.7911
11.7672
11.7266
11.6632
11.5769
11.4936
11.8173
11.8156
11.8119
11.8046
11.7912
11.7672
11.7266
11.6632
11.5769
11.4936
11.8173
11.8157
11.812
11.8047
11.7912
11.7672
11.7267
11.6633
11.577
11.4937
11.8174
11.8158
11.8121
11.8048
11.7914
11.7674
11.7268
11.6634
11.5771
11.4938
11.8176
11.8159
11.8122
11.805
11.7915
11.7675
11.727
11.6636
11.5773
11.494
11.8177
11.8161
11.8125
11.8052
11.7918
11.7678
11.7272
11.6638
11.5775
11.4942
7.94906
7.94711
7.94253
7.93327
7.9154
7.88186
7.82068
7.71315
7.53736
7.30681
7.94892
7.94697
7.94239
7.93313
7.91526
7.88173
7.82054
7.71302
7.53725
7.30673
7.94881
7.94687
7.94229
7.93303
7.91516
7.88163
7.82045
7.71294
7.53717
7.30667
7.94875
7.9468
7.94223
7.93297
7.9151
7.88158
7.8204
7.71289
7.53713
7.30663
7.94873
7.94678
7.9422
7.93295
7.91508
7.88156
7.82039
7.71288
7.53712
7.30662
7.94874
7.94679
7.94222
7.93297
7.9151
7.88158
7.82041
7.7129
7.53715
7.30665
7.94879
7.94685
7.94227
7.93302
7.91516
7.88164
7.82047
7.71297
7.53721
7.30671
7.94888
7.94694
7.94237
7.93312
7.91526
7.88174
7.82057
7.71307
7.53731
7.3068
7.94899
7.94707
7.94251
7.93326
7.91541
7.88189
7.82072
7.71321
7.53745
7.30694
7.94913
7.94724
7.94269
7.93345
7.91559
7.88207
7.8209
7.71339
7.53762
7.30711
5.19186
5.18974
5.18464
5.17412
5.15331
5.11285
5.03463
4.88166
4.56967
3.86831
5.19175
5.18964
5.18454
5.17402
5.15321
5.11275
5.03453
4.88157
4.56959
3.86825
5.19168
5.18956
5.18446
5.17394
5.15313
5.11268
5.03446
4.88151
4.56954
3.86821
5.19163
5.18951
5.18442
5.1739
5.15309
5.11264
5.03443
4.88148
4.56951
3.86819
5.19161
5.1895
5.1844
5.17388
5.15308
5.11263
5.03442
4.88147
4.5695
3.86818
5.19162
5.18951
5.18441
5.1739
5.1531
5.11265
5.03444
4.88149
4.56952
3.8682
5.19167
5.18955
5.18446
5.17395
5.15314
5.1127
5.03448
4.88154
4.56957
3.86824
5.19174
5.18963
5.18454
5.17402
5.15322
5.11278
5.03456
4.88162
4.56964
3.8683
5.19183
5.18973
5.18464
5.17414
5.15334
5.11289
5.03468
4.88173
4.56974
3.86839
5.19194
5.18986
5.18479
5.17428
5.15348
5.11304
5.03482
4.88187
4.56988
3.86851
3.29259
3.2905
3.28541
3.27488
3.25405
3.21371
3.13665
2.99091
2.71813
2.22205
3.29251
3.29042
3.28533
3.2748
3.25397
3.21363
3.13658
2.99085
2.71807
2.22201
3.29246
3.29037
3.28528
3.27475
3.25392
3.21359
3.13653
2.9908
2.71804
2.22198
3.29242
3.29033
3.28525
3.27472
3.25389
3.21356
3.13651
2.99078
2.71802
2.22197
3.29241
3.29032
3.28524
3.27471
3.25389
3.21355
3.1365
2.99078
2.71801
2.22197
3.29242
3.29033
3.28525
3.27472
3.2539
3.21357
3.13652
2.99079
2.71803
2.22198
3.29245
3.29037
3.28528
3.27476
3.25394
3.2136
3.13656
2.99083
2.71806
2.22201
3.29251
3.29042
3.28534
3.27482
3.254
3.21366
3.13662
2.99089
2.71812
2.22205
3.29258
3.2905
3.28542
3.2749
3.25408
3.21375
3.1367
2.99097
2.71819
2.22212
3.29266
3.2906
3.28553
3.27502
3.25419
3.21386
3.13681
2.99107
2.71828
2.2222
2.02758
2.02571
2.02115
2.0118
1.99362
1.95929
1.89631
1.7845
1.5953
1.30082
2.02753
2.02565
2.0211
2.01175
1.99356
1.95924
1.89626
1.78446
1.59526
1.3008
2.02749
2.02562
2.02106
2.01171
1.99353
1.95921
1.89623
1.78443
1.59524
1.30078
2.02747
2.0256
2.02104
2.01169
1.99351
1.95919
1.89621
1.78442
1.59522
1.30077
2.02746
2.02559
2.02103
2.01169
1.9935
1.95919
1.89621
1.78442
1.59522
1.30077
2.02747
2.0256
2.02104
2.0117
1.99351
1.9592
1.89622
1.78443
1.59523
1.30078
2.02749
2.02562
2.02107
2.01172
1.99354
1.95922
1.89625
1.78445
1.59526
1.3008
2.02753
2.02566
2.02111
2.01177
1.99359
1.95927
1.89629
1.7845
1.5953
1.30083
2.02759
2.02572
2.02117
2.01183
1.99365
1.95933
1.89635
1.78455
1.59535
1.30087
2.02765
2.0258
2.02125
2.01191
1.99373
1.95941
1.89643
1.78463
1.59541
1.30093
1.21255
1.21101
1.2073
1.19983
1.18564
1.15976
1.11441
1.0388
0.921052
0.755828
1.21251
1.21098
1.20727
1.19979
1.18561
1.15972
1.11438
1.03877
0.921029
0.755809
1.21248
1.21095
1.20724
1.19977
1.18558
1.1597
1.11436
1.03875
0.921013
0.755796
1.21247
1.21094
1.20723
1.19976
1.18557
1.15969
1.11435
1.03874
0.921005
0.75579
1.21247
1.21093
1.20722
1.19975
1.18557
1.15969
1.11435
1.03874
0.921004
0.75579
1.21247
1.21094
1.20723
1.19976
1.18558
1.1597
1.11435
1.03875
0.921012
0.755796
1.21249
1.21096
1.20725
1.19978
1.18559
1.15972
1.11437
1.03877
0.921029
0.75581
1.21252
1.21099
1.20728
1.19981
1.18563
1.15975
1.1144
1.0388
0.921054
0.755832
1.21255
1.21103
1.20732
1.19985
1.18567
1.15979
1.11444
1.03884
0.921089
0.755862
1.2126
1.21108
1.20738
1.19991
1.18572
1.15984
1.1145
1.03889
0.921135
0.755901
0.704331
0.703173
0.700403
0.694931
0.684826
0.667029
0.637195
0.590084
0.521302
0.431265
0.704308
0.70315
0.70038
0.694909
0.684805
0.667009
0.637176
0.590067
0.521287
0.431252
0.704292
0.703134
0.700364
0.694893
0.68479
0.666995
0.637163
0.590056
0.521277
0.431244
0.704283
0.703125
0.700356
0.694885
0.684782
0.666987
0.637156
0.59005
0.521272
0.43124
0.70428
0.703123
0.700354
0.694883
0.68478
0.666986
0.637156
0.59005
0.521272
0.43124
0.704285
0.703128
0.700359
0.694889
0.684786
0.666992
0.637162
0.590055
0.521278
0.431245
0.704297
0.70314
0.700372
0.694902
0.684799
0.667005
0.637174
0.590067
0.521289
0.431255
0.704316
0.703159
0.700392
0.694923
0.68482
0.667026
0.637194
0.590086
0.521306
0.431269
0.704341
0.703186
0.70042
0.694951
0.684849
0.667054
0.637222
0.590112
0.521329
0.431289
0.704371
0.703222
0.700457
0.694989
0.684886
0.667091
0.637257
0.590145
0.521358
0.431314
0.397484
0.39667
0.394749
0.391033
0.384354
0.372978
0.354644
0.326978
0.288543
0.240605
0.397469
0.396656
0.394735
0.391019
0.384341
0.372965
0.354632
0.326968
0.288534
0.240597
0.397459
0.396646
0.394726
0.39101
0.384332
0.372957
0.354624
0.326961
0.288528
0.240592
0.397454
0.396641
0.39472
0.391005
0.384327
0.372952
0.35462
0.326957
0.288525
0.24059
0.397453
0.39664
0.394719
0.391004
0.384327
0.372952
0.35462
0.326957
0.288525
0.24059
0.397456
0.396643
0.394723
0.391008
0.384331
0.372956
0.354624
0.326961
0.288528
0.240593
0.397464
0.396651
0.394731
0.391016
0.384339
0.372964
0.354632
0.326969
0.288536
0.240599
0.397476
0.396664
0.394745
0.39103
0.384353
0.372977
0.354645
0.326981
0.288546
0.240609
0.397493
0.396682
0.394763
0.391048
0.384371
0.372996
0.354663
0.326997
0.288561
0.240621
0.397512
0.396704
0.394787
0.391073
0.384395
0.373019
0.354685
0.327018
0.28858
0.240638
0.217996
0.217461
0.216213
0.213846
0.209701
0.202851
0.192188
0.176694
0.155994
0.131084
0.217988
0.217452
0.216204
0.213838
0.209693
0.202844
0.192181
0.176688
0.155988
0.131079
0.217982
0.217447
0.216198
0.213832
0.209688
0.202839
0.192176
0.176684
0.155985
0.131076
0.217979
0.217443
0.216195
0.213829
0.209685
0.202836
0.192174
0.176682
0.155983
0.131075
0.217978
0.217443
0.216195
0.213829
0.209685
0.202836
0.192174
0.176682
0.155983
0.131075
0.21798
0.217445
0.216197
0.213831
0.209687
0.202839
0.192176
0.176684
0.155986
0.131077
0.217985
0.21745
0.216203
0.213837
0.209693
0.202844
0.192182
0.176689
0.15599
0.131081
0.217993
0.217458
0.216211
0.213845
0.209701
0.202852
0.19219
0.176697
0.155997
0.131087
0.218003
0.217469
0.216222
0.213857
0.209713
0.202864
0.1922
0.176707
0.156006
0.131094
0.218015
0.217484
0.216237
0.213872
0.209727
0.202878
0.192214
0.17672
0.156018
0.131105
0.116227
0.115894
0.115128
0.113704
0.111268
0.107352
0.101439
0.0931271
0.0823911
0.0698768
0.116222
0.115889
0.115123
0.113699
0.111263
0.107347
0.101435
0.0931235
0.0823879
0.0698741
0.116218
0.115886
0.11512
0.113696
0.11126
0.107345
0.101433
0.0931212
0.0823859
0.0698724
0.116217
0.115884
0.115118
0.113694
0.111258
0.107343
0.101431
0.0931201
0.082385
0.0698716
0.116216
0.115884
0.115118
0.113694
0.111258
0.107343
0.101432
0.0931202
0.0823852
0.0698718
0.116218
0.115885
0.11512
0.113695
0.11126
0.107345
0.101433
0.0931217
0.0823866
0.0698731
0.116221
0.115888
0.115123
0.113699
0.111263
0.107348
0.101436
0.0931247
0.0823892
0.0698754
0.116225
0.115893
0.115128
0.113704
0.111268
0.107353
0.101441
0.0931291
0.0823933
0.069879
0.116232
0.1159
0.115135
0.113711
0.111275
0.10736
0.101448
0.0931352
0.0823987
0.0698837
0.116239
0.115909
0.115144
0.11372
0.111284
0.107369
0.101456
0.0931429
0.0824057
0.0698898
0.0602617
0.0600657
0.0596194
0.0588042
0.0574412
0.0553059
0.0521746
0.047917
0.042637
0.0368127
0.0602589
0.0600629
0.0596167
0.0588016
0.0574387
0.0553035
0.0521723
0.047915
0.0426352
0.0368111
0.060257
0.060061
0.0596148
0.0587998
0.057437
0.0553019
0.0521709
0.0479137
0.0426341
0.0368101
0.060256
0.0600601
0.0596139
0.0587989
0.0574361
0.0553012
0.0521702
0.0479131
0.0426336
0.0368097
0.0602559
0.06006
0.0596139
0.0587989
0.0574362
0.0553012
0.0521703
0.0479133
0.0426337
0.0368098
0.0602568
0.0600609
0.0596148
0.0587999
0.0574371
0.0553022
0.0521713
0.0479142
0.0426345
0.0368106
0.0602586
0.0600627
0.0596167
0.0588018
0.0574391
0.0553041
0.0521731
0.0479159
0.0426361
0.036812
0.0602614
0.0600656
0.0596196
0.0588048
0.0574421
0.055307
0.0521759
0.0479185
0.0426385
0.0368141
0.060265
0.0600695
0.0596237
0.0588089
0.0574461
0.055311
0.0521796
0.047922
0.0426417
0.036817
0.0602694
0.0600745
0.0596289
0.0588141
0.0574513
0.055316
0.0521844
0.0479265
0.0426457
0.0368205
0.030396
0.0302859
0.0300379
0.0295927
0.028864
0.0277513
0.0261696
0.0241101
0.0217472
0.0196616
0.0303945
0.0302843
0.0300364
0.0295912
0.0288626
0.02775
0.0261684
0.024109
0.0217462
0.0196607
0.0303935
0.0302833
0.0300354
0.0295903
0.0288617
0.0277491
0.0261676
0.0241083
0.0217456
0.0196601
0.0303929
0.0302828
0.030035
0.0295898
0.0288613
0.0277487
0.0261673
0.024108
0.0217453
0.0196599
0.0303929
0.0302828
0.030035
0.0295899
0.0288614
0.0277488
0.0261674
0.024108
0.0217454
0.01966
0.0303934
0.0302834
0.0300355
0.0295904
0.0288619
0.0277493
0.0261679
0.0241086
0.0217459
0.0196605
0.0303945
0.0302844
0.0300366
0.0295915
0.028863
0.0277504
0.026169
0.0241096
0.0217468
0.0196613
0.030396
0.030286
0.0300383
0.0295932
0.0288647
0.0277521
0.0261705
0.024111
0.0217482
0.0196626
0.0303981
0.0302882
0.0300405
0.0295955
0.028867
0.0277543
0.0261727
0.024113
0.02175
0.0196642
0.0304006
0.0302911
0.0300435
0.0295985
0.0288699
0.0277571
0.0261753
0.0241155
0.0217523
0.0196663
1.99683
1.0793
0.627656
0.442234
0.450526
0.659703
1.15509
2.13383
3.99486
7.56645
1.9968
1.07927
0.627636
0.442214
0.450501
0.659666
1.15503
2.13373
3.99471
7.56621
1.99677
1.07925
0.627623
0.442201
0.450484
0.659641
1.15499
2.13367
3.99461
7.56606
1.99676
1.07925
0.627616
0.442194
0.450474
0.659626
1.15497
2.13363
3.99455
7.56597
1.99676
1.07925
0.627615
0.442192
0.450471
0.659619
1.15496
2.13362
3.99453
7.56593
1.99677
1.07925
0.62762
0.442195
0.450472
0.659621
1.15496
2.13362
3.99453
7.56594
1.99679
1.07927
0.627631
0.442203
0.450479
0.659629
1.15497
2.13364
3.99457
7.56601
1.99683
1.07929
0.627648
0.442215
0.450491
0.659643
1.15499
2.13368
3.99463
7.56611
1.99689
1.07933
0.62767
0.442231
0.450506
0.659661
1.15502
2.13372
3.99471
7.56625
1.99695
1.07937
0.627695
0.442249
0.450522
0.659681
1.15505
2.13377
3.99479
7.56639
1.42308
0.856716
0.530406
0.388692
0.402087
0.584022
1.00044
1.78501
3.15483
5.37912
1.42305
0.856695
0.530389
0.388675
0.402066
0.58399
1.00039
1.78493
3.15471
5.37894
1.42303
0.856681
0.530378
0.388664
0.402051
0.583968
1.00035
1.78488
3.15463
5.37882
1.42302
0.856674
0.530371
0.388657
0.402042
0.583954
1.00033
1.78485
3.15458
5.37875
1.42302
0.856674
0.530371
0.388655
0.402038
0.583948
1.00032
1.78483
3.15456
5.37872
1.42303
0.85668
0.530375
0.388658
0.40204
0.58395
1.00032
1.78483
3.15456
5.37873
1.42305
0.856695
0.530385
0.388665
0.402047
0.583957
1.00033
1.78485
3.1546
5.37878
1.42308
0.856717
0.5304
0.388677
0.402058
0.583971
1.00035
1.78489
3.15465
5.37887
1.42312
0.856747
0.530421
0.388693
0.402073
0.58399
1.00038
1.78493
3.15472
5.37899
1.42318
0.856785
0.530447
0.388713
0.402092
0.584014
1.00042
1.78499
3.15482
5.37914
0.916967
0.600881
0.398187
0.307123
0.324396
0.465206
0.772297
1.31868
2.19538
3.45403
0.916945
0.600864
0.398174
0.307109
0.324378
0.46518
0.772258
1.31862
2.1953
3.45391
0.916931
0.600854
0.398165
0.307099
0.324366
0.465162
0.77223
1.31858
2.19524
3.45383
0.916924
0.600848
0.39816
0.307094
0.324358
0.46515
0.772213
1.31855
2.1952
3.45378
0.916924
0.600848
0.398159
0.307093
0.324356
0.465146
0.772206
1.31854
2.19518
3.45376
0.916931
0.600853
0.398163
0.307095
0.324357
0.465147
0.772208
1.31855
2.19519
3.45377
0.916947
0.600865
0.398171
0.307101
0.324363
0.465154
0.772218
1.31856
2.19521
3.4538
0.916971
0.600882
0.398184
0.307111
0.324373
0.465166
0.772236
1.31859
2.19526
3.45387
0.917004
0.600906
0.398201
0.307125
0.324387
0.465183
0.772261
1.31863
2.19532
3.45396
0.917048
0.600938
0.398224
0.307143
0.324404
0.465206
0.772294
1.31868
2.1954
3.45408
0.561017
0.390828
0.274939
0.222905
0.240255
0.339585
0.545549
0.893109
1.41425
2.10431
0.561002
0.390816
0.274929
0.222895
0.240241
0.339566
0.54552
0.893066
1.41419
2.10423
0.560992
0.390809
0.274922
0.222887
0.240232
0.339552
0.545499
0.893037
1.41415
2.10418
0.560987
0.390805
0.274918
0.222883
0.240226
0.339544
0.545487
0.893018
1.41412
2.10414
0.560988
0.390805
0.274918
0.222882
0.240224
0.339541
0.545482
0.893011
1.41411
2.10413
0.560993
0.390809
0.274921
0.222884
0.240226
0.339542
0.545483
0.893013
1.41411
2.10414
0.561004
0.390817
0.274927
0.222889
0.24023
0.339548
0.545492
0.893026
1.41413
2.10416
0.561022
0.39083
0.274937
0.222897
0.240238
0.339558
0.545506
0.893048
1.41417
2.10421
0.561045
0.390848
0.274951
0.222909
0.24025
0.339572
0.545527
0.893079
1.41421
2.10428
0.561076
0.390871
0.274968
0.222923
0.240265
0.33959
0.545554
0.89312
1.41427
2.10437
0.330686
0.241009
0.178232
0.151007
0.165594
0.230681
0.359384
0.567016
0.862743
1.23437
0.330676
0.241001
0.178225
0.150999
0.165585
0.230667
0.359364
0.566987
0.862705
1.23432
0.33067
0.240996
0.17822
0.150994
0.165578
0.230657
0.35935
0.566967
0.862677
1.23428
0.330667
0.240993
0.178218
0.150991
0.165574
0.230651
0.359341
0.566955
0.86266
1.23426
0.330667
0.240993
0.178218
0.150991
0.165573
0.230649
0.359338
0.56695
0.862654
1.23425
0.330671
0.240996
0.17822
0.150992
0.165574
0.23065
0.359339
0.566952
0.862658
1.23426
0.330679
0.241002
0.178225
0.150996
0.165577
0.230655
0.359346
0.566962
0.862671
1.23428
0.33069
0.241011
0.178232
0.151002
0.165584
0.230662
0.359357
0.566978
0.862694
1.23431
0.330706
0.241024
0.178242
0.151011
0.165592
0.230673
0.359372
0.567001
0.862728
1.23436
0.330727
0.24104
0.178254
0.151022
0.165604
0.230688
0.359392
0.567031
0.862772
1.23442
0.188821
0.142498
0.109859
0.096633
0.10745
0.14763
0.223761
0.342088
0.504227
0.70105
0.188814
0.142493
0.109854
0.0966278
0.107443
0.147621
0.223748
0.342069
0.504203
0.701019
0.18881
0.14249
0.109851
0.0966243
0.107439
0.147615
0.223739
0.342057
0.504186
0.700997
0.188808
0.142488
0.10985
0.0966223
0.107436
0.147611
0.223733
0.342049
0.504175
0.700984
0.188809
0.142488
0.10985
0.0966219
0.107435
0.14761
0.223731
0.342046
0.504171
0.700979
0.188811
0.14249
0.109851
0.0966231
0.107436
0.147611
0.223732
0.342047
0.504174
0.700983
0.188816
0.142494
0.109854
0.0966258
0.107439
0.147614
0.223737
0.342054
0.504183
0.700996
0.188824
0.142501
0.109859
0.0966301
0.107443
0.147619
0.223744
0.342065
0.504199
0.701018
0.188834
0.142509
0.109866
0.0966362
0.10745
0.147627
0.223755
0.342081
0.504222
0.701048
0.188848
0.14252
0.109875
0.0966439
0.107458
0.147637
0.22377
0.342102
0.504251
0.701088
0.104817
0.0814188
0.0650443
0.0590708
0.0664094
0.09007
0.133211
0.198191
0.284581
0.386879
0.104813
0.0814156
0.0650412
0.0590674
0.0664052
0.0900642
0.133202
0.19818
0.284566
0.38686
0.104811
0.0814134
0.0650392
0.0590651
0.0664022
0.0900601
0.133197
0.198172
0.284556
0.386847
0.10481
0.0814124
0.0650381
0.0590639
0.0664005
0.0900576
0.133193
0.198167
0.28455
0.386839
0.10481
0.0814126
0.0650381
0.0590636
0.0664
0.0900567
0.133192
0.198166
0.284547
0.386837
0.104811
0.0814139
0.0650391
0.0590644
0.0664007
0.0900574
0.133193
0.198167
0.284549
0.386839
0.104815
0.0814165
0.0650413
0.0590663
0.0664025
0.0900597
0.133196
0.198171
0.284555
0.386848
0.10482
0.0814205
0.0650446
0.0590693
0.0664056
0.0900635
0.133201
0.198179
0.284566
0.386861
0.104826
0.0814259
0.0650491
0.0590733
0.0664099
0.0900689
0.133208
0.198189
0.28458
0.386881
0.104835
0.0814328
0.0650548
0.0590786
0.0664155
0.0900759
0.133218
0.198203
0.284599
0.386906
0.0569897
0.0455272
0.0376015
0.035143
0.0398677
0.053403
0.0771997
0.112012
0.157002
0.20894
0.0569874
0.0455252
0.0375995
0.0351408
0.039865
0.0533993
0.0771946
0.112006
0.156993
0.208929
0.056986
0.0455239
0.0375982
0.0351394
0.0398631
0.0533968
0.0771911
0.112001
0.156987
0.208921
0.0569853
0.0455233
0.0375976
0.0351386
0.039862
0.0533953
0.077189
0.111998
0.156983
0.208917
0.0569855
0.0455234
0.0375976
0.0351385
0.0398618
0.0533948
0.0771883
0.111997
0.156982
0.208915
0.0569866
0.0455243
0.0375983
0.035139
0.0398622
0.0533953
0.0771889
0.111998
0.156983
0.208917
0.0569886
0.045526
0.0375997
0.0351403
0.0398635
0.0533968
0.077191
0.112001
0.156987
0.208922
0.0569916
0.0455285
0.0376018
0.0351422
0.0398656
0.0533994
0.0771944
0.112006
0.156994
0.208931
0.0569956
0.0455319
0.0376047
0.0351449
0.0398685
0.0534029
0.0771992
0.112012
0.157003
0.208943
0.0570008
0.0455361
0.0376084
0.0351483
0.0398721
0.0534075
0.0772055
0.112021
0.157015
0.208959
0.031249
0.0259559
0.0222479
0.0213948
0.0244696
0.0323739
0.0457485
0.0646608
0.0881077
0.113607
0.0312476
0.0259546
0.0222466
0.0213934
0.0244678
0.0323715
0.0457453
0.0646566
0.0881024
0.1136
0.0312467
0.0259539
0.0222458
0.0213925
0.0244666
0.0323699
0.0457431
0.0646537
0.0880987
0.113596
0.0312463
0.0259535
0.0222454
0.021392
0.0244659
0.032369
0.0457418
0.064652
0.0880966
0.113593
0.0312465
0.0259536
0.0222455
0.0213919
0.0244658
0.0323687
0.0457414
0.0646515
0.0880959
0.113593
0.0312471
0.0259542
0.0222459
0.0213923
0.0244661
0.0323691
0.0457419
0.0646521
0.0880969
0.113594
0.0312484
0.0259552
0.0222469
0.0213931
0.024467
0.0323701
0.0457433
0.064654
0.0880994
0.113597
0.0312502
0.0259568
0.0222483
0.0213945
0.0244684
0.0323718
0.0457456
0.0646572
0.0881036
0.113602
0.0312527
0.025959
0.0222501
0.0213962
0.0244704
0.0323742
0.0457488
0.0646615
0.0881094
0.11361
0.0312559
0.0259616
0.0222525
0.0213985
0.0244728
0.0323773
0.0457528
0.0646671
0.0881168
0.113619
0.0195002
0.0172881
0.0154187
0.0152009
0.0174991
0.0229222
0.0317814
0.0438345
0.0577689
0.0702087
0.0194994
0.0172873
0.0154179
0.0152
0.0174979
0.0229206
0.0317794
0.0438319
0.0577657
0.070205
0.0194988
0.0172868
0.0154174
0.0151993
0.0174971
0.0229195
0.0317778
0.04383
0.0577633
0.0702022
0.0194986
0.0172865
0.0154171
0.015199
0.0174966
0.0229188
0.0317769
0.0438288
0.0577618
0.0702006
0.0194987
0.0172866
0.0154171
0.0151989
0.0174965
0.0229186
0.0317767
0.0438284
0.0577615
0.0702002
0.0194992
0.017287
0.0154175
0.0151992
0.0174968
0.022919
0.0317771
0.043829
0.0577622
0.0702011
0.0195
0.0172878
0.0154182
0.0151999
0.0174975
0.0229198
0.0317782
0.0438304
0.057764
0.0702034
0.0195013
0.017289
0.0154193
0.0152009
0.0174985
0.0229211
0.0317799
0.0438327
0.0577671
0.070207
0.019503
0.0172905
0.0154206
0.0152023
0.0175
0.0229229
0.0317823
0.043836
0.0577712
0.0702121
0.0195051
0.0172924
0.0154224
0.0152039
0.0175019
0.0229252
0.0317853
0.04384
0.0577765
0.0702185
14.7479
17.4387
18.635
19.2212
19.5208
19.6757
19.7554
19.7957
19.8152
19.8232
14.7476
17.4383
18.6346
19.2207
19.5203
19.6752
19.7549
19.7952
19.8147
19.8228
14.7473
17.438
18.6343
19.2204
19.52
19.6749
19.7546
19.7949
19.8145
19.8226
14.7472
17.4378
18.6341
19.2202
19.5198
19.6747
19.7544
19.7947
19.8143
19.8225
14.7471
17.4377
18.634
19.2202
19.5198
19.6747
19.7544
19.7947
19.8143
19.8224
14.7471
17.4378
18.6341
19.2202
19.5198
19.6747
19.7544
19.7948
19.8144
19.8225
14.7472
17.4379
18.6342
19.2204
19.52
19.6749
19.7546
19.795
19.8146
19.8227
14.7474
17.4381
18.6345
19.2207
19.5203
19.6752
19.7549
19.7953
19.8149
19.823
14.7477
17.4385
18.6348
19.221
19.5207
19.6756
19.7553
19.7957
19.8153
19.8234
14.7479
17.4388
18.6352
19.2215
19.5211
19.6761
19.7558
19.7961
19.8158
19.8239
8.46015
10.3677
11.415
11.974
12.2692
12.4237
12.5035
12.5438
12.5633
12.5713
8.45992
10.3675
11.4147
11.9737
12.2689
12.4234
12.5032
12.5435
12.563
12.5711
8.45975
10.3673
11.4145
11.9734
12.2687
12.4232
12.503
12.5433
12.5628
12.5709
8.45965
10.3671
11.4144
11.9733
12.2686
12.4231
12.5028
12.5432
12.5627
12.5708
8.45962
10.3671
11.4144
11.9733
12.2685
12.423
12.5028
12.5432
12.5627
12.5708
8.45963
10.3671
11.4144
11.9733
12.2686
12.4231
12.5029
12.5432
12.5628
12.5709
8.45971
10.3672
11.4145
11.9734
12.2687
12.4232
12.503
12.5434
12.5629
12.571
8.45984
10.3674
11.4147
11.9736
12.2689
12.4234
12.5032
12.5436
12.5631
12.5712
8.46001
10.3676
11.415
11.9739
12.2692
12.4237
12.5035
12.5439
12.5635
12.5715
8.46024
10.3679
11.4153
11.9743
12.2696
12.4241
12.5039
12.5443
12.5639
12.5719
4.94507
6.08131
6.80909
7.23832
7.47983
7.61134
7.68099
7.71679
7.73427
7.74144
4.94492
6.08113
6.8089
7.23812
7.47962
7.61113
7.68078
7.71659
7.73408
7.7413
4.94481
6.081
6.80876
7.23797
7.47947
7.61098
7.68064
7.71645
7.73395
7.74119
4.94475
6.08093
6.80868
7.23789
7.47939
7.61089
7.68055
7.71637
7.73388
7.74112
4.94472
6.0809
6.80865
7.23786
7.47936
7.61087
7.68053
7.71635
7.73387
7.74112
4.94474
6.08092
6.80867
7.23789
7.47939
7.61091
7.68057
7.7164
7.73391
7.74116
4.94479
6.08098
6.80875
7.23798
7.47949
7.61101
7.68067
7.7165
7.73402
7.74127
4.94488
6.0811
6.80888
7.23812
7.47964
7.61117
7.68084
7.71667
7.73419
7.74144
4.94501
6.08126
6.80907
7.23832
7.47986
7.61139
7.68107
7.7169
7.73442
7.74168
4.94518
6.08147
6.80931
7.23859
7.48014
7.61168
7.68136
7.7172
7.73472
7.74198
2.86811
3.50854
3.96255
4.25324
4.42727
4.5265
4.58085
4.60949
4.62371
4.6296
2.86801
3.50842
3.96243
4.25311
4.42714
4.52636
4.58072
4.60936
4.62359
4.62951
2.86794
3.50834
3.96234
4.25302
4.42704
4.52626
4.58062
4.60927
4.6235
4.62943
2.8679
3.50829
3.96228
4.25296
4.42699
4.52621
4.58057
4.60922
4.62346
4.62939
2.86788
3.50828
3.96227
4.25294
4.42697
4.52619
4.58056
4.60921
4.62345
4.62939
2.8679
3.50829
3.96228
4.25296
4.427
4.52622
4.58059
4.60924
4.62348
4.62942
2.86793
3.50834
3.96234
4.25303
4.42706
4.52629
4.58066
4.60931
4.62356
4.6295
2.868
3.50842
3.96243
4.25313
4.42717
4.5264
4.58077
4.60943
4.62368
4.62962
2.86809
3.50853
3.96256
4.25327
4.42732
4.52656
4.58093
4.60959
4.62384
4.62979
2.86821
3.50868
3.96273
4.25345
4.42752
4.52676
4.58114
4.60981
4.62406
4.63
1.63313
1.98409
2.25011
2.43154
2.54616
2.61443
2.65316
2.67413
2.68476
2.68921
1.63307
1.98402
2.25003
2.43146
2.54608
2.61434
2.65307
2.67405
2.68468
2.68915
1.63302
1.98397
2.24998
2.4314
2.54601
2.61428
2.65302
2.67399
2.68463
2.68911
1.633
1.98394
2.24994
2.43137
2.54598
2.61425
2.65298
2.67396
2.6846
2.68908
1.63299
1.98393
2.24993
2.43136
2.54597
2.61424
2.65298
2.67395
2.6846
2.68908
1.633
1.98394
2.24995
2.43137
2.54599
2.61426
2.653
2.67398
2.68462
2.6891
1.63302
1.98397
2.24998
2.43142
2.54603
2.61431
2.65305
2.67403
2.68467
2.68916
1.63306
1.98402
2.25004
2.43148
2.5461
2.61438
2.65312
2.67411
2.68475
2.68924
1.63312
1.9841
2.25013
2.43158
2.54621
2.61449
2.65323
2.67422
2.68486
2.68935
1.6332
1.9842
2.25024
2.4317
2.54634
2.61462
2.65337
2.67436
2.68501
2.6895
0.909011
1.09712
1.24631
1.35308
1.4236
1.46728
1.49289
1.50714
1.51451
1.51764
0.908974
1.09708
1.24627
1.35303
1.42355
1.46723
1.49284
1.50709
1.51447
1.51761
0.908947
1.09705
1.24623
1.353
1.42352
1.46719
1.4928
1.50706
1.51443
1.51758
0.908931
1.09703
1.24621
1.35298
1.42349
1.46717
1.49278
1.50704
1.51442
1.51757
0.908926
1.09703
1.24621
1.35297
1.42349
1.46717
1.49278
1.50704
1.51442
1.51757
0.908932
1.09703
1.24622
1.35298
1.4235
1.46718
1.4928
1.50705
1.51443
1.51758
0.908948
1.09705
1.24624
1.35301
1.42353
1.46721
1.49283
1.50708
1.51447
1.51762
0.908976
1.09709
1.24628
1.35305
1.42358
1.46726
1.49288
1.50714
1.51452
1.51767
0.909015
1.09714
1.24633
1.35311
1.42364
1.46733
1.49295
1.50721
1.51459
1.51774
0.909067
1.0972
1.24641
1.35319
1.42373
1.46742
1.49304
1.5073
1.51469
1.51784
0.493942
0.592465
0.673162
0.733105
0.774184
0.800504
0.816411
0.82549
0.830283
0.832343
0.49392
0.592439
0.673134
0.733075
0.774153
0.800472
0.816379
0.825459
0.830254
0.832323
0.493904
0.592421
0.673115
0.733054
0.774131
0.800451
0.816357
0.825438
0.830236
0.832307
0.493894
0.592411
0.673103
0.733042
0.774119
0.800439
0.816346
0.825428
0.830226
0.832298
0.493892
0.592408
0.6731
0.73304
0.774117
0.800437
0.816345
0.825427
0.830226
0.832299
0.493895
0.592413
0.673106
0.733046
0.774125
0.800445
0.816354
0.825437
0.830237
0.83231
0.493906
0.592426
0.673121
0.733063
0.774143
0.800465
0.816374
0.825458
0.830258
0.832332
0.493923
0.592447
0.673146
0.73309
0.774172
0.800496
0.816406
0.825491
0.830291
0.832365
0.493948
0.592477
0.67318
0.733128
0.774213
0.800539
0.81645
0.825536
0.830337
0.832411
0.493981
0.592516
0.673225
0.733178
0.774266
0.800594
0.816507
0.825594
0.830396
0.832471
0.262505
0.312509
0.354591
0.386848
0.409665
0.424729
0.434084
0.439552
0.442494
0.443775
0.262492
0.312494
0.354575
0.386831
0.409647
0.42471
0.434065
0.439534
0.442477
0.443763
0.262483
0.312484
0.354564
0.386819
0.409635
0.424698
0.434053
0.439522
0.442467
0.443754
0.262478
0.312478
0.354557
0.386812
0.409628
0.424691
0.434047
0.439516
0.442462
0.44375
0.262476
0.312476
0.354556
0.386811
0.409627
0.424691
0.434046
0.439516
0.442462
0.44375
0.262479
0.312479
0.35456
0.386815
0.409632
0.424696
0.434052
0.439522
0.442469
0.443757
0.262485
0.312487
0.354569
0.386825
0.409643
0.424708
0.434064
0.439535
0.442482
0.443771
0.262496
0.3125
0.354584
0.386842
0.409661
0.424726
0.434084
0.439555
0.442502
0.443791
0.262511
0.312518
0.354604
0.386865
0.409685
0.424752
0.43411
0.439582
0.44253
0.443819
0.262531
0.312541
0.354631
0.386894
0.409717
0.424786
0.434145
0.439617
0.442565
0.443855
0.137769
0.161465
0.182328
0.198916
0.211027
0.219252
0.224491
0.227621
0.229336
0.230092
0.137761
0.161456
0.182319
0.198906
0.211017
0.219241
0.22448
0.227611
0.229327
0.230086
0.137756
0.161451
0.182312
0.1989
0.21101
0.219235
0.224473
0.227605
0.229322
0.230081
0.137753
0.161447
0.182309
0.198896
0.211006
0.219231
0.22447
0.227602
0.229319
0.230079
0.137753
0.161447
0.182308
0.198895
0.211006
0.219231
0.22447
0.227602
0.229319
0.230079
0.137754
0.161449
0.182311
0.198898
0.211009
0.219234
0.224474
0.227606
0.229323
0.230083
0.137758
0.161453
0.182316
0.198904
0.211015
0.219241
0.224481
0.227613
0.229331
0.230091
0.137765
0.161461
0.182325
0.198914
0.211026
0.219252
0.224492
0.227625
0.229343
0.230103
0.137774
0.161471
0.182337
0.198927
0.21104
0.219267
0.224508
0.227641
0.229359
0.230119
0.137785
0.161485
0.182352
0.198944
0.211058
0.219286
0.224528
0.227661
0.22938
0.23014
0.0732812
0.082222
0.0916782
0.0997423
0.105874
0.110167
0.11297
0.114681
0.115635
0.11606
0.0732771
0.0822175
0.0916733
0.0997371
0.105869
0.110161
0.112964
0.114676
0.11563
0.116056
0.0732743
0.0822144
0.09167
0.0997336
0.105865
0.110157
0.112961
0.114672
0.115627
0.116054
0.0732726
0.0822127
0.0916681
0.0997317
0.105863
0.110156
0.112959
0.114671
0.115625
0.116053
0.0732723
0.0822124
0.0916679
0.0997315
0.105863
0.110156
0.112959
0.114671
0.115626
0.116053
0.0732733
0.0822136
0.0916693
0.0997331
0.105865
0.110158
0.112961
0.114673
0.115628
0.116055
0.0732757
0.0822163
0.0916724
0.0997365
0.105869
0.110162
0.112965
0.114677
0.115632
0.11606
0.0732795
0.0822206
0.0916773
0.099742
0.105875
0.110168
0.112972
0.114684
0.115639
0.116067
0.0732849
0.0822267
0.0916841
0.0997494
0.105883
0.110176
0.112981
0.114693
0.115648
0.116076
0.0732918
0.0822345
0.0916929
0.0997591
0.105893
0.110187
0.112992
0.114704
0.11566
0.116088
388.18
388.18
388.18
388.18
388.181
388.181
388.181
388.182
388.182
388.182
388.18
388.18
388.18
388.18
388.181
388.181
388.181
388.181
388.182
388.182
388.18
388.18
388.18
388.18
388.18
388.181
388.181
388.181
388.181
388.182
388.179
388.179
388.18
388.18
388.18
388.181
388.181
388.181
388.181
388.182
388.179
388.179
388.18
388.18
388.18
388.181
388.181
388.181
388.181
388.182
388.179
388.179
388.18
388.18
388.18
388.181
388.181
388.181
388.181
388.182
388.179
388.179
388.18
388.18
388.18
388.181
388.181
388.181
388.181
388.182
388.18
388.179
388.18
388.18
388.18
388.181
388.181
388.181
388.182
388.182
388.18
388.18
388.18
388.18
388.181
388.181
388.181
388.181
388.182
388.182
388.18
388.18
388.18
388.18
388.181
388.181
388.181
388.182
388.182
388.182
325.686
325.687
325.688
325.689
325.69
325.691
325.692
325.693
325.694
325.694
325.686
325.686
325.687
325.688
325.69
325.691
325.692
325.692
325.693
325.694
325.686
325.686
325.687
325.688
325.689
325.69
325.691
325.692
325.693
325.693
325.685
325.685
325.686
325.688
325.689
325.69
325.691
325.692
325.693
325.693
325.685
325.685
325.686
325.687
325.689
325.69
325.691
325.692
325.692
325.693
325.685
325.685
325.686
325.687
325.689
325.69
325.691
325.692
325.692
325.693
325.685
325.685
325.686
325.688
325.689
325.69
325.691
325.692
325.693
325.693
325.685
325.686
325.687
325.688
325.689
325.69
325.691
325.692
325.693
325.693
325.686
325.686
325.687
325.688
325.689
325.691
325.692
325.693
325.693
325.694
325.686
325.686
325.687
325.688
325.69
325.691
325.692
325.693
325.694
325.694
266.508
266.509
266.511
266.515
266.518
266.52
266.522
266.524
266.525
266.526
266.507
266.508
266.511
266.514
266.517
266.52
266.522
266.523
266.524
266.525
266.506
266.507
266.51
266.513
266.516
266.519
266.521
266.523
266.524
266.525
266.506
266.507
266.51
266.513
266.516
266.519
266.521
266.522
266.524
266.525
266.506
266.507
266.509
266.513
266.516
266.518
266.521
266.522
266.523
266.524
266.506
266.507
266.509
266.513
266.516
266.518
266.521
266.522
266.523
266.524
266.506
266.507
266.51
266.513
266.516
266.519
266.521
266.522
266.524
266.525
266.506
266.507
266.51
266.513
266.516
266.519
266.521
266.523
266.524
266.525
266.507
266.508
266.51
266.514
266.517
266.52
266.522
266.523
266.525
266.526
266.507
266.508
266.511
266.514
266.517
266.52
266.522
266.524
266.525
266.526
212.46
212.463
212.469
212.476
212.483
212.489
212.493
212.495
212.497
212.499
212.459
212.462
212.468
212.475
212.482
212.488
212.492
212.494
212.496
212.498
212.458
212.461
212.467
212.475
212.481
212.487
212.491
212.494
212.496
212.497
212.457
212.461
212.467
212.474
212.481
212.486
212.491
212.493
212.495
212.497
212.457
212.46
212.467
212.474
212.481
212.486
212.49
212.493
212.495
212.497
212.457
212.46
212.467
212.474
212.481
212.486
212.49
212.493
212.495
212.497
212.457
212.461
212.467
212.474
212.481
212.487
212.491
212.494
212.496
212.497
212.458
212.461
212.467
212.475
212.482
212.487
212.491
212.494
212.496
212.498
212.458
212.462
212.468
212.475
212.482
212.488
212.492
212.495
212.497
212.498
212.459
212.462
212.469
212.476
212.483
212.489
212.493
212.496
212.498
212.499
164.837
164.846
164.86
164.876
164.89
164.9
164.908
164.913
164.916
164.918
164.836
164.845
164.859
164.875
164.889
164.899
164.907
164.912
164.915
164.917
164.835
164.844
164.858
164.874
164.888
164.899
164.906
164.911
164.914
164.917
164.835
164.843
164.858
164.874
164.888
164.898
164.906
164.911
164.914
164.916
164.834
164.843
164.858
164.874
164.887
164.898
164.906
164.911
164.914
164.916
164.834
164.843
164.858
164.874
164.887
164.898
164.906
164.911
164.914
164.916
164.835
164.843
164.858
164.874
164.888
164.898
164.906
164.911
164.914
164.916
164.835
164.844
164.858
164.874
164.888
164.899
164.906
164.912
164.915
164.917
164.836
164.844
164.859
164.875
164.889
164.9
164.907
164.912
164.916
164.918
164.836
164.845
164.86
164.876
164.89
164.901
164.908
164.913
164.917
164.919
124.332
124.353
124.386
124.419
124.447
124.466
124.48
124.488
124.493
124.495
124.331
124.352
124.385
124.418
124.446
124.465
124.479
124.487
124.492
124.495
124.33
124.352
124.384
124.418
124.445
124.465
124.478
124.486
124.491
124.494
124.33
124.351
124.384
124.417
124.444
124.464
124.477
124.486
124.491
124.494
124.33
124.351
124.384
124.417
124.444
124.464
124.477
124.486
124.491
124.494
124.33
124.351
124.384
124.417
124.444
124.464
124.477
124.486
124.491
124.494
124.33
124.351
124.384
124.417
124.445
124.464
124.478
124.486
124.491
124.494
124.33
124.352
124.385
124.418
124.445
124.465
124.478
124.487
124.492
124.495
124.331
124.352
124.385
124.419
124.446
124.466
124.479
124.488
124.493
124.496
124.332
124.353
124.386
124.42
124.447
124.467
124.48
124.489
124.494
124.497
91.0369
91.0879
91.1597
91.2269
91.2786
91.3138
91.3361
91.3493
91.3567
91.3603
91.036
91.0869
91.1588
91.226
91.2776
91.3129
91.3352
91.3484
91.3559
91.3597
91.0353
91.0862
91.1581
91.2253
91.277
91.3123
91.3345
91.3478
91.3553
91.3592
91.0349
91.0858
91.1577
91.2249
91.2766
91.3119
91.3341
91.3474
91.355
91.3589
91.0347
91.0856
91.1575
91.2247
91.2764
91.3117
91.334
91.3473
91.3549
91.3588
91.0347
91.0857
91.1575
91.2248
91.2765
91.3118
91.3341
91.3474
91.355
91.3589
91.035
91.0859
91.1578
91.2251
91.2768
91.3121
91.3344
91.3478
91.3553
91.3593
91.0354
91.0864
91.1584
91.2256
91.2774
91.3127
91.335
91.3484
91.3559
91.3599
91.0361
91.0871
91.1591
91.2264
91.2782
91.3135
91.3359
91.3492
91.3568
91.3607
91.0369
91.0881
91.1601
91.2275
91.2792
91.3146
91.3369
91.3503
91.3579
91.3618
64.5118
64.6363
64.7917
64.9228
65.0156
65.0747
65.11
65.1299
65.1405
65.1454
64.511
64.6355
64.7909
64.922
65.0148
65.0739
65.1092
65.1291
65.1398
65.1449
64.5104
64.6349
64.7903
64.9214
65.0142
65.0734
65.1086
65.1286
65.1393
65.1445
64.51
64.6345
64.7899
64.9211
65.0138
65.073
65.1083
65.1283
65.1391
65.1442
64.5099
64.6343
64.7898
64.9209
65.0137
65.0729
65.1082
65.1282
65.139
65.1441
64.5099
64.6344
64.7898
64.921
65.0138
65.073
65.1083
65.1283
65.1391
65.1443
64.5101
64.6346
64.7901
64.9213
65.0141
65.0733
65.1086
65.1287
65.1394
65.1446
64.5106
64.6351
64.7906
64.9218
65.0146
65.0738
65.1092
65.1292
65.14
65.1452
64.5112
64.6358
64.7913
64.9225
65.0154
65.0746
65.1099
65.13
65.1408
65.146
64.5119
64.6366
64.7922
64.9235
65.0163
65.0756
65.1109
65.131
65.1418
65.147
43.8818
44.2013
44.5318
44.7747
44.93
45.0218
45.0735
45.1014
45.1156
45.1219
43.8812
44.2006
44.5311
44.7741
44.9293
45.0212
45.0729
45.1007
45.1151
45.1215
43.8807
44.2001
44.5307
44.7736
44.9288
45.0207
45.0724
45.1003
45.1147
45.1211
43.8804
44.1999
44.5304
44.7733
44.9286
45.0205
45.0721
45.1001
45.1144
45.1209
43.8803
44.1997
44.5303
44.7732
44.9285
45.0204
45.0721
45.1
45.1144
45.1209
43.8803
44.1998
44.5303
44.7733
44.9285
45.0204
45.0722
45.1001
45.1145
45.121
43.8805
44.2
44.5306
44.7735
44.9288
45.0207
45.0724
45.1004
45.1148
45.1213
43.8809
44.2004
44.531
44.774
44.9293
45.0212
45.0729
45.1009
45.1153
45.1218
43.8814
44.201
44.5316
44.7746
44.9299
45.0219
45.0736
45.1016
45.116
45.1225
43.8821
44.2017
44.5324
44.7755
44.9308
45.0227
45.0745
45.1025
45.1169
45.1234
27.8898
28.7737
29.4473
29.8591
30.0934
30.2217
30.2902
30.3256
30.3432
30.3507
27.8894
28.7732
29.4468
29.8586
30.0929
30.2213
30.2897
30.3252
30.3428
30.3504
27.889
28.7729
29.4465
29.8583
30.0925
30.2209
30.2893
30.3248
30.3425
30.3501
27.8888
28.7727
29.4462
29.8581
30.0923
30.2207
30.2891
30.3246
30.3423
30.35
27.8887
28.7726
29.4461
29.858
30.0922
30.2206
30.2891
30.3246
30.3423
30.3499
27.8887
28.7726
29.4462
29.858
30.0923
30.2207
30.2892
30.3247
30.3424
30.35
27.8889
28.7728
29.4464
29.8582
30.0925
30.2209
30.2894
30.3249
30.3426
30.3503
27.8892
28.7731
29.4467
29.8586
30.0929
30.2213
30.2898
30.3253
30.343
30.3507
27.8896
28.7736
29.4472
29.8591
30.0934
30.2219
30.2903
30.3259
30.3436
30.3513
27.8901
28.7742
29.4479
29.8599
30.0942
30.2226
30.2911
30.3267
30.3444
30.3521
0.0149211
0.0148619
0.01473
0.0144972
0.0141239
0.0135683
0.0128039
0.011853
0.0108414
0.0100743
0.0149203
0.0148611
0.0147293
0.0144964
0.0141232
0.0135677
0.0128033
0.0118524
0.0108409
0.0100739
0.0149197
0.0148606
0.0147288
0.0144959
0.0141227
0.0135672
0.0128029
0.0118521
0.0108405
0.0100737
0.0149195
0.0148603
0.0147285
0.0144957
0.0141225
0.013567
0.0128027
0.0118519
0.0108404
0.0100736
0.0149195
0.0148603
0.0147285
0.0144957
0.0141226
0.0135671
0.0128027
0.011852
0.0108405
0.0100736
0.0149198
0.0148606
0.0147288
0.014496
0.0141229
0.0135674
0.012803
0.0118523
0.0108408
0.0100739
0.0149203
0.0148612
0.0147294
0.0144966
0.0141235
0.013568
0.0128036
0.0118528
0.0108413
0.0100744
0.0149212
0.0148621
0.0147303
0.0144976
0.0141244
0.0135689
0.0128045
0.0118536
0.010842
0.0100751
0.0149223
0.0148633
0.0147316
0.0144988
0.0141257
0.0135701
0.0128056
0.0118547
0.010843
0.010076
0.0149237
0.0148648
0.0147332
0.0145004
0.0141272
0.0135716
0.0128071
0.0118561
0.0108443
0.0100772
0.00713124
0.00710072
0.00703346
0.00691651
0.00673281
0.00646615
0.00611076
0.00568734
0.00526412
0.00497244
0.00713083
0.00710032
0.00703307
0.00691612
0.00673244
0.0064658
0.00611044
0.00568704
0.00526387
0.00497226
0.00713056
0.00710006
0.00703281
0.00691587
0.00673221
0.00646558
0.00611024
0.00568686
0.00526371
0.00497213
0.00713043
0.00709993
0.00703269
0.00691576
0.0067321
0.00646548
0.00611015
0.00568678
0.00526364
0.00497207
0.00713044
0.00709995
0.00703271
0.00691578
0.00673213
0.00646551
0.00611019
0.00568682
0.00526369
0.00497212
0.0071306
0.00710011
0.00703287
0.00691595
0.0067323
0.00646569
0.00611036
0.00568699
0.00526384
0.00497227
0.00713091
0.00710042
0.0070332
0.00691628
0.00673263
0.006466
0.00611066
0.00568728
0.00526412
0.00497253
0.00713138
0.0071009
0.00703368
0.00691677
0.00673311
0.00646648
0.00611112
0.00568771
0.00526452
0.00497292
0.00713198
0.00710154
0.00703434
0.00691744
0.00673377
0.00646712
0.00611173
0.00568828
0.00526506
0.00497344
0.0071327
0.00710236
0.0070352
0.00691829
0.00673461
0.00646793
0.0061125
0.00568901
0.00526574
0.00497408
0.00331963
0.00330451
0.00327149
0.00321494
0.00312784
0.00300439
0.00284473
0.0026616
0.00248738
0.00237448
0.00331943
0.00330431
0.00327129
0.00321475
0.00312765
0.00300422
0.00284457
0.00266145
0.00248725
0.00237439
0.0033193
0.00330418
0.00327117
0.00321463
0.00312754
0.00300411
0.00284447
0.00266136
0.00248717
0.00237433
0.00331924
0.00330412
0.00327111
0.00321457
0.00312749
0.00300407
0.00284443
0.00266133
0.00248714
0.0023743
0.00331925
0.00330413
0.00327112
0.00321459
0.00312751
0.00300409
0.00284445
0.00266135
0.00248717
0.00237433
0.00331933
0.00330422
0.00327121
0.00321468
0.0031276
0.00300418
0.00284454
0.00266144
0.00248725
0.00237441
0.00331949
0.00330438
0.00327138
0.00321485
0.00312776
0.00300434
0.0028447
0.00266159
0.0024874
0.00237455
0.00331973
0.00330462
0.00327163
0.0032151
0.00312801
0.00300459
0.00284493
0.00266181
0.00248761
0.00237476
0.00332004
0.00330495
0.00327197
0.00321544
0.00312835
0.00300492
0.00284525
0.00266211
0.00248789
0.00237503
0.00332041
0.00330538
0.00327241
0.00321588
0.00312878
0.00300533
0.00284564
0.00266249
0.00248824
0.00237536
0.00150576
0.00149853
0.00148291
0.00145652
0.00141663
0.00136135
0.00129177
0.00121453
0.00114383
0.00109986
0.00150566
0.00149844
0.00148281
0.00145643
0.00141654
0.00136127
0.00129169
0.00121446
0.00114377
0.00109982
0.0015056
0.00149838
0.00148275
0.00145637
0.00141649
0.00136122
0.00129164
0.00121442
0.00114373
0.00109979
0.00150557
0.00149835
0.00148273
0.00145635
0.00141646
0.0013612
0.00129163
0.0012144
0.00114372
0.00109978
0.00150558
0.00149836
0.00148273
0.00145636
0.00141647
0.00136121
0.00129164
0.00121442
0.00114373
0.0010998
0.00150562
0.0014984
0.00148278
0.0014564
0.00141652
0.00136125
0.00129168
0.00121446
0.00114377
0.00109984
0.0015057
0.00149848
0.00148286
0.00145649
0.0014166
0.00136134
0.00129176
0.00121454
0.00114385
0.00109991
0.00150582
0.00149861
0.00148299
0.00145662
0.00141673
0.00136146
0.00129188
0.00121465
0.00114395
0.00110001
0.00150598
0.00149877
0.00148316
0.00145679
0.0014169
0.00136162
0.00129204
0.0012148
0.0011441
0.00110015
0.00150616
0.00149898
0.00148338
0.001457
0.00141711
0.00136183
0.00129224
0.00121498
0.00114427
0.00110032
0.00066581
0.000662475
0.000655329
0.000643427
0.000625738
0.000601733
0.000572239
0.000540395
0.000512114
0.000495028
0.000665765
0.000662431
0.000655286
0.000643384
0.000625697
0.000601694
0.000572203
0.000540362
0.000512085
0.000495009
0.000665736
0.000662402
0.000655258
0.000643358
0.000625672
0.00060167
0.000572181
0.000540343
0.000512069
0.000494995
0.000665723
0.00066239
0.000655246
0.000643347
0.000625662
0.000601661
0.000572173
0.000540336
0.000512064
0.000494991
0.000665727
0.000662394
0.000655251
0.000643352
0.000625668
0.000601668
0.00057218
0.000540343
0.000512071
0.000494999
0.000665749
0.000662416
0.000655273
0.000643375
0.000625691
0.00060169
0.000572202
0.000540365
0.000512092
0.00049502
0.000665789
0.000662457
0.000655314
0.000643416
0.000625732
0.000601731
0.000572241
0.000540403
0.000512129
0.000495056
0.000665847
0.000662516
0.000655375
0.000643477
0.000625793
0.00060179
0.000572298
0.000540457
0.000512181
0.000495107
0.000665922
0.000662596
0.000655457
0.00064356
0.000625874
0.000601869
0.000572374
0.00054053
0.00051225
0.000495174
0.000666012
0.000662698
0.000655563
0.000643665
0.000625977
0.000601969
0.00057247
0.000540621
0.000512337
0.000495258
0.000287146
0.000285657
0.000282494
0.000277292
0.000269683
0.000259552
0.000247368
0.000234518
0.000223376
0.000216784
0.000287125
0.000285637
0.000282474
0.000277272
0.000269665
0.000259534
0.000247351
0.000234503
0.000223363
0.000216775
0.000287112
0.000285624
0.000282462
0.00027726
0.000269653
0.000259523
0.000247341
0.000234494
0.000223355
0.000216769
0.000287107
0.000285619
0.000282457
0.000277256
0.000269649
0.00025952
0.000247338
0.000234491
0.000223353
0.000216768
0.000287109
0.000285621
0.000282459
0.000277258
0.000269652
0.000259523
0.000247342
0.000234495
0.000223357
0.000216772
0.000287119
0.000285632
0.00028247
0.000277269
0.000269663
0.000259534
0.000247352
0.000234506
0.000223368
0.000216782
0.000287138
0.000285651
0.00028249
0.000277289
0.000269683
0.000259553
0.000247371
0.000234524
0.000223385
0.000216799
0.000287166
0.000285679
0.000282518
0.000277318
0.000269711
0.000259581
0.000247398
0.000234549
0.00022341
0.000216823
0.000287202
0.000285717
0.000282557
0.000277357
0.00026975
0.000259618
0.000247434
0.000234584
0.000223443
0.000216856
0.000287244
0.000285765
0.000282606
0.000277406
0.000269798
0.000259665
0.000247479
0.000234627
0.000223484
0.000216896
0.000120925
0.000120281
0.000118922
0.000116714
0.000113532
0.000109367
0.000104452
9.93707e-05
9.50487e-05
9.25316e-05
0.000120916
0.000120272
0.000118914
0.000116706
0.000113524
0.000109359
0.000104445
9.93639e-05
9.50428e-05
9.25279e-05
0.000120911
0.000120266
0.000118908
0.0001167
0.000113519
0.000109355
0.00010444
9.936e-05
9.50396e-05
9.25253e-05
0.000120908
0.000120264
0.000118906
0.000116698
0.000113517
0.000109353
0.000104439
9.9359e-05
9.50388e-05
9.25248e-05
0.00012091
0.000120265
0.000118907
0.0001167
0.000113519
0.000109355
0.000104441
9.93608e-05
9.50407e-05
9.25268e-05
0.000120914
0.00012027
0.000118913
0.000116705
0.000113524
0.00010936
0.000104446
9.93657e-05
9.50455e-05
9.25316e-05
0.000120923
0.000120279
0.000118922
0.000116714
0.000113533
0.000109369
0.000104454
9.9374e-05
9.50536e-05
9.25396e-05
0.000120936
0.000120292
0.000118935
0.000116727
0.000113546
0.000109381
0.000104467
9.9386e-05
9.50652e-05
9.25509e-05
0.000120952
0.00012031
0.000118952
0.000116745
0.000113564
0.000109399
0.000104483
9.94018e-05
9.50804e-05
9.25657e-05
0.000120972
0.000120332
0.000118975
0.000116768
0.000113586
0.00010942
0.000104504
9.94215e-05
9.50994e-05
9.25843e-05
5.00014e-05
4.97289e-05
4.9159e-05
4.82429e-05
4.6941e-05
4.52632e-05
4.33166e-05
4.13384e-05
3.96824e-05
3.87299e-05
4.99974e-05
4.9725e-05
4.91552e-05
4.82392e-05
4.69374e-05
4.52598e-05
4.33134e-05
4.13354e-05
3.96798e-05
3.87283e-05
4.99949e-05
4.97226e-05
4.91528e-05
4.82369e-05
4.69352e-05
4.52578e-05
4.33115e-05
4.13337e-05
3.96784e-05
3.87272e-05
4.9994e-05
4.97217e-05
4.9152e-05
4.82361e-05
4.69345e-05
4.52571e-05
4.3311e-05
4.13333e-05
3.96781e-05
3.8727e-05
4.99946e-05
4.97223e-05
4.91526e-05
4.82368e-05
4.69353e-05
4.52579e-05
4.33118e-05
4.13342e-05
3.9679e-05
3.8728e-05
4.99968e-05
4.97246e-05
4.9155e-05
4.82392e-05
4.69376e-05
4.52603e-05
4.33141e-05
4.13365e-05
3.96812e-05
3.87302e-05
5.00008e-05
4.97286e-05
4.9159e-05
4.82433e-05
4.69417e-05
4.52643e-05
4.3318e-05
4.13402e-05
3.96849e-05
3.87338e-05
5.00065e-05
4.97345e-05
4.9165e-05
4.82493e-05
4.69476e-05
4.52701e-05
4.33236e-05
4.13456e-05
3.96902e-05
3.8739e-05
5.00139e-05
4.97422e-05
4.91729e-05
4.82572e-05
4.69555e-05
4.52777e-05
4.3331e-05
4.13528e-05
3.9697e-05
3.87457e-05
5.00227e-05
4.97521e-05
4.91831e-05
4.82674e-05
4.69654e-05
4.52874e-05
4.33403e-05
4.13616e-05
3.97056e-05
3.87541e-05
2.09989e-05
2.08824e-05
2.06406e-05
2.02561e-05
1.97171e-05
1.90328e-05
1.82514e-05
1.74695e-05
1.68241e-05
1.64568e-05
2.09971e-05
2.08806e-05
2.06389e-05
2.02545e-05
1.97155e-05
1.90313e-05
1.82499e-05
1.74682e-05
1.68229e-05
1.6456e-05
2.0996e-05
2.08796e-05
2.06378e-05
2.02535e-05
1.97146e-05
1.90304e-05
1.82491e-05
1.74675e-05
1.68223e-05
1.64556e-05
2.09956e-05
2.08792e-05
2.06375e-05
2.02532e-05
1.97143e-05
1.90302e-05
1.82489e-05
1.74673e-05
1.68222e-05
1.64555e-05
2.09959e-05
2.08795e-05
2.06378e-05
2.02535e-05
1.97146e-05
1.90306e-05
1.82493e-05
1.74677e-05
1.68227e-05
1.6456e-05
2.0997e-05
2.08806e-05
2.06389e-05
2.02546e-05
1.97157e-05
1.90317e-05
1.82504e-05
1.74688e-05
1.68237e-05
1.6457e-05
2.09988e-05
2.08825e-05
2.06408e-05
2.02565e-05
1.97176e-05
1.90335e-05
1.82522e-05
1.74706e-05
1.68254e-05
1.64587e-05
2.10015e-05
2.08851e-05
2.06435e-05
2.02593e-05
1.97203e-05
1.90361e-05
1.82548e-05
1.7473e-05
1.68279e-05
1.64611e-05
2.10048e-05
2.08887e-05
2.06471e-05
2.02629e-05
1.97239e-05
1.90396e-05
1.82582e-05
1.74763e-05
1.6831e-05
1.64642e-05
2.10088e-05
2.08931e-05
2.06517e-05
2.02674e-05
1.97284e-05
1.9044e-05
1.82623e-05
1.74803e-05
1.68349e-05
1.6468e-05
1.07682e-05
1.07078e-05
1.0583e-05
1.03866e-05
1.01145e-05
9.77396e-06
9.39051e-06
9.01211e-06
8.70348e-06
8.52934e-06
1.07673e-05
1.07069e-05
1.05822e-05
1.03858e-05
1.01138e-05
9.77324e-06
9.38983e-06
9.01148e-06
8.70294e-06
8.52904e-06
1.07668e-05
1.07064e-05
1.05816e-05
1.03853e-05
1.01133e-05
9.77279e-06
9.38942e-06
9.01112e-06
8.70264e-06
8.52882e-06
1.07666e-05
1.07062e-05
1.05815e-05
1.03851e-05
1.01132e-05
9.77267e-06
9.38933e-06
9.01105e-06
8.7026e-06
8.52881e-06
1.07668e-05
1.07064e-05
1.05817e-05
1.03853e-05
1.01134e-05
9.77291e-06
9.38957e-06
9.01131e-06
8.70287e-06
8.52909e-06
1.07674e-05
1.0707e-05
1.05823e-05
1.0386e-05
1.0114e-05
9.77353e-06
9.39019e-06
9.01191e-06
8.70347e-06
8.52968e-06
1.07684e-05
1.0708e-05
1.05833e-05
1.0387e-05
1.01151e-05
9.77456e-06
9.39119e-06
9.0129e-06
8.70443e-06
8.53063e-06
1.07699e-05
1.07095e-05
1.05849e-05
1.03885e-05
1.01166e-05
9.77603e-06
9.39262e-06
9.01428e-06
8.70578e-06
8.53196e-06
1.07717e-05
1.07115e-05
1.05868e-05
1.03905e-05
1.01185e-05
9.77794e-06
9.39447e-06
9.01607e-06
8.70751e-06
8.53367e-06
1.07738e-05
1.07138e-05
1.05892e-05
1.03929e-05
1.01209e-05
9.78024e-06
9.39669e-06
9.01821e-06
8.70959e-06
8.53571e-06
0.0378336
0.0410207
0.0450625
0.048791
0.051759
0.0539045
0.0553415
0.0562371
0.0567445
0.0569731
0.0378314
0.0410183
0.04506
0.0487883
0.0517562
0.0539016
0.0553386
0.0562343
0.0567419
0.0569714
0.0378298
0.0410167
0.0450582
0.0487864
0.0517543
0.0538996
0.0553367
0.0562325
0.0567403
0.05697
0.037829
0.0410158
0.0450573
0.0487855
0.0517533
0.0538987
0.0553358
0.0562317
0.0567396
0.0569694
0.0378288
0.0410156
0.0450572
0.0487854
0.0517533
0.0538987
0.055336
0.0562319
0.0567398
0.0569697
0.0378294
0.0410163
0.045058
0.0487863
0.0517543
0.0538998
0.0553371
0.0562331
0.0567412
0.0569711
0.0378309
0.0410179
0.0450597
0.0487882
0.0517564
0.053902
0.0553394
0.0562355
0.0567436
0.0569736
0.0378331
0.0410203
0.0450624
0.0487912
0.0517596
0.0539054
0.055343
0.0562391
0.0567473
0.0569773
0.0378361
0.0410237
0.0450662
0.0487953
0.051764
0.0539101
0.0553478
0.056244
0.0567523
0.0569823
0.0378397
0.041028
0.045071
0.0488006
0.0517696
0.053916
0.0553539
0.0562503
0.0567587
0.0569888
0.0187579
0.0199439
0.0216256
0.0232843
0.0246645
0.0256948
0.0264025
0.0268526
0.0271116
0.0272296
0.0187568
0.0199427
0.0216242
0.0232829
0.024663
0.0256933
0.026401
0.0268511
0.0271103
0.0272287
0.0187559
0.0199419
0.0216234
0.023282
0.0246621
0.0256923
0.0264
0.0268502
0.0271095
0.027228
0.0187555
0.0199414
0.0216229
0.0232815
0.0246616
0.0256919
0.0263996
0.0268498
0.0271091
0.0272278
0.0187555
0.0199414
0.0216229
0.0232815
0.0246616
0.0256919
0.0263997
0.0268499
0.0271093
0.027228
0.0187558
0.0199418
0.0216233
0.023282
0.0246622
0.0256925
0.0264003
0.0268506
0.02711
0.0272287
0.0187566
0.0199426
0.0216243
0.023283
0.0246633
0.0256937
0.0264016
0.0268519
0.0271113
0.02723
0.0187578
0.0199439
0.0216257
0.0232846
0.024665
0.0256955
0.0264034
0.0268538
0.0271133
0.027232
0.0187595
0.0199457
0.0216277
0.0232868
0.0246673
0.025698
0.026406
0.0268564
0.0271159
0.0272347
0.0187614
0.019948
0.0216303
0.0232895
0.0246703
0.0257011
0.0264092
0.0268598
0.0271193
0.0272381
0.00898351
0.00943573
0.0101239
0.0108398
0.0114595
0.0119365
0.0122722
0.0124899
0.0126172
0.0126757
0.00898292
0.00943511
0.0101232
0.0108391
0.0114588
0.0119358
0.0122715
0.0124892
0.0126165
0.0126753
0.00898251
0.0094347
0.0101228
0.0108386
0.0114584
0.0119353
0.012271
0.0124888
0.0126161
0.012675
0.0089823
0.00943448
0.0101226
0.0108384
0.0114581
0.0119351
0.0122708
0.0124886
0.012616
0.0126748
0.00898229
0.00943447
0.0101226
0.0108384
0.0114582
0.0119351
0.0122709
0.0124887
0.0126161
0.012675
0.00898249
0.00943469
0.0101228
0.0108387
0.0114584
0.0119355
0.0122712
0.012489
0.0126164
0.0126754
0.00898291
0.00943514
0.0101233
0.0108392
0.011459
0.0119361
0.0122718
0.0124897
0.0126171
0.012676
0.00898355
0.00943582
0.0101241
0.01084
0.0114599
0.011937
0.0122728
0.0124907
0.0126181
0.0126771
0.0089844
0.00943676
0.0101251
0.0108411
0.0114611
0.0119382
0.0122741
0.012492
0.0126195
0.0126784
0.0089854
0.00943796
0.0101264
0.0108426
0.0114626
0.0119399
0.0122758
0.0124937
0.0126212
0.0126802
0.00416945
0.00434372
0.0046215
0.00492269
0.00519252
0.00540605
0.00555982
0.00566144
0.0057217
0.00574971
0.00416916
0.00434342
0.00462118
0.00492236
0.00519217
0.0054057
0.00555947
0.00566109
0.00572139
0.00574951
0.00416896
0.00434322
0.00462097
0.00492214
0.00519195
0.00540548
0.00555925
0.00566089
0.0057212
0.00574936
0.00416886
0.00434312
0.00462087
0.00492204
0.00519185
0.00540538
0.00555915
0.0056608
0.00572113
0.0057493
0.00416886
0.00434312
0.00462087
0.00492205
0.00519187
0.00540541
0.00555919
0.00566085
0.00572119
0.00574936
0.00416897
0.00434323
0.004621
0.00492219
0.00519202
0.00540557
0.00555937
0.00566103
0.00572138
0.00574956
0.00416918
0.00434346
0.00462125
0.00492246
0.00519231
0.00540588
0.00555969
0.00566137
0.00572173
0.00574991
0.00416951
0.00434381
0.00462163
0.00492287
0.00519275
0.00540634
0.00556017
0.00566186
0.00572223
0.00575042
0.00416994
0.00434428
0.00462214
0.00492342
0.00519334
0.00540697
0.00556082
0.00566253
0.00572291
0.0057511
0.00417045
0.00434489
0.00462281
0.00492414
0.0051941
0.00540776
0.00556165
0.00566338
0.00572377
0.00575198
0.00187923
0.00194647
0.00205708
0.00218095
0.00229519
0.00238788
0.00245606
0.00250191
0.00252949
0.00254243
0.0018791
0.00194633
0.00205693
0.0021808
0.00229503
0.00238772
0.0024559
0.00250176
0.00252934
0.00254233
0.001879
0.00194623
0.00205684
0.0021807
0.00229493
0.00238762
0.00245579
0.00250166
0.00252926
0.00254227
0.00187896
0.00194619
0.00205679
0.00218065
0.00229488
0.00238757
0.00245575
0.00250162
0.00252923
0.00254224
0.00187896
0.00194619
0.0020568
0.00218066
0.00229489
0.00238759
0.00245577
0.00250165
0.00252926
0.00254228
0.00187902
0.00194625
0.00205686
0.00218073
0.00229497
0.00238767
0.00245586
0.00250174
0.00252935
0.00254237
0.00187912
0.00194636
0.00205698
0.00218086
0.00229511
0.00238782
0.00245602
0.0025019
0.00252952
0.00254254
0.00187929
0.00194653
0.00205717
0.00218106
0.00229532
0.00238804
0.00245625
0.00250214
0.00252977
0.00254279
0.0018795
0.00194676
0.00205742
0.00218133
0.00229561
0.00238835
0.00245657
0.00250247
0.0025301
0.00254312
0.00187975
0.00194706
0.00205774
0.00218168
0.00229598
0.00238873
0.00245696
0.00250288
0.00253051
0.00254354
0.000823805
0.000849609
0.00089303
0.000942905
0.00099004
0.00102914
0.00105846
0.00107851
0.00109072
0.0010965
0.000823741
0.000849544
0.000892962
0.000942835
0.000989967
0.00102907
0.00105839
0.00107843
0.00109065
0.00109646
0.000823699
0.000849501
0.000892918
0.000942789
0.000989921
0.00102902
0.00105834
0.00107839
0.00109062
0.00109643
0.000823679
0.000849481
0.000892898
0.000942769
0.0009899
0.001029
0.00105832
0.00107838
0.0010906
0.00109642
0.000823682
0.000849484
0.000892902
0.000942774
0.000989908
0.00102901
0.00105833
0.00107839
0.00109062
0.00109644
0.000823708
0.000849512
0.000892933
0.000942808
0.000989944
0.00102905
0.00105838
0.00107843
0.00109066
0.00109648
0.00082376
0.000849567
0.000892991
0.000942871
0.000990011
0.00102912
0.00105845
0.00107851
0.00109074
0.00109657
0.000823838
0.000849649
0.000893079
0.000942966
0.000990112
0.00102923
0.00105856
0.00107862
0.00109086
0.00109668
0.00082394
0.000849759
0.000893199
0.000943094
0.000990248
0.00102937
0.00105871
0.00107878
0.00109101
0.00109684
0.00082406
0.0008499
0.000893352
0.000943258
0.000990422
0.00102955
0.0010589
0.00107897
0.00109121
0.00109704
0.0003519
0.000361716
0.00037851
0.000398196
0.000417188
0.000433254
0.000445514
0.000454025
0.000459273
0.000461781
0.000351872
0.000361686
0.00037848
0.000398165
0.000417156
0.000433221
0.000445481
0.000453993
0.000459244
0.000461762
0.000351853
0.000361668
0.000378461
0.000398145
0.000417136
0.0004332
0.000445461
0.000453974
0.000459227
0.000461749
0.000351844
0.000361659
0.000378452
0.000398136
0.000417127
0.000433192
0.000445454
0.000453968
0.000459223
0.000461745
0.000351846
0.000361661
0.000378454
0.000398139
0.000417131
0.000433197
0.000445459
0.000453974
0.00045923
0.000461753
0.000351859
0.000361674
0.000378469
0.000398155
0.000417148
0.000433215
0.000445479
0.000453995
0.000459252
0.000461775
0.000351883
0.0003617
0.000378496
0.000398184
0.000417179
0.000433248
0.000445513
0.000454031
0.000459288
0.000461812
0.00035192
0.000361738
0.000378537
0.000398228
0.000417226
0.000433297
0.000445564
0.000454083
0.000459341
0.000461866
0.000351967
0.000361789
0.000378592
0.000398287
0.000417288
0.000433363
0.000445632
0.000454152
0.000459412
0.000461938
0.000352023
0.000361855
0.000378663
0.000398362
0.000417368
0.000433446
0.000445718
0.00045424
0.000459502
0.000462028
0.000147377
0.000151081
0.000157501
0.000165152
0.000172667
0.000179134
0.00018415
0.000187682
0.000189884
0.000190946
0.000147364
0.000151068
0.000157488
0.000165139
0.000172653
0.00017912
0.000184136
0.000187668
0.000189872
0.000190938
0.000147356
0.00015106
0.000157479
0.00016513
0.000172644
0.000179111
0.000184127
0.00018766
0.000189865
0.000190932
0.000147352
0.000151056
0.000157476
0.000165126
0.00017264
0.000179108
0.000184124
0.000187657
0.000189863
0.000190931
0.000147353
0.000151057
0.000157477
0.000165128
0.000172642
0.00017911
0.000184127
0.00018766
0.000189867
0.000190935
0.000147359
0.000151063
0.000157484
0.000165135
0.00017265
0.000179119
0.000184136
0.00018767
0.000189876
0.000190945
0.000147371
0.000151075
0.000157496
0.000165149
0.000172664
0.000179134
0.000184152
0.000187686
0.000189893
0.000190962
0.000147387
0.000151092
0.000157515
0.000165169
0.000172685
0.000179156
0.000184174
0.000187709
0.000189917
0.000190986
0.000147409
0.000151116
0.00015754
0.000165195
0.000172713
0.000179185
0.000184205
0.000187741
0.000189949
0.000191018
0.000147434
0.000151145
0.000157572
0.000165229
0.000172749
0.000179222
0.000184243
0.00018778
0.000189989
0.000191059
6.26513e-05
6.40768e-05
6.65745e-05
6.95943e-05
7.26081e-05
7.52446e-05
7.73211e-05
7.88033e-05
7.97385e-05
8.01927e-05
6.26457e-05
6.4071e-05
6.65685e-05
6.95882e-05
7.26018e-05
7.52381e-05
7.73146e-05
7.87971e-05
7.97328e-05
8.0189e-05
6.26421e-05
6.40674e-05
6.65648e-05
6.95844e-05
7.2598e-05
7.52343e-05
7.73109e-05
7.87936e-05
7.97298e-05
8.01867e-05
6.26406e-05
6.40659e-05
6.65633e-05
6.95829e-05
7.25965e-05
7.52329e-05
7.73097e-05
7.87926e-05
7.97291e-05
8.01862e-05
6.26412e-05
6.40665e-05
6.65641e-05
6.95838e-05
7.25976e-05
7.52341e-05
7.7311e-05
7.87942e-05
7.97309e-05
8.01882e-05
6.2644e-05
6.40695e-05
6.65673e-05
6.95872e-05
7.26013e-05
7.52381e-05
7.73152e-05
7.87986e-05
7.97355e-05
8.01928e-05
6.26493e-05
6.4075e-05
6.6573e-05
6.95934e-05
7.26078e-05
7.5245e-05
7.73225e-05
7.8806e-05
7.97431e-05
8.02006e-05
6.26569e-05
6.4083e-05
6.65816e-05
6.96025e-05
7.26174e-05
7.52551e-05
7.73329e-05
7.88168e-05
7.97541e-05
8.02116e-05
6.26669e-05
6.40937e-05
6.6593e-05
6.96146e-05
7.26302e-05
7.52685e-05
7.73468e-05
7.8831e-05
7.97685e-05
8.02263e-05
6.26785e-05
6.41071e-05
6.66075e-05
6.96299e-05
7.26463e-05
7.52852e-05
7.73641e-05
7.88487e-05
7.97865e-05
8.02445e-05
3.2483e-05
3.31578e-05
3.43504e-05
3.58103e-05
3.7288e-05
3.85997e-05
3.96475e-05
4.04049e-05
4.08878e-05
4.11238e-05
3.24803e-05
3.3155e-05
3.43476e-05
3.58074e-05
3.7285e-05
3.85966e-05
3.96444e-05
4.0402e-05
4.08852e-05
4.11223e-05
3.24784e-05
3.31532e-05
3.43457e-05
3.58054e-05
3.7283e-05
3.85947e-05
3.96425e-05
4.04002e-05
4.08837e-05
4.11211e-05
3.24777e-05
3.31524e-05
3.43449e-05
3.58047e-05
3.72823e-05
3.8594e-05
3.96419e-05
4.03998e-05
4.08834e-05
4.1121e-05
3.24781e-05
3.31528e-05
3.43454e-05
3.58052e-05
3.7283e-05
3.85948e-05
3.96428e-05
4.04007e-05
4.08844e-05
4.11221e-05
3.24797e-05
3.31545e-05
3.43472e-05
3.58072e-05
3.72851e-05
3.8597e-05
3.96452e-05
4.04032e-05
4.0887e-05
4.11248e-05
3.24827e-05
3.31576e-05
3.43505e-05
3.58107e-05
3.72887e-05
3.86009e-05
3.96492e-05
4.04074e-05
4.08913e-05
4.11291e-05
3.2487e-05
3.31621e-05
3.43553e-05
3.58157e-05
3.72941e-05
3.86065e-05
3.9655e-05
4.04134e-05
4.08974e-05
4.11352e-05
3.24924e-05
3.3168e-05
3.43615e-05
3.58224e-05
3.73011e-05
3.86138e-05
3.96626e-05
4.04211e-05
4.09053e-05
4.11432e-05
3.24986e-05
3.31752e-05
3.43692e-05
3.58305e-05
3.73096e-05
3.86227e-05
3.96717e-05
4.04305e-05
4.09148e-05
4.11529e-05
)
;

boundaryField
{
    inlet1
    {
        type            fixedValue;
        value           uniform 10;
    }
    inlet2
    {
        type            fixedValue;
        value           uniform 20;
    }
    outlet1
    {
        type            zeroGradient;
    }
    outlet2
    {
        type            zeroGradient;
    }
    fixedWalls
    {
        type            zeroGradient;
    }
}


// ************************************************************************* //
