/*--------------------------------*- C++ -*----------------------------------*\
  =========                 |
  \\      /  F ield         | OpenFOAM: The Open Source CFD Toolbox
   \\    /   O peration     | Website:  https://openfoam.org
    \\  /    A nd           | Version:  6
     \\/     M anipulation  |
\*---------------------------------------------------------------------------*/
FoamFile
{
    version     2.0;
    format      ascii;
    class       volScalarField;
    location    "900";
    object      p;
}
// * * * * * * * * * * * * * * * * * * * * * * * * * * * * * * * * * * * * * //

dimensions      [0 2 -2 0 0 0 0];

internalField   nonuniform List<scalar> 
7000
(
0.0419683
0.0397626
0.0392699
0.0390812
0.0390207
0.0390939
0.0392942
0.0396021
0.040188
0.0425145
0.0397136
0.0375064
0.0370146
0.0368254
0.0367642
0.0368369
0.0370369
0.0373443
0.0379292
0.0402584
0.0391747
0.0369682
0.0364754
0.0362851
0.0362225
0.0362936
0.0364921
0.0367982
0.0373822
0.0397095
0.0389214
0.0367141
0.03622
0.0360278
0.0359628
0.0360313
0.036227
0.0365305
0.0371123
0.0394373
0.0387811
0.0365723
0.0360765
0.0358818
0.0358135
0.0358781
0.0360699
0.0363697
0.0369482
0.0392695
0.0387664
0.0365561
0.0360581
0.0358603
0.035788
0.035848
0.036035
0.0363301
0.0369043
0.0392204
0.0388791
0.036667
0.0361668
0.0359657
0.0358892
0.0359444
0.0361261
0.0364162
0.0369855
0.0392953
0.0391091
0.0368952
0.036393
0.0361887
0.0361083
0.0361588
0.0363357
0.0366209
0.0371854
0.039489
0.0396322
0.0374158
0.036912
0.0367052
0.0366215
0.0366682
0.0368408
0.0371216
0.0376814
0.0399815
0.0418796
0.0396636
0.039157
0.0389475
0.0388603
0.0389027
0.0390704
0.039346
0.0399029
0.0421977
0.0390051
0.0376304
0.0376787
0.037496
0.0374364
0.0375133
0.0377211
0.0380327
0.0380726
0.0395815
0.0375842
0.0362102
0.0362617
0.0360787
0.0360195
0.0360971
0.0363061
0.0366195
0.0366571
0.0381703
0.0375858
0.0362147
0.036264
0.0360797
0.0360187
0.0360945
0.0363018
0.0366136
0.0366507
0.0381608
0.037335
0.0359632
0.036011
0.035825
0.0357618
0.035835
0.0360397
0.0363489
0.0363835
0.0378937
0.0371921
0.0358198
0.0358654
0.0356769
0.0356105
0.0356799
0.0358808
0.0361862
0.0362168
0.037725
0.037177
0.035804
0.0358472
0.0356555
0.0355851
0.0356498
0.0358456
0.0361459
0.036171
0.0376752
0.0372919
0.0359181
0.0359587
0.0357637
0.0356889
0.0357485
0.0359388
0.0362333
0.0362522
0.037751
0.0375187
0.0361446
0.0361827
0.0359843
0.0359053
0.03596
0.0361449
0.0364338
0.0364464
0.0379386
0.0374942
0.0361158
0.0361526
0.0359511
0.0358683
0.0359184
0.0360983
0.0363815
0.0363872
0.0378786
0.0389198
0.0375423
0.0375746
0.0373721
0.0372872
0.0373344
0.0375102
0.0377882
0.0377938
0.0392829
0.036511
0.0357377
0.0361104
0.0359498
0.0359542
0.0360416
0.0362065
0.0365178
0.0362384
0.0371783
0.0356868
0.0349187
0.0352969
0.0351359
0.035142
0.0352313
0.0353986
0.0357147
0.035432
0.036377
0.0360104
0.0352475
0.0356223
0.0354602
0.0354643
0.0355517
0.0357173
0.0360319
0.0357498
0.0366911
0.0357747
0.0350106
0.0353841
0.0352206
0.0352226
0.0353076
0.0354708
0.0357832
0.0354983
0.0364424
0.0356867
0.0349229
0.035294
0.035128
0.0351266
0.0352075
0.0353666
0.0356748
0.0353852
0.0363271
0.035671
0.0349069
0.0352751
0.0351058
0.0351
0.0351755
0.0353286
0.0356308
0.0353338
0.0362709
0.0357298
0.034965
0.0353302
0.0351573
0.0351466
0.0352162
0.0353624
0.0356574
0.0353517
0.0362818
0.035942
0.0351781
0.0355402
0.0353636
0.0353483
0.0354121
0.0355519
0.0358399
0.035526
0.0364466
0.0355901
0.0348196
0.0351809
0.0350004
0.0349804
0.0350386
0.0351718
0.0354531
0.0351288
0.0360468
0.0364257
0.0356531
0.0360075
0.0358271
0.0358046
0.0358593
0.0359881
0.036262
0.0359361
0.0368592
0.0351927
0.0346551
0.035053
0.0348895
0.0349769
0.0350831
0.035201
0.0355536
0.035268
0.0360222
0.0345969
0.0340687
0.0344731
0.0343092
0.0344002
0.0345101
0.0346322
0.034994
0.034708
0.0354712
0.034939
0.0344168
0.0348166
0.0346519
0.0347408
0.0348487
0.0349693
0.0353299
0.0350465
0.0358079
0.034688
0.0341641
0.0345629
0.0343969
0.0344835
0.0345888
0.0347071
0.035066
0.0347792
0.0355469
0.0346669
0.0341443
0.03454
0.0343711
0.0344536
0.0345537
0.0346664
0.0350201
0.034726
0.0354905
0.0346493
0.0341267
0.0345187
0.0343458
0.0344225
0.0345154
0.0346197
0.0349642
0.0346584
0.0354149
0.0346378
0.0341137
0.034502
0.0343245
0.0343948
0.0344793
0.0345735
0.0349066
0.0345866
0.0353314
0.0348648
0.0343427
0.0347266
0.0345447
0.0346088
0.0346855
0.03477
0.0350921
0.0347586
0.0354868
0.0344881
0.0339583
0.0343413
0.0341539
0.0342116
0.03428
0.0343547
0.0346661
0.0343159
0.0350411
0.0351002
0.0345657
0.0349406
0.0347537
0.0348071
0.0348705
0.0349388
0.0352379
0.0348872
0.0356131
0.0342564
0.0338355
0.0341847
0.0340198
0.0341728
0.0343063
0.0344111
0.0348188
0.0346166
0.0353227
0.0337679
0.0333598
0.0337155
0.0335508
0.0337101
0.0338501
0.0339624
0.034387
0.034191
0.0349207
0.0340507
0.0336484
0.0339983
0.0338329
0.0339895
0.0341275
0.034239
0.0346639
0.0344739
0.0352099
0.0337807
0.0333765
0.0337253
0.0335583
0.0337123
0.0338474
0.0339564
0.0343807
0.0341879
0.0349357
0.0338015
0.0333998
0.0337443
0.0335735
0.0337218
0.0338497
0.0339506
0.0343672
0.034164
0.034906
0.0337808
0.0333789
0.0337185
0.0335424
0.0336825
0.0337997
0.0338874
0.0342896
0.0340671
0.0347924
0.0337208
0.0333165
0.033651
0.0334686
0.0335992
0.0337038
0.0337755
0.0341593
0.0339105
0.0346154
0.0339646
0.033563
0.0338913
0.0337031
0.033825
0.033918
0.0339746
0.0343399
0.0340676
0.0347453
0.0336396
0.0332296
0.0335566
0.0333605
0.0334733
0.033554
0.0335949
0.0339439
0.0336449
0.0343035
0.0341481
0.0337318
0.0340499
0.0338542
0.0339598
0.034032
0.0340626
0.0343929
0.034078
0.0347447
0.0332229
0.0329198
0.033251
0.0331115
0.0333168
0.0334863
0.0336078
0.0340636
0.0339284
0.0346144
0.0328412
0.0325552
0.032893
0.032755
0.03297
0.0331507
0.0332866
0.033772
0.0336595
0.0343983
0.0330925
0.0328119
0.0331428
0.0330044
0.0332162
0.0333951
0.0335323
0.0340223
0.0339239
0.0346855
0.0328257
0.0325435
0.032873
0.0327325
0.0329413
0.0331171
0.0332519
0.0337446
0.0336445
0.0344306
0.0328683
0.0325892
0.0329129
0.0327674
0.0329681
0.0331337
0.0332566
0.0337376
0.0336203
0.0343967
0.0328431
0.0325639
0.0328809
0.0327278
0.0329168
0.0330665
0.0331687
0.0336256
0.0334719
0.0342182
0.0327522
0.0324694
0.0327794
0.0326173
0.0327923
0.0329228
0.0329995
0.0334235
0.0332247
0.0339293
0.0329885
0.0327085
0.03301
0.0328399
0.0330019
0.0331145
0.0331668
0.0335588
0.0333181
0.0339713
0.0326851
0.0323961
0.0326948
0.0325134
0.0326619
0.0327558
0.0327833
0.0331464
0.0328606
0.0334871
0.0330893
0.0327915
0.0330801
0.0328977
0.0330348
0.0331147
0.0331242
0.033455
0.0331529
0.0337573
0.032112
0.0319198
0.0322482
0.0321518
0.0324046
0.032618
0.0327776
0.033282
0.0332155
0.0339204
0.0318291
0.0316586
0.0319938
0.0319014
0.0321684
0.0324003
0.0325866
0.0331432
0.0331306
0.0339581
0.0320614
0.0318958
0.0322232
0.0321303
0.0323938
0.0326251
0.0328167
0.0333872
0.0334056
0.0343011
0.0318114
0.0316448
0.0319703
0.0318747
0.0321347
0.0323629
0.0325536
0.0331317
0.0331585
0.0341089
0.0318643
0.0317016
0.032019
0.0319167
0.0321655
0.0323793
0.0325523
0.0331125
0.0331151
0.0340471
0.0318333
0.0316702
0.0319784
0.0318656
0.0320975
0.0322876
0.032428
0.0329485
0.0328875
0.0337512
0.0317192
0.0315515
0.03185
0.0317242
0.0319355
0.0320966
0.032196
0.0326636
0.0325203
0.0332935
0.0319319
0.0317665
0.0320536
0.0319166
0.0321088
0.0322427
0.0323041
0.0327211
0.0324991
0.0331842
0.0316359
0.0314604
0.0317423
0.0315898
0.0317627
0.0318691
0.0318926
0.0322661
0.0319759
0.0325811
0.0319427
0.031756
0.0320264
0.0318703
0.032026
0.0321096
0.0321028
0.0324307
0.0320784
0.0326399
0.0310206
0.0309117
0.0312285
0.0311765
0.0314709
0.031733
0.0319476
0.0325202
0.0325528
0.0333392
0.0308095
0.0307272
0.0310511
0.0310067
0.0313216
0.0316135
0.0318749
0.0325392
0.0326937
0.0337524
0.0310131
0.0309352
0.0312505
0.0312059
0.0315178
0.0318122
0.0320871
0.0327862
0.0330144
0.0342641
0.0307799
0.0307023
0.031015
0.0309675
0.0312762
0.0315689
0.0318467
0.0325669
0.0328293
0.0342127
0.0308344
0.0307612
0.0310636
0.0310075
0.0313013
0.0315744
0.0318261
0.0325234
0.032738
0.034091
0.0307969
0.030723
0.0310133
0.0309432
0.0312133
0.0314517
0.0316542
0.0322815
0.0323743
0.0335649
0.0306664
0.0305869
0.0308642
0.030776
0.0310168
0.031212
0.0313505
0.031888
0.0318226
0.0328041
0.0308543
0.0307761
0.0310384
0.0309347
0.0311478
0.0313026
0.0313826
0.0318316
0.0316344
0.0324061
0.0305733
0.0304842
0.030738
0.0306134
0.0307987
0.030913
0.0309365
0.031315
0.031003
0.0316247
0.030809
0.0307057
0.0309457
0.0308129
0.0309725
0.0310513
0.0310252
0.0313241
0.0309382
0.0313866
0.029952
0.0299023
0.0302001
0.030189
0.0305172
0.0308285
0.0311079
0.0317635
0.0319108
0.0328168
0.0297901
0.0297715
0.0300766
0.0300781
0.0304345
0.0307909
0.0311464
0.031955
0.0323356
0.0338216
0.0299579
0.0299427
0.0302387
0.0302404
0.0305952
0.0309595
0.0313424
0.0322178
0.0327602
0.0347689
0.0297386
0.0297255
0.0300181
0.0300171
0.0303696
0.0307355
0.0311287
0.0320457
0.032677
0.035029
0.0297869
0.0297785
0.0300582
0.0300463
0.0303795
0.0307188
0.0310765
0.0319555
0.032525
0.0348304
0.0297418
0.0297326
0.0299966
0.0299661
0.0302667
0.0305564
0.0308362
0.0316022
0.0319565
0.0338453
0.0296006
0.0295845
0.0298313
0.0297765
0.0300358
0.0302618
0.0304428
0.0310658
0.0311255
0.0324812
0.0297644
0.0297485
0.0299761
0.0298999
0.0301201
0.0302866
0.0303772
0.0308697
0.0306818
0.0315461
0.0295051
0.0294768
0.0296919
0.0295883
0.0297702
0.02988
0.0298895
0.0302831
0.0299225
0.0303945
0.0296907
0.0296463
0.0298451
0.0297275
0.0298733
0.02993
0.0298626
0.0301502
0.0296296
0.0297556
0.0288629
0.0288562
0.0291336
0.0291582
0.0295075
0.0298588
0.0301925
0.0309206
0.0312434
0.0321886
0.0287377
0.0287668
0.0290518
0.0290944
0.0294809
0.0298954
0.0303424
0.0313048
0.0320754
0.0342669
0.0288715
0.0289033
0.0291791
0.0292229
0.0296106
0.0300419
0.0305375
0.0316249
0.0327825
0.0364036
0.0286668
0.0287029
0.028975
0.0290175
0.0294058
0.0298459
0.0303646
0.0315376
0.0329134
0.0372949
0.0287046
0.028746
0.0290029
0.0290328
0.0293979
0.029805
0.030277
0.0314008
0.0327091
0.0369605
0.0286522
0.0286928
0.0289305
0.0289375
0.0292602
0.0295982
0.0299534
0.0309077
0.0317741
0.0349833
0.0285043
0.0285371
0.028753
0.0287286
0.0289958
0.0292431
0.0294546
0.0301634
0.0304345
0.0322003
0.0286441
0.0286754
0.0288675
0.0288149
0.0290283
0.0291913
0.0292686
0.0297598
0.0295469
0.0301362
0.0284038
0.0284218
0.0285966
0.0285091
0.0286713
0.0287564
0.0287196
0.0290622
0.0285209
0.0282244
0.0285516
0.02855
0.0287048
0.0285951
0.028707
0.0287158
0.0285679
0.0287437
0.0280201
0.0272955
0.027733
0.0277582
0.028016
0.0280691
0.028424
0.0287959
0.0291562
0.0298815
0.030297
0.0311388
0.0276374
0.0277023
0.027968
0.0280447
0.0284446
0.0288962
0.0294037
0.0304281
0.0314339
0.034512
0.0277418
0.0278088
0.0280655
0.0281447
0.0285495
0.0290295
0.0296155
0.0308295
0.0324118
0.0381452
0.0275527
0.0276267
0.0278796
0.0279598
0.0283699
0.028869
0.0295031
0.0308375
0.0327035
0.0395087
0.0275778
0.0276577
0.0278931
0.0279596
0.0283432
0.0288045
0.0293795
0.0306638
0.0324625
0.0391313
0.0275182
0.0275974
0.02781
0.027849
0.0281793
0.0285486
0.0289589
0.0299903
0.0311465
0.0357558
0.0273654
0.0274359
0.0276216
0.0276211
0.0278792
0.0281242
0.0283169
0.0289801
0.0291191
0.0310428
0.0274797
0.0275467
0.0277036
0.0276669
0.0278538
0.0279793
0.0279723
0.028297
0.0276409
0.027797
0.0272548
0.0273067
0.0274412
0.027362
0.0274832
0.0275057
0.0273398
0.0274351
0.0262994
0.0249272
0.027369
0.0273992
0.0275101
0.0274004
0.0274575
0.0273825
0.0270718
0.0269762
0.0258792
0.024632
0.0265539
0.0265998
0.0268359
0.0269057
0.0272436
0.0275983
0.0279345
0.0285382
0.0285506
0.0285988
0.0264815
0.0265703
0.026814
0.0269109
0.0272962
0.0277331
0.028213
0.0290848
0.0294204
0.0314872
0.0265604
0.0266509
0.026886
0.0269868
0.0273797
0.0278513
0.0284203
0.029458
0.0300536
0.0343426
0.0263874
0.0264882
0.0267199
0.0268257
0.0272301
0.0277329
0.0283653
0.0295071
0.0301691
0.0352674
0.0263997
0.0265072
0.0267205
0.0268136
0.0271931
0.0276626
0.0282342
0.0293399
0.0300516
0.0348611
0.0263344
0.026442
0.0266301
0.0266934
0.0270149
0.0273808
0.0277561
0.0286006
0.0288326
0.0312477
0.0261791
0.0262774
0.0264343
0.0264524
0.0266889
0.0269028
0.0270046
0.0274419
0.0266104
0.0261069
0.0262698
0.0263629
0.0264864
0.0264613
0.0266109
0.0266728
0.0265233
0.0265838
0.0249728
0.0236211
0.0260578
0.0261352
0.0262321
0.0261583
0.0262296
0.0261665
0.025824
0.0256335
0.0238097
0.0220183
0.0261454
0.0261972
0.0262664
0.0261542
0.026149
0.0259734
0.0254803
0.0251436
0.0237503
0.0234526
0.0253294
0.0253876
0.0256006
0.0256778
0.0259834
0.0262873
0.0265417
0.0269991
0.0264794
0.024955
0.0252744
0.0253773
0.0255964
0.0257015
0.0260501
0.0264243
0.0267843
0.0274449
0.0271164
0.0279212
0.0253311
0.0254351
0.0256462
0.0257561
0.026113
0.0265196
0.0269579
0.0277458
0.0273493
0.0296829
0.0251738
0.0252914
0.0255001
0.0256195
0.0259945
0.0264405
0.0269445
0.0278035
0.0272099
0.0295061
0.0251738
0.0252993
0.0254898
0.0255999
0.0259567
0.0263878
0.0268579
0.0277133
0.0274665
0.0296752
0.0251046
0.0252314
0.0253959
0.0254777
0.0257798
0.0261213
0.0264107
0.0270793
0.0268887
0.0274227
0.024949
0.0250666
0.0251968
0.0252305
0.025443
0.0256236
0.0256139
0.0259385
0.0248478
0.0225758
0.025018
0.0251291
0.0252224
0.0252081
0.025324
0.0253323
0.0250387
0.0250277
0.022983
0.0196946
0.0248194
0.0249137
0.0249777
0.0249112
0.024942
0.0248137
0.0243126
0.0240472
0.0217628
0.0183795
0.0248826
0.0249493
0.0249836
0.0248739
0.0248225
0.0245766
0.0239431
0.0235283
0.0216635
0.0199256
0.024052
0.024117
0.0243072
0.0243878
0.02466
0.0249101
0.025067
0.0254946
0.0249911
0.0226406
0.0240091
0.0241188
0.0243126
0.0244194
0.0247257
0.0250306
0.0252614
0.0258528
0.0255007
0.0256779
0.0240469
0.0241569
0.0243435
0.024456
0.0247711
0.0251082
0.0254149
0.0261243
0.0254282
0.0260513
0.0239051
0.0240317
0.0242172
0.024344
0.0246839
0.0250726
0.0254558
0.0262261
0.0252658
0.0253452
0.0238943
0.0240303
0.0241994
0.0243232
0.0246584
0.0250702
0.0254946
0.0263499
0.0261855
0.0273875
0.0238238
0.0239633
0.024108
0.0242099
0.0245058
0.0248733
0.0252035
0.0260083
0.026518
0.0280085
0.0236709
0.0238021
0.0239121
0.0239678
0.0241804
0.0244028
0.0244349
0.0249658
0.0248358
0.0242215
0.0237231
0.0238469
0.0239187
0.0239252
0.0240394
0.0240807
0.0237827
0.0239555
0.0226768
0.0200673
0.0235386
0.0236471
0.0236894
0.0236443
0.0236722
0.0235679
0.0230222
0.0228453
0.0209475
0.0170187
0.0235841
0.023662
0.0236746
0.0235845
0.0235287
0.0233002
0.0226088
0.0222225
0.0204831
0.0173636
0.0227224
0.0227927
0.0229636
0.0230512
0.023306
0.0235453
0.0236547
0.0241269
0.0241223
0.0218952
0.0226875
0.0228005
0.0229712
0.0230818
0.02336
0.0236387
0.0238028
0.0243981
0.0244121
0.0243028
0.0227102
0.0228224
0.022987
0.0231042
0.023393
0.0237059
0.0239462
0.0246747
0.024149
0.023527
0.0225835
0.0227146
0.0228794
0.023015
0.0233339
0.02371
0.0240515
0.0248825
0.0242712
0.0235984
0.0225643
0.022706
0.0228574
0.0229984
0.023329
0.0237741
0.0242756
0.0253349
0.02606
0.0288856
0.0224958
0.0226435
0.0227747
0.022905
0.0232195
0.0236846
0.0242332
0.0254216
0.0273354
0.033419
0.0223488
0.0224901
0.0225891
0.0226802
0.0229264
0.0232858
0.0235717
0.0245602
0.0260823
0.0308323
0.0223875
0.0225216
0.0225841
0.0226284
0.0227823
0.0229695
0.0228805
0.0234745
0.0237484
0.0249648
0.0222193
0.0223396
0.0223748
0.0223711
0.0224426
0.0224787
0.0220817
0.0221786
0.02133
0.0187776
0.0222482
0.0223371
0.022345
0.0222965
0.0222853
0.0221871
0.0216103
0.0213859
0.0202607
0.0170537
0.0213339
0.0214099
0.0215646
0.0216651
0.0219213
0.022194
0.022316
0.0227979
0.0232851
0.0211471
0.021303
0.0214174
0.0215673
0.0216858
0.0219529
0.0222437
0.0223932
0.0229742
0.0232459
0.0223736
0.021314
0.0214259
0.0215704
0.0216958
0.0219737
0.022296
0.02252
0.0232713
0.0229459
0.0212189
0.0212017
0.0213327
0.0214772
0.0216218
0.0219275
0.0223134
0.0226683
0.0235895
0.0233954
0.0227219
0.0211759
0.0213171
0.0214509
0.0216071
0.0219345
0.0224208
0.023057
0.024361
0.0258233
0.031388
0.0211118
0.0212612
0.0213796
0.0215367
0.0218692
0.0224342
0.0232661
0.0248854
0.0278261
0.0401353
0.0209736
0.0211185
0.0212093
0.0213363
0.0216189
0.0221288
0.0227533
0.0242392
0.0269706
0.0391457
0.0210039
0.0211422
0.021201
0.0212869
0.0214894
0.0218536
0.0220743
0.0231002
0.0245107
0.0309408
0.0208541
0.0209828
0.0210195
0.0210648
0.0211951
0.0214184
0.0212805
0.0216766
0.0216959
0.0214298
0.0208727
0.0209696
0.0209837
0.0209888
0.0210446
0.0211369
0.0207993
0.0207853
0.0203987
0.0179811
0.0198865
0.0199662
0.0201022
0.0202132
0.0204733
0.0207997
0.0209837
0.0214454
0.0224473
0.0202283
0.0198568
0.0199687
0.0200946
0.0202163
0.020473
0.0207884
0.0209561
0.0214892
0.0220143
0.020049
0.0198599
0.0199671
0.0200882
0.0202155
0.0204809
0.0208178
0.0210324
0.0217607
0.0217065
0.019012
0.0197612
0.0198852
0.0200041
0.0201466
0.0204272
0.0208038
0.0211397
0.0220668
0.0220869
0.0211359
0.0197311
0.0198627
0.0199716
0.0201271
0.0204274
0.0208969
0.021566
0.0229657
0.0242495
0.0307263
0.0196741
0.0198145
0.0199124
0.0200773
0.0203947
0.0209677
0.0219376
0.0237992
0.0263785
0.0422198
0.0195478
0.0196852
0.0197614
0.0199061
0.020189
0.0207553
0.0216014
0.023368
0.0259322
0.0438001
0.0195735
0.0197054
0.0197563
0.019868
0.0200857
0.0205505
0.021002
0.0222126
0.0235984
0.0340736
0.0194445
0.019571
0.0196066
0.0196879
0.0198485
0.020204
0.0202938
0.0208381
0.021101
0.0224231
0.0194536
0.01955
0.0195708
0.0196212
0.0197258
0.0199832
0.019923
0.0201223
0.0203978
0.0192371
0.0183774
0.0184551
0.0185644
0.0186736
0.0189264
0.0193094
0.0196349
0.0201472
0.0222081
0.0218663
0.018347
0.0184493
0.0185429
0.0186536
0.0188895
0.0192345
0.0194733
0.0200489
0.0215115
0.0205868
0.0183454
0.0184403
0.0185294
0.0186426
0.0188817
0.0192272
0.0194409
0.0202153
0.0210898
0.0195513
0.0182587
0.0183649
0.0184468
0.0185645
0.0187929
0.019114
0.0193536
0.0202407
0.0206076
0.020111
0.0182254
0.0183332
0.0184027
0.018526
0.0187518
0.0190959
0.0195709
0.0207952
0.0211262
0.0256552
0.0181768
0.018291
0.018351
0.0184844
0.0187195
0.0191384
0.0198973
0.0215407
0.0222677
0.0352401
0.0180639
0.0181751
0.0182193
0.0183397
0.0185484
0.0189983
0.0197274
0.0213066
0.0221953
0.0397862
0.0180888
0.0181956
0.0182224
0.0183203
0.018482
0.0188956
0.0193256
0.0203992
0.0207385
0.0321905
0.0179824
0.0180894
0.0181097
0.0181916
0.0183197
0.0186901
0.0188652
0.0194145
0.0195297
0.0216729
0.0179871
0.0180674
0.0180836
0.0181524
0.0182613
0.0186119
0.0188079
0.0192587
0.0203311
0.0217472
0.0168085
0.0168708
0.0169363
0.017015
0.0172169
0.0176011
0.018112
0.0186644
0.0221152
0.0312512
0.0167774
0.016857
0.0169037
0.0169759
0.0171528
0.0174915
0.0178574
0.0184913
0.0215426
0.0298209
0.0167753
0.0168458
0.0168896
0.0169615
0.0171364
0.0174608
0.017713
0.0184964
0.0210041
0.0278272
0.0167005
0.0167752
0.0168058
0.0168681
0.0170022
0.0172252
0.0173276
0.0180808
0.0193839
0.0246684
0.0166667
0.016735
0.0167493
0.0168034
0.0169032
0.0170427
0.0171298
0.0179264
0.01762
0.0217548
0.0166286
0.0166986
0.0167034
0.0167615
0.0168496
0.0169855
0.0171885
0.0181677
0.0165193
0.0233397
0.0165316
0.0165974
0.0165919
0.0166434
0.0167084
0.0168897
0.0171624
0.0180928
0.0162486
0.0286503
0.0165587
0.016621
0.0166075
0.0166505
0.0166897
0.0169137
0.0170987
0.0177412
0.0164737
0.0274546
0.0164758
0.0165436
0.0165329
0.0165778
0.0166123
0.0168807
0.0170187
0.0174442
0.0176081
0.0236933
0.0164779
0.0165238
0.0165219
0.0165783
0.0166449
0.0170005
0.0174178
0.0181498
0.020335
0.0295396
0.0151909
0.0152215
0.0152259
0.0152394
0.0153314
0.015586
0.0162376
0.0170313
0.0191554
0.0387735
0.0151608
0.0152033
0.0151893
0.0151928
0.015261
0.0155047
0.0160179
0.0168952
0.0193424
0.0395492
0.0151618
0.0151951
0.0151815
0.0151834
0.0152489
0.0154883
0.0158054
0.016702
0.0190398
0.0370714
0.0150986
0.0151287
0.0150972
0.0150763
0.0150804
0.0151642
0.0151374
0.0158408
0.0168679
0.0305663
0.0150668
0.0150824
0.0150315
0.0149886
0.0149321
0.0148381
0.0144972
0.0149178
0.0135051
0.0199696
0.0150406
0.0150519
0.0149912
0.0149426
0.0148463
0.0146461
0.0141531
0.0143519
0.0100121
0.0107776
0.0149608
0.0149657
0.0149002
0.0148505
0.0147273
0.0145498
0.0141699
0.0142569
0.00846525
0.0118889
0.0149926
0.0149949
0.0149313
0.0148898
0.0147634
0.0146982
0.0144991
0.0146521
0.0104554
0.0188586
0.0149342
0.0149467
0.0148949
0.0148752
0.0147758
0.0148401
0.0148708
0.0153212
0.0146086
0.0287132
0.0149365
0.0149337
0.0149045
0.014924
0.0149131
0.0151682
0.0157409
0.0169306
0.0186144
0.0383021
0.0314242
0.0307829
0.0258056
0.0200332
0.0162036
0.0146457
0.014695
0.0153443
0.0165942
0.0156997
0.0343254
0.031773
0.0258651
0.019518
0.0147406
0.0125164
0.0125882
0.0139582
0.0163575
0.0168164
0.0369805
0.0344065
0.0295663
0.0231043
0.0172804
0.0136696
0.012479
0.0133889
0.0163726
0.0182141
0.0379219
0.0366438
0.0335175
0.0275474
0.0211312
0.0162802
0.0139585
0.0142944
0.0172236
0.0195716
0.0378034
0.0372382
0.034365
0.0284917
0.0218872
0.016807
0.0148236
0.0158091
0.0189392
0.0211645
0.0356575
0.0356152
0.0320228
0.0264499
0.0205941
0.0165941
0.0160016
0.0179743
0.0210473
0.0224203
0.0311614
0.0325533
0.0291414
0.0243662
0.0203547
0.018167
0.0185722
0.020456
0.0227035
0.0227938
0.0269983
0.0294395
0.0276212
0.0241096
0.0217957
0.0209279
0.0213281
0.0222363
0.0236301
0.0231274
0.0235658
0.0279491
0.0277296
0.0252452
0.023672
0.0232079
0.0232292
0.023489
0.0246958
0.0246986
0.0226296
0.0275892
0.0283806
0.0269305
0.0257667
0.0251804
0.0248268
0.0247547
0.0255746
0.0251113
0.0284065
0.0252176
0.0196581
0.0142951
0.0112299
0.0107773
0.0118248
0.0136243
0.015993
0.0186511
0.02998
0.0253572
0.0191033
0.0131751
0.00939598
0.008132
0.00899943
0.0115836
0.0154838
0.0187634
0.0322643
0.0282495
0.0222792
0.0160404
0.0113697
0.00918811
0.00917804
0.0111953
0.0152516
0.0185893
0.0338645
0.0312471
0.0263989
0.0203052
0.0151677
0.0120902
0.0112084
0.0125825
0.0161088
0.0191826
0.0339547
0.0316932
0.02751
0.0220022
0.0166341
0.0131536
0.0125605
0.0142818
0.0178542
0.0207432
0.0314931
0.0297499
0.0258566
0.0211118
0.0163998
0.0135294
0.0138413
0.0164264
0.0203394
0.0231848
0.0267084
0.0265055
0.0236352
0.0200992
0.0166249
0.0148884
0.0161586
0.0192744
0.0229597
0.0255545
0.0225208
0.022594
0.0220104
0.0202703
0.0182256
0.0175097
0.0190752
0.021731
0.0246281
0.0271228
0.0207095
0.0206256
0.0206559
0.0199756
0.0190909
0.019122
0.0206639
0.0229877
0.0259575
0.0289046
0.0222098
0.0227133
0.022572
0.0219862
0.0217533
0.0221533
0.0232537
0.0247692
0.0271911
0.0299786
0.0241759
0.020961
0.0168421
0.0127145
0.0100788
0.0092745
0.00952473
0.0108896
0.0133829
0.015803
0.0252587
0.0206645
0.0152783
0.0105767
0.00789167
0.00712214
0.00744969
0.00925928
0.0129814
0.0156988
0.0272489
0.0232265
0.0167512
0.0108917
0.00748542
0.00642815
0.0067812
0.00886173
0.0129622
0.0157142
0.0280204
0.0253226
0.0193426
0.0131993
0.00922268
0.00771083
0.00804788
0.010124
0.0138855
0.0163348
0.0278491
0.0255892
0.0202727
0.0147573
0.0106764
0.00927114
0.0102276
0.0123821
0.015751
0.0176368
0.0260546
0.0242242
0.0197503
0.0153172
0.0116698
0.010714
0.0124272
0.0149854
0.0183495
0.0200702
0.0222152
0.0209366
0.0180486
0.0154542
0.012645
0.0119154
0.0139865
0.017343
0.0212026
0.0232207
0.0174676
0.0163263
0.0157051
0.0148749
0.013315
0.0130132
0.0153233
0.0192951
0.0234028
0.025695
0.0153093
0.013903
0.0132689
0.0131671
0.0128895
0.0134209
0.0159229
0.0201007
0.0248326
0.0277507
0.0184418
0.0171877
0.0165112
0.0158729
0.0154554
0.015923
0.0181363
0.0219343
0.0265799
0.0296925
0.0211099
0.0192372
0.0169679
0.0135982
0.0108806
0.00923891
0.00859785
0.0090757
0.0105803
0.0113234
0.0218197
0.0183161
0.0139157
0.00986886
0.00748619
0.00631695
0.00612564
0.0072689
0.0100049
0.0111836
0.023166
0.0199274
0.0133087
0.00716826
0.00403463
0.00346193
0.00410567
0.00599179
0.0097026
0.0114835
0.0231961
0.0206965
0.0138223
0.00716577
0.0037653
0.00385918
0.00549417
0.00759021
0.0107516
0.0124053
0.0236426
0.0205635
0.0140808
0.00822595
0.0050696
0.00546522
0.00790662
0.0103263
0.0129283
0.0137858
0.0233717
0.0194647
0.0138973
0.00947289
0.00652875
0.00691511
0.00976868
0.0126307
0.0154137
0.0157029
0.0206878
0.0159695
0.0123779
0.00981605
0.00713248
0.00703119
0.00997002
0.0138471
0.0176205
0.0182404
0.0166159
0.0120474
0.00937087
0.00808025
0.00635912
0.00652754
0.00980362
0.0146616
0.019382
0.0206469
0.012637
0.00927713
0.0065947
0.00607299
0.00571721
0.00654278
0.00983709
0.0150472
0.0205534
0.0226623
0.0151382
0.0131029
0.0114866
0.0104247
0.00974345
0.00998006
0.0123196
0.016907
0.0224496
0.024883
0.0199062
0.0191611
0.0177833
0.0143591
0.0112274
0.00897876
0.00786622
0.00783862
0.00902119
0.00911838
0.0197609
0.0177534
0.014036
0.00972024
0.00663096
0.00519457
0.00482333
0.00552302
0.00790278
0.00818989
0.0202571
0.0181423
0.0117847
0.00524324
0.00155225
0.00158071
0.00286041
0.00464372
0.00723769
0.0080549
0.0204388
0.0182103
0.0106577
0.00332544
-1.55954e-05
0.00110021
0.00412689
0.00647407
0.00865734
0.00905612
0.0224169
0.0178962
0.0102424
0.00371711
0.00085534
0.00215897
0.0057481
0.0084825
0.0107234
0.0106267
0.0236909
0.0168067
0.00994105
0.00484979
0.0018456
0.00251788
0.00602629
0.00968262
0.0125327
0.0121379
0.0212872
0.0132807
0.00835729
0.00481443
0.0015463
0.00157407
0.00518951
0.00992022
0.013927
0.0139984
0.018318
0.00947589
0.00488612
0.00270073
0.00030359
0.000618043
0.00458179
0.0102418
0.0152487
0.0161912
0.0136086
0.00660126
0.00254688
0.00183522
0.000840711
0.00130263
0.0047954
0.010574
0.0162516
0.0179928
0.0143968
0.0109436
0.0086398
0.00748493
0.00628029
0.00594553
0.00807663
0.0126133
0.0181723
0.0200376
0.018848
0.0190311
0.0182651
0.0149549
0.0112578
0.00873604
0.00753053
0.00718498
0.00816789
0.00825667
0.0176565
0.0175664
0.0148155
0.0100512
0.00613222
0.00497878
0.0049725
0.00503696
0.00640497
0.00606272
0.0175721
0.0172135
0.0123439
0.00533799
0.00129215
0.00149879
0.00337064
0.00465738
0.00604117
0.00555197
0.0184765
0.017262
0.0101346
0.00218133
-0.00124231
-0.000391995
0.00316831
0.00627043
0.00766739
0.00664486
0.0222399
0.0173228
0.00890777
0.00151345
-0.00163938
-0.000528585
0.00326097
0.00715488
0.00940327
0.00834638
0.0256994
0.0167888
0.0082011
0.00187514
-0.00130168
-0.000763085
0.00273523
0.00747715
0.0106353
0.00968114
0.023662
0.0135349
0.00644644
0.00159189
-0.00192504
-0.00186938
0.00184225
0.0073597
0.0115928
0.0113243
0.0191586
0.00861961
0.00328381
0.00030694
-0.00284634
-0.00291528
0.00111509
0.00753292
0.0127729
0.0135466
0.0146029
0.00599422
0.0024199
0.00160248
-0.00111563
-0.00180161
0.00158428
0.0079139
0.0137812
0.0153235
0.0154194
0.010911
0.00880685
0.00757685
0.00463266
0.00281918
0.00499277
0.0100894
0.0156882
0.0170138
0.0166045
0.0181607
0.0189969
0.0161196
0.0123077
0.0103672
0.00930225
0.0079059
0.00781465
0.00755644
0.014753
0.0170031
0.0167116
0.0117038
0.00773638
0.00698831
0.00704911
0.00606628
0.00559238
0.00428112
0.0144443
0.0164559
0.0149008
0.00763939
0.00338698
0.00352028
0.00535269
0.00622022
0.0056158
0.00379989
0.0155333
0.016657
0.0118692
0.00353011
-0.000160053
0.0001075
0.00350886
0.00712938
0.0075106
0.00527029
0.0201306
0.0173666
0.00946499
0.00171975
-0.00163277
-0.00119238
0.00236279
0.00725068
0.00939207
0.00744969
0.0261882
0.0178087
0.00813126
0.000912953
-0.00188071
-0.00164363
0.00180303
0.0073378
0.0106444
0.00903332
0.025736
0.0150202
0.00642326
0.000449696
-0.00258689
-0.00263481
0.00120123
0.00730182
0.0115706
0.0107062
0.0188285
0.00979637
0.00452107
0.000499822
-0.00336678
-0.00377964
0.000539739
0.00748865
0.0127763
0.0129896
0.0136288
0.00750233
0.00577642
0.00399601
-0.00122034
-0.00273009
0.00101398
0.00796091
0.0138708
0.0148656
0.0163413
0.0125557
0.0117251
0.0101689
0.00465401
0.0014931
0.00397175
0.0100461
0.0156014
0.0161218
0.0158107
0.0178928
0.0210154
0.019984
0.016364
0.0136547
0.0108813
0.00727208
0.00649592
0.00552403
0.0132488
0.0169738
0.0204635
0.0169139
0.0125081
0.0105491
0.00887419
0.00567362
0.00391353
0.00198399
0.0127116
0.0161888
0.019227
0.0136312
0.00813909
0.00733542
0.0082817
0.00740198
0.00542154
0.00265329
0.0126621
0.0165207
0.0160602
0.00804304
0.00332273
0.00322305
0.00661681
0.0096359
0.00921122
0.00558253
0.0155573
0.0173759
0.0128404
0.00466284
0.000743071
0.00113914
0.00503286
0.0103305
0.012584
0.00958849
0.0220015
0.0182563
0.0108529
0.0030761
-0.000171322
0.000298749
0.00416443
0.0102142
0.0145286
0.0127155
0.0238776
0.0163905
0.00949863
0.00294898
-0.000699635
-0.000538451
0.00367893
0.0102237
0.0156056
0.0149974
0.0174449
0.0121488
0.00915655
0.00449137
-0.000556452
-0.0013653
0.00329829
0.0105675
0.0165584
0.0169779
0.0115863
0.0103541
0.0116885
0.00913407
0.00243255
-0.000146223
0.00390879
0.011294
0.0176016
0.0180006
0.0173908
0.0155848
0.0165524
0.0152556
0.00871646
0.00419004
0.00667029
0.0131553
0.0187288
0.0179304
0.0272841
0.0232285
0.0262533
0.027932
0.0241014
0.0183274
0.00966774
0.00103177
0.00416055
0.0181075
0.0241979
0.0226214
0.0267781
0.0263913
0.0210716
0.0153048
0.00719192
-0.00104185
0.00259607
0.0163171
0.0225505
0.0214547
0.0262428
0.0237587
0.0167548
0.0120881
0.00692545
0.000274572
0.00521931
0.019573
0.0184232
0.0206557
0.0243996
0.0176378
0.0101118
0.00704386
0.00592049
0.00352721
0.00907871
0.0231465
0.0149586
0.0199602
0.0211519
0.0123574
0.00569975
0.00417241
0.00562285
0.00681335
0.0132162
0.0260278
0.0169827
0.0201309
0.0183431
0.0101207
0.00443674
0.00402677
0.00660136
0.00963414
0.0166222
0.026238
0.0199492
0.0191696
0.0172999
0.0113014
0.00541007
0.00457312
0.00809666
0.0130319
0.0198669
0.0241941
0.0176831
0.0167672
0.0175712
0.0144672
0.00798017
0.00556874
0.00952223
0.0159268
0.0225186
0.0227834
0.0150075
0.0159168
0.0193431
0.0184788
0.0126662
0.00831629
0.0111739
0.0177273
0.0237178
0.0219447
0.0274612
0.022409
0.0228037
0.0228226
0.0185257
0.0131919
0.013431
0.01856
0.023543
0.0219448
0.0586118
0.0374914
0.0329911
0.0345643
0.0336401
0.031226
0.0223298
0.0121117
0.0430719
0.133324
0.0593262
0.0376836
0.0341555
0.0353444
0.0340165
0.0313104
0.0214356
0.0111234
0.0445998
0.13736
0.0553943
0.0362164
0.0344365
0.0346173
0.0327971
0.0305009
0.0206383
0.00949933
0.0442652
0.139845
0.0440379
0.0328857
0.0334022
0.0312983
0.0288141
0.027303
0.0183429
0.00638776
0.0409309
0.138692
0.0289428
0.0279289
0.0292926
0.0249149
0.0217971
0.0212678
0.0158731
0.00651298
0.0379629
0.129519
0.0199103
0.0248799
0.0250963
0.0197489
0.0159459
0.0155817
0.0135893
0.00959035
0.0364038
0.110879
0.0214415
0.024647
0.0242904
0.0197607
0.0150862
0.013475
0.0128647
0.0134003
0.0354027
0.0874803
0.0267283
0.0258452
0.0258091
0.023211
0.0179239
0.0141711
0.0134488
0.0161712
0.0341834
0.0683489
0.0396607
0.0293892
0.027076
0.0263651
0.0221482
0.017374
0.0153393
0.0169151
0.0313719
0.0573793
0.0576053
0.0365851
0.02915
0.0281608
0.0255439
0.0215957
0.0178629
0.0168378
0.0293377
0.0524516
0.0190351
0.0238598
0.0251593
0.0260884
0.0271044
0.0277108
0.027965
0.0286325
0.0284093
0.0289472
0.0215786
0.0248449
0.0257235
0.026336
0.027185
0.0276883
0.0278742
0.0285
0.0282604
0.0287447
0.0240074
0.0257094
0.0263634
0.0268363
0.0276196
0.0280905
0.0282587
0.0288737
0.0286331
0.0291081
0.0257612
0.0261817
0.0265984
0.026863
0.0275239
0.0279185
0.028037
0.0286205
0.0283636
0.0288177
0.0270602
0.0269919
0.0272556
0.0273769
0.0279403
0.0282675
0.0283405
0.0288907
0.0286253
0.0290495
0.027231
0.0275043
0.0276641
0.0276891
0.028175
0.0284395
0.0284663
0.0289872
0.0287038
0.0291046
0.0263548
0.0277027
0.0278343
0.0277947
0.0282153
0.0284209
0.0284049
0.0288904
0.0285966
0.0289733
0.0266006
0.028523
0.0285578
0.0284329
0.0287803
0.0289293
0.0288725
0.0293279
0.0290252
0.0293765
0.0282422
0.0288455
0.0285227
0.0282623
0.0285415
0.0286491
0.0285638
0.029011
0.0286942
0.0290366
0.027509
0.0294702
0.0291932
0.028879
0.0290797
0.0291207
0.0289909
0.0293936
0.0290669
0.0294008
0.021656
0.0224875
0.0232373
0.0244581
0.0255479
0.0262423
0.0265567
0.0272232
0.0270418
0.0275574
0.0233427
0.0231116
0.023808
0.024731
0.0256716
0.0262678
0.0265143
0.0271419
0.0269399
0.0274031
0.0240602
0.0234612
0.0243205
0.0251413
0.0260387
0.0266121
0.0268494
0.0274627
0.0272691
0.0277221
0.0249618
0.0237332
0.0246269
0.0252276
0.0259951
0.0264858
0.0266693
0.027249
0.0270397
0.0274678
0.0264061
0.0245725
0.0253393
0.025763
0.026415
0.0268288
0.0269626
0.0275073
0.0272859
0.0276839
0.0282259
0.0255818
0.025909
0.0261523
0.0266848
0.0270164
0.0270958
0.0275989
0.027369
0.0277345
0.0294771
0.0264649
0.0262689
0.0263607
0.0267807
0.0270297
0.0270509
0.0275222
0.0272693
0.0276125
0.0308064
0.027691
0.0271107
0.0270567
0.0273602
0.027528
0.0274985
0.02793
0.0276669
0.0279815
0.0337171
0.0284408
0.0272794
0.0270032
0.0271932
0.0272999
0.0272357
0.0276471
0.0273797
0.0276766
0.0336852
0.0295422
0.0280671
0.0276871
0.0277581
0.0277684
0.0276368
0.0280067
0.0277125
0.0280055
0.017624
0.0198772
0.0215794
0.023075
0.0241768
0.0249356
0.0252872
0.0259297
0.0257755
0.0262651
0.0192717
0.020262
0.0220448
0.0232747
0.0242947
0.0249777
0.0252718
0.0258758
0.0257102
0.0261438
0.019806
0.0204222
0.0224038
0.023558
0.0245794
0.0252579
0.0255489
0.0261501
0.0259889
0.0264177
0.020165
0.0205812
0.0227179
0.0236461
0.0245594
0.0251604
0.0253983
0.0259653
0.0257894
0.0261919
0.0210601
0.0213071
0.0234232
0.0241559
0.0249553
0.02548
0.0256683
0.026199
0.0260168
0.0263869
0.0230718
0.0224478
0.0241217
0.0246092
0.0252448
0.0256703
0.0257972
0.0262907
0.0260904
0.0264326
0.025588
0.023701
0.0246753
0.024928
0.0253864
0.025705
0.0257693
0.0262162
0.0260064
0.0263177
0.0283892
0.0251813
0.0256318
0.0256824
0.0259694
0.0261854
0.0261873
0.0265946
0.0263719
0.0266511
0.0323394
0.026042
0.0259205
0.0257165
0.0258495
0.0259905
0.025953
0.0263459
0.0261089
0.026378
0.0336249
0.0275945
0.0268123
0.026491
0.026446
0.0264579
0.0263415
0.0266717
0.0264194
0.026673
0.0129595
0.0174257
0.0201094
0.0218731
0.0230346
0.0238359
0.0241738
0.0247727
0.0246222
0.0250728
0.0145236
0.0175972
0.0204479
0.021971
0.0231216
0.0238683
0.0241639
0.0247353
0.0245734
0.0249721
0.0148341
0.0176877
0.0207054
0.0221497
0.0233297
0.0240814
0.0243858
0.0249531
0.0248056
0.0252004
0.014881
0.0178869
0.0210019
0.022205
0.0233109
0.0239943
0.0242506
0.0247865
0.0246279
0.0249953
0.0156617
0.0186402
0.0216527
0.0226394
0.0236529
0.0242698
0.0244833
0.0249885
0.0248236
0.0251629
0.0174458
0.0197462
0.0223786
0.0230909
0.0239261
0.0244422
0.0245973
0.0250592
0.024891
0.0251967
0.019969
0.0209018
0.0229956
0.0234437
0.0240698
0.0244754
0.0245642
0.0249921
0.0248047
0.0250853
0.0232137
0.0221603
0.0239517
0.0241846
0.0246142
0.0249159
0.0249454
0.0253296
0.0251333
0.0253833
0.0268734
0.0225608
0.0241925
0.0242149
0.024487
0.0247251
0.0247251
0.0250913
0.0248979
0.0251298
0.0287276
0.0240843
0.025092
0.0250432
0.0250823
0.0251769
0.025085
0.0253981
0.0251725
0.0253945
0.0112539
0.0164399
0.0193007
0.0211049
0.0222411
0.0229814
0.0232411
0.0237522
0.0235799
0.0239656
0.0119612
0.0162195
0.0194779
0.0210964
0.0222851
0.0229863
0.0232226
0.0237115
0.0235405
0.0238741
0.0113643
0.0161719
0.0196391
0.0211984
0.0224314
0.0231389
0.0233868
0.0238836
0.0237222
0.0240588
0.0111785
0.0164641
0.019881
0.0212046
0.0224
0.0230476
0.0232552
0.0237252
0.0235561
0.0238677
0.0122425
0.0173427
0.0204462
0.0215379
0.0226674
0.0232612
0.0234372
0.0238823
0.0237172
0.024003
0.0140753
0.0184041
0.0211033
0.0219142
0.0228824
0.0233901
0.0235163
0.0239326
0.0237583
0.0240211
0.0162805
0.0192839
0.0216355
0.0221855
0.0229661
0.0233876
0.0234653
0.0238434
0.0236701
0.0239053
0.0190922
0.0200898
0.0224804
0.0228081
0.0234158
0.0237611
0.0237895
0.0241346
0.0239564
0.0241632
0.0215733
0.0197363
0.0225506
0.0227226
0.0232165
0.0235398
0.0235578
0.0239042
0.0237241
0.0239262
0.0231979
0.0208087
0.0233126
0.0234964
0.0237391
0.0239381
0.0238783
0.0241622
0.0239697
0.0241553
0.0111298
0.0169578
0.019558
0.0210445
0.0218947
0.0223953
0.0224758
0.0228555
0.022631
0.0229204
0.0106136
0.0162935
0.0195375
0.0209186
0.0218832
0.0223593
0.0224367
0.0228074
0.0225847
0.0228307
0.00941077
0.0162368
0.0195935
0.020954
0.0219743
0.022455
0.0225528
0.0229281
0.0227239
0.0229751
0.00939261
0.0166841
0.0197408
0.0209003
0.0219166
0.0223447
0.0224142
0.0227703
0.0225643
0.0227932
0.0107078
0.017588
0.0201609
0.0211147
0.0220926
0.0224808
0.0225352
0.0228792
0.0226802
0.0228931
0.0125964
0.018427
0.0206349
0.0213494
0.022211
0.0225423
0.0225676
0.0228868
0.0226987
0.0228892
0.0144621
0.018906
0.0209428
0.0214343
0.0221788
0.0224723
0.0224702
0.022778
0.0225879
0.0227647
0.016508
0.0192528
0.0215897
0.0218498
0.0224889
0.0227533
0.0227274
0.0230109
0.0228257
0.0229826
0.0176912
0.0182398
0.0214497
0.0215684
0.0221741
0.022477
0.0224721
0.0227648
0.0226007
0.0227515
0.0188294
0.0187313
0.0219869
0.0221729
0.0225529
0.0227854
0.0227198
0.0229779
0.022794
0.0229432
0.0126042
0.0194927
0.0210561
0.0217385
0.0219835
0.0220471
0.0218561
0.022045
0.021742
0.0219072
0.0110646
0.0185531
0.0208575
0.0214982
0.021909
0.0219634
0.021792
0.0219767
0.0216884
0.0218129
0.0100439
0.0187045
0.0208338
0.0214835
0.0219476
0.0220074
0.0218594
0.0220588
0.0217842
0.0219207
0.0104417
0.0192616
0.0208434
0.0213604
0.0218455
0.0218636
0.0217047
0.0218942
0.0216231
0.0217434
0.011903
0.0199471
0.0210187
0.0214238
0.0219072
0.0219075
0.0217563
0.0219462
0.0216948
0.0218064
0.0137007
0.0202498
0.0211645
0.0214453
0.0218903
0.0218784
0.0217253
0.0219156
0.0216737
0.02178
0.0150549
0.0200425
0.0210824
0.0212507
0.0216946
0.0217105
0.0215711
0.0217604
0.0215425
0.0216409
0.0161445
0.0198148
0.0214143
0.0213895
0.0218362
0.0218822
0.0217454
0.0219324
0.0217287
0.0218162
0.0161075
0.0182982
0.0210505
0.0208718
0.0213903
0.0215385
0.0214523
0.0216762
0.0214914
0.0215919
0.0167314
0.0181842
0.0212751
0.0212089
0.0215682
0.0217224
0.0216162
0.0218135
0.0216381
0.0217405
0.0198922
0.02564
0.0238709
0.0230862
0.0223695
0.0218269
0.0212882
0.0212531
0.0208612
0.0208829
0.0175942
0.0247237
0.0235567
0.0227601
0.0222368
0.0216947
0.0211949
0.0211663
0.0207904
0.0207809
0.0176278
0.0251851
0.0234671
0.0227118
0.022224
0.0216891
0.0212225
0.0212066
0.0208511
0.0208567
0.0187718
0.0256656
0.0232555
0.022492
0.0220511
0.0214963
0.0210434
0.0210299
0.0206857
0.0206816
0.0201804
0.0257478
0.0230486
0.022347
0.0219646
0.0214332
0.0210206
0.021027
0.0207073
0.0207086
0.0210732
0.0249921
0.0227042
0.0220727
0.0217719
0.0212948
0.0209215
0.020943
0.0206552
0.0206577
0.0206815
0.0235373
0.0220568
0.0215116
0.0213744
0.0210092
0.0206917
0.0207507
0.0204893
0.0205038
0.0197586
0.0222825
0.0219148
0.0213119
0.0213291
0.0210613
0.0207834
0.0208584
0.0206225
0.0206402
0.0181733
0.0201115
0.0212623
0.0205438
0.02076
0.0206541
0.0204584
0.0205802
0.0203856
0.0204182
0.0180351
0.0192519
0.0210793
0.0205368
0.0207028
0.0206953
0.0205154
0.0206531
0.0204666
0.0205245
0.0450863
0.0345954
0.0271424
0.0247027
0.0227438
0.0215349
0.0206508
0.0203881
0.0199189
0.0198001
0.043982
0.0341776
0.0267973
0.0243371
0.0225661
0.0213595
0.0205306
0.0202769
0.0198344
0.0196885
0.0459754
0.0348063
0.0266296
0.0242604
0.0224992
0.0213098
0.0205199
0.0202874
0.0198624
0.0197372
0.0475697
0.0346685
0.0260959
0.0239028
0.0222247
0.0210568
0.0203121
0.0200957
0.0196886
0.0195626
0.0466827
0.0334498
0.0253643
0.023483
0.0219582
0.0208789
0.0202147
0.0200364
0.0196669
0.0195566
0.042861
0.0310379
0.0243978
0.0228397
0.0215661
0.0206248
0.0200445
0.0199128
0.0195758
0.0194861
0.0367268
0.027947
0.0230889
0.0218525
0.0209538
0.0202159
0.0197459
0.0196712
0.0193845
0.0193178
0.0309683
0.025404
0.0224115
0.0212837
0.0207248
0.0201537
0.0197557
0.0197223
0.01947
0.0194177
0.0266444
0.0224961
0.0215022
0.020288
0.0200635
0.0197015
0.0194056
0.0194421
0.0192239
0.0192048
0.0254901
0.0207316
0.0209102
0.0199262
0.0197693
0.0195992
0.0193667
0.019434
0.0192527
0.019269
0.0973561
0.0425181
0.0305355
0.025921
0.0225869
0.0208969
0.019772
0.0193427
0.0188433
0.0186095
0.0988819
0.0426807
0.0301984
0.0255679
0.0223808
0.0206874
0.0196284
0.0192138
0.018742
0.0184892
0.100279
0.0426895
0.0298817
0.0254433
0.0222572
0.0206013
0.0195906
0.0191972
0.0187457
0.0185172
0.0978776
0.0408709
0.0289145
0.0248882
0.0218605
0.0202877
0.0193554
0.0189919
0.0185659
0.0183445
0.0905777
0.0376887
0.0275415
0.0241416
0.0214101
0.0200061
0.0191943
0.0188885
0.018504
0.0183122
0.0795981
0.0337769
0.0258717
0.0231194
0.0208445
0.0196579
0.0189716
0.0187274
0.018391
0.018227
0.0665993
0.0297639
0.0238824
0.0217424
0.0200677
0.0191549
0.018616
0.0184612
0.0181745
0.0180513
0.0539575
0.0264777
0.0226928
0.0208492
0.0197099
0.0190099
0.0185687
0.0184689
0.0182202
0.0181242
0.0442168
0.0229773
0.021643
0.0197003
0.0190264
0.0185557
0.0182232
0.018191
0.0179874
0.0179227
0.040178
0.0203318
0.0207777
0.0190131
0.0185352
0.0183379
0.0180931
0.018129
0.0179578
0.0179518
0.0534298
0.0489766
0.047962
0.0475344
0.0473412
0.0473996
0.0477042
0.0482268
0.0493158
0.0538676
0.0489616
0.0445029
0.0434868
0.0430563
0.0428598
0.042915
0.0432169
0.0437371
0.0448233
0.0493746
0.0479347
0.0434746
0.0424566
0.0420242
0.0418256
0.0418787
0.0421787
0.0426973
0.0437826
0.0483313
0.0474916
0.0430287
0.0420089
0.0415743
0.0413732
0.0414239
0.0417216
0.0422384
0.0433223
0.0478691
0.047281
0.042815
0.0417932
0.0413563
0.0411525
0.0412004
0.0414957
0.0420106
0.043093
0.0476379
0.0473218
0.042853
0.0418293
0.0413901
0.0411838
0.0412292
0.0415221
0.042035
0.043116
0.0476591
0.0476101
0.0431389
0.0421137
0.0416725
0.041464
0.0415071
0.0417981
0.0423094
0.0433892
0.0479305
0.0481188
0.0436458
0.0426193
0.0421767
0.0419664
0.0420079
0.0422973
0.0428075
0.0438864
0.0484265
0.0491977
0.0447223
0.0436951
0.0432514
0.04304
0.0430803
0.0433687
0.043878
0.0449561
0.0494963
0.0537384
0.0492631
0.0482337
0.0477886
0.0475757
0.0476144
0.0479013
0.0484096
0.0494879
0.054025
0.0475119
0.0447165
0.0447978
0.0443813
0.0441892
0.044253
0.044568
0.0450912
0.0450839
0.0479914
0.0447036
0.0419012
0.0419824
0.041561
0.0413642
0.0414237
0.0417351
0.0422559
0.0422435
0.0451489
0.044771
0.0419686
0.0420474
0.0416239
0.0414248
0.0414822
0.0417918
0.042311
0.0422988
0.0451993
0.0443379
0.0415306
0.0416073
0.0411812
0.040979
0.0410333
0.0413402
0.041857
0.0418433
0.0447422
0.0441276
0.0413159
0.0413905
0.0409614
0.0407558
0.0408069
0.0411108
0.0416252
0.0416102
0.0445067
0.0441733
0.0413578
0.0414305
0.0409986
0.0407899
0.040838
0.0411391
0.0416513
0.0416348
0.0445289
0.0444712
0.0416528
0.0417241
0.0412898
0.0410784
0.0411238
0.0414226
0.0419328
0.0419151
0.0448069
0.0449795
0.0421594
0.0422295
0.0417933
0.0415799
0.0416233
0.0419202
0.0424291
0.0424106
0.0453002
0.0449617
0.042137
0.0422075
0.0417702
0.0415556
0.0415978
0.0418935
0.0424017
0.0423817
0.0452733
0.0478604
0.0450346
0.0451005
0.0446621
0.0444456
0.0444857
0.0447793
0.0452853
0.0452673
0.0481563
0.0425152
0.0409291
0.0416761
0.0413016
0.0412346
0.0413107
0.0415246
0.0420292
0.041365
0.0430982
0.0409137
0.0393198
0.040067
0.0396838
0.03961
0.0396797
0.039888
0.04039
0.0397179
0.0414442
0.0416443
0.0400505
0.0407938
0.0404081
0.0403313
0.0403983
0.0406044
0.0411043
0.0404333
0.0421522
0.0412507
0.0396483
0.040389
0.0399992
0.0399179
0.0399807
0.0401831
0.0406797
0.0400067
0.0417243
0.0411635
0.0395547
0.0402925
0.0398984
0.0398124
0.0398707
0.0400693
0.0405628
0.0398882
0.0416023
0.0412192
0.0396048
0.0403404
0.0399424
0.0398521
0.0399064
0.0401014
0.040592
0.0399157
0.0416266
0.041414
0.0397952
0.0405291
0.040128
0.0400343
0.0400851
0.0402768
0.0407649
0.0400871
0.0417952
0.0419017
0.0402817
0.041014
0.0406104
0.040514
0.0405621
0.0407514
0.0412377
0.0405593
0.0422633
0.0412265
0.0395993
0.0403331
0.0399278
0.0398301
0.0398767
0.0400645
0.0405501
0.0398691
0.0415773
0.0429524
0.0413196
0.0420462
0.0416401
0.0415392
0.0415828
0.0417679
0.0422494
0.0415725
0.043281
0.0398494
0.038756
0.0395704
0.0391881
0.0392835
0.0393805
0.0394729
0.0400257
0.0393167
0.0406163
0.0387339
0.0376264
0.0384379
0.0380412
0.0381264
0.0382135
0.0382968
0.0388461
0.0381275
0.0394154
0.0395269
0.0384162
0.0392215
0.0388208
0.0389014
0.0389847
0.0390649
0.0396109
0.0388942
0.0401731
0.0391218
0.0379964
0.0387977
0.0383901
0.0384636
0.0385405
0.0386153
0.0391567
0.038437
0.0397145
0.0391934
0.0380581
0.038855
0.0384407
0.0385072
0.0385777
0.0386472
0.0391842
0.0384624
0.0397343
0.0392659
0.0381222
0.038916
0.038496
0.0385565
0.0386212
0.0386855
0.0392184
0.0384945
0.0397619
0.0393353
0.0381849
0.0389767
0.0385524
0.0386079
0.0386676
0.0387274
0.0392567
0.0385308
0.0397951
0.0398677
0.0387164
0.0395059
0.0390781
0.0391299
0.0391859
0.0392422
0.0397688
0.0390423
0.0403006
0.0391464
0.0379867
0.0387787
0.0383484
0.0383984
0.0384522
0.0385064
0.0390325
0.0383022
0.0395647
0.0404402
0.0392716
0.0400548
0.0396235
0.039668
0.0397172
0.0397681
0.0402877
0.0395614
0.0408263
0.0379118
0.037098
0.0378359
0.0374539
0.0376771
0.037805
0.0378299
0.0384429
0.0378496
0.0389616
0.0370621
0.0362188
0.0369465
0.036541
0.0367481
0.0368609
0.0368718
0.0374794
0.0368749
0.0379711
0.0377715
0.0369166
0.0376344
0.0372219
0.0374215
0.0375283
0.037535
0.0381377
0.0375357
0.0386222
0.037363
0.0364828
0.0371934
0.0367691
0.0369574
0.0370545
0.0370531
0.0376494
0.037043
0.0381274
0.0375581
0.0366618
0.0373652
0.0369303
0.037108
0.0371956
0.0371863
0.0377764
0.0371672
0.0382435
0.0376549
0.0367466
0.0374455
0.037002
0.0371708
0.0372499
0.0372332
0.0378174
0.0372053
0.0382755
0.0376503
0.0367331
0.0374298
0.03698
0.0371416
0.0372135
0.0371905
0.0377695
0.0371545
0.0382209
0.0382373
0.03732
0.0380138
0.0375595
0.0377156
0.0377821
0.037754
0.0383289
0.0377132
0.0387712
0.0376289
0.0367035
0.0374007
0.0369427
0.0370963
0.0371596
0.0371284
0.0377024
0.0370815
0.0381432
0.0387372
0.0378005
0.0384881
0.0380285
0.0381736
0.0382302
0.0381946
0.0387595
0.0381419
0.0392067
0.035693
0.0352169
0.0359539
0.0356385
0.0359669
0.0361376
0.0361412
0.0367749
0.0362435
0.0371716
0.0351514
0.0346131
0.0353262
0.0349725
0.0352745
0.035422
0.0354054
0.0360302
0.0354864
0.0363928
0.0358518
0.0352845
0.0359813
0.0356149
0.0359046
0.0360431
0.0360204
0.0366384
0.0360974
0.0369932
0.0355098
0.0348975
0.0355803
0.0351935
0.0354655
0.035589
0.0355545
0.0361637
0.0356165
0.0365086
0.0358062
0.0351662
0.0358371
0.0354333
0.0356891
0.0357986
0.0357527
0.036353
0.0358023
0.0366834
0.0359345
0.0352784
0.0359435
0.0355271
0.0357696
0.0358668
0.0358104
0.0364024
0.0358477
0.0367206
0.0358958
0.0352315
0.0358949
0.0354696
0.0357018
0.0357887
0.0357233
0.0363081
0.0357493
0.0366172
0.0364932
0.0358317
0.0364922
0.036061
0.0362853
0.0363642
0.0362917
0.0368704
0.0363104
0.0371676
0.035943
0.035275
0.0359397
0.0355034
0.035724
0.0357985
0.0357214
0.0362986
0.0357324
0.0365916
0.0368654
0.036187
0.036842
0.0364028
0.0366112
0.0366759
0.0365922
0.0371575
0.0365927
0.0374564
0.0331584
0.0331128
0.0339065
0.0337172
0.0341522
0.0343798
0.0343916
0.035022
0.0345304
0.0352915
0.0329827
0.0328066
0.0335513
0.033299
0.0336909
0.0338839
0.033867
0.0344838
0.0339774
0.0347108
0.033735
0.0334926
0.0342093
0.0339339
0.0343062
0.0344858
0.0344603
0.0350682
0.0345638
0.0352863
0.0335326
0.0332044
0.0338936
0.0335832
0.0339275
0.0340847
0.0340421
0.034638
0.0341254
0.0348419
0.033936
0.0335583
0.0342274
0.0338896
0.0342094
0.0343461
0.0342874
0.0348709
0.0343537
0.0350559
0.0340994
0.0337059
0.0343683
0.0340119
0.0343121
0.0344312
0.0343579
0.0349301
0.0344075
0.0350988
0.0340396
0.0336489
0.0343127
0.0339442
0.0342296
0.034334
0.0342481
0.0348104
0.0342825
0.0349667
0.0346178
0.0342377
0.0348992
0.0345228
0.0347965
0.0348893
0.0347933
0.0353467
0.0348172
0.0354881
0.0341033
0.0337204
0.0343859
0.0340017
0.0342695
0.0343556
0.0342528
0.0348038
0.0342665
0.0349385
0.0348507
0.0344658
0.0351227
0.0347341
0.0349851
0.035057
0.0349445
0.0354802
0.0349432
0.035621
0.0303616
0.0309143
0.031798
0.0317806
0.0323336
0.0326354
0.0326809
0.0333154
0.0328835
0.0335369
0.0306177
0.0309077
0.0316949
0.0315735
0.0320583
0.0323096
0.0323162
0.0329307
0.0324816
0.0331006
0.0314749
0.0316152
0.0323491
0.0321862
0.0326411
0.032873
0.0328682
0.0334702
0.0330243
0.0336308
0.0314981
0.0314641
0.0321418
0.0319195
0.0323307
0.03253
0.0325011
0.0330866
0.0326303
0.0332277
0.0320303
0.0319078
0.0325514
0.0322853
0.0326596
0.0328296
0.0327786
0.0333475
0.032885
0.0334647
0.0322158
0.032096
0.0327362
0.0324432
0.0327895
0.0329346
0.0328637
0.033417
0.0329486
0.0335133
0.0321201
0.0320461
0.0326973
0.032388
0.0327131
0.0328376
0.032749
0.0332898
0.0328136
0.0333688
0.0326697
0.0326316
0.0332819
0.0329599
0.0332671
0.0333745
0.0332716
0.0338008
0.0333205
0.0338603
0.0322284
0.0321859
0.0328354
0.0325004
0.0327973
0.0328944
0.032782
0.033306
0.0328192
0.0333586
0.0328371
0.0328248
0.033471
0.0331288
0.033402
0.0334785
0.0333512
0.0338572
0.0333673
0.0339086
0.0271155
0.0286186
0.0296422
0.0298561
0.0305472
0.030941
0.0310452
0.0316911
0.0313349
0.031928
0.0279476
0.0289308
0.0297819
0.0298279
0.0304173
0.0307412
0.030795
0.0314123
0.031039
0.0315902
0.0290402
0.029678
0.0304309
0.0304064
0.0309524
0.0312505
0.0312888
0.0318934
0.0315209
0.0320607
0.0294354
0.0297073
0.0303541
0.0302316
0.030712
0.030964
0.0309697
0.0315529
0.0311679
0.0316951
0.0301422
0.0302541
0.0308426
0.0306509
0.0310778
0.0312892
0.0312656
0.0318268
0.0314351
0.0319403
0.0303173
0.030496
0.0310833
0.0308521
0.0312394
0.0314165
0.0313658
0.0319081
0.0315066
0.031994
0.0301021
0.0304702
0.0310863
0.0308321
0.0311889
0.0313367
0.0312624
0.0317866
0.0313749
0.031849
0.0306103
0.0310755
0.0316887
0.0314117
0.03174
0.0318625
0.0317682
0.0322739
0.0318597
0.0323147
0.0303504
0.0307591
0.0313431
0.0310376
0.0313464
0.0314525
0.0313434
0.0318453
0.0314221
0.0318711
0.0307824
0.0313387
0.0319371
0.0316212
0.0318956
0.0319715
0.0318412
0.0323173
0.0318859
0.0323362
0.0229324
0.0261614
0.0274155
0.0279421
0.0287941
0.0292933
0.0294695
0.0301274
0.0298442
0.0304026
0.0245492
0.0268844
0.0277975
0.0280709
0.0287839
0.0291934
0.0293079
0.0299312
0.0296289
0.0301404
0.0261765
0.0277287
0.0284473
0.0286137
0.0292699
0.0296478
0.0297456
0.030355
0.0300537
0.0305547
0.0272045
0.0280065
0.0285248
0.0285397
0.0291027
0.0294191
0.0294754
0.0300587
0.0297431
0.0302273
0.0281529
0.028683
0.0290985
0.0290093
0.029498
0.0297606
0.0297793
0.0303357
0.0300111
0.0304699
0.0282113
0.0289971
0.0294109
0.0292614
0.029695
0.0299109
0.0298943
0.0304249
0.0300879
0.0305251
0.0276514
0.0290092
0.0294823
0.0292957
0.0296849
0.0298595
0.0298099
0.0303148
0.0299673
0.0303856
0.028059
0.0296749
0.0301311
0.0298975
0.0302403
0.0303768
0.0302976
0.0307804
0.0304258
0.0308212
0.0283228
0.0295862
0.0299159
0.0296199
0.029926
0.0300361
0.0299376
0.0304121
0.0300457
0.0304336
0.0284063
0.0301388
0.0305234
0.0302032
0.0304569
0.0305225
0.0303915
0.0308319
0.0304562
0.0308417
0.0135397
0.0135199
0.0134462
0.013353
0.0132621
0.013145
0.0132323
0.0134204
0.00866364
0.00184652
0.0135129
0.013503
0.0134157
0.0133156
0.0132085
0.0131411
0.0132004
0.0134826
0.00931457
0.00551815
0.0135206
0.0135036
0.0134218
0.0133226
0.0132133
0.0131729
0.0130551
0.0132325
0.00959702
0.00741827
0.0134704
0.0134454
0.0133452
0.013217
0.0130437
0.0128642
0.0123531
0.012359
0.00870499
0.0071634
0.0134454
0.0134009
0.0132839
0.0131281
0.0128925
0.0125289
0.0115704
0.011241
0.00642155
0.000730558
0.0134344
0.0133812
0.0132571
0.0130897
0.0128006
0.0122671
0.0109352
0.0101767
0.00246522
-0.0122007
0.0133745
0.0133135
0.0131911
0.0130292
0.0127143
0.0121526
0.0108771
0.0100402
-0.000186466
-0.016914
0.0134143
0.0133519
0.0132415
0.0131067
0.0128129
0.0123946
0.0115092
0.0110554
0.00228468
-0.008038
0.0133799
0.0133319
0.0132411
0.0131461
0.012908
0.0126785
0.0122529
0.0124518
0.00744117
0.00634744
0.0133857
0.0133277
0.0132709
0.0132389
0.0131367
0.0131577
0.0134031
0.0144559
0.0110337
0.0127367
0.0118862
0.0118069
0.0116562
0.0114368
0.0111331
0.0105635
0.00951244
0.00895013
0.00480762
-0.00497965
0.011865
0.0117958
0.0116375
0.0114162
0.0110946
0.0106
0.00961205
0.00901128
0.00409353
-0.00468199
0.0118803
0.0118074
0.0116587
0.0114392
0.0111066
0.010657
0.0095623
0.00864818
0.00338405
-0.00455904
0.0118432
0.0117607
0.0115969
0.0113504
0.0109691
0.0104644
0.00910257
0.00806163
0.00293965
-0.00364185
0.0118288
0.011727
0.0115551
0.0112898
0.0108808
0.0102953
0.00861582
0.00747062
0.00248652
-0.00550183
0.0118354
0.0117236
0.011552
0.0112802
0.0108384
0.0101127
0.00806216
0.00680748
0.0011207
-0.0117529
0.011797
0.0116775
0.0115159
0.0112603
0.0108113
0.0100337
0.00801209
0.00712978
0.000236206
-0.0131757
0.0118463
0.0117275
0.0115876
0.011377
0.0109754
0.0103397
0.0087836
0.00849224
0.00245225
-0.00672667
0.0118363
0.0117344
0.0116196
0.0114616
0.0111331
0.0106907
0.00963572
0.00987771
0.00592982
0.00252572
0.0118463
0.0117403
0.011668
0.0115866
0.0114178
0.0112239
0.0107739
0.0116426
0.00820891
0.0055585
0.0102592
0.0101262
0.00992805
0.00962429
0.00921048
0.00860891
0.00726437
0.0070255
0.00767967
0.00543588
0.010243
0.0101204
0.00991614
0.00960734
0.00914913
0.00855345
0.00717706
0.00671604
0.00540834
0.00197577
0.0102639
0.0101398
0.00994336
0.00962978
0.0091292
0.00851601
0.00699115
0.00598455
0.00320881
-0.00141582
0.0102391
0.0101061
0.00989968
0.00956478
0.00902579
0.00841088
0.0067192
0.00547523
0.00204238
-0.00260027
0.0102387
0.0100918
0.00989096
0.00955629
0.00903664
0.00846737
0.00664763
0.00538398
0.0022727
-0.0029467
0.010265
0.010112
0.0099231
0.00959774
0.00909575
0.00850228
0.00646595
0.00543859
0.00339881
-0.00314252
0.0102501
0.0100926
0.00992446
0.00963099
0.00916941
0.00858255
0.0066279
0.00651754
0.00507001
-8.73169e-05
0.0103115
0.0101582
0.0100215
0.00978943
0.00940844
0.00896463
0.00747246
0.00811833
0.00739435
0.00509203
0.0103242
0.0101906
0.010083
0.00990916
0.00960478
0.0093136
0.00823596
0.00917312
0.00908376
0.00983677
0.0103423
0.0102066
0.010145
0.0100484
0.00990015
0.00980299
0.00917768
0.0104405
0.0100254
0.0102055
0.00869548
0.00853226
0.00834022
0.00804973
0.00768588
0.00745023
0.00661149
0.00664084
0.00937313
0.0111665
0.00868118
0.00852637
0.00832276
0.0080134
0.00755856
0.00721207
0.0061793
0.00600867
0.00665327
0.00659104
0.00870248
0.00854517
0.00834065
0.00801016
0.00746391
0.0069903
0.00572933
0.005033
0.00394752
0.00179511
0.00868635
0.00852094
0.00830861
0.00795688
0.00736192
0.00687724
0.00547297
0.00446015
0.00210653
-0.00119156
0.0086993
0.00852781
0.00833287
0.00799536
0.00744801
0.00708099
0.00563805
0.00449206
0.00212172
-0.00173844
0.00874387
0.00857306
0.00840071
0.00808735
0.00760785
0.00733619
0.00579324
0.0048896
0.00420502
0.00088017
0.00875115
0.00858199
0.00844058
0.00817494
0.00779268
0.00762773
0.00620916
0.0064112
0.00725649
0.00622548
0.00882352
0.00866341
0.00856202
0.00837061
0.00810382
0.00809714
0.00711027
0.00813828
0.00976352
0.0108639
0.00885781
0.00871817
0.00864767
0.00851561
0.00832394
0.00842016
0.00775503
0.00898663
0.0105623
0.013368
0.0088829
0.00874349
0.00871975
0.0086585
0.00860455
0.00882478
0.00846922
0.00986081
0.0107562
0.0123157
0.00721146
0.00704491
0.00690202
0.00669874
0.00643427
0.00653774
0.00621832
0.00590303
0.00769924
0.00950891
0.00719231
0.00702925
0.00686361
0.00662367
0.00623177
0.0061419
0.00552243
0.00522311
0.00557424
0.00581278
0.00720715
0.00703674
0.00685648
0.00657705
0.00605946
0.00576204
0.00488391
0.00433099
0.00352017
0.00187763
0.00719441
0.00701519
0.00682462
0.00651871
0.00593482
0.00558468
0.00455096
0.00376901
0.00168399
-0.00145965
0.00721711
0.00703889
0.00687137
0.00658186
0.00604383
0.0058164
0.00475565
0.00370649
0.0012478
-0.00255935
0.00727514
0.00710478
0.00696645
0.00670538
0.00625417
0.00619759
0.00508856
0.00402426
0.00303425
0.000499963
0.00730093
0.0071396
0.00703979
0.00683414
0.00651563
0.00665158
0.00565441
0.00549682
0.00605034
0.00588427
0.0073831
0.0072361
0.00718127
0.00705527
0.00687587
0.00717836
0.00654194
0.00713145
0.00834659
0.00971063
0.00743487
0.00731045
0.00728618
0.00721625
0.00710968
0.00747057
0.00706589
0.00789415
0.00890276
0.0111908
0.00747174
0.00734604
0.00736589
0.00735504
0.00736722
0.00778963
0.00758262
0.00856719
0.00892744
0.00981506
0.005811
0.00565715
0.00556942
0.00545855
0.00524648
0.00545717
0.00537815
0.00455965
0.0049383
0.00572482
0.00578156
0.00562493
0.00550418
0.005348
0.00500144
0.00500111
0.00459289
0.00406253
0.0037687
0.00358905
0.00578552
0.00561564
0.00546931
0.00526702
0.00479548
0.0045699
0.00393489
0.00352557
0.00291899
0.00154251
0.0057716
0.00559147
0.00543168
0.00519947
0.00465228
0.00434534
0.00355837
0.003132
0.00163002
-0.00107876
0.0057982
0.00562378
0.00548679
0.00526262
0.00473885
0.00453255
0.00371956
0.00297021
0.000865343
-0.00258269
0.00586165
0.00569995
0.00559221
0.00538708
0.00493524
0.00492607
0.00409748
0.00302457
0.001791
-0.000347674
0.00589864
0.005752
0.00568432
0.00552919
0.00521019
0.00543227
0.0046708
0.00412749
0.00390701
0.0037267
0.00598379
0.00585584
0.0058322
0.00575023
0.00557212
0.00594623
0.00543691
0.00543207
0.00561152
0.00639924
0.00604821
0.0059423
0.00594465
0.00590914
0.00580045
0.00619757
0.00581596
0.00607389
0.0061093
0.00744894
0.00609436
0.00598682
0.00602831
0.00603826
0.00603375
0.00644789
0.00616735
0.00661925
0.00630869
0.00641568
0.00449485
0.0043468
0.00429834
0.00425805
0.00405594
0.00422282
0.00426948
0.00325536
0.00273572
0.00285256
0.00443966
0.00428209
0.00419579
0.00411352
0.00380182
0.003804
0.00353477
0.00297753
0.00240531
0.00208249
0.00443031
0.00425592
0.00413967
0.00401769
0.00361854
0.00344523
0.00300698
0.00284417
0.00269012
0.00187034
0.00441235
0.00422669
0.00409523
0.00394488
0.00347877
0.00322569
0.00264232
0.00266044
0.00210402
0.000302123
0.0044363
0.00425788
0.00414463
0.00399041
0.00351753
0.00332895
0.00272574
0.00244317
0.00120974
-0.00137643
0.00449541
0.0043304
0.00424061
0.00408812
0.00364356
0.00362945
0.00304593
0.00223009
0.00125905
-0.000266086
0.00453394
0.0043865
0.00433182
0.00421199
0.00386504
0.00406624
0.00349683
0.00287078
0.00230916
0.00219008
0.00461486
0.00448729
0.0044694
0.00440419
0.00417731
0.00449278
0.00405624
0.00375329
0.00332483
0.00376173
0.00468494
0.00457923
0.00458026
0.00454684
0.00438285
0.0047032
0.00429728
0.00423529
0.00377648
0.00461124
0.00475591
0.00464873
0.00468371
0.00468073
0.00461311
0.00493892
0.00456727
0.00471826
0.00419024
0.00410044
0.00320979
0.0030771
0.00305479
0.00306395
0.00286746
0.00296314
0.00312996
0.00217326
0.00123839
0.00103056
0.00314048
0.00299534
0.00293655
0.00291646
0.00265234
0.00265871
0.00252819
0.00205024
0.00139758
0.00108519
0.00312643
0.00296461
0.00287876
0.00283476
0.0025391
0.00244837
0.00218193
0.00220076
0.0024154
0.00210286
0.00310632
0.00293413
0.00283481
0.00277038
0.00242749
0.00227543
0.00185717
0.00218513
0.00241922
0.00146644
0.00312388
0.00295841
0.00287257
0.00279649
0.00241912
0.002296
0.00187715
0.00199749
0.00159631
-0.000111332
0.00317108
0.00301647
0.00294644
0.00285643
0.00245728
0.00246219
0.00212035
0.00166124
0.00110514
0.000183987
0.00320261
0.00306491
0.00302145
0.00294356
0.00259251
0.00276879
0.00241474
0.0019532
0.00135875
0.00136674
0.00326909
0.00314945
0.00313213
0.00308425
0.00282024
0.00306936
0.00275947
0.0024575
0.00181134
0.00208138
0.00333091
0.00323034
0.00322332
0.00318847
0.00297616
0.00323151
0.0028835
0.00274992
0.00212315
0.00275042
0.00341176
0.00331022
0.00333152
0.0033112
0.00318948
0.00346038
0.00310026
0.00312846
0.00261151
0.00257624
0.00212086
0.00189325
0.00189304
0.00193351
0.00177615
0.00179222
0.00203817
0.00133995
0.000414073
0.000310504
0.00192382
0.00164945
0.00162877
0.0016553
0.00146163
0.00146635
0.00143304
0.00108569
0.000385003
0.000382542
0.00192016
0.00164284
0.00160329
0.00162103
0.00144419
0.00143698
0.00130103
0.00136087
0.00161146
0.00170139
0.0019024
0.00161849
0.00156984
0.00157632
0.0013755
0.00134194
0.00105339
0.00141677
0.00196533
0.00165292
0.00191073
0.00163271
0.00159266
0.00158721
0.00134161
0.0013102
0.00103784
0.00131446
0.00141225
0.000421472
0.00193913
0.00166823
0.00163589
0.00161228
0.00131341
0.0013505
0.00120975
0.00103143
0.000811024
0.000358759
0.00195633
0.00169924
0.00168312
0.00165718
0.00136261
0.00151319
0.00135603
0.00112672
0.000729312
0.000912702
0.00199674
0.00175325
0.00175154
0.00173227
0.00148806
0.00167463
0.00150658
0.00134337
0.00087186
0.00121549
0.00203167
0.00179619
0.00179889
0.00177723
0.00156641
0.00176697
0.00152705
0.00143953
0.000901306
0.0016607
0.00224862
0.00204834
0.00206971
0.00205246
0.00192268
0.00215493
0.00190514
0.0019167
0.00148044
0.00172317
0.000365782
0.000488465
0.000498775
0.000532007
0.000433088
0.000385019
0.000586093
0.000313835
-0.000344212
-0.000737818
0.000511107
0.000680864
0.000672644
0.000698484
0.000596013
0.00059455
0.000640454
0.00052322
8.74776e-05
-0.00043786
0.000523055
0.000682074
0.000666743
0.000689833
0.00061517
0.000647232
0.000606833
0.000644345
0.000787017
0.000609172
0.000501002
0.000651784
0.000632659
0.000652196
0.000568717
0.000602485
0.000419529
0.000618602
0.00103125
0.000820749
0.000504527
0.000655506
0.000640509
0.000656454
0.000539233
0.000558537
0.000392094
0.000596753
0.000776857
0.000227172
0.000517146
0.000666928
0.000654177
0.000662362
0.00049555
0.00052819
0.000501936
0.000467351
0.000366006
0.000217994
0.000525047
0.000679396
0.000674322
0.000679234
0.000497667
0.00058685
0.000558151
0.000520798
0.000149038
0.000184148
0.000559587
0.000721884
0.000722655
0.00072393
0.000566473
0.000668271
0.000628967
0.00064082
0.000142719
7.77115e-07
0.000559676
0.000733019
0.000732969
0.000725577
0.000581682
0.000702966
0.000614481
0.00067418
0.000211209
0.000147133
0.000404328
0.000524641
0.000540598
0.000524569
0.000412375
0.000551814
0.00040973
0.000459969
0.000133933
-9.78445e-05
0.0384638
0.0269145
0.0286516
0.024454
0.0211642
0.0196334
0.0185083
0.0180367
0.0175743
0.0172783
0.0387984
0.0267118
0.028222
0.0241183
0.0209322
0.0194002
0.0183498
0.017892
0.0174628
0.0171515
0.0367584
0.0256717
0.0276923
0.0239061
0.0207537
0.0192915
0.0182939
0.017861
0.0174496
0.017165
0.0302045
0.0228836
0.0264141
0.0231451
0.0202521
0.0189348
0.0180418
0.0176485
0.017267
0.0169967
0.0221849
0.0196481
0.0248075
0.0221931
0.0196889
0.0185913
0.0178411
0.0175148
0.0171799
0.0169465
0.0181133
0.0172943
0.0231648
0.0210963
0.0190848
0.0182115
0.0175981
0.017346
0.0170519
0.0168578
0.0176423
0.0160927
0.0213991
0.0197369
0.0183152
0.0176877
0.01723
0.0170686
0.0168299
0.016683
0.0146096
0.0155159
0.0204127
0.0188384
0.0179797
0.0175265
0.0171576
0.0170561
0.0168525
0.0167371
0.00670339
0.0137615
0.0196463
0.0177243
0.0174024
0.0171309
0.0168451
0.0168117
0.0166344
0.0165576
0.00239082
0.0116985
0.0188859
0.0168436
0.0168258
0.0168576
0.0166652
0.0167013
0.0165697
0.0165593
0.00705182
0.0133339
0.0214804
0.0195071
0.0182835
0.0176143
0.0167857
0.0164352
0.0160897
0.0157918
0.00612978
0.0126063
0.0209456
0.0191677
0.0180254
0.0173705
0.0166212
0.0162842
0.0159711
0.015662
0.00353829
0.011437
0.0203525
0.0188982
0.0178228
0.017261
0.0165624
0.0162482
0.0159494
0.0156679
-0.0015564
0.0093997
0.0190981
0.018071
0.0172963
0.0168996
0.0163119
0.01604
0.015772
0.015509
-0.00617798
0.00769209
0.0178032
0.0172022
0.016765
0.0165637
0.0161087
0.015901
0.0156731
0.0154519
-0.00614473
0.00725357
0.0169331
0.0164747
0.0163233
0.0162467
0.0158967
0.0157471
0.0155537
0.0153701
-0.00182852
0.00820127
0.0161737
0.0156565
0.0157932
0.0158078
0.0155669
0.0154966
0.015342
0.0152079
0.00113878
0.0100511
0.0159244
0.0151867
0.0156832
0.015718
0.0155194
0.0154924
0.0153572
0.0152561
-0.00100146
0.0108962
0.0157003
0.0144021
0.0153795
0.0154528
0.0152827
0.0152965
0.0151783
0.0151045
-0.00235874
0.0105133
0.0152417
0.0135431
0.0148779
0.015197
0.0150852
0.015176
0.0150885
0.0150902
0.00775851
0.0112612
0.0161837
0.0147691
0.0151886
0.0152001
0.0147522
0.0146114
0.014415
0.0141668
0.00638918
0.0104106
0.0156706
0.0144497
0.0149271
0.0149657
0.0145938
0.0144615
0.0142957
0.0140375
0.00476799
0.00977321
0.0152598
0.014241
0.0147631
0.0148854
0.0145483
0.0144316
0.0142754
0.0140416
0.00267352
0.0090741
0.0143709
0.0135729
0.0143188
0.0145669
0.0143232
0.0142412
0.0141115
0.0138963
0.00122305
0.00882207
0.0136035
0.0130008
0.0139364
0.0143021
0.0141537
0.0141185
0.014018
0.0138419
0.00198321
0.00912839
0.0133812
0.01274
0.013748
0.0141117
0.0140126
0.0140088
0.0139223
0.0137779
0.00557789
0.0102554
0.0132741
0.0125005
0.0135312
0.0138175
0.0137656
0.0138081
0.0137394
0.0136383
0.00983677
0.0126026
0.0134465
0.0125346
0.0137058
0.0138386
0.0137733
0.0138332
0.0137653
0.0136888
0.0114537
0.0147876
0.0136011
0.012234
0.0137415
0.0137265
0.0136307
0.0137073
0.0136306
0.0135719
0.0127547
0.0156176
0.0134068
0.011574
0.0134173
0.0135304
0.0134516
0.0135928
0.0135355
0.0135522
0.012437
0.0121369
0.0138862
0.0121223
0.0128578
0.0129137
0.0126893
0.0126968
0.0126217
0.01244
0.0110294
0.0113687
0.0134522
0.0118453
0.0126167
0.0127045
0.0125452
0.0125538
0.0125066
0.0123133
0.0102126
0.0111829
0.0132525
0.0117514
0.0125276
0.0126714
0.0125222
0.0125391
0.0124916
0.0123195
0.00995296
0.0113315
0.0127342
0.0113283
0.0122143
0.0124225
0.012337
0.0123753
0.0123472
0.0121911
0.0101197
0.011813
0.0123553
0.0110497
0.0119934
0.0122482
0.0122179
0.0122825
0.0122701
0.0121466
0.0105913
0.0121594
0.0123934
0.0110791
0.0119953
0.0121766
0.0121563
0.0122263
0.0122074
0.0121061
0.0124321
0.0126414
0.012423
0.0111637
0.0119862
0.0120033
0.0119967
0.0120839
0.0120645
0.0119942
0.0156274
0.0142049
0.0125588
0.0115064
0.0123352
0.012101
0.0120604
0.0121459
0.0121066
0.0120534
0.0177882
0.0161582
0.0127419
0.0116005
0.0126274
0.0121099
0.012011
0.0120898
0.0120216
0.0119731
0.0195859
0.0171212
0.0126401
0.0111967
0.0124963
0.0119846
0.0118689
0.0120002
0.0119371
0.0119561
0.0114892
0.0108268
0.0120885
0.0103703
0.0110013
0.0108698
0.010734
0.0107901
0.0107777
0.0106585
0.0101465
0.0101579
0.0117154
0.0101275
0.0107836
0.0106872
0.0106034
0.0106547
0.0106637
0.0105318
0.00969166
0.0101629
0.0116297
0.0101211
0.0107606
0.0106968
0.0106037
0.0106525
0.010658
0.0105405
0.0101933
0.0106171
0.0113237
0.00989491
0.0105612
0.0105149
0.0104588
0.0105169
0.0105351
0.0104289
0.0110251
0.011321
0.011122
0.00979697
0.0104484
0.0104133
0.0103855
0.0104551
0.0104766
0.0103964
0.0111108
0.0115018
0.011182
0.00992487
0.0105295
0.0104138
0.0103861
0.010443
0.01045
0.0103788
0.0113866
0.0112701
0.0111319
0.0101095
0.0105822
0.0103017
0.0102908
0.0103544
0.0103413
0.0102949
0.0128538
0.0117225
0.0110349
0.0105379
0.0109422
0.0104095
0.0103888
0.0104412
0.0103993
0.0103625
0.0139496
0.0127435
0.0110225
0.0108257
0.0113317
0.0104725
0.0104091
0.0104404
0.0103626
0.0103147
0.0151171
0.0132814
0.0108529
0.0105872
0.0113226
0.0103939
0.0103036
0.010388
0.0102923
0.0103108
0.0084812
0.00838941
0.00983993
0.00841632
0.00909528
0.00889459
0.00883884
0.00889131
0.00891078
0.00884533
0.00724112
0.00780038
0.0094927
0.00818117
0.008886
0.00872766
0.00871294
0.00875402
0.00879448
0.00871276
0.00691846
0.00784108
0.00943354
0.00821227
0.00889957
0.00876329
0.00872487
0.00876397
0.00879328
0.0087231
0.00766112
0.00831971
0.00921801
0.00811111
0.00877488
0.00862995
0.00861057
0.00865138
0.00868889
0.00862629
0.00876304
0.00903383
0.00907669
0.00810087
0.00871346
0.00857126
0.00856607
0.00861043
0.00864837
0.0086041
0.00862563
0.00908859
0.00908551
0.00821577
0.00878905
0.00859535
0.00859834
0.00863072
0.00864326
0.00860529
0.00784256
0.00839361
0.00894689
0.0083728
0.00879788
0.00849141
0.00854099
0.00856825
0.00856625
0.00854247
0.00787843
0.00799159
0.00864569
0.00873812
0.00904247
0.00855317
0.00864088
0.00866231
0.00862976
0.00861312
0.00793604
0.00820529
0.00842197
0.00904672
0.00938828
0.00860695
0.00869571
0.00870127
0.00862176
0.00859379
0.00843521
0.00832893
0.00815788
0.00888876
0.00942686
0.00854826
0.00863017
0.00867812
0.00858434
0.00860878
0.00646606
0.0063986
0.0075961
0.0063264
0.00710343
0.00691357
0.00694122
0.00699055
0.00703435
0.00705241
0.00534386
0.00586016
0.00722291
0.00604628
0.006856
0.00671519
0.00677415
0.00681213
0.00687174
0.00687726
0.00505717
0.00587476
0.00715108
0.00608471
0.00688272
0.00675921
0.00679056
0.00682386
0.00687586
0.00688762
0.0057749
0.00624691
0.00696997
0.00606443
0.00680319
0.00665636
0.00669583
0.0067283
0.0067875
0.00680299
0.0069593
0.00688576
0.0068453
0.0060975
0.00676101
0.00661746
0.00666411
0.00670086
0.00675602
0.00678768
0.00679911
0.00691145
0.0068038
0.00615705
0.00679307
0.00663753
0.00670709
0.00672756
0.00677059
0.00679922
0.00553132
0.00607525
0.00664293
0.00623824
0.00671819
0.00652213
0.00666104
0.00668476
0.00670684
0.00675226
0.00481622
0.00528221
0.00626912
0.00648977
0.00680389
0.0065213
0.00674751
0.00676613
0.00676501
0.00682108
0.00436396
0.00509825
0.00596364
0.00676302
0.00704751
0.00654029
0.00681838
0.00681394
0.00678412
0.00681794
0.0046077
0.00510024
0.00573235
0.00670669
0.00714158
0.00652983
0.00681756
0.00687137
0.00680679
0.00689262
0.00507141
0.00477506
0.00557171
0.00435551
0.00515178
0.00492845
0.0050136
0.00504658
0.00509921
0.00517458
0.00413649
0.00432468
0.00519865
0.00405402
0.00488671
0.00471496
0.00482237
0.00484195
0.00491383
0.00497717
0.00386547
0.00430607
0.00511532
0.0040994
0.00492401
0.00476667
0.00484351
0.00486753
0.00492837
0.00499702
0.00440102
0.00451585
0.0049508
0.00414054
0.00487458
0.00468622
0.00476491
0.00478786
0.00485491
0.00492513
0.00551506
0.0050342
0.00483682
0.00420726
0.00484216
0.00465821
0.00473796
0.00476478
0.00483264
0.00491394
0.00547245
0.00511342
0.00477857
0.00422158
0.00483497
0.0046705
0.00477747
0.00479732
0.00485132
0.00493237
0.00421818
0.00440898
0.00467517
0.00423982
0.00469469
0.00455336
0.00474218
0.00475267
0.00480056
0.00489415
0.00334032
0.00360691
0.00435473
0.00439
0.00464197
0.00450621
0.00480454
0.00480997
0.00484654
0.00495169
0.00281448
0.00334157
0.00407595
0.00462098
0.00477674
0.00448492
0.00486573
0.00485397
0.00486076
0.00495243
0.0030322
0.00337421
0.00393768
0.00465742
0.0049034
0.00450544
0.00492125
0.00495386
0.00493335
0.00506489
0.00387141
0.00315308
0.003745
0.00271758
0.00342096
0.00315685
0.00325365
0.00326283
0.00325697
0.00368747
0.00286074
0.00248192
0.00306303
0.0020749
0.00281433
0.00258771
0.00269916
0.00269744
0.00269238
0.0031676
0.00268182
0.00251666
0.0030492
0.00218747
0.00291498
0.0027014
0.0027877
0.00279459
0.00278565
0.00325105
0.00298019
0.00253309
0.00290921
0.00226163
0.00288051
0.00263934
0.00272615
0.00273336
0.00273092
0.00319429
0.00387807
0.00286928
0.00281687
0.00235131
0.00285718
0.0026222
0.00270505
0.00271853
0.0027157
0.00318781
0.00398754
0.00300964
0.00276548
0.00234364
0.00283436
0.00263318
0.00273865
0.00274379
0.00273719
0.00320576
0.00306476
0.00259255
0.0027528
0.00232983
0.00268553
0.00254446
0.00271183
0.00270434
0.002696
0.00317478
0.00239881
0.00202329
0.00255835
0.00240933
0.00256332
0.0024909
0.00275691
0.00273835
0.00272606
0.00322033
0.00197981
0.00177719
0.00231504
0.0025395
0.00255822
0.00239215
0.00274692
0.00269831
0.00266891
0.0031632
0.00249951
0.00226882
0.0026406
0.00301452
0.00306538
0.00281292
0.00320292
0.00319511
0.00314813
0.00362306
0.000516358
0.000769041
0.00109166
0.000414605
0.000903544
0.000663601
0.000749331
0.000764554
0.000786439
0.000376176
0.000732581
0.00114649
0.0014317
0.000782542
0.00128622
0.00107534
0.00116396
0.00118359
0.00122653
0.000741045
0.00057891
0.00111313
0.00137768
0.000812166
0.00130593
0.00110325
0.00117842
0.00120762
0.00124243
0.000767749
0.000532782
0.00104232
0.00126556
0.000845357
0.00124217
0.0010263
0.00110401
0.00113234
0.00116946
0.000700134
0.000980413
0.00121441
0.00121018
0.00092253
0.00122514
0.00101948
0.00109048
0.0011245
0.00116065
0.000696961
0.00112389
0.00134105
0.00116617
0.000906596
0.0012074
0.00103105
0.001111
0.00113835
0.00117558
0.000708892
0.000678613
0.00118763
0.00121443
0.000890021
0.00111334
0.000995863
0.00109949
0.00111183
0.0011521
0.000689658
0.000413983
0.000945822
0.00119125
0.000963849
0.00104507
0.00101217
0.00116746
0.00116628
0.00121104
0.000753348
0.000245013
0.000878057
0.00110345
0.00109235
0.00105405
0.000989002
0.00120496
0.00117629
0.00122205
0.000744732
-1.38576e-05
0.000422112
0.000594778
0.000669096
0.000624649
0.000489754
0.000735341
0.000716908
0.000730373
0.000341582
)
;

boundaryField
{
    inlet1
    {
        type            zeroGradient;
    }
    inlet2
    {
        type            zeroGradient;
    }
    outlet1
    {
        type            fixedValue;
        value           uniform 0;
    }
    outlet2
    {
        type            fixedValue;
        value           uniform 0;
    }
    fixedWalls
    {
        type            zeroGradient;
    }
}


// ************************************************************************* //
