/*--------------------------------*- C++ -*----------------------------------*\
  =========                 |
  \\      /  F ield         | OpenFOAM: The Open Source CFD Toolbox
   \\    /   O peration     | Website:  https://openfoam.org
    \\  /    A nd           | Version:  6
     \\/     M anipulation  |
\*---------------------------------------------------------------------------*/
FoamFile
{
    version     2.0;
    format      ascii;
    class       volScalarField;
    location    "0.78";
    object      T;
}
// * * * * * * * * * * * * * * * * * * * * * * * * * * * * * * * * * * * * * //

dimensions      [0 0 0 1 0 0 0];

internalField   nonuniform List<scalar> 
7000
(
106.378
106.377
106.373
106.368
106.363
106.356
106.35
106.344
106.34
106.338
106.378
106.377
106.373
106.368
106.363
106.356
106.35
106.344
106.34
106.338
106.378
106.377
106.373
106.368
106.363
106.356
106.35
106.344
106.34
106.338
106.378
106.377
106.373
106.368
106.363
106.356
106.35
106.344
106.34
106.338
106.378
106.377
106.373
106.368
106.363
106.356
106.35
106.344
106.34
106.338
106.378
106.377
106.373
106.368
106.363
106.356
106.35
106.344
106.34
106.338
106.378
106.377
106.373
106.368
106.363
106.356
106.35
106.344
106.34
106.338
106.378
106.377
106.373
106.368
106.363
106.356
106.35
106.344
106.34
106.338
106.378
106.377
106.373
106.368
106.363
106.356
106.35
106.344
106.34
106.338
106.378
106.377
106.373
106.368
106.363
106.356
106.35
106.344
106.34
106.338
99.1589
99.1536
99.1432
99.1285
99.1106
99.091
99.0715
99.0542
99.0412
99.0342
99.1589
99.1535
99.1432
99.1285
99.1106
99.091
99.0715
99.0542
99.0412
99.0342
99.1589
99.1535
99.1432
99.1285
99.1106
99.091
99.0715
99.0542
99.0412
99.0342
99.1589
99.1535
99.1432
99.1285
99.1106
99.091
99.0715
99.0542
99.0412
99.0342
99.1589
99.1535
99.1431
99.1285
99.1106
99.091
99.0715
99.0542
99.0412
99.0342
99.1589
99.1535
99.1431
99.1285
99.1106
99.091
99.0715
99.0542
99.0412
99.0342
99.1589
99.1535
99.1431
99.1285
99.1106
99.091
99.0715
99.0542
99.0412
99.0342
99.1589
99.1535
99.1432
99.1285
99.1106
99.091
99.0715
99.0542
99.0412
99.0342
99.1589
99.1535
99.1432
99.1285
99.1106
99.091
99.0715
99.0542
99.0412
99.0342
99.1589
99.1535
99.1432
99.1285
99.1106
99.091
99.0715
99.0542
99.0412
99.0342
92.0104
92.0012
91.9833
91.9581
91.9271
91.8928
91.8586
91.8279
91.8047
91.7921
92.0103
92.0011
91.9833
91.958
91.927
91.8928
91.8586
91.8279
91.8046
91.7921
92.0103
92.0011
91.9833
91.958
91.927
91.8928
91.8585
91.8279
91.8046
91.7921
92.0103
92.0011
91.9833
91.958
91.927
91.8928
91.8585
91.8279
91.8046
91.7921
92.0103
92.0011
91.9833
91.958
91.927
91.8928
91.8585
91.8279
91.8046
91.792
92.0103
92.0011
91.9833
91.958
91.927
91.8928
91.8585
91.8279
91.8046
91.792
92.0103
92.0011
91.9833
91.958
91.927
91.8928
91.8585
91.8279
91.8046
91.792
92.0103
92.0011
91.9833
91.958
91.927
91.8928
91.8585
91.8279
91.8046
91.7921
92.0103
92.0011
91.9833
91.958
91.927
91.8928
91.8585
91.8279
91.8046
91.7921
92.0103
92.0011
91.9833
91.958
91.927
91.8928
91.8586
91.8279
91.8047
91.7921
84.979
84.9656
84.9397
84.9026
84.8568
84.8057
84.7538
84.7068
84.6706
84.6509
84.979
84.9656
84.9397
84.9026
84.8568
84.8057
84.7538
84.7068
84.6706
84.6508
84.9789
84.9656
84.9397
84.9026
84.8568
84.8057
84.7538
84.7068
84.6706
84.6508
84.9789
84.9656
84.9396
84.9026
84.8568
84.8057
84.7538
84.7067
84.6706
84.6508
84.9789
84.9656
84.9396
84.9026
84.8568
84.8057
84.7538
84.7067
84.6706
84.6508
84.9789
84.9656
84.9396
84.9026
84.8568
84.8057
84.7538
84.7067
84.6706
84.6508
84.9789
84.9656
84.9396
84.9026
84.8568
84.8057
84.7538
84.7067
84.6706
84.6508
84.9789
84.9656
84.9396
84.9026
84.8568
84.8057
84.7538
84.7067
84.6706
84.6508
84.9789
84.9656
84.9397
84.9026
84.8568
84.8057
84.7538
84.7068
84.6706
84.6508
84.9789
84.9656
84.9397
84.9026
84.8568
84.8057
84.7538
84.7068
84.6706
84.6509
78.1097
78.0918
78.0569
78.0067
77.9438
77.8726
77.7989
77.7306
77.677
77.6472
78.1096
78.0918
78.0569
78.0067
77.9438
77.8726
77.7989
77.7306
77.677
77.6471
78.1096
78.0918
78.0569
78.0066
77.9438
77.8725
77.7989
77.7306
77.6769
77.6471
78.1096
78.0917
78.0569
78.0066
77.9438
77.8725
77.7988
77.7306
77.6769
77.6471
78.1096
78.0917
78.0569
78.0066
77.9438
77.8725
77.7988
77.7305
77.6769
77.6471
78.1096
78.0917
78.0569
78.0066
77.9438
77.8725
77.7988
77.7305
77.6769
77.6471
78.1096
78.0917
78.0569
78.0066
77.9438
77.8725
77.7988
77.7305
77.6769
77.6471
78.1096
78.0917
78.0569
78.0066
77.9438
77.8725
77.7989
77.7306
77.6769
77.6471
78.1096
78.0918
78.0569
78.0066
77.9438
77.8726
77.7989
77.7306
77.677
77.6471
78.1096
78.0918
78.0569
78.0067
77.9438
77.8726
77.7989
77.7306
77.677
77.6471
71.4452
71.4226
71.3781
71.3132
71.2309
71.1355
71.0342
70.9373
70.8585
70.8133
71.4452
71.4225
71.378
71.3132
71.2308
71.1355
71.0342
70.9372
70.8585
70.8133
71.4451
71.4225
71.378
71.3132
71.2308
71.1355
71.0341
70.9372
70.8584
70.8133
71.4451
71.4225
71.378
71.3132
71.2308
71.1354
71.0341
70.9372
70.8584
70.8133
71.4451
71.4225
71.378
71.3131
71.2308
71.1354
71.0341
70.9372
70.8584
70.8132
71.4451
71.4225
71.378
71.3131
71.2308
71.1354
71.0341
70.9372
70.8584
70.8132
71.4451
71.4225
71.378
71.3131
71.2308
71.1354
71.0341
70.9372
70.8584
70.8133
71.4451
71.4225
71.378
71.3132
71.2308
71.1354
71.0341
70.9372
70.8584
70.8133
71.4451
71.4225
71.378
71.3132
71.2308
71.1355
71.0342
70.9372
70.8585
70.8133
71.4452
71.4225
71.378
71.3132
71.2309
71.1355
71.0342
70.9372
70.8585
70.8133
65.0257
64.9982
64.9438
64.8636
64.7596
64.6359
64.4995
64.363
64.2459
64.1751
65.0256
64.9982
64.9438
64.8635
64.7595
64.6358
64.4995
64.3629
64.2458
64.175
65.0256
64.9982
64.9437
64.8635
64.7595
64.6358
64.4995
64.3629
64.2458
64.175
65.0256
64.9981
64.9437
64.8635
64.7595
64.6358
64.4994
64.3629
64.2458
64.175
65.0256
64.9981
64.9437
64.8635
64.7595
64.6358
64.4994
64.3629
64.2458
64.175
65.0256
64.9981
64.9437
64.8634
64.7595
64.6358
64.4994
64.3629
64.2458
64.175
65.0256
64.9981
64.9437
64.8635
64.7595
64.6358
64.4994
64.3629
64.2458
64.175
65.0256
64.9981
64.9437
64.8635
64.7595
64.6358
64.4995
64.3629
64.2458
64.175
65.0256
64.9982
64.9438
64.8635
64.7595
64.6358
64.4995
64.3629
64.2458
64.175
65.0256
64.9982
64.9438
64.8635
64.7596
64.6358
64.4995
64.3629
64.2459
64.1751
58.8877
58.8559
58.7922
58.6969
58.5707
58.4153
58.2359
58.0441
57.8654
57.7464
58.8877
58.8558
58.7921
58.6969
58.5706
58.4153
58.2358
58.0441
57.8654
57.7464
58.8876
58.8558
58.7921
58.6968
58.5706
58.4153
58.2358
58.044
57.8653
57.7464
58.8876
58.8557
58.7921
58.6968
58.5706
58.4152
58.2358
58.044
57.8653
57.7463
58.8876
58.8557
58.7921
58.6968
58.5706
58.4152
58.2358
58.044
57.8653
57.7463
58.8876
58.8557
58.7921
58.6968
58.5706
58.4152
58.2358
58.044
57.8653
57.7463
58.8876
58.8557
58.7921
58.6968
58.5706
58.4152
58.2358
58.044
57.8653
57.7463
58.8876
58.8558
58.7921
58.6968
58.5706
58.4153
58.2358
58.044
57.8653
57.7464
58.8876
58.8558
58.7921
58.6969
58.5706
58.4153
58.2358
58.0441
57.8654
57.7464
58.8877
58.8558
58.7922
58.6969
58.5707
58.4153
58.2359
58.0441
57.8654
57.7464
53.0635
53.0284
52.9575
52.8499
52.7039
52.5174
52.289
52.0228
51.7414
51.5185
53.0635
53.0283
52.9575
52.8499
52.7039
52.5173
52.2889
52.0227
51.7413
51.5184
53.0635
53.0283
52.9574
52.8499
52.7038
52.5173
52.2889
52.0227
51.7413
51.5184
53.0634
53.0282
52.9574
52.8498
52.7038
52.5172
52.2888
52.0226
51.7413
51.5184
53.0634
53.0282
52.9574
52.8498
52.7038
52.5172
52.2888
52.0226
51.7413
51.5183
53.0634
53.0282
52.9574
52.8498
52.7038
52.5172
52.2888
52.0226
51.7412
51.5183
53.0634
53.0282
52.9574
52.8498
52.7038
52.5172
52.2888
52.0226
51.7413
51.5184
53.0634
53.0283
52.9574
52.8498
52.7038
52.5173
52.2889
52.0227
51.7413
51.5184
53.0635
53.0283
52.9574
52.8499
52.7039
52.5173
52.2889
52.0227
51.7413
51.5184
53.0635
53.0283
52.9575
52.8499
52.7039
52.5173
52.2889
52.0227
51.7414
51.5185
47.58
47.5434
47.4693
47.3553
47.1973
46.9878
46.7148
46.3607
45.9119
45.4272
47.5799
47.5433
47.4692
47.3553
47.1973
46.9878
46.7147
46.3606
45.9119
45.4271
47.5799
47.5433
47.4692
47.3553
47.1972
46.9878
46.7147
46.3606
45.9118
45.4271
47.5799
47.5433
47.4692
47.3552
47.1972
46.9877
46.7147
46.3606
45.9118
45.427
47.5798
47.5433
47.4691
47.3552
47.1972
46.9877
46.7146
46.3605
45.9118
45.427
47.5798
47.5433
47.4691
47.3552
47.1972
46.9877
46.7146
46.3605
45.9118
45.427
47.5798
47.5433
47.4691
47.3552
47.1972
46.9877
46.7146
46.3605
45.9118
45.427
47.5799
47.5433
47.4692
47.3552
47.1972
46.9877
46.7147
46.3606
45.9118
45.4271
47.5799
47.5433
47.4692
47.3553
47.1973
46.9878
46.7147
46.3606
45.9119
45.4271
47.5799
47.5433
47.4692
47.3553
47.1973
46.9878
46.7148
46.3607
45.9119
45.4272
42.4574
42.422
42.3503
42.2395
42.084
41.8727
41.5835
41.1683
40.5083
39.2545
42.4573
42.422
42.3503
42.2395
42.0839
41.8726
41.5835
41.1682
40.5083
39.2545
42.4573
42.422
42.3503
42.2394
42.0839
41.8726
41.5834
41.1682
40.5082
39.2544
42.4572
42.4219
42.3502
42.2394
42.0838
41.8726
41.5834
41.1681
40.5082
39.2544
42.4572
42.4219
42.3502
42.2394
42.0838
41.8726
41.5834
41.1681
40.5082
39.2544
42.4572
42.4219
42.3502
42.2394
42.0838
41.8726
41.5834
41.1681
40.5082
39.2544
42.4572
42.4219
42.3502
42.2394
42.0838
41.8726
41.5834
41.1681
40.5082
39.2544
42.4573
42.4219
42.3502
42.2394
42.0839
41.8726
41.5834
41.1682
40.5082
39.2544
42.4573
42.422
42.3503
42.2394
42.0839
41.8726
41.5834
41.1682
40.5083
39.2545
42.4573
42.422
42.3503
42.2395
42.0839
41.8727
41.5835
41.1683
40.5083
39.2545
37.7086
37.6777
37.6151
37.5191
37.3854
37.2056
36.9624
36.6224
36.1236
35.3725
37.7086
37.6776
37.6151
37.519
37.3854
37.2055
36.9624
36.6224
36.1236
35.3724
37.7085
37.6776
37.615
37.519
37.3853
37.2055
36.9623
36.6223
36.1235
35.3724
37.7085
37.6776
37.615
37.519
37.3853
37.2055
36.9623
36.6223
36.1235
35.3723
37.7085
37.6775
37.615
37.5189
37.3853
37.2054
36.9623
36.6223
36.1235
35.3723
37.7085
37.6775
37.615
37.5189
37.3853
37.2054
36.9623
36.6223
36.1235
35.3723
37.7085
37.6776
37.615
37.519
37.3853
37.2054
36.9623
36.6223
36.1235
35.3723
37.7085
37.6776
37.615
37.519
37.3853
37.2055
36.9623
36.6223
36.1235
35.3723
37.7086
37.6776
37.6151
37.519
37.3854
37.2055
36.9623
36.6224
36.1235
35.3724
37.7086
37.6776
37.6151
37.5191
37.3854
37.2056
36.9624
36.6224
36.1236
35.3725
33.3388
33.3152
33.2682
33.198
33.1044
32.9858
32.8384
32.6564
32.4389
32.2182
33.3388
33.3151
33.2681
33.1979
33.1043
32.9857
32.8383
32.6564
32.4388
32.2182
33.3387
33.3151
33.2681
33.1979
33.1043
32.9857
32.8382
32.6563
32.4388
32.2181
33.3387
33.3151
33.268
33.1979
33.1043
32.9856
32.8382
32.6563
32.4387
32.2181
33.3387
33.315
33.268
33.1978
33.1042
32.9856
32.8382
32.6563
32.4387
32.218
33.3387
33.315
33.268
33.1978
33.1042
32.9856
32.8382
32.6563
32.4387
32.218
33.3387
33.3151
33.268
33.1979
33.1043
32.9856
32.8382
32.6563
32.4387
32.2181
33.3387
33.3151
33.268
33.1979
33.1043
32.9857
32.8382
32.6563
32.4388
32.2181
33.3388
33.3151
33.2681
33.1979
33.1043
32.9857
32.8383
32.6564
32.4388
32.2181
33.3388
33.3152
33.2681
33.198
33.1044
32.9858
32.8383
32.6564
32.4389
32.2182
29.3454
29.3312
29.3044
29.268
29.2266
29.1869
29.1586
29.1582
29.2172
29.4027
29.3453
29.3312
29.3044
29.2679
29.2265
29.1868
29.1586
29.1581
29.2171
29.4027
29.3453
29.3311
29.3043
29.2679
29.2265
29.1868
29.1585
29.1581
29.2171
29.4026
29.3453
29.3311
29.3043
29.2679
29.2265
29.1867
29.1585
29.158
29.217
29.4026
29.3453
29.3311
29.3043
29.2679
29.2264
29.1867
29.1585
29.158
29.217
29.4026
29.3453
29.3311
29.3043
29.2679
29.2264
29.1867
29.1585
29.158
29.217
29.4025
29.3453
29.3311
29.3043
29.2679
29.2265
29.1867
29.1585
29.158
29.217
29.4026
29.3453
29.3311
29.3043
29.2679
29.2265
29.1868
29.1585
29.1581
29.2171
29.4026
29.3453
29.3311
29.3043
29.2679
29.2265
29.1868
29.1585
29.1581
29.2171
29.4027
29.3454
29.3312
29.3044
29.268
29.2266
29.1869
29.1586
29.1582
29.2172
29.4027
25.719
25.7154
25.711
25.7117
25.7271
25.7711
25.8643
26.0368
26.3333
26.8217
25.7189
25.7153
25.7109
25.7117
25.727
25.771
25.8643
26.0367
26.3333
26.8216
25.7189
25.7153
25.7109
25.7116
25.727
25.771
25.8642
26.0367
26.3332
26.8215
25.7189
25.7153
25.7109
25.7116
25.7269
25.771
25.8642
26.0366
26.3332
26.8215
25.7189
25.7152
25.7109
25.7116
25.7269
25.7709
25.8642
26.0366
26.3332
26.8215
25.7189
25.7152
25.7109
25.7116
25.7269
25.7709
25.8642
26.0366
26.3332
26.8215
25.7189
25.7152
25.7109
25.7116
25.7269
25.771
25.8642
26.0366
26.3332
26.8215
25.7189
25.7153
25.7109
25.7116
25.727
25.771
25.8642
26.0367
26.3332
26.8215
25.7189
25.7153
25.7109
25.7117
25.727
25.771
25.8642
26.0367
26.3333
26.8216
25.719
25.7154
25.711
25.7117
25.7271
25.7711
25.8643
26.0368
26.3333
26.8216
22.445
22.4518
22.4694
22.5061
22.5756
22.698
22.9017
23.2257
23.7203
24.4461
22.445
22.4517
22.4693
22.5061
22.5756
22.6979
22.9016
23.2256
23.7202
24.4461
22.4449
22.4517
22.4693
22.506
22.5755
22.6979
22.9016
23.2255
23.7202
24.446
22.4449
22.4517
22.4693
22.506
22.5755
22.6978
22.9016
23.2255
23.7201
24.446
22.4449
22.4517
22.4692
22.506
22.5755
22.6978
22.9016
23.2255
23.7201
24.446
22.4449
22.4517
22.4692
22.506
22.5755
22.6978
22.9016
23.2255
23.7201
24.446
22.4449
22.4517
22.4693
22.506
22.5755
22.6978
22.9016
23.2255
23.7201
24.446
22.4449
22.4517
22.4693
22.506
22.5755
22.6979
22.9016
23.2255
23.7202
24.446
22.4449
22.4517
22.4693
22.5061
22.5756
22.6979
22.9016
23.2256
23.7202
24.4461
22.445
22.4518
22.4694
22.5061
22.5756
22.698
22.9017
23.2257
23.7203
24.4461
19.5051
19.521
19.5576
19.6252
19.7404
19.9278
20.2224
20.671
21.3314
22.2634
19.5051
19.521
19.5576
19.6252
19.7403
19.9277
20.2223
20.6709
21.3313
22.2633
19.505
19.5209
19.5576
19.6251
19.7403
19.9277
20.2223
20.6709
21.3313
22.2632
19.505
19.5209
19.5575
19.6251
19.7402
19.9276
20.2222
20.6708
21.3313
22.2632
19.505
19.5209
19.5575
19.6251
19.7402
19.9276
20.2222
20.6708
21.3312
22.2632
19.505
19.5209
19.5575
19.6251
19.7402
19.9276
20.2222
20.6708
21.3312
22.2632
19.505
19.5209
19.5575
19.6251
19.7402
19.9276
20.2222
20.6708
21.3313
22.2632
19.505
19.5209
19.5576
19.6251
19.7403
19.9277
20.2223
20.6709
21.3313
22.2632
19.5051
19.5209
19.5576
19.6252
19.7403
19.9277
20.2223
20.6709
21.3313
22.2633
19.5051
19.521
19.5576
19.6252
19.7404
19.9278
20.2224
20.671
21.3314
22.2634
16.879
16.9018
16.9526
17.0427
17.1902
17.4227
17.7803
18.3194
19.1145
20.2476
16.879
16.9017
16.9526
17.0426
17.1901
17.4226
17.7803
18.3193
19.1144
20.2475
16.8789
16.9017
16.9526
17.0426
17.1901
17.4226
17.7802
18.3193
19.1143
20.2475
16.8789
16.9017
16.9525
17.0426
17.19
17.4226
17.7802
18.3193
19.1143
20.2474
16.8789
16.9017
16.9525
17.0425
17.19
17.4226
17.7802
18.3193
19.1143
20.2474
16.8789
16.9017
16.9525
17.0425
17.19
17.4226
17.7802
18.3193
19.1143
20.2474
16.8789
16.9017
16.9525
17.0426
17.19
17.4226
17.7802
18.3193
19.1143
20.2474
16.8789
16.9017
16.9525
17.0426
17.1901
17.4226
17.7802
18.3193
19.1144
20.2475
16.879
16.9017
16.9526
17.0426
17.1901
17.4226
17.7803
18.3194
19.1144
20.2475
16.879
16.9018
16.9526
17.0427
17.1902
17.4227
17.7803
18.3194
19.1145
20.2476
14.5457
14.5726
14.6317
14.7338
14.897
15.149
15.5317
16.1098
16.986
18.3191
14.5457
14.5726
14.6316
14.7337
14.8969
15.1489
15.5316
16.1097
16.986
18.319
14.5457
14.5726
14.6316
14.7337
14.8969
15.1489
15.5316
16.1097
16.9859
18.319
14.5456
14.5725
14.6316
14.7337
14.8969
15.1489
15.5316
16.1097
16.9859
18.319
14.5456
14.5725
14.6316
14.7337
14.8969
15.1489
15.5315
16.1096
16.9859
18.3189
14.5456
14.5725
14.6316
14.7337
14.8969
15.1489
15.5315
16.1096
16.9859
18.3189
14.5456
14.5725
14.6316
14.7337
14.8969
15.1489
15.5316
16.1097
16.9859
18.319
14.5456
14.5726
14.6316
14.7337
14.8969
15.1489
15.5316
16.1097
16.9859
18.319
14.5457
14.5726
14.6316
14.7337
14.8969
15.1489
15.5316
16.1097
16.986
18.319
14.5457
14.5726
14.6317
14.7338
14.897
15.149
15.5317
16.1098
16.986
18.3191
12.4849
12.5131
12.5741
12.6776
12.8389
13.0817
13.4418
13.9779
14.8046
16.2145
12.4848
12.513
12.5741
12.6775
12.8389
13.0817
13.4418
13.9779
14.8046
16.2145
12.4848
12.513
12.5741
12.6775
12.8388
13.0816
13.4417
13.9778
14.8046
16.2145
12.4848
12.513
12.5741
12.6775
12.8388
13.0816
13.4417
13.9778
14.8045
16.2144
12.4848
12.513
12.574
12.6775
12.8388
13.0816
13.4417
13.9778
14.8045
16.2144
12.4848
12.513
12.574
12.6775
12.8388
13.0816
13.4417
13.9778
14.8045
16.2144
12.4848
12.513
12.5741
12.6775
12.8388
13.0816
13.4417
13.9778
14.8045
16.2144
12.4848
12.513
12.5741
12.6775
12.8388
13.0817
13.4417
13.9779
14.8046
16.2145
12.4848
12.513
12.5741
12.6775
12.8389
13.0817
13.4418
13.9779
14.8046
16.2145
12.4848
12.5131
12.5741
12.6776
12.8389
13.0817
13.4418
13.9779
14.8047
16.2146
36.1689
35.3969
36.2554
38.5258
42.197
47.3936
54.3796
63.623
75.9726
93.1289
36.1688
35.3969
36.2553
38.5257
42.1969
47.3935
54.3794
63.6228
75.9724
93.1287
36.1687
35.3968
36.2552
38.5257
42.1969
47.3934
54.3793
63.6227
75.9723
93.1286
36.1687
35.3967
36.2552
38.5256
42.1968
47.3934
54.3793
63.6227
75.9723
93.1285
36.1687
35.3967
36.2552
38.5256
42.1968
47.3933
54.3792
63.6226
75.9722
93.1285
36.1687
35.3967
36.2551
38.5256
42.1968
47.3933
54.3792
63.6226
75.9722
93.1285
36.1687
35.3967
36.2552
38.5256
42.1968
47.3934
54.3793
63.6226
75.9723
93.1285
36.1687
35.3968
36.2552
38.5256
42.1968
47.3934
54.3793
63.6227
75.9723
93.1286
36.1688
35.3968
36.2552
38.5257
42.1969
47.3935
54.3794
63.6228
75.9724
93.1287
36.1688
35.3969
36.2553
38.5257
42.1969
47.3935
54.3795
63.6228
75.9725
93.1288
34.3764
34.3407
35.4663
37.7944
41.3859
46.362
52.9213
61.3549
72.0394
85.283
34.3764
34.3407
35.4662
37.7943
41.3858
46.3619
52.9212
61.3547
72.0393
85.2828
34.3763
34.3406
35.4661
37.7942
41.3857
46.3618
52.9211
61.3546
72.0392
85.2827
34.3763
34.3405
35.466
37.7941
41.3857
46.3617
52.921
61.3546
72.0391
85.2827
34.3762
34.3405
35.466
37.7941
41.3856
46.3617
52.921
61.3545
72.0391
85.2826
34.3762
34.3405
35.466
37.7941
41.3856
46.3617
52.921
61.3545
72.0391
85.2826
34.3762
34.3405
35.466
37.7941
41.3857
46.3617
52.921
61.3546
72.0391
85.2827
34.3763
34.3406
35.4661
37.7942
41.3857
46.3618
52.921
61.3546
72.0391
85.2827
34.3763
34.3406
35.4661
37.7942
41.3858
46.3618
52.9211
61.3547
72.0392
85.2828
34.3764
34.3407
35.4662
37.7943
41.3859
46.3619
52.9212
61.3548
72.0393
85.2829
32.1529
32.6997
34.0973
36.4677
39.9027
44.5026
50.3853
57.6711
66.4179
76.436
32.1528
32.6997
34.0972
36.4675
39.9026
44.5025
50.3851
57.671
66.4178
76.4359
32.1527
32.6996
34.0971
36.4675
39.9025
44.5024
50.385
57.6709
66.4177
76.4358
32.1527
32.6995
34.0971
36.4674
39.9025
44.5023
50.385
57.6708
66.4176
76.4357
32.1526
32.6995
34.0971
36.4674
39.9025
44.5023
50.3849
57.6708
66.4176
76.4357
32.1526
32.6995
34.0971
36.4674
39.9025
44.5023
50.3849
57.6708
66.4176
76.4357
32.1527
32.6995
34.0971
36.4674
39.9025
44.5023
50.385
57.6708
66.4176
76.4357
32.1527
32.6996
34.0971
36.4674
39.9025
44.5024
50.385
57.6709
66.4176
76.4358
32.1527
32.6996
34.0972
36.4675
39.9026
44.5024
50.3851
57.671
66.4177
76.4358
32.1528
32.6997
34.0973
36.4676
39.9027
44.5026
50.3852
57.6711
66.4179
76.436
29.8514
30.7855
32.377
34.7415
37.9633
42.1111
47.2371
53.3557
60.3894
68.0697
29.8513
30.7854
32.3769
34.7414
37.9632
42.111
47.237
53.3556
60.3892
68.0696
29.8512
30.7854
32.3768
34.7413
37.9631
42.1109
47.2369
53.3555
60.3891
68.0695
29.8512
30.7853
32.3768
34.7413
37.9631
42.1108
47.2368
53.3554
60.3891
68.0694
29.8512
30.7853
32.3767
34.7412
37.9631
42.1108
47.2368
53.3554
60.389
68.0694
29.8512
30.7853
32.3767
34.7412
37.9631
42.1108
47.2368
53.3554
60.389
68.0694
29.8512
30.7853
32.3767
34.7412
37.9631
42.1108
47.2368
53.3554
60.3891
68.0694
29.8512
30.7853
32.3768
34.7413
37.9631
42.1109
47.2369
53.3555
60.3891
68.0695
29.8513
30.7854
32.3769
34.7414
37.9632
42.1109
47.2369
53.3556
60.3892
68.0696
29.8513
30.7855
32.3769
34.7415
37.9633
42.111
47.237
53.3557
60.3893
68.0697
27.5996
28.7899
30.5017
32.8186
35.8008
39.4851
43.8794
48.9454
54.5686
60.5212
27.5996
28.7898
30.5016
32.8185
35.8007
39.485
43.8793
48.9453
54.5684
60.521
27.5995
28.7898
30.5015
32.8185
35.8006
39.4849
43.8792
48.9452
54.5684
60.521
27.5995
28.7897
30.5014
32.8184
35.8005
39.4849
43.8792
48.9451
54.5683
60.5209
27.5994
28.7897
30.5014
32.8184
35.8005
39.4848
43.8792
48.9451
54.5683
60.5209
27.5994
28.7897
30.5014
32.8184
35.8005
39.4848
43.8792
48.9451
54.5683
60.5209
27.5994
28.7897
30.5014
32.8184
35.8005
39.4848
43.8792
48.9451
54.5683
60.5209
27.5995
28.7898
30.5015
32.8184
35.8006
39.4849
43.8792
48.9452
54.5683
60.5209
27.5995
28.7898
30.5015
32.8185
35.8006
39.485
43.8793
48.9453
54.5684
60.521
27.5996
28.7899
30.5016
32.8186
35.8007
39.4851
43.8794
48.9454
54.5686
60.5212
25.4676
26.8445
28.6338
30.8849
33.6314
36.8844
40.6235
44.7867
49.2598
53.8719
25.4676
26.8444
28.6337
30.8848
33.6313
36.8843
40.6234
44.7866
49.2597
53.8718
25.4675
26.8443
28.6337
30.8847
33.6312
36.8842
40.6233
44.7865
49.2596
53.8717
25.4675
26.8443
28.6336
30.8847
33.6312
36.8841
40.6232
44.7865
49.2595
53.8716
25.4674
26.8443
28.6336
30.8846
33.6311
36.8841
40.6232
44.7864
49.2595
53.8716
25.4674
26.8443
28.6336
30.8846
33.6311
36.8841
40.6232
44.7864
49.2595
53.8716
25.4675
26.8443
28.6336
30.8847
33.6312
36.8841
40.6232
44.7865
49.2595
53.8716
25.4675
26.8443
28.6337
30.8847
33.6312
36.8842
40.6233
44.7865
49.2596
53.8717
25.4675
26.8444
28.6337
30.8848
33.6313
36.8843
40.6234
44.7866
49.2597
53.8718
25.4676
26.8445
28.6338
30.8849
33.6314
36.8844
40.6235
44.7867
49.2598
53.8719
23.5055
25.0513
26.9099
29.1023
31.6425
34.5232
37.7055
41.114
44.6383
48.1495
23.5054
25.0512
26.9098
29.1022
31.6424
34.5231
37.7054
41.1139
44.6382
48.1494
23.5054
25.0511
26.9098
29.1021
31.6424
34.523
37.7054
41.1138
44.6381
48.1493
23.5053
25.0511
26.9097
29.1021
31.6423
34.523
37.7053
41.1138
44.6381
48.1493
23.5053
25.0511
26.9097
29.1021
31.6423
34.5229
37.7053
41.1138
44.6381
48.1492
23.5053
25.0511
26.9097
29.1021
31.6423
34.5229
37.7053
41.1138
44.6381
48.1492
23.5053
25.0511
26.9097
29.1021
31.6423
34.523
37.7053
41.1138
44.6381
48.1493
23.5054
25.0511
26.9098
29.1021
31.6424
34.523
37.7054
41.1139
44.6381
48.1493
23.5054
25.0512
26.9098
29.1022
31.6424
34.5231
37.7054
41.1139
44.6382
48.1494
23.5055
25.0513
26.9099
29.1023
31.6425
34.5232
37.7055
41.1141
44.6384
48.1496
21.755
23.5011
25.4497
27.6105
29.9916
32.5764
35.3124
38.108
40.84
43.3856
21.755
23.501
25.4496
27.6104
29.9915
32.5763
35.3123
38.1078
40.8398
43.3855
21.7549
23.501
25.4496
27.6103
29.9914
32.5762
35.3122
38.1078
40.8398
43.3854
21.7549
23.501
25.4495
27.6103
29.9913
32.5761
35.3121
38.1077
40.8397
43.3854
21.7549
23.5009
25.4495
27.6102
29.9913
32.5761
35.3121
38.1077
40.8397
43.3853
21.7549
23.5009
25.4495
27.6102
29.9913
32.5761
35.3121
38.1077
40.8397
43.3853
21.7549
23.501
25.4495
27.6103
29.9914
32.5761
35.3121
38.1077
40.8397
43.3854
21.7549
23.501
25.4496
27.6103
29.9914
32.5762
35.3122
38.1078
40.8398
43.3854
21.755
23.5011
25.4497
27.6104
29.9915
32.5763
35.3123
38.1079
40.8399
43.3855
21.755
23.5011
25.4497
27.6105
29.9916
32.5764
35.3124
38.108
40.84
43.3857
20.2689
22.2946
24.3665
26.5291
28.8073
31.1855
33.6002
35.9352
38.0219
39.6643
20.2688
22.2945
24.3665
26.529
28.8072
31.1854
33.6001
35.9351
38.0218
39.6642
20.2687
22.2945
24.3664
26.529
28.8071
31.1854
33.6
35.935
38.0217
39.6641
20.2687
22.2944
24.3664
26.5289
28.8071
31.1853
33.6
35.9349
38.0217
39.664
20.2687
22.2944
24.3664
26.5289
28.8071
31.1853
33.6
35.9349
38.0216
39.664
20.2687
22.2944
24.3664
26.5289
28.8071
31.1853
33.6
35.9349
38.0216
39.664
20.2687
22.2944
24.3664
26.5289
28.8071
31.1853
33.6
35.935
38.0217
39.664
20.2687
22.2945
24.3664
26.529
28.8072
31.1854
33.6001
35.935
38.0217
39.6641
20.2688
22.2945
24.3665
26.529
28.8072
31.1855
33.6002
35.9351
38.0218
39.6642
20.2689
22.2946
24.3666
26.5291
28.8073
31.1856
33.6003
35.9352
38.0219
39.6643
19.1954
21.5784
23.7747
25.9567
28.1873
30.4588
32.7004
34.7701
36.4284
37.2645
19.1954
21.5783
23.7746
25.9566
28.1873
30.4588
32.7003
34.7701
36.4283
37.2644
19.1953
21.5782
23.7746
25.9566
28.1872
30.4587
32.7002
34.77
36.4282
37.2643
19.1953
21.5782
23.7746
25.9565
28.1872
30.4586
32.7002
34.7699
36.4282
37.2643
19.1953
21.5782
23.7745
25.9565
28.1871
30.4586
32.7002
34.7699
36.4282
37.2643
19.1953
21.5782
23.7745
25.9565
28.1871
30.4586
32.7002
34.7699
36.4282
37.2643
19.1953
21.5782
23.7746
25.9566
28.1872
30.4587
32.7002
34.77
36.4282
37.2643
19.1953
21.5783
23.7746
25.9566
28.1872
30.4587
32.7003
34.77
36.4283
37.2644
19.1954
21.5783
23.7747
25.9567
28.1873
30.4588
32.7003
34.7701
36.4283
37.2645
19.1954
21.5784
23.7748
25.9568
28.1874
30.4589
32.7005
34.7702
36.4285
37.2646
119.035
131.374
138.951
144.265
148.203
151.163
153.36
154.921
155.923
156.413
119.035
131.373
138.951
144.264
148.202
151.163
153.36
154.92
155.923
156.413
119.034
131.373
138.951
144.264
148.202
151.163
153.36
154.92
155.923
156.413
119.034
131.373
138.95
144.264
148.202
151.163
153.36
154.92
155.923
156.413
119.034
131.373
138.95
144.264
148.202
151.163
153.36
154.92
155.923
156.413
119.034
131.373
138.95
144.264
148.202
151.163
153.36
154.92
155.923
156.413
119.034
131.373
138.95
144.264
148.202
151.163
153.36
154.92
155.923
156.413
119.034
131.373
138.951
144.264
148.202
151.163
153.36
154.92
155.923
156.413
119.034
131.373
138.951
144.264
148.202
151.163
153.36
154.92
155.923
156.413
119.035
131.374
138.951
144.264
148.203
151.163
153.36
154.921
155.923
156.414
100.43
111.46
119.268
124.944
129.162
132.318
134.647
136.293
137.348
137.863
100.429
111.46
119.268
124.943
129.162
132.318
134.647
136.293
137.347
137.862
100.429
111.459
119.268
124.943
129.162
132.318
134.647
136.293
137.347
137.862
100.429
111.459
119.268
124.943
129.162
132.318
134.646
136.293
137.347
137.862
100.429
111.459
119.268
124.943
129.162
132.318
134.646
136.293
137.347
137.862
100.429
111.459
119.268
124.943
129.162
132.318
134.646
136.293
137.347
137.862
100.429
111.459
119.268
124.943
129.162
132.318
134.646
136.293
137.347
137.862
100.429
111.459
119.268
124.943
129.162
132.318
134.647
136.293
137.347
137.862
100.429
111.46
119.268
124.943
129.162
132.318
134.647
136.293
137.348
137.863
100.43
111.46
119.268
124.944
129.162
132.318
134.647
136.293
137.348
137.863
86.8693
95.7175
102.689
108.065
112.185
115.314
117.639
119.29
120.348
120.866
86.8692
95.7174
102.689
108.065
112.185
115.314
117.639
119.29
120.348
120.866
86.8691
95.7172
102.688
108.065
112.185
115.313
117.639
119.289
120.348
120.866
86.869
95.7172
102.688
108.065
112.185
115.313
117.639
119.289
120.348
120.866
86.869
95.7171
102.688
108.065
112.185
115.313
117.639
119.289
120.348
120.866
86.869
95.7171
102.688
108.065
112.185
115.313
117.639
119.289
120.348
120.866
86.869
95.7172
102.688
108.065
112.185
115.313
117.639
119.289
120.348
120.866
86.8691
95.7172
102.688
108.065
112.185
115.313
117.639
119.289
120.348
120.866
86.8692
95.7173
102.689
108.065
112.185
115.314
117.639
119.29
120.348
120.866
86.8693
95.7175
102.689
108.065
112.185
115.314
117.639
119.29
120.348
120.866
75.8178
82.7999
88.672
93.4309
97.2017
100.128
102.334
103.912
104.931
105.43
75.8177
82.7997
88.6718
93.4308
97.2015
100.128
102.334
103.912
104.93
105.43
75.8176
82.7996
88.6717
93.4307
97.2014
100.128
102.333
103.912
104.93
105.429
75.8175
82.7995
88.6717
93.4306
97.2013
100.128
102.333
103.912
104.93
105.429
75.8175
82.7995
88.6716
93.4306
97.2013
100.128
102.333
103.912
104.93
105.429
75.8175
82.7995
88.6716
93.4306
97.2013
100.128
102.333
103.912
104.93
105.429
75.8175
82.7995
88.6717
93.4306
97.2014
100.128
102.333
103.912
104.93
105.429
75.8176
82.7996
88.6717
93.4307
97.2014
100.128
102.333
103.912
104.93
105.429
75.8177
82.7997
88.6718
93.4308
97.2015
100.128
102.334
103.912
104.93
105.43
75.8178
82.7998
88.672
93.4309
97.2017
100.128
102.334
103.913
104.931
105.43
66.4454
71.9294
76.7271
80.7618
84.0557
86.67
88.6724
90.1217
91.0631
91.5264
66.4453
71.9293
76.7269
80.7617
84.0556
86.6699
88.6722
90.1215
91.0629
91.5263
66.4452
71.9292
76.7268
80.7616
84.0555
86.6698
88.6721
90.1214
91.0628
91.5262
66.4451
71.9291
76.7268
80.7615
84.0554
86.6697
88.6721
90.1214
91.0628
91.5262
66.4451
71.9291
76.7267
80.7615
84.0554
86.6697
88.672
90.1213
91.0628
91.5261
66.4451
71.9291
76.7267
80.7615
84.0554
86.6697
88.672
90.1214
91.0628
91.5262
66.4451
71.9291
76.7268
80.7615
84.0554
86.6697
88.6721
90.1214
91.0628
91.5262
66.4452
71.9292
76.7268
80.7616
84.0555
86.6698
88.6721
90.1215
91.0629
91.5263
66.4453
71.9293
76.7269
80.7617
84.0556
86.6699
88.6723
90.1216
91.063
91.5264
66.4454
71.9294
76.7271
80.7619
84.0557
86.6701
88.6724
90.1218
91.0632
91.5266
58.4105
62.6657
66.486
69.7925
72.5637
74.8115
76.5622
77.845
78.6852
79.1008
58.4103
62.6656
66.4859
69.7924
72.5636
74.8113
76.562
77.8449
78.6851
79.1007
58.4102
62.6655
66.4858
69.7923
72.5635
74.8112
76.5619
77.8448
78.685
79.1006
58.4102
62.6654
66.4857
69.7922
72.5634
74.8112
76.5619
77.8447
78.685
79.1005
58.4101
62.6654
66.4857
69.7922
72.5634
74.8111
76.5618
77.8447
78.6849
79.1005
58.4101
62.6654
66.4857
69.7922
72.5634
74.8111
76.5618
77.8447
78.685
79.1005
58.4102
62.6654
66.4857
69.7922
72.5635
74.8112
76.5619
77.8448
78.685
79.1006
58.4102
62.6655
66.4858
69.7923
72.5635
74.8112
76.562
77.8448
78.6851
79.1007
58.4103
62.6656
66.4859
69.7924
72.5636
74.8114
76.5621
77.845
78.6852
79.1008
58.4105
62.6657
66.486
69.7926
72.5638
74.8115
76.5622
77.8451
78.6853
79.1009
51.5358
54.7352
57.6754
60.2918
62.5429
64.4097
65.8896
66.9884
67.7146
68.0757
51.5357
54.7351
57.6753
60.2917
62.5427
64.4096
65.8895
66.9883
67.7145
68.0756
51.5356
54.735
57.6752
60.2916
62.5426
64.4095
65.8894
66.9882
67.7144
68.0755
51.5356
54.7349
57.6751
60.2916
62.5426
64.4094
65.8893
66.9881
67.7144
68.0755
51.5355
54.7349
57.6751
60.2915
62.5426
64.4094
65.8893
66.9881
67.7143
68.0754
51.5355
54.7349
57.6751
60.2915
62.5426
64.4094
65.8893
66.9881
67.7144
68.0754
51.5356
54.7349
57.6751
60.2916
62.5426
64.4094
65.8894
66.9882
67.7144
68.0755
51.5356
54.735
57.6752
60.2916
62.5427
64.4095
65.8894
66.9883
67.7145
68.0756
51.5357
54.7351
57.6753
60.2917
62.5428
64.4096
65.8895
66.9884
67.7146
68.0757
51.5359
54.7352
57.6754
60.2919
62.5429
64.4098
65.8897
66.9885
67.7147
68.0758
45.7019
47.9353
50.0758
52.0581
53.8205
55.3201
56.5324
57.4455
58.055
58.3597
45.7018
47.9352
50.0757
52.058
53.8203
55.3199
56.5323
57.4454
58.0549
58.3596
45.7017
47.9351
50.0756
52.0579
53.8202
55.3199
56.5322
57.4453
58.0548
58.3596
45.7016
47.935
50.0755
52.0579
53.8202
55.3198
56.5321
57.4453
58.0547
58.3595
45.7016
47.935
50.0755
52.0578
53.8202
55.3198
56.5321
57.4453
58.0547
58.3595
45.7016
47.935
50.0755
52.0578
53.8202
55.3198
56.5321
57.4453
58.0547
58.3595
45.7016
47.935
50.0755
52.0579
53.8202
55.3198
56.5322
57.4453
58.0548
58.3596
45.7017
47.9351
50.0756
52.0579
53.8203
55.3199
56.5322
57.4454
58.0549
58.3596
45.7018
47.9352
50.0757
52.058
53.8204
55.32
56.5323
57.4455
58.055
58.3597
45.7019
47.9353
50.0758
52.0582
53.8205
55.3201
56.5325
57.4456
58.0551
58.3599
40.7787
42.0694
43.4877
44.9094
46.2363
47.4027
48.3673
49.1054
49.6032
49.8537
40.7786
42.0692
43.4876
44.9093
46.2362
47.4026
48.3672
49.1053
49.6031
49.8536
40.7785
42.0692
43.4875
44.9092
46.2361
47.4025
48.3671
49.1052
49.6031
49.8535
40.7785
42.0691
43.4875
44.9091
46.2361
47.4025
48.367
49.1051
49.603
49.8535
40.7784
42.0691
43.4874
44.9091
46.2361
47.4025
48.367
49.1051
49.603
49.8535
40.7784
42.0691
43.4875
44.9091
46.2361
47.4025
48.367
49.1051
49.603
49.8535
40.7785
42.0691
43.4875
44.9092
46.2361
47.4025
48.3671
49.1052
49.603
49.8535
40.7785
42.0692
43.4875
44.9092
46.2362
47.4026
48.3671
49.1052
49.6031
49.8536
40.7786
42.0693
43.4876
44.9093
46.2363
47.4027
48.3672
49.1053
49.6032
49.8537
40.7787
42.0694
43.4878
44.9095
46.2364
47.4028
48.3674
49.1055
49.6034
49.8539
36.4795
36.8832
37.7121
38.6799
39.6458
40.528
41.276
41.8581
42.2551
42.4561
36.4794
36.8831
37.712
38.6798
39.6457
40.5279
41.2759
41.858
42.255
42.4561
36.4793
36.883
37.7119
38.6797
39.6456
40.5278
41.2758
41.8579
42.255
42.456
36.4793
36.8829
37.7119
38.6797
39.6455
40.5277
41.2757
41.8579
42.2549
42.456
36.4793
36.8829
37.7118
38.6796
39.6455
40.5277
41.2757
41.8579
42.2549
42.4559
36.4793
36.8829
37.7119
38.6797
39.6455
40.5277
41.2757
41.8579
42.2549
42.456
36.4793
36.8829
37.7119
38.6797
39.6455
40.5278
41.2758
41.8579
42.255
42.456
36.4794
36.883
37.7119
38.6798
39.6456
40.5278
41.2758
41.858
42.255
42.4561
36.4794
36.8831
37.712
38.6798
39.6457
40.5279
41.2759
41.8581
42.2551
42.4562
36.4795
36.8832
37.7122
38.68
39.6458
40.5281
41.2761
41.8582
42.2552
42.4563
405.601
405.62
405.655
405.701
405.753
405.805
405.853
405.893
405.92
405.935
405.601
405.62
405.655
405.701
405.753
405.805
405.853
405.893
405.92
405.935
405.601
405.62
405.655
405.701
405.753
405.805
405.853
405.893
405.92
405.935
405.601
405.62
405.655
405.701
405.753
405.805
405.853
405.892
405.92
405.935
405.601
405.62
405.655
405.701
405.753
405.805
405.853
405.892
405.92
405.935
405.601
405.62
405.655
405.701
405.753
405.805
405.853
405.892
405.92
405.935
405.601
405.62
405.655
405.701
405.753
405.805
405.853
405.892
405.92
405.935
405.601
405.62
405.655
405.701
405.753
405.805
405.853
405.893
405.92
405.935
405.601
405.62
405.655
405.701
405.753
405.805
405.853
405.893
405.92
405.935
405.601
405.62
405.655
405.701
405.753
405.805
405.853
405.893
405.92
405.935
376.855
376.913
377.022
377.166
377.329
377.491
377.639
377.76
377.845
377.889
376.855
376.913
377.022
377.166
377.329
377.491
377.639
377.76
377.845
377.889
376.855
376.913
377.022
377.166
377.328
377.491
377.639
377.76
377.845
377.889
376.855
376.913
377.022
377.166
377.328
377.491
377.639
377.76
377.845
377.889
376.855
376.913
377.022
377.166
377.328
377.491
377.639
377.76
377.845
377.889
376.855
376.913
377.022
377.166
377.328
377.491
377.639
377.76
377.845
377.889
376.855
376.913
377.022
377.166
377.328
377.491
377.639
377.76
377.845
377.889
376.855
376.913
377.022
377.166
377.328
377.491
377.639
377.76
377.845
377.889
376.855
376.913
377.022
377.166
377.328
377.491
377.639
377.76
377.845
377.889
376.855
376.913
377.022
377.166
377.329
377.491
377.639
377.76
377.845
377.889
348.256
348.363
348.561
348.822
349.113
349.402
349.663
349.875
350.024
350.1
348.256
348.363
348.561
348.822
349.113
349.402
349.663
349.875
350.024
350.1
348.256
348.363
348.561
348.822
349.113
349.402
349.662
349.875
350.024
350.1
348.256
348.363
348.561
348.822
349.113
349.402
349.662
349.875
350.024
350.1
348.256
348.363
348.561
348.822
349.113
349.402
349.662
349.875
350.024
350.1
348.256
348.363
348.561
348.822
349.113
349.402
349.662
349.875
350.024
350.1
348.256
348.363
348.561
348.822
349.113
349.402
349.662
349.875
350.024
350.1
348.256
348.363
348.561
348.822
349.113
349.402
349.662
349.875
350.024
350.1
348.256
348.363
348.561
348.822
349.113
349.402
349.662
349.875
350.024
350.1
348.256
348.363
348.561
348.822
349.113
349.402
349.663
349.875
350.024
350.1
319.888
320.061
320.378
320.79
321.241
321.685
322.081
322.4
322.623
322.737
319.888
320.061
320.378
320.789
321.241
321.685
322.081
322.4
322.622
322.737
319.888
320.061
320.378
320.789
321.241
321.685
322.081
322.4
322.622
322.737
319.888
320.061
320.378
320.789
321.241
321.685
322.081
322.4
322.622
322.737
319.888
320.061
320.378
320.789
321.241
321.685
322.081
322.4
322.622
322.737
319.888
320.061
320.378
320.789
321.241
321.685
322.081
322.4
322.622
322.737
319.888
320.061
320.378
320.789
321.241
321.685
322.081
322.4
322.622
322.737
319.888
320.061
320.378
320.789
321.241
321.685
322.081
322.4
322.622
322.737
319.888
320.061
320.378
320.789
321.241
321.685
322.081
322.4
322.622
322.737
319.888
320.061
320.378
320.79
321.241
321.685
322.081
322.4
322.623
322.737
291.81
292.081
292.566
293.184
293.848
294.488
295.05
295.498
295.807
295.965
291.81
292.08
292.566
293.184
293.848
294.488
295.05
295.498
295.807
295.965
291.81
292.08
292.566
293.184
293.848
294.488
295.05
295.497
295.807
295.965
291.81
292.08
292.566
293.184
293.848
294.488
295.05
295.497
295.807
295.965
291.81
292.08
292.566
293.184
293.848
294.488
295.05
295.497
295.807
295.965
291.81
292.08
292.566
293.184
293.848
294.488
295.05
295.497
295.807
295.965
291.81
292.08
292.566
293.184
293.848
294.488
295.05
295.497
295.807
295.965
291.81
292.08
292.566
293.184
293.848
294.488
295.05
295.497
295.807
295.965
291.81
292.08
292.566
293.184
293.848
294.488
295.05
295.498
295.807
295.965
291.81
292.08
292.566
293.184
293.848
294.488
295.05
295.498
295.807
295.965
264.038
264.463
265.203
266.115
267.066
267.959
268.726
269.328
269.74
269.949
264.038
264.463
265.203
266.115
267.066
267.958
268.726
269.328
269.74
269.948
264.038
264.463
265.203
266.115
267.066
267.958
268.726
269.328
269.74
269.948
264.038
264.463
265.203
266.115
267.066
267.958
268.726
269.328
269.74
269.948
264.038
264.462
265.203
266.115
267.066
267.958
268.726
269.328
269.74
269.948
264.038
264.462
265.203
266.115
267.066
267.958
268.726
269.328
269.74
269.948
264.038
264.463
265.203
266.115
267.066
267.958
268.726
269.328
269.74
269.948
264.038
264.463
265.203
266.115
267.066
267.958
268.726
269.328
269.74
269.948
264.038
264.463
265.203
266.115
267.066
267.958
268.726
269.328
269.74
269.949
264.038
264.463
265.203
266.115
267.066
267.959
268.726
269.328
269.74
269.949
236.521
237.209
238.353
239.693
241.033
242.249
243.267
244.05
244.58
244.846
236.521
237.209
238.352
239.693
241.033
242.248
243.267
244.05
244.579
244.846
236.521
237.209
238.352
239.693
241.033
242.248
243.267
244.05
244.579
244.846
236.521
237.208
238.352
239.693
241.033
242.248
243.267
244.05
244.579
244.845
236.521
237.208
238.352
239.692
241.033
242.248
243.267
244.05
244.579
244.845
236.521
237.208
238.352
239.692
241.033
242.248
243.267
244.05
244.579
244.845
236.521
237.208
238.352
239.693
241.033
242.248
243.267
244.05
244.579
244.845
236.521
237.208
238.352
239.693
241.033
242.248
243.267
244.05
244.579
244.846
236.521
237.209
238.352
239.693
241.033
242.248
243.267
244.05
244.579
244.846
236.521
237.209
238.352
239.693
241.033
242.249
243.267
244.05
244.58
244.846
209.08
210.265
212.076
214.046
215.906
217.522
218.834
219.822
220.48
220.808
209.08
210.265
212.076
214.046
215.906
217.522
218.834
219.822
220.479
220.808
209.08
210.265
212.076
214.046
215.906
217.521
218.834
219.822
220.479
220.808
209.08
210.265
212.076
214.046
215.906
217.521
218.834
219.822
220.479
220.808
209.08
210.265
212.076
214.046
215.906
217.521
218.834
219.822
220.479
220.808
209.08
210.265
212.076
214.046
215.906
217.521
218.834
219.822
220.479
220.808
209.08
210.265
212.076
214.046
215.906
217.521
218.834
219.822
220.479
220.808
209.08
210.265
212.076
214.046
215.906
217.521
218.834
219.822
220.479
220.808
209.08
210.265
212.076
214.046
215.906
217.522
218.834
219.822
220.48
220.808
209.08
210.265
212.076
214.046
215.906
217.522
218.834
219.822
220.48
220.808
181.287
183.534
186.482
189.359
191.879
193.961
195.594
196.797
197.585
197.976
181.287
183.534
186.482
189.359
191.879
193.96
195.594
196.796
197.585
197.976
181.287
183.534
186.482
189.359
191.879
193.96
195.594
196.796
197.585
197.976
181.287
183.534
186.482
189.359
191.879
193.96
195.594
196.796
197.585
197.976
181.287
183.534
186.482
189.359
191.879
193.96
195.594
196.796
197.585
197.976
181.287
183.534
186.482
189.359
191.879
193.96
195.594
196.796
197.585
197.976
181.287
183.534
186.482
189.359
191.879
193.96
195.594
196.796
197.585
197.976
181.287
183.534
186.482
189.359
191.879
193.96
195.594
196.796
197.585
197.976
181.287
183.534
186.482
189.359
191.879
193.96
195.594
196.796
197.585
197.976
181.287
183.534
186.482
189.359
191.879
193.961
195.595
196.797
197.586
197.976
152.133
156.993
161.856
165.935
169.207
171.77
173.717
175.12
176.029
176.477
152.132
156.993
161.856
165.935
169.207
171.77
173.717
175.12
176.029
176.476
152.132
156.993
161.856
165.934
169.207
171.77
173.717
175.12
176.029
176.476
152.132
156.992
161.856
165.934
169.207
171.77
173.717
175.12
176.029
176.476
152.132
156.992
161.856
165.934
169.207
171.77
173.717
175.12
176.029
176.476
152.132
156.992
161.856
165.934
169.207
171.77
173.717
175.12
176.029
176.476
152.132
156.992
161.856
165.934
169.207
171.77
173.717
175.12
176.029
176.476
152.132
156.993
161.856
165.934
169.207
171.77
173.717
175.12
176.029
176.476
152.132
156.993
161.856
165.935
169.207
171.77
173.717
175.12
176.029
176.477
152.133
156.993
161.856
165.935
169.207
171.77
173.717
175.12
176.03
176.477
10.6773
10.7044
10.7622
10.8579
11.0028
11.2124
11.506
11.9043
12.4135
12.948
10.6773
10.7044
10.7622
10.8579
11.0028
11.2123
11.5059
11.9043
12.4134
12.948
10.6772
10.7043
10.7621
10.8579
11.0028
11.2123
11.5059
11.9042
12.4134
12.948
10.6772
10.7043
10.7621
10.8578
11.0027
11.2123
11.5059
11.9042
12.4134
12.948
10.6772
10.7043
10.7621
10.8578
11.0027
11.2123
11.5059
11.9042
12.4133
12.9479
10.6772
10.7043
10.7621
10.8578
11.0027
11.2123
11.5059
11.9042
12.4134
12.9479
10.6772
10.7043
10.7621
10.8578
11.0027
11.2123
11.5059
11.9042
12.4134
12.948
10.6772
10.7043
10.7621
10.8579
11.0028
11.2123
11.5059
11.9042
12.4134
12.948
10.6773
10.7044
10.7622
10.8579
11.0028
11.2123
11.506
11.9043
12.4134
12.948
10.6773
10.7044
10.7622
10.8579
11.0028
11.2124
11.506
11.9043
12.4135
12.9481
9.10557
9.12981
9.18077
9.26321
9.38384
9.55035
9.76882
10.0373
10.33
10.5639
9.10553
9.12977
9.18073
9.26317
9.38381
9.55031
9.76878
10.0372
10.33
10.5639
9.10551
9.12975
9.1807
9.26314
9.38378
9.55029
9.76875
10.0372
10.3299
10.5639
9.10549
9.12973
9.18069
9.26313
9.38376
9.55027
9.76873
10.0372
10.3299
10.5639
9.10548
9.12972
9.18068
9.26312
9.38375
9.55026
9.76872
10.0372
10.3299
10.5639
9.10548
9.12972
9.18068
9.26312
9.38375
9.55026
9.76872
10.0372
10.3299
10.5639
9.10549
9.12973
9.18069
9.26313
9.38377
9.55027
9.76874
10.0372
10.3299
10.5639
9.10551
9.12975
9.18071
9.26315
9.38379
9.55029
9.76876
10.0372
10.33
10.5639
9.10553
9.12977
9.18073
9.26318
9.38382
9.55033
9.76879
10.0373
10.33
10.5639
9.10556
9.1298
9.18077
9.26321
9.38386
9.55037
9.76883
10.0373
10.33
10.564
7.75367
7.77416
7.81662
7.88371
7.97862
8.10373
8.25803
8.43226
8.60134
8.71669
7.75364
7.77412
7.81659
7.88368
7.97858
8.1037
8.25799
8.43223
8.60131
8.71667
7.75361
7.7741
7.81657
7.88366
7.97856
8.10367
8.25797
8.4322
8.60128
8.71665
7.7536
7.77408
7.81655
7.88364
7.97854
8.10366
8.25795
8.43219
8.60127
8.71663
7.75359
7.77408
7.81654
7.88363
7.97854
8.10365
8.25794
8.43218
8.60126
8.71663
7.75359
7.77408
7.81654
7.88363
7.97854
8.10365
8.25795
8.43218
8.60126
8.71663
7.7536
7.77408
7.81655
7.88364
7.97855
8.10366
8.25796
8.43219
8.60128
8.71664
7.75361
7.7741
7.81657
7.88366
7.97857
8.10368
8.25798
8.43222
8.6013
8.71666
7.75363
7.77412
7.81659
7.88369
7.9786
8.10371
8.25801
8.43225
8.60133
8.7167
7.75366
7.77416
7.81663
7.88372
7.97863
8.10375
8.25805
8.43229
8.60137
8.71674
6.60698
6.62353
6.65738
6.70969
6.78138
6.87203
6.97802
7.08994
7.18998
7.25222
6.60695
6.6235
6.65735
6.70966
6.78134
6.872
6.97799
7.08991
7.18996
7.2522
6.60693
6.62348
6.65733
6.70963
6.78132
6.87198
6.97797
7.08989
7.18994
7.25218
6.60691
6.62346
6.65732
6.70962
6.78131
6.87196
6.97795
7.08987
7.18992
7.25217
6.6069
6.62346
6.65731
6.70961
6.7813
6.87196
6.97795
7.08987
7.18992
7.25216
6.60691
6.62346
6.65731
6.70961
6.7813
6.87196
6.97795
7.08987
7.18992
7.25217
6.60691
6.62346
6.65732
6.70962
6.78131
6.87197
6.97796
7.08988
7.18993
7.25218
6.60693
6.62348
6.65733
6.70964
6.78133
6.87199
6.97798
7.0899
7.18995
7.2522
6.60695
6.6235
6.65736
6.70966
6.78136
6.87201
6.97801
7.08993
7.18998
7.25223
6.60697
6.62353
6.65739
6.7097
6.78139
6.87205
6.97804
7.08997
7.19002
7.25227
5.65209
5.66501
5.69112
5.73065
5.78333
5.84758
5.91948
5.99156
6.05241
6.08824
5.65206
5.66498
5.69109
5.73062
5.7833
5.84756
5.91945
5.99153
6.05239
6.08822
5.65204
5.66496
5.69107
5.7306
5.78328
5.84753
5.91943
5.99151
6.05237
6.0882
5.65203
5.66495
5.69106
5.73058
5.78326
5.84752
5.91942
5.9915
6.05236
6.08819
5.65202
5.66494
5.69105
5.73058
5.78326
5.84752
5.91941
5.9915
6.05235
6.08819
5.65202
5.66494
5.69105
5.73058
5.78326
5.84752
5.91941
5.9915
6.05236
6.08819
5.65203
5.66495
5.69106
5.73059
5.78327
5.84753
5.91942
5.99151
6.05237
6.0882
5.65204
5.66496
5.69107
5.7306
5.78329
5.84755
5.91944
5.99153
6.05239
6.08822
5.65206
5.66498
5.69109
5.73063
5.78331
5.84757
5.91947
5.99155
6.05241
6.08825
5.65208
5.66501
5.69112
5.73066
5.78334
5.8476
5.9195
5.99159
6.05245
6.08828
4.87686
4.88671
4.90642
4.93573
4.97385
5.01895
5.06764
5.11457
5.15262
5.17426
4.87683
4.88669
4.9064
4.9357
4.97382
5.01892
5.06761
5.11454
5.15259
5.17424
4.87681
4.88667
4.90638
4.93569
4.9738
5.01891
5.0676
5.11452
5.15258
5.17423
4.8768
4.88666
4.90636
4.93567
4.97379
5.01889
5.06759
5.11451
5.15257
5.17422
4.8768
4.88665
4.90636
4.93567
4.97379
5.01889
5.06758
5.11451
5.15256
5.17421
4.8768
4.88665
4.90636
4.93567
4.97379
5.01889
5.06758
5.11451
5.15257
5.17422
4.8768
4.88666
4.90637
4.93568
4.9738
5.0189
5.06759
5.11452
5.15258
5.17423
4.87682
4.88667
4.90638
4.93569
4.97381
5.01892
5.06761
5.11454
5.15259
5.17424
4.87683
4.88669
4.9064
4.93571
4.97383
5.01894
5.06763
5.11456
5.15262
5.17427
4.87685
4.88672
4.90643
4.93574
4.97386
5.01897
5.06766
5.11459
5.15265
5.1743
4.27057
4.27803
4.29281
4.31444
4.342
4.37379
4.40713
4.4383
4.46286
4.47651
4.27055
4.27801
4.29278
4.31442
4.34198
4.37377
4.40711
4.43828
4.46283
4.47649
4.27053
4.27799
4.29277
4.3144
4.34196
4.37375
4.40709
4.43827
4.46282
4.47648
4.27052
4.27798
4.29275
4.31439
4.34195
4.37374
4.40708
4.43826
4.46281
4.47647
4.27052
4.27797
4.29275
4.31439
4.34195
4.37374
4.40708
4.43825
4.46281
4.47647
4.27052
4.27798
4.29275
4.31439
4.34195
4.37374
4.40708
4.43826
4.46281
4.47647
4.27052
4.27798
4.29276
4.3144
4.34196
4.37375
4.40709
4.43826
4.46282
4.47648
4.27053
4.27799
4.29277
4.31441
4.34197
4.37376
4.40711
4.43828
4.46284
4.4765
4.27055
4.27801
4.29279
4.31443
4.34199
4.37378
4.40713
4.4383
4.46286
4.47652
4.27057
4.27804
4.29282
4.31446
4.34202
4.37381
4.40716
4.43833
4.46289
4.47655
3.82421
3.82993
3.84118
3.85745
3.87781
3.9008
3.92436
3.94587
3.96246
3.97155
3.82418
3.82991
3.84116
3.85743
3.87778
3.90078
3.92434
3.94585
3.96244
3.97153
3.82417
3.82989
3.84115
3.85741
3.87777
3.90076
3.92432
3.94584
3.96243
3.97152
3.82416
3.82988
3.84114
3.8574
3.87776
3.90075
3.92431
3.94583
3.96242
3.97151
3.82415
3.82988
3.84113
3.8574
3.87775
3.90075
3.92431
3.94583
3.96242
3.97151
3.82416
3.82988
3.84113
3.8574
3.87776
3.90075
3.92431
3.94583
3.96242
3.97151
3.82416
3.82989
3.84114
3.85741
3.87776
3.90076
3.92432
3.94584
3.96243
3.97152
3.82417
3.8299
3.84115
3.85742
3.87778
3.90077
3.92434
3.94585
3.96245
3.97154
3.82419
3.82992
3.84117
3.85744
3.8778
3.90079
3.92436
3.94587
3.96247
3.97156
3.82421
3.82994
3.84119
3.85746
3.87782
3.90082
3.92438
3.9459
3.96249
3.97158
3.5307
3.53531
3.54432
3.55721
3.57312
3.59081
3.60861
3.62459
3.63673
3.6433
3.53068
3.53529
3.5443
3.55719
3.5731
3.59079
3.60859
3.62457
3.63671
3.64329
3.53066
3.53527
3.54428
3.55717
3.57309
3.59077
3.60858
3.62456
3.6367
3.64328
3.53065
3.53527
3.54427
3.55716
3.57308
3.59076
3.60857
3.62455
3.63669
3.64327
3.53065
3.53526
3.54427
3.55716
3.57307
3.59076
3.60857
3.62455
3.63669
3.64327
3.53065
3.53526
3.54427
3.55716
3.57308
3.59076
3.60857
3.62455
3.63669
3.64327
3.53066
3.53527
3.54428
3.55717
3.57308
3.59077
3.60858
3.62456
3.6367
3.64328
3.53067
3.53528
3.54429
3.55718
3.5731
3.59078
3.6086
3.62458
3.63672
3.6433
3.53068
3.5353
3.54431
3.5572
3.57312
3.5908
3.60861
3.6246
3.63673
3.64332
3.5307
3.53532
3.54433
3.55722
3.57314
3.59083
3.60864
3.62462
3.63676
3.64334
3.38518
3.38926
3.39718
3.40845
3.42225
3.43745
3.4526
3.46605
3.47619
3.48165
3.38517
3.38924
3.39716
3.40843
3.42223
3.43743
3.45258
3.46604
3.47617
3.48164
3.38515
3.38923
3.39715
3.40842
3.42222
3.43742
3.45257
3.46603
3.47616
3.48163
3.38515
3.38922
3.39714
3.40841
3.42221
3.43741
3.45256
3.46602
3.47616
3.48163
3.38514
3.38922
3.39714
3.40841
3.42221
3.43741
3.45256
3.46602
3.47616
3.48162
3.38514
3.38922
3.39714
3.40841
3.42221
3.43741
3.45256
3.46602
3.47616
3.48163
3.38515
3.38922
3.39715
3.40842
3.42222
3.43742
3.45257
3.46603
3.47617
3.48164
3.38516
3.38923
3.39716
3.40843
3.42223
3.43743
3.45258
3.46605
3.47618
3.48165
3.38517
3.38925
3.39718
3.40845
3.42225
3.43745
3.4526
3.46606
3.4762
3.48167
3.38519
3.38927
3.3972
3.40847
3.42227
3.43747
3.45263
3.46609
3.47623
3.48169
31.7608
32.0419
32.5725
33.2334
33.9264
34.5813
35.1498
35.5996
35.9097
36.0677
31.7607
32.0418
32.5724
33.2333
33.9263
34.5812
35.1497
35.5995
35.9096
36.0677
31.7606
32.0417
32.5723
33.2332
33.9262
34.5811
35.1496
35.5995
35.9096
36.0676
31.7606
32.0416
32.5723
33.2332
33.9261
34.581
35.1496
35.5994
35.9095
36.0676
31.7606
32.0416
32.5723
33.2332
33.9261
34.581
35.1496
35.5994
35.9095
36.0675
31.7606
32.0416
32.5723
33.2332
33.9261
34.581
35.1496
35.5994
35.9095
36.0676
31.7606
32.0417
32.5723
33.2332
33.9262
34.5811
35.1496
35.5994
35.9096
36.0676
31.7607
32.0417
32.5723
33.2332
33.9262
34.5811
35.1497
35.5995
35.9096
36.0677
31.7607
32.0418
32.5724
33.2333
33.9263
34.5812
35.1498
35.5996
35.9097
36.0678
31.7608
32.0419
32.5725
33.2334
33.9264
34.5813
35.1499
35.5997
35.9099
36.0679
27.4874
27.6788
28.0337
28.4904
28.9856
29.4664
29.8924
30.2344
30.4725
30.5946
27.4873
27.6788
28.0336
28.4903
28.9855
29.4663
29.8923
30.2343
30.4725
30.5945
27.4872
27.6787
28.0336
28.4903
28.9854
29.4662
29.8922
30.2342
30.4724
30.5945
27.4872
27.6786
28.0335
28.4902
28.9854
29.4662
29.8922
30.2342
30.4724
30.5944
27.4872
27.6786
28.0335
28.4902
28.9854
29.4662
29.8921
30.2342
30.4723
30.5944
27.4872
27.6786
28.0335
28.4902
28.9854
29.4662
29.8922
30.2342
30.4724
30.5944
27.4872
27.6786
28.0335
28.4902
28.9854
29.4662
29.8922
30.2342
30.4724
30.5945
27.4873
27.6787
28.0336
28.4903
28.9855
29.4663
29.8922
30.2343
30.4725
30.5945
27.4873
27.6788
28.0337
28.4904
28.9856
29.4663
29.8923
30.2344
30.4725
30.5946
27.4874
27.6789
28.0338
28.4905
28.9857
29.4665
29.8924
30.2345
30.4727
30.5947
23.7051
23.8362
24.0794
24.3986
24.7527
25.1037
25.4198
25.6768
25.8573
25.9503
23.705
23.8361
24.0793
24.3985
24.7527
25.1036
25.4197
25.6767
25.8573
25.9503
23.7049
23.836
24.0793
24.3985
24.7526
25.1035
25.4196
25.6766
25.8572
25.9502
23.7049
23.836
24.0792
24.3984
24.7526
25.1035
25.4196
25.6766
25.8572
25.9502
23.7049
23.836
24.0792
24.3984
24.7525
25.1035
25.4196
25.6766
25.8572
25.9502
23.7049
23.836
24.0792
24.3984
24.7525
25.1035
25.4196
25.6766
25.8572
25.9502
23.7049
23.836
24.0792
24.3985
24.7526
25.1035
25.4196
25.6766
25.8572
25.9502
23.7049
23.8361
24.0793
24.3985
24.7526
25.1035
25.4197
25.6767
25.8573
25.9503
23.705
23.8361
24.0793
24.3986
24.7527
25.1036
25.4197
25.6768
25.8573
25.9504
23.7051
23.8362
24.0794
24.3987
24.7528
25.1037
25.4198
25.6769
25.8574
25.9505
20.4307
20.5216
20.6911
20.9166
21.1707
21.4264
21.6598
21.8515
21.9872
22.0574
20.4306
20.5216
20.6911
20.9165
21.1706
21.4263
21.6597
21.8514
21.9871
22.0573
20.4306
20.5215
20.691
20.9164
21.1706
21.4263
21.6596
21.8514
21.9871
22.0573
20.4305
20.5215
20.691
20.9164
21.1705
21.4262
21.6596
21.8513
21.987
22.0573
20.4305
20.5214
20.6909
20.9164
21.1705
21.4262
21.6596
21.8513
21.987
22.0572
20.4305
20.5214
20.6909
20.9164
21.1705
21.4262
21.6596
21.8513
21.987
22.0573
20.4305
20.5215
20.691
20.9164
21.1705
21.4262
21.6596
21.8514
21.9871
22.0573
20.4306
20.5215
20.691
20.9165
21.1706
21.4263
21.6597
21.8514
21.9871
22.0573
20.4306
20.5216
20.6911
20.9165
21.1707
21.4264
21.6598
21.8515
21.9872
22.0574
20.4307
20.5217
20.6912
20.9166
21.1708
21.4265
21.6599
21.8516
21.9873
22.0575
17.6631
17.7271
17.847
18.0079
18.1914
18.3782
18.5505
18.6931
18.7947
18.8475
17.663
17.727
17.8469
18.0078
18.1914
18.3781
18.5504
18.6931
18.7947
18.8475
17.663
17.7269
17.8468
18.0078
18.1913
18.3781
18.5503
18.693
18.7946
18.8474
17.6629
17.7269
17.8468
18.0078
18.1913
18.3781
18.5503
18.693
18.7946
18.8474
17.6629
17.7269
17.8468
18.0077
18.1913
18.378
18.5503
18.693
18.7946
18.8474
17.6629
17.7269
17.8468
18.0077
18.1913
18.3781
18.5503
18.693
18.7946
18.8474
17.6629
17.7269
17.8468
18.0078
18.1913
18.3781
18.5503
18.693
18.7946
18.8474
17.663
17.727
17.8468
18.0078
18.1913
18.3781
18.5504
18.6931
18.7947
18.8475
17.663
17.727
17.8469
18.0079
18.1914
18.3782
18.5504
18.6931
18.7947
18.8475
17.6631
17.7271
17.847
18.008
18.1915
18.3783
18.5505
18.6932
18.7948
18.8476
15.3911
15.437
15.5232
15.6398
15.7738
15.9115
16.0394
16.146
16.2224
16.2621
15.3911
15.4369
15.5231
15.6397
15.7738
15.9114
16.0393
16.146
16.2223
16.2621
15.391
15.4368
15.5231
15.6397
15.7737
15.9113
16.0392
16.1459
16.2223
16.2621
15.391
15.4368
15.523
15.6396
15.7737
15.9113
16.0392
16.1459
16.2222
16.262
15.391
15.4368
15.523
15.6396
15.7737
15.9113
16.0392
16.1459
16.2222
16.262
15.391
15.4368
15.523
15.6396
15.7737
15.9113
16.0392
16.1459
16.2222
16.262
15.391
15.4368
15.523
15.6396
15.7737
15.9113
16.0392
16.1459
16.2223
16.2621
15.391
15.4368
15.5231
15.6397
15.7737
15.9114
16.0393
16.146
16.2223
16.2621
15.3911
15.4369
15.5231
15.6397
15.7738
15.9114
16.0393
16.146
16.2224
16.2622
15.3911
15.437
15.5232
15.6398
15.7739
15.9115
16.0394
16.1461
16.2225
16.2623
13.5995
13.6332
13.6967
13.7831
13.883
13.9863
14.0829
14.1639
14.2221
14.2525
13.5994
13.6331
13.6967
13.783
13.883
13.9863
14.0829
14.1638
14.222
14.2524
13.5994
13.633
13.6966
13.783
13.8829
13.9862
14.0828
14.1638
14.222
14.2524
13.5994
13.633
13.6966
13.783
13.8829
13.9862
14.0828
14.1638
14.2219
14.2524
13.5993
13.633
13.6966
13.7829
13.8829
13.9862
14.0828
14.1637
14.2219
14.2524
13.5993
13.633
13.6966
13.7829
13.8829
13.9862
14.0828
14.1638
14.222
14.2524
13.5994
13.633
13.6966
13.783
13.8829
13.9862
14.0828
14.1638
14.222
14.2524
13.5994
13.6331
13.6966
13.783
13.883
13.9862
14.0828
14.1638
14.222
14.2524
13.5994
13.6331
13.6967
13.7831
13.883
13.9863
14.0829
14.1639
14.2221
14.2525
13.5995
13.6332
13.6968
13.7831
13.8831
13.9864
14.083
14.164
14.2222
14.2526
12.2724
12.2981
12.3468
12.4133
12.4906
12.5708
12.6463
12.7097
12.7555
12.7794
12.2723
12.2981
12.3468
12.4133
12.4905
12.5708
12.6462
12.7097
12.7554
12.7794
12.2723
12.298
12.3467
12.4132
12.4905
12.5707
12.6461
12.7096
12.7554
12.7794
12.2723
12.298
12.3467
12.4132
12.4905
12.5707
12.6461
12.7096
12.7554
12.7793
12.2722
12.298
12.3467
12.4132
12.4904
12.5707
12.6461
12.7096
12.7554
12.7793
12.2722
12.298
12.3467
12.4132
12.4905
12.5707
12.6461
12.7096
12.7554
12.7793
12.2723
12.298
12.3467
12.4132
12.4905
12.5707
12.6461
12.7096
12.7554
12.7794
12.2723
12.298
12.3468
12.4132
12.4905
12.5708
12.6462
12.7097
12.7554
12.7794
12.2723
12.2981
12.3468
12.4133
12.4906
12.5708
12.6462
12.7097
12.7555
12.7795
12.2724
12.2981
12.3469
12.4134
12.4906
12.5709
12.6463
12.7098
12.7556
12.7795
11.3961
11.417
11.4568
11.5112
11.5747
11.6408
11.7031
11.7558
11.7938
11.8137
11.396
11.417
11.4567
11.5112
11.5746
11.6407
11.7031
11.7557
11.7937
11.8137
11.396
11.4169
11.4567
11.5111
11.5746
11.6407
11.703
11.7557
11.7937
11.8136
11.3959
11.4169
11.4567
11.5111
11.5745
11.6407
11.703
11.7556
11.7937
11.8136
11.3959
11.4169
11.4567
11.5111
11.5745
11.6407
11.703
11.7556
11.7937
11.8136
11.3959
11.4169
11.4567
11.5111
11.5745
11.6407
11.703
11.7556
11.7937
11.8136
11.396
11.4169
11.4567
11.5111
11.5746
11.6407
11.703
11.7557
11.7937
11.8137
11.396
11.417
11.4567
11.5111
11.5746
11.6407
11.7031
11.7557
11.7937
11.8137
11.396
11.417
11.4568
11.5112
11.5747
11.6408
11.7031
11.7558
11.7938
11.8138
11.3961
11.4171
11.4569
11.5113
11.5747
11.6409
11.7032
11.7558
11.7939
11.8138
10.9605
10.9793
11.0148
11.0636
11.1205
11.1799
11.236
11.2834
11.3178
11.3358
10.9605
10.9792
11.0148
11.0635
11.1204
11.1798
11.2359
11.2834
11.3177
11.3357
10.9605
10.9792
11.0148
11.0635
11.1204
11.1798
11.2359
11.2834
11.3177
11.3357
10.9604
10.9792
11.0147
11.0635
11.1204
11.1798
11.2359
11.2833
11.3177
11.3357
10.9604
10.9792
11.0147
11.0634
11.1204
11.1798
11.2359
11.2833
11.3177
11.3357
10.9604
10.9792
11.0147
11.0634
11.1204
11.1798
11.2359
11.2833
11.3177
11.3357
10.9604
10.9792
11.0147
11.0635
11.1204
11.1798
11.2359
11.2834
11.3177
11.3357
10.9605
10.9792
11.0148
11.0635
11.1204
11.1798
11.236
11.2834
11.3177
11.3358
10.9605
10.9793
11.0148
11.0636
11.1205
11.1799
11.236
11.2835
11.3178
11.3358
10.9606
10.9793
11.0149
11.0636
11.1205
11.18
11.2361
11.2835
11.3179
11.3359
)
;

boundaryField
{
    inlet1
    {
        type            fixedValue;
        value           uniform 10;
    }
    inlet2
    {
        type            fixedValue;
        value           uniform 20;
    }
    outlet1
    {
        type            zeroGradient;
    }
    outlet2
    {
        type            zeroGradient;
    }
    fixedWalls
    {
        type            zeroGradient;
    }
}


// ************************************************************************* //
