/*--------------------------------*- C++ -*----------------------------------*\
  =========                 |
  \\      /  F ield         | OpenFOAM: The Open Source CFD Toolbox
   \\    /   O peration     | Website:  https://openfoam.org
    \\  /    A nd           | Version:  6
     \\/     M anipulation  |
\*---------------------------------------------------------------------------*/
FoamFile
{
    version     2.0;
    format      ascii;
    class       volScalarField;
    location    "0.805";
    object      T;
}
// * * * * * * * * * * * * * * * * * * * * * * * * * * * * * * * * * * * * * //

dimensions      [0 0 0 1 0 0 0];

internalField   nonuniform List<scalar> 
7000
(
106.432
106.431
106.427
106.423
106.417
106.411
106.406
106.4
106.396
106.394
106.432
106.431
106.427
106.423
106.417
106.411
106.406
106.4
106.396
106.394
106.432
106.431
106.427
106.423
106.417
106.411
106.406
106.4
106.396
106.394
106.432
106.431
106.427
106.423
106.417
106.411
106.406
106.4
106.396
106.394
106.432
106.431
106.427
106.423
106.417
106.411
106.406
106.4
106.396
106.394
106.432
106.431
106.427
106.423
106.417
106.411
106.406
106.4
106.396
106.394
106.432
106.431
106.427
106.423
106.417
106.411
106.406
106.4
106.396
106.394
106.432
106.431
106.427
106.423
106.417
106.411
106.406
106.4
106.396
106.394
106.432
106.431
106.427
106.423
106.417
106.411
106.406
106.4
106.396
106.394
106.432
106.431
106.427
106.423
106.417
106.411
106.406
106.4
106.396
106.394
99.3199
99.3149
99.3051
99.2914
99.2746
99.2562
99.2379
99.2217
99.2095
99.2029
99.3199
99.3148
99.3051
99.2913
99.2746
99.2562
99.2379
99.2217
99.2095
99.2029
99.3199
99.3148
99.3051
99.2913
99.2746
99.2562
99.2379
99.2217
99.2095
99.2029
99.3199
99.3148
99.3051
99.2913
99.2745
99.2562
99.2379
99.2217
99.2095
99.2029
99.3199
99.3148
99.3051
99.2913
99.2745
99.2562
99.2379
99.2217
99.2095
99.2029
99.3199
99.3148
99.3051
99.2913
99.2745
99.2562
99.2379
99.2217
99.2095
99.2029
99.3199
99.3148
99.3051
99.2913
99.2745
99.2562
99.2379
99.2217
99.2095
99.2029
99.3199
99.3148
99.3051
99.2913
99.2745
99.2562
99.2379
99.2217
99.2095
99.2029
99.3199
99.3148
99.3051
99.2913
99.2746
99.2562
99.2379
99.2217
99.2095
99.2029
99.3199
99.3148
99.3051
99.2913
99.2746
99.2562
99.2379
99.2217
99.2095
99.2029
92.2758
92.2672
92.2505
92.2268
92.1978
92.1658
92.1337
92.105
92.0833
92.0715
92.2757
92.2671
92.2505
92.2268
92.1978
92.1658
92.1337
92.105
92.0832
92.0715
92.2757
92.2671
92.2505
92.2268
92.1978
92.1658
92.1337
92.105
92.0832
92.0715
92.2757
92.2671
92.2504
92.2268
92.1978
92.1657
92.1337
92.105
92.0832
92.0715
92.2757
92.2671
92.2504
92.2268
92.1978
92.1657
92.1337
92.105
92.0832
92.0715
92.2757
92.2671
92.2504
92.2268
92.1978
92.1657
92.1337
92.105
92.0832
92.0715
92.2757
92.2671
92.2504
92.2268
92.1978
92.1657
92.1337
92.105
92.0832
92.0715
92.2757
92.2671
92.2504
92.2268
92.1978
92.1657
92.1337
92.105
92.0832
92.0715
92.2757
92.2671
92.2504
92.2268
92.1978
92.1658
92.1337
92.105
92.0832
92.0715
92.2757
92.2671
92.2505
92.2268
92.1978
92.1658
92.1337
92.105
92.0833
92.0715
85.3446
85.3321
85.3079
85.2734
85.2306
85.1829
85.1345
85.0906
85.0569
85.0384
85.3446
85.3321
85.3079
85.2733
85.2306
85.1829
85.1345
85.0906
85.0568
85.0384
85.3445
85.3321
85.3079
85.2733
85.2306
85.1829
85.1345
85.0906
85.0568
85.0384
85.3445
85.3321
85.3079
85.2733
85.2306
85.1829
85.1345
85.0906
85.0568
85.0384
85.3445
85.3321
85.3079
85.2733
85.2306
85.1829
85.1345
85.0905
85.0568
85.0383
85.3445
85.3321
85.3079
85.2733
85.2306
85.1829
85.1345
85.0905
85.0568
85.0383
85.3445
85.3321
85.3079
85.2733
85.2306
85.1829
85.1345
85.0905
85.0568
85.0384
85.3445
85.3321
85.3079
85.2733
85.2306
85.1829
85.1345
85.0906
85.0568
85.0384
85.3445
85.3321
85.3079
85.2733
85.2306
85.1829
85.1345
85.0906
85.0568
85.0384
85.3446
85.3321
85.3079
85.2733
85.2306
85.1829
85.1345
85.0906
85.0568
85.0384
78.5697
78.5531
78.5207
78.474
78.4156
78.3494
78.2809
78.2173
78.1674
78.1397
78.5697
78.5531
78.5207
78.474
78.4156
78.3493
78.2808
78.2173
78.1674
78.1396
78.5696
78.5531
78.5206
78.474
78.4155
78.3493
78.2808
78.2173
78.1674
78.1396
78.5696
78.553
78.5206
78.4739
78.4155
78.3493
78.2808
78.2173
78.1674
78.1396
78.5696
78.553
78.5206
78.4739
78.4155
78.3493
78.2808
78.2173
78.1674
78.1396
78.5696
78.553
78.5206
78.4739
78.4155
78.3493
78.2808
78.2173
78.1674
78.1396
78.5696
78.553
78.5206
78.4739
78.4155
78.3493
78.2808
78.2173
78.1674
78.1396
78.5696
78.553
78.5206
78.4739
78.4155
78.3493
78.2808
78.2173
78.1674
78.1396
78.5696
78.5531
78.5206
78.474
78.4156
78.3493
78.2808
78.2173
78.1674
78.1396
78.5697
78.5531
78.5207
78.474
78.4156
78.3494
78.2808
78.2173
78.1674
78.1397
71.9925
71.9715
71.9304
71.8705
71.7943
71.7061
71.6123
71.5225
71.4494
71.4075
71.9924
71.9715
71.9304
71.8704
71.7943
71.7061
71.6123
71.5225
71.4494
71.4075
71.9924
71.9715
71.9303
71.8704
71.7942
71.706
71.6122
71.5224
71.4494
71.4075
71.9924
71.9715
71.9303
71.8704
71.7942
71.706
71.6122
71.5224
71.4494
71.4075
71.9924
71.9714
71.9303
71.8704
71.7942
71.706
71.6122
71.5224
71.4494
71.4074
71.9924
71.9714
71.9303
71.8704
71.7942
71.706
71.6122
71.5224
71.4494
71.4074
71.9924
71.9714
71.9303
71.8704
71.7942
71.706
71.6122
71.5224
71.4494
71.4075
71.9924
71.9715
71.9303
71.8704
71.7942
71.706
71.6122
71.5224
71.4494
71.4075
71.9924
71.9715
71.9303
71.8704
71.7943
71.706
71.6123
71.5224
71.4494
71.4075
71.9924
71.9715
71.9304
71.8704
71.7943
71.7061
71.6123
71.5225
71.4494
71.4075
65.6517
65.6265
65.5766
65.5028
65.4073
65.2935
65.168
65.042
64.9337
64.8682
65.6517
65.6265
65.5765
65.5028
65.4073
65.2935
65.1679
65.0419
64.9337
64.8681
65.6516
65.6264
65.5765
65.5028
65.4072
65.2934
65.1679
65.0419
64.9337
64.8681
65.6516
65.6264
65.5765
65.5028
65.4072
65.2934
65.1679
65.0419
64.9337
64.8681
65.6516
65.6264
65.5764
65.5027
65.4072
65.2934
65.1679
65.0419
64.9336
64.8681
65.6516
65.6264
65.5764
65.5027
65.4072
65.2934
65.1679
65.0419
64.9336
64.8681
65.6516
65.6264
65.5765
65.5027
65.4072
65.2934
65.1679
65.0419
64.9336
64.8681
65.6516
65.6264
65.5765
65.5028
65.4072
65.2934
65.1679
65.0419
64.9337
64.8681
65.6516
65.6264
65.5765
65.5028
65.4072
65.2935
65.1679
65.0419
64.9337
64.8681
65.6517
65.6265
65.5765
65.5028
65.4073
65.2935
65.1679
65.0419
64.9337
64.8682
59.583
59.554
59.4961
59.4093
59.2943
59.1524
58.9882
58.8121
58.6474
58.5373
59.5829
59.5539
59.496
59.4093
59.2942
59.1524
58.9881
58.812
58.6473
58.5373
59.5829
59.5539
59.496
59.4092
59.2942
59.1524
58.9881
58.812
58.6473
58.5372
59.5829
59.5539
59.496
59.4092
59.2941
59.1523
58.9881
58.812
58.6473
58.5372
59.5829
59.5539
59.4959
59.4092
59.2941
59.1523
58.9881
58.812
58.6473
58.5372
59.5829
59.5539
59.4959
59.4092
59.2941
59.1523
58.9881
58.8119
58.6473
58.5372
59.5829
59.5539
59.496
59.4092
59.2941
59.1523
58.9881
58.812
58.6473
58.5372
59.5829
59.5539
59.496
59.4092
59.2942
59.1523
58.9881
58.812
58.6473
58.5372
59.5829
59.5539
59.496
59.4093
59.2942
59.1524
58.9881
58.812
58.6473
58.5373
59.5829
59.554
59.496
59.4093
59.2942
59.1524
58.9882
58.812
58.6474
58.5373
53.8176
53.786
53.7223
53.6255
53.4939
53.3252
53.1178
52.8747
52.6159
52.4095
53.8176
53.7859
53.7223
53.6255
53.4938
53.3252
53.1178
52.8746
52.6159
52.4094
53.8175
53.7859
53.7222
53.6254
53.4938
53.3251
53.1177
52.8746
52.6158
52.4094
53.8175
53.7859
53.7222
53.6254
53.4938
53.3251
53.1177
52.8746
52.6158
52.4094
53.8175
53.7859
53.7222
53.6254
53.4938
53.3251
53.1177
52.8745
52.6158
52.4094
53.8175
53.7859
53.7222
53.6254
53.4938
53.3251
53.1177
52.8745
52.6158
52.4094
53.8175
53.7859
53.7222
53.6254
53.4938
53.3251
53.1177
52.8746
52.6158
52.4094
53.8175
53.7859
53.7222
53.6254
53.4938
53.3251
53.1177
52.8746
52.6158
52.4094
53.8175
53.7859
53.7222
53.6254
53.4938
53.3251
53.1177
52.8746
52.6159
52.4094
53.8176
53.786
53.7223
53.6255
53.4939
53.3252
53.1178
52.8747
52.6159
52.4095
48.3818
48.3495
48.284
48.1832
48.0431
47.8565
47.6114
47.2905
46.8788
46.4285
48.3817
48.3494
48.284
48.1832
48.0431
47.8564
47.6114
47.2904
46.8788
46.4285
48.3817
48.3494
48.2839
48.1832
48.043
47.8564
47.6113
47.2904
46.8787
46.4284
48.3817
48.3494
48.2839
48.1831
48.043
47.8564
47.6113
47.2904
46.8787
46.4284
48.3816
48.3493
48.2839
48.1831
48.043
47.8563
47.6113
47.2903
46.8787
46.4284
48.3816
48.3493
48.2839
48.1831
48.043
47.8563
47.6113
47.2903
46.8787
46.4284
48.3816
48.3493
48.2839
48.1831
48.043
47.8563
47.6113
47.2904
46.8787
46.4284
48.3817
48.3494
48.2839
48.1831
48.043
47.8564
47.6113
47.2904
46.8787
46.4284
48.3817
48.3494
48.2839
48.1832
48.043
47.8564
47.6114
47.2904
46.8788
46.4284
48.3817
48.3494
48.284
48.1832
48.0431
47.8565
47.6114
47.2905
46.8788
46.4285
43.2954
43.265
43.2034
43.1081
42.9739
42.7904
42.5365
42.1659
41.5642
40.3948
43.2953
43.265
43.2034
43.108
42.9738
42.7904
42.5365
42.1659
41.5641
40.3947
43.2953
43.2649
43.2033
43.108
42.9738
42.7903
42.5364
42.1658
41.5641
40.3947
43.2952
43.2649
43.2033
43.108
42.9738
42.7903
42.5364
42.1658
41.5641
40.3947
43.2952
43.2649
43.2033
43.108
42.9737
42.7903
42.5364
42.1658
41.564
40.3946
43.2952
43.2649
43.2033
43.108
42.9737
42.7903
42.5364
42.1658
41.564
40.3946
43.2952
43.2649
43.2033
43.108
42.9737
42.7903
42.5364
42.1658
41.5641
40.3947
43.2952
43.2649
43.2033
43.108
42.9738
42.7903
42.5364
42.1658
41.5641
40.3947
43.2953
43.265
43.2034
43.108
42.9738
42.7903
42.5364
42.1658
41.5641
40.3947
43.2953
43.265
43.2034
43.1081
42.9739
42.7904
42.5365
42.1659
41.5642
40.3948
38.5711
38.5458
38.4947
38.4162
38.3068
38.1589
37.9567
37.6688
37.237
36.5739
38.5711
38.5457
38.4946
38.4161
38.3068
38.1589
37.9566
37.6688
37.2369
36.5739
38.571
38.5457
38.4946
38.4161
38.3067
38.1588
37.9566
37.6687
37.2369
36.5738
38.571
38.5457
38.4945
38.4161
38.3067
38.1588
37.9566
37.6687
37.2368
36.5738
38.571
38.5457
38.4945
38.416
38.3067
38.1588
37.9566
37.6687
37.2368
36.5738
38.571
38.5457
38.4945
38.416
38.3067
38.1588
37.9566
37.6687
37.2368
36.5738
38.571
38.5457
38.4945
38.416
38.3067
38.1588
37.9566
37.6687
37.2368
36.5738
38.571
38.5457
38.4945
38.4161
38.3067
38.1588
37.9566
37.6687
37.2368
36.5738
38.5711
38.5457
38.4946
38.4161
38.3068
38.1589
37.9566
37.6687
37.2369
36.5738
38.5711
38.5458
38.4946
38.4162
38.3068
38.1589
37.9567
37.6688
37.2369
36.5739
34.2143
34.1967
34.1622
34.1112
34.0443
33.9606
33.8578
33.7319
33.584
33.4486
34.2142
34.1967
34.1621
34.1112
34.0442
33.9606
33.8578
33.7319
33.5839
33.4485
34.2142
34.1967
34.1621
34.1111
34.0442
33.9605
33.8577
33.7318
33.5838
33.4485
34.2142
34.1966
34.1621
34.1111
34.0441
33.9605
33.8577
33.7318
33.5838
33.4484
34.2141
34.1966
34.162
34.1111
34.0441
33.9605
33.8577
33.7318
33.5838
33.4484
34.2141
34.1966
34.162
34.1111
34.0441
33.9605
33.8577
33.7318
33.5838
33.4484
34.2142
34.1966
34.162
34.1111
34.0441
33.9605
33.8577
33.7318
33.5838
33.4484
34.2142
34.1966
34.1621
34.1111
34.0441
33.9605
33.8577
33.7318
33.5838
33.4485
34.2142
34.1967
34.1621
34.1112
34.0442
33.9605
33.8578
33.7318
33.5839
33.4485
34.2142
34.1967
34.1622
34.1112
34.0442
33.9606
33.8578
33.7319
33.5839
33.4486
30.2226
30.2149
30.2013
30.1853
30.1721
30.1693
30.1879
30.2453
30.3745
30.6429
30.2226
30.2149
30.2013
30.1852
30.172
30.1693
30.1878
30.2453
30.3745
30.6428
30.2225
30.2148
30.2012
30.1852
30.172
30.1692
30.1878
30.2452
30.3744
30.6428
30.2225
30.2148
30.2012
30.1852
30.172
30.1692
30.1877
30.2452
30.3744
30.6427
30.2225
30.2148
30.2012
30.1851
30.1719
30.1692
30.1877
30.2452
30.3743
30.6427
30.2225
30.2148
30.2012
30.1851
30.1719
30.1692
30.1877
30.2452
30.3743
30.6427
30.2225
30.2148
30.2012
30.1852
30.172
30.1692
30.1877
30.2452
30.3744
30.6427
30.2225
30.2148
30.2012
30.1852
30.172
30.1692
30.1878
30.2452
30.3744
30.6428
30.2225
30.2149
30.2013
30.1852
30.172
30.1692
30.1878
30.2453
30.3744
30.6428
30.2226
30.2149
30.2013
30.1853
30.1721
30.1693
30.1879
30.2453
30.3745
30.6429
26.5875
26.5906
26.5999
26.6216
26.666
26.7481
26.8892
27.1205
27.4874
28.0575
26.5875
26.5905
26.5998
26.6216
26.666
26.748
26.8891
27.1204
27.4873
28.0574
26.5874
26.5905
26.5998
26.6215
26.6659
26.748
26.8891
27.1204
27.4873
28.0573
26.5874
26.5905
26.5997
26.6215
26.6659
26.7479
26.8891
27.1203
27.4873
28.0573
26.5874
26.5905
26.5997
26.6215
26.6659
26.7479
26.8891
27.1203
27.4872
28.0573
26.5874
26.5905
26.5997
26.6215
26.6659
26.7479
26.8891
27.1203
27.4872
28.0573
26.5874
26.5905
26.5997
26.6215
26.6659
26.7479
26.8891
27.1203
27.4873
28.0573
26.5874
26.5905
26.5998
26.6215
26.6659
26.748
26.8891
27.1204
27.4873
28.0573
26.5874
26.5905
26.5998
26.6216
26.666
26.748
26.8891
27.1204
27.4873
28.0574
26.5875
26.5906
26.5999
26.6216
26.666
26.7481
26.8892
27.1205
27.4874
28.0574
23.2953
23.3088
23.3402
23.3981
23.4968
23.6575
23.9094
24.2925
24.8579
25.6659
23.2953
23.3088
23.3401
23.398
23.4968
23.6574
23.9094
24.2925
24.8578
25.6658
23.2952
23.3087
23.3401
23.398
23.4968
23.6574
23.9093
24.2924
24.8578
25.6658
23.2952
23.3087
23.34
23.398
23.4967
23.6573
23.9093
24.2924
24.8578
25.6657
23.2952
23.3087
23.34
23.3979
23.4967
23.6573
23.9093
24.2924
24.8577
25.6657
23.2952
23.3087
23.34
23.3979
23.4967
23.6573
23.9093
24.2924
24.8577
25.6657
23.2952
23.3087
23.34
23.398
23.4967
23.6573
23.9093
24.2924
24.8578
25.6657
23.2952
23.3087
23.3401
23.398
23.4967
23.6574
23.9093
24.2924
24.8578
25.6657
23.2952
23.3088
23.3401
23.398
23.4968
23.6574
23.9094
24.2925
24.8578
25.6658
23.2953
23.3088
23.3401
23.3981
23.4968
23.6575
23.9094
24.2925
24.8579
25.6659
20.3288
20.3513
20.4015
20.4898
20.6337
20.8588
21.2011
21.7087
22.4405
23.4564
20.3288
20.3513
20.4014
20.4898
20.6337
20.8588
21.2011
21.7087
22.4404
23.4563
20.3288
20.3513
20.4014
20.4897
20.6337
20.8587
21.201
21.7086
22.4404
23.4563
20.3287
20.3512
20.4014
20.4897
20.6336
20.8587
21.201
21.7086
22.4403
23.4563
20.3287
20.3512
20.4013
20.4897
20.6336
20.8587
21.201
21.7086
22.4403
23.4562
20.3287
20.3512
20.4013
20.4897
20.6336
20.8587
21.201
21.7086
22.4403
23.4562
20.3287
20.3512
20.4013
20.4897
20.6336
20.8587
21.201
21.7086
22.4403
23.4563
20.3287
20.3512
20.4014
20.4897
20.6337
20.8587
21.201
21.7086
22.4404
23.4563
20.3288
20.3513
20.4014
20.4898
20.6337
20.8588
21.2011
21.7087
22.4404
23.4563
20.3288
20.3513
20.4015
20.4898
20.6337
20.8588
21.2011
21.7087
22.4405
23.4564
17.6691
17.6982
17.7619
17.8718
18.0469
18.3155
18.7192
19.316
20.1826
21.4031
17.6691
17.6982
17.7619
17.8718
18.0468
18.3155
18.7191
19.3159
20.1825
21.403
17.669
17.6981
17.7619
17.8718
18.0468
18.3154
18.7191
19.3159
20.1825
21.403
17.669
17.6981
17.7618
17.8717
18.0467
18.3154
18.7191
19.3159
20.1824
21.4029
17.669
17.6981
17.7618
17.8717
18.0467
18.3154
18.7191
19.3158
20.1824
21.4029
17.669
17.6981
17.7618
17.8717
18.0467
18.3154
18.7191
19.3158
20.1824
21.4029
17.669
17.6981
17.7618
17.8717
18.0467
18.3154
18.7191
19.3159
20.1824
21.4029
17.669
17.6981
17.7619
17.8718
18.0468
18.3154
18.7191
19.3159
20.1825
21.403
17.669
17.6982
17.7619
17.8718
18.0468
18.3155
18.7191
19.3159
20.1825
21.403
17.6691
17.6982
17.7619
17.8718
18.0469
18.3155
18.7192
19.316
20.1826
21.4031
15.2966
15.3294
15.4005
15.521
15.7096
15.995
16.4204
17.0528
17.9986
19.4231
15.2966
15.3294
15.4004
15.5209
15.7096
15.9949
16.4203
17.0527
17.9986
19.423
15.2966
15.3294
15.4004
15.5209
15.7095
15.9949
16.4203
17.0527
17.9985
19.423
15.2965
15.3293
15.4004
15.5209
15.7095
15.9949
16.4203
17.0526
17.9985
19.4229
15.2965
15.3293
15.4003
15.5208
15.7095
15.9949
16.4203
17.0526
17.9985
19.4229
15.2965
15.3293
15.4003
15.5208
15.7095
15.9949
16.4203
17.0526
17.9985
19.4229
15.2965
15.3293
15.4004
15.5209
15.7095
15.9949
16.4203
17.0526
17.9985
19.4229
15.2966
15.3294
15.4004
15.5209
15.7095
15.9949
16.4203
17.0527
17.9985
19.423
15.2966
15.3294
15.4004
15.5209
15.7096
15.9949
16.4203
17.0527
17.9986
19.423
15.2966
15.3294
15.4004
15.521
15.7096
15.995
16.4204
17.0528
17.9987
19.4231
13.1927
13.2262
13.298
13.4179
13.6018
13.874
14.2713
14.8544
15.7423
17.2408
13.1926
13.2262
13.298
13.4178
13.6018
13.874
14.2713
14.8544
15.7422
17.2407
13.1926
13.2261
13.2979
13.4178
13.6017
13.8739
14.2712
14.8543
15.7422
17.2407
13.1926
13.2261
13.2979
13.4178
13.6017
13.8739
14.2712
14.8543
15.7422
17.2406
13.1926
13.2261
13.2979
13.4178
13.6017
13.8739
14.2712
14.8543
15.7422
17.2406
13.1926
13.2261
13.2979
13.4178
13.6017
13.8739
14.2712
14.8543
15.7422
17.2406
13.1926
13.2261
13.2979
13.4178
13.6017
13.8739
14.2712
14.8543
15.7422
17.2406
13.1926
13.2261
13.2979
13.4178
13.6017
13.8739
14.2713
14.8543
15.7422
17.2407
13.1926
13.2262
13.298
13.4178
13.6018
13.874
14.2713
14.8544
15.7422
17.2407
13.1927
13.2262
13.298
13.4179
13.6018
13.874
14.2713
14.8544
15.7423
17.2408
37.4661
36.826
37.8052
40.1904
43.972
49.2746
56.3611
65.6981
78.1316
95.358
37.466
36.8259
37.8052
40.1903
43.9719
49.2745
56.361
65.6979
78.1315
95.3579
37.4659
36.8259
37.8051
40.1903
43.9718
49.2744
56.3609
65.6978
78.1314
95.3578
37.4659
36.8258
37.805
40.1902
43.9718
49.2743
56.3608
65.6978
78.1313
95.3577
37.4659
36.8258
37.805
40.1902
43.9717
49.2743
56.3608
65.6977
78.1312
95.3577
37.4659
36.8258
37.805
40.1902
43.9717
49.2743
56.3608
65.6977
78.1312
95.3577
37.4659
36.8258
37.805
40.1902
43.9718
49.2743
56.3608
65.6977
78.1313
95.3577
37.4659
36.8258
37.805
40.1902
43.9718
49.2743
56.3609
65.6978
78.1313
95.3578
37.466
36.8259
37.8051
40.1903
43.9718
49.2744
56.3609
65.6979
78.1314
95.3578
37.466
36.8259
37.8052
40.1904
43.9719
49.2745
56.361
65.6979
78.1315
95.3579
35.6937
35.7756
37.0161
39.4562
43.1565
48.2374
54.8965
63.4233
74.1923
87.5093
35.6936
35.7755
37.016
39.4561
43.1564
48.2373
54.8964
63.4231
74.1921
87.5092
35.6936
35.7754
37.0159
39.456
43.1563
48.2372
54.8963
63.423
74.192
87.5091
35.6935
35.7754
37.0159
39.456
43.1563
48.2372
54.8962
63.423
74.192
87.509
35.6935
35.7753
37.0158
39.4559
43.1562
48.2371
54.8962
63.4229
74.1919
87.509
35.6935
35.7753
37.0158
39.4559
43.1562
48.2371
54.8962
63.4229
74.1919
87.509
35.6935
35.7754
37.0159
39.4559
43.1562
48.2372
54.8962
63.423
74.192
87.509
35.6935
35.7754
37.0159
39.456
43.1563
48.2372
54.8963
63.423
74.192
87.5091
35.6936
35.7754
37.0159
39.456
43.1563
48.2373
54.8963
63.4231
74.1921
87.5092
35.6937
35.7755
37.016
39.4561
43.1564
48.2374
54.8964
63.4232
74.1922
87.5093
33.4839
34.1379
35.6444
38.123
41.6644
46.3671
52.3479
59.7258
68.5567
78.6498
33.4838
34.1378
35.6443
38.1229
41.6643
46.367
52.3478
59.7256
68.5566
78.6497
33.4837
34.1378
35.6442
38.1229
41.6642
46.3669
52.3477
59.7255
68.5565
78.6496
33.4837
34.1377
35.6442
38.1228
41.6641
46.3669
52.3477
59.7255
68.5564
78.6495
33.4836
34.1377
35.6441
38.1228
41.6641
46.3668
52.3476
59.7254
68.5564
78.6495
33.4836
34.1377
35.6441
38.1228
41.6641
46.3668
52.3476
59.7254
68.5564
78.6495
33.4837
34.1377
35.6442
38.1228
41.6641
46.3669
52.3477
59.7255
68.5564
78.6495
33.4837
34.1377
35.6442
38.1228
41.6642
46.3669
52.3477
59.7255
68.5564
78.6496
33.4837
34.1378
35.6443
38.1229
41.6642
46.367
52.3478
59.7256
68.5565
78.6497
33.4838
34.1379
35.6443
38.123
41.6643
46.3671
52.3479
59.7257
68.5566
78.6498
31.1856
32.2209
33.9167
36.3862
39.7116
43.9598
49.1815
55.3898
62.5058
70.2602
31.1855
32.2208
33.9166
36.3861
39.7115
43.9596
49.1814
55.3897
62.5056
70.2601
31.1855
32.2207
33.9166
36.3861
39.7114
43.9596
49.1813
55.3896
62.5055
70.26
31.1854
32.2207
33.9165
36.386
39.7114
43.9595
49.1812
55.3895
62.5055
70.2599
31.1854
32.2207
33.9165
36.386
39.7113
43.9595
49.1812
55.3895
62.5055
70.2599
31.1854
32.2207
33.9165
36.386
39.7113
43.9595
49.1812
55.3895
62.5055
70.2599
31.1854
32.2207
33.9165
36.386
39.7114
43.9595
49.1812
55.3895
62.5055
70.2599
31.1855
32.2207
33.9166
36.386
39.7114
43.9595
49.1813
55.3895
62.5055
70.26
31.1855
32.2208
33.9166
36.3861
39.7115
43.9596
49.1814
55.3896
62.5056
70.2601
31.1856
32.2209
33.9167
36.3862
39.7116
43.9597
49.1815
55.3897
62.5057
70.2602
28.927
30.2156
32.0291
34.4487
37.5319
41.3139
45.801
50.9532
56.6552
62.6786
28.9269
30.2155
32.029
34.4486
37.5318
41.3138
45.8008
50.9531
56.6551
62.6785
28.9269
30.2154
32.029
34.4485
37.5317
41.3137
45.8008
50.953
56.655
62.6784
28.9268
30.2154
32.0289
34.4485
37.5317
41.3137
45.8007
50.9529
56.6549
62.6783
28.9268
30.2154
32.0289
34.4484
37.5316
41.3137
45.8007
50.9529
56.6549
62.6783
28.9268
30.2154
32.0289
34.4484
37.5316
41.3137
45.8007
50.9529
56.6549
62.6783
28.9268
30.2154
32.0289
34.4485
37.5317
41.3137
45.8007
50.9529
56.6549
62.6783
28.9268
30.2154
32.029
34.4485
37.5317
41.3137
45.8008
50.953
56.655
62.6784
28.9269
30.2155
32.029
34.4486
37.5318
41.3138
45.8008
50.9531
56.6551
62.6785
28.927
30.2156
32.0291
34.4487
37.5319
41.3139
45.8009
50.9532
56.6552
62.6786
26.7791
28.2542
30.1447
32.4972
35.3429
38.6909
42.5192
46.7644
51.3112
55.9885
26.7791
28.2541
30.1446
32.4971
35.3428
38.6908
42.5191
46.7643
51.3111
55.9884
26.779
28.254
30.1446
32.497
35.3427
38.6907
42.519
46.7642
51.311
55.9883
26.779
28.254
30.1445
32.497
35.3427
38.6906
42.5189
46.7641
51.3109
55.9882
26.7789
28.2539
30.1445
32.4969
35.3426
38.6906
42.5189
46.7641
51.3109
55.9882
26.7789
28.2539
30.1445
32.4969
35.3426
38.6906
42.5189
46.7641
51.3109
55.9882
26.779
28.254
30.1445
32.497
35.3426
38.6906
42.5189
46.7641
51.3109
55.9882
26.779
28.254
30.1446
32.497
35.3427
38.6907
42.519
46.7642
51.311
55.9883
26.779
28.2541
30.1446
32.4971
35.3428
38.6908
42.5191
46.7642
51.3111
55.9884
26.7791
28.2541
30.1447
32.4972
35.3429
38.6909
42.5192
46.7644
51.3112
55.9885
24.7934
26.4401
28.4015
30.6955
33.3337
36.307
39.5748
43.0602
46.6516
50.22
24.7933
26.44
28.4014
30.6954
33.3336
36.3069
39.5747
43.06
46.6515
50.2199
24.7933
26.44
28.4014
30.6953
33.3336
36.3068
39.5746
43.06
46.6514
50.2198
24.7932
26.4399
28.4013
30.6953
33.3335
36.3068
39.5746
43.0599
46.6513
50.2197
24.7932
26.4399
28.4013
30.6952
33.3335
36.3068
39.5746
43.0599
46.6513
50.2197
24.7932
26.4399
28.4013
30.6952
33.3335
36.3068
39.5746
43.0599
46.6513
50.2197
24.7932
26.4399
28.4013
30.6953
33.3335
36.3068
39.5746
43.0599
46.6513
50.2197
24.7933
26.44
28.4014
30.6953
33.3336
36.3068
39.5746
43.06
46.6514
50.2198
24.7933
26.44
28.4014
30.6954
33.3336
36.3069
39.5747
43.0601
46.6515
50.2199
24.7934
26.4401
28.4015
30.6955
33.3337
36.307
39.5748
43.0602
46.6516
50.22
23.013
24.8663
26.9215
29.1854
31.6641
34.3396
37.1574
40.0243
42.8156
45.4079
23.0129
24.8662
26.9214
29.1853
31.664
34.3395
37.1573
40.0242
42.8155
45.4078
23.0128
24.8662
26.9214
29.1852
31.664
34.3394
37.1573
40.0242
42.8154
45.4077
23.0128
24.8661
26.9213
29.1852
31.6639
34.3394
37.1572
40.0241
42.8153
45.4076
23.0128
24.8661
26.9213
29.1851
31.6639
34.3393
37.1572
40.0241
42.8153
45.4076
23.0128
24.8661
26.9213
29.1851
31.6639
34.3393
37.1572
40.0241
42.8153
45.4076
23.0128
24.8661
26.9213
29.1852
31.6639
34.3394
37.1572
40.0241
42.8154
45.4076
23.0128
24.8662
26.9214
29.1852
31.664
34.3394
37.1573
40.0242
42.8154
45.4077
23.0129
24.8662
26.9215
29.1853
31.6641
34.3395
37.1574
40.0243
42.8155
45.4078
23.013
24.8663
26.9215
29.1854
31.6642
34.3396
37.1575
40.0244
42.8156
45.4079
21.4923
23.6366
25.8211
28.0892
30.4654
32.9329
35.4264
37.8275
39.9651
41.6405
21.4923
23.6366
25.821
28.0892
30.4653
32.9328
35.4263
37.8274
39.965
41.6404
21.4922
23.6365
25.821
28.0891
30.4653
32.9328
35.4263
37.8273
39.9649
41.6403
21.4922
23.6365
25.8209
28.0891
30.4652
32.9327
35.4262
37.8273
39.9648
41.6403
21.4922
23.6365
25.8209
28.089
30.4652
32.9327
35.4262
37.8273
39.9648
41.6403
21.4922
23.6365
25.8209
28.089
30.4652
32.9327
35.4262
37.8273
39.9648
41.6403
21.4922
23.6365
25.821
28.0891
30.4652
32.9327
35.4262
37.8273
39.9648
41.6403
21.4922
23.6365
25.821
28.0891
30.4653
32.9328
35.4263
37.8274
39.9649
41.6403
21.4923
23.6366
25.8211
28.0892
30.4654
32.9329
35.4264
37.8274
39.965
41.6404
21.4923
23.6367
25.8211
28.0893
30.4655
32.933
35.4265
37.8276
39.9651
41.6406
20.3865
22.9038
25.2186
27.5084
29.8375
32.1975
34.5161
36.6485
38.3508
39.2053
20.3865
22.9037
25.2186
27.5084
29.8374
32.1975
34.516
36.6484
38.3508
39.2052
20.3864
22.9037
25.2185
27.5083
29.8373
32.1974
34.5159
36.6484
38.3507
39.2051
20.3864
22.9037
25.2185
27.5083
29.8373
32.1974
34.5159
36.6483
38.3506
39.2051
20.3864
22.9036
25.2185
27.5083
29.8373
32.1973
34.5159
36.6483
38.3506
39.205
20.3864
22.9036
25.2185
27.5083
29.8373
32.1973
34.5159
36.6483
38.3506
39.205
20.3864
22.9037
25.2185
27.5083
29.8373
32.1974
34.5159
36.6483
38.3507
39.2051
20.3865
22.9037
25.2185
27.5083
29.8374
32.1974
34.516
36.6484
38.3507
39.2051
20.3865
22.9038
25.2186
27.5084
29.8374
32.1975
34.516
36.6485
38.3508
39.2052
20.3866
22.9038
25.2187
27.5085
29.8375
32.1976
34.5162
36.6486
38.3509
39.2053
121.313
133.692
141.305
146.653
150.621
153.608
155.827
157.405
158.419
158.915
121.313
133.691
141.305
146.652
150.621
153.608
155.827
157.404
158.418
158.915
121.313
133.691
141.305
146.652
150.621
153.608
155.827
157.404
158.418
158.915
121.313
133.691
141.305
146.652
150.621
153.608
155.827
157.404
158.418
158.915
121.313
133.691
141.305
146.652
150.621
153.608
155.827
157.404
158.418
158.915
121.313
133.691
141.305
146.652
150.621
153.608
155.827
157.404
158.418
158.915
121.313
133.691
141.305
146.652
150.621
153.608
155.827
157.404
158.418
158.915
121.313
133.691
141.305
146.652
150.621
153.608
155.827
157.404
158.418
158.915
121.313
133.691
141.305
146.652
150.621
153.608
155.827
157.404
158.418
158.915
121.313
133.691
141.305
146.652
150.621
153.608
155.827
157.405
158.419
158.915
102.717
113.798
121.651
127.366
131.619
134.804
137.157
138.822
139.889
140.41
102.716
113.798
121.651
127.366
131.619
134.804
137.157
138.822
139.889
140.41
102.716
113.798
121.651
127.366
131.619
134.804
137.157
138.822
139.889
140.41
102.716
113.798
121.651
127.366
131.619
134.804
137.157
138.822
139.889
140.41
102.716
113.798
121.651
127.365
131.619
134.804
137.157
138.822
139.889
140.41
102.716
113.798
121.651
127.365
131.619
134.804
137.157
138.822
139.889
140.41
102.716
113.798
121.651
127.366
131.619
134.804
137.157
138.822
139.889
140.41
102.716
113.798
121.651
127.366
131.619
134.804
137.157
138.822
139.889
140.41
102.716
113.798
121.651
127.366
131.619
134.804
137.157
138.822
139.889
140.41
102.717
113.798
121.651
127.366
131.619
134.804
137.157
138.822
139.889
140.41
89.1484
98.053
105.073
110.493
114.65
117.81
120.161
121.831
122.902
123.426
89.1482
98.0529
105.073
110.493
114.65
117.81
120.161
121.83
122.902
123.426
89.1481
98.0527
105.073
110.493
114.65
117.81
120.161
121.83
122.902
123.426
89.148
98.0527
105.073
110.493
114.65
117.81
120.161
121.83
122.902
123.426
89.148
98.0526
105.073
110.493
114.65
117.81
120.161
121.83
122.902
123.426
89.148
98.0526
105.073
110.493
114.65
117.81
120.161
121.83
122.902
123.426
89.148
98.0527
105.073
110.493
114.65
117.81
120.161
121.83
122.902
123.426
89.1481
98.0527
105.073
110.493
114.65
117.81
120.161
121.83
122.902
123.426
89.1482
98.0528
105.073
110.493
114.65
117.81
120.161
121.831
122.902
123.426
89.1483
98.053
105.073
110.493
114.65
117.81
120.161
121.831
122.902
123.427
78.0739
85.1135
91.0361
95.839
99.6476
102.606
104.837
106.436
107.467
107.973
78.0738
85.1134
91.0359
95.8388
99.6474
102.606
104.837
106.435
107.467
107.972
78.0737
85.1133
91.0358
95.8387
99.6473
102.606
104.837
106.435
107.467
107.972
78.0736
85.1132
91.0358
95.8386
99.6473
102.606
104.837
106.435
107.467
107.972
78.0736
85.1132
91.0357
95.8386
99.6472
102.606
104.837
106.435
107.467
107.972
78.0736
85.1132
91.0357
95.8386
99.6472
102.606
104.837
106.435
107.467
107.972
78.0736
85.1132
91.0358
95.8387
99.6473
102.606
104.837
106.435
107.467
107.972
78.0737
85.1133
91.0358
95.8387
99.6473
102.606
104.837
106.435
107.467
107.972
78.0738
85.1134
91.0359
95.8388
99.6474
102.606
104.837
106.435
107.467
107.973
78.0739
85.1135
91.0361
95.839
99.6476
102.606
104.837
106.436
107.467
107.973
68.6656
74.205
79.0514
83.1288
86.4595
89.1049
91.1324
92.6008
93.5551
94.0249
68.6655
74.2049
79.0513
83.1287
86.4593
89.1047
91.1322
92.6007
93.5549
94.0248
68.6654
74.2048
79.0512
83.1286
86.4592
89.1046
91.1321
92.6006
93.5549
94.0247
68.6653
74.2047
79.0511
83.1285
86.4592
89.1045
91.1321
92.6005
93.5548
94.0247
68.6653
74.2047
79.0511
83.1285
86.4591
89.1045
91.132
92.6005
93.5548
94.0246
68.6653
74.2047
79.0511
83.1285
86.4591
89.1045
91.132
92.6005
93.5548
94.0247
68.6653
74.2047
79.0511
83.1285
86.4592
89.1046
91.1321
92.6005
93.5548
94.0247
68.6654
74.2048
79.0512
83.1286
86.4593
89.1046
91.1321
92.6006
93.5549
94.0248
68.6655
74.2049
79.0513
83.1287
86.4594
89.1047
91.1323
92.6007
93.555
94.0249
68.6656
74.205
79.0514
83.1288
86.4595
89.1049
91.1324
92.6009
93.5552
94.025
60.5842
64.8898
68.7545
72.1003
74.9057
77.1824
78.9568
80.2577
81.1101
81.5318
60.5841
64.8897
68.7544
72.1002
74.9055
77.1823
78.9567
80.2576
81.11
81.5317
60.584
64.8896
68.7543
72.1001
74.9054
77.1822
78.9566
80.2575
81.1099
81.5316
60.5839
64.8895
68.7542
72.1
74.9054
77.1821
78.9565
80.2574
81.1099
81.5316
60.5839
64.8895
68.7542
72.1
74.9053
77.1821
78.9565
80.2574
81.1098
81.5316
60.5839
64.8895
68.7542
72.1
74.9053
77.1821
78.9565
80.2574
81.1098
81.5316
60.5839
64.8895
68.7542
72.1
74.9054
77.1821
78.9565
80.2575
81.1099
81.5316
60.584
64.8896
68.7543
72.1001
74.9055
77.1822
78.9566
80.2575
81.11
81.5317
60.5841
64.8897
68.7544
72.1002
74.9056
77.1823
78.9567
80.2576
81.1101
81.5318
60.5842
64.8898
68.7545
72.1003
74.9057
77.1825
78.9569
80.2578
81.1102
81.5319
53.6549
56.8967
59.8749
62.5254
64.8067
66.6995
68.2009
69.3162
70.0536
70.4203
53.6547
56.8966
59.8747
62.5253
64.8065
66.6994
68.2008
69.3161
70.0534
70.4202
53.6546
56.8965
59.8746
62.5252
64.8064
66.6993
68.2007
69.316
70.0534
70.4201
53.6546
56.8964
59.8746
62.5251
64.8064
66.6993
68.2006
69.3159
70.0533
70.4201
53.6546
56.8964
59.8746
62.5251
64.8064
66.6992
68.2006
69.3159
70.0533
70.42
53.6546
56.8964
59.8746
62.5251
64.8064
66.6992
68.2006
69.3159
70.0533
70.42
53.6546
56.8964
59.8746
62.5252
64.8064
66.6993
68.2006
69.3159
70.0533
70.4201
53.6547
56.8965
59.8747
62.5252
64.8065
66.6993
68.2007
69.316
70.0534
70.4202
53.6547
56.8966
59.8748
62.5253
64.8066
66.6994
68.2008
69.3161
70.0535
70.4203
53.6549
56.8967
59.8749
62.5255
64.8067
66.6996
68.201
69.3163
70.0537
70.4204
47.7601
50.0252
52.1952
54.2053
55.993
57.515
58.7461
59.6738
60.2932
60.603
47.76
50.025
52.1951
54.2052
55.9929
57.5149
58.746
59.6737
60.2931
60.6029
47.7599
50.0249
52.195
54.2051
55.9928
57.5148
58.7459
59.6736
60.293
60.6029
47.7598
50.0249
52.195
54.205
55.9928
57.5148
58.7459
59.6736
60.293
60.6028
47.7598
50.0249
52.1949
54.205
55.9927
57.5147
58.7458
59.6736
60.293
60.6028
47.7598
50.0249
52.1949
54.205
55.9927
57.5148
58.7459
59.6736
60.293
60.6028
47.7598
50.0249
52.195
54.2051
55.9928
57.5148
58.7459
59.6736
60.293
60.6028
47.7599
50.025
52.195
54.2051
55.9928
57.5149
58.746
59.6737
60.2931
60.6029
47.76
50.0251
52.1951
54.2052
55.9929
57.515
58.7461
59.6738
60.2932
60.603
47.7601
50.0252
52.1953
54.2054
55.9931
57.5151
58.7462
59.6739
60.2933
60.6032
42.7711
44.0795
45.5179
46.9604
48.3077
49.4926
50.473
51.2236
51.7301
51.9849
42.771
44.0793
45.5177
46.9603
48.3075
49.4925
50.4729
51.2235
51.7299
51.9848
42.7709
44.0793
45.5177
46.9602
48.3074
49.4924
50.4728
51.2234
51.7299
51.9848
42.7709
44.0792
45.5176
46.9602
48.3074
49.4923
50.4727
51.2233
51.7298
51.9847
42.7709
44.0792
45.5176
46.9601
48.3074
49.4923
50.4727
51.2233
51.7298
51.9847
42.7709
44.0792
45.5176
46.9601
48.3074
49.4923
50.4727
51.2233
51.7298
51.9847
42.7709
44.0792
45.5176
46.9602
48.3074
49.4923
50.4728
51.2234
51.7299
51.9848
42.7709
44.0793
45.5177
46.9602
48.3075
49.4924
50.4728
51.2234
51.7299
51.9848
42.771
44.0794
45.5178
46.9603
48.3076
49.4925
50.4729
51.2235
51.73
51.9849
42.7712
44.0795
45.5179
46.9605
48.3077
49.4926
50.4731
51.2237
51.7302
51.9851
38.3981
38.8043
39.6446
40.6272
41.6087
42.5058
43.2669
43.8595
44.2637
44.4685
38.398
38.8042
39.6445
40.6271
41.6086
42.5057
43.2668
43.8593
44.2636
44.4684
38.398
38.8041
39.6445
40.627
41.6085
42.5056
43.2667
43.8593
44.2636
44.4683
38.3979
38.8041
39.6444
40.627
41.6084
42.5056
43.2666
43.8592
44.2635
44.4683
38.3979
38.8041
39.6444
40.627
41.6084
42.5055
43.2666
43.8592
44.2635
44.4683
38.3979
38.8041
39.6444
40.627
41.6084
42.5055
43.2666
43.8592
44.2635
44.4683
38.3979
38.8041
39.6444
40.627
41.6085
42.5056
43.2667
43.8593
44.2636
44.4683
38.398
38.8042
39.6445
40.6271
41.6085
42.5056
43.2667
43.8593
44.2636
44.4684
38.3981
38.8042
39.6446
40.6272
41.6086
42.5057
43.2668
43.8594
44.2637
44.4685
38.3982
38.8044
39.6447
40.6273
41.6087
42.5059
43.2669
43.8595
44.2639
44.4686
405.77
405.789
405.824
405.871
405.924
405.977
406.025
406.065
406.093
406.108
405.77
405.789
405.824
405.871
405.924
405.977
406.025
406.065
406.093
406.108
405.77
405.789
405.824
405.871
405.924
405.977
406.025
406.065
406.093
406.108
405.77
405.789
405.824
405.871
405.924
405.977
406.025
406.065
406.093
406.108
405.77
405.789
405.824
405.871
405.924
405.977
406.025
406.065
406.093
406.108
405.77
405.789
405.824
405.871
405.924
405.977
406.025
406.065
406.093
406.108
405.77
405.789
405.824
405.871
405.924
405.977
406.025
406.065
406.093
406.108
405.77
405.789
405.824
405.871
405.924
405.977
406.025
406.065
406.093
406.108
405.77
405.789
405.824
405.871
405.924
405.977
406.025
406.065
406.093
406.108
405.77
405.789
405.824
405.871
405.924
405.977
406.025
406.065
406.093
406.108
377.357
377.416
377.527
377.673
377.837
378.002
378.152
378.274
378.361
378.405
377.357
377.416
377.527
377.673
377.837
378.002
378.152
378.274
378.361
378.405
377.357
377.416
377.527
377.673
377.837
378.002
378.152
378.274
378.361
378.405
377.357
377.416
377.527
377.673
377.837
378.002
378.152
378.274
378.361
378.405
377.357
377.416
377.527
377.673
377.837
378.002
378.152
378.274
378.361
378.405
377.357
377.416
377.527
377.673
377.837
378.002
378.152
378.274
378.361
378.405
377.357
377.416
377.527
377.673
377.837
378.002
378.152
378.274
378.361
378.405
377.357
377.416
377.527
377.673
377.837
378.002
378.152
378.274
378.361
378.405
377.357
377.416
377.527
377.673
377.837
378.002
378.152
378.274
378.361
378.405
377.357
377.416
377.527
377.673
377.837
378.002
378.152
378.274
378.361
378.405
349.08
349.189
349.39
349.654
349.948
350.24
350.505
350.72
350.871
350.949
349.08
349.189
349.39
349.654
349.948
350.24
350.505
350.72
350.871
350.949
349.08
349.189
349.39
349.653
349.948
350.24
350.505
350.72
350.871
350.949
349.08
349.189
349.39
349.653
349.948
350.24
350.505
350.72
350.871
350.949
349.08
349.189
349.39
349.653
349.948
350.24
350.505
350.72
350.871
350.949
349.08
349.189
349.39
349.653
349.948
350.24
350.505
350.72
350.871
350.949
349.08
349.189
349.39
349.653
349.948
350.24
350.505
350.72
350.871
350.949
349.08
349.189
349.39
349.653
349.948
350.24
350.505
350.72
350.871
350.949
349.08
349.189
349.39
349.654
349.948
350.24
350.505
350.72
350.871
350.949
349.08
349.189
349.39
349.654
349.948
350.24
350.505
350.72
350.871
350.949
321.017
321.192
321.512
321.928
322.385
322.834
323.235
323.558
323.784
323.9
321.016
321.192
321.512
321.928
322.385
322.834
323.235
323.558
323.784
323.9
321.016
321.192
321.512
321.928
322.385
322.834
323.235
323.558
323.784
323.9
321.016
321.192
321.512
321.928
322.385
322.834
323.235
323.558
323.784
323.9
321.016
321.192
321.512
321.928
322.385
322.834
323.235
323.558
323.784
323.9
321.016
321.192
321.512
321.928
322.385
322.834
323.235
323.558
323.784
323.9
321.016
321.192
321.512
321.928
322.385
322.834
323.235
323.558
323.784
323.9
321.016
321.192
321.512
321.928
322.385
322.834
323.235
323.558
323.784
323.9
321.016
321.192
321.512
321.928
322.385
322.834
323.235
323.558
323.784
323.9
321.016
321.192
321.512
321.928
322.385
322.834
323.235
323.558
323.784
323.9
293.217
293.49
293.981
294.605
295.277
295.924
296.493
296.946
297.26
297.42
293.217
293.49
293.981
294.605
295.277
295.924
296.493
296.946
297.26
297.42
293.217
293.49
293.981
294.605
295.277
295.924
296.493
296.946
297.259
297.419
293.217
293.49
293.981
294.605
295.277
295.924
296.493
296.946
297.259
297.419
293.217
293.49
293.981
294.605
295.277
295.924
296.493
296.946
297.259
297.419
293.217
293.49
293.981
294.605
295.277
295.924
296.493
296.946
297.259
297.419
293.217
293.49
293.981
294.605
295.277
295.924
296.493
296.946
297.259
297.419
293.217
293.49
293.981
294.605
295.277
295.924
296.493
296.946
297.259
297.419
293.217
293.49
293.981
294.605
295.277
295.924
296.493
296.946
297.26
297.42
293.217
293.49
293.981
294.605
295.277
295.924
296.493
296.946
297.26
297.42
265.694
266.122
266.869
267.789
268.75
269.652
270.429
271.038
271.455
271.666
265.693
266.121
266.869
267.789
268.75
269.652
270.429
271.038
271.455
271.666
265.693
266.121
266.869
267.789
268.75
269.652
270.429
271.038
271.455
271.666
265.693
266.121
266.869
267.789
268.75
269.652
270.429
271.038
271.455
271.666
265.693
266.121
266.869
267.789
268.75
269.652
270.429
271.038
271.455
271.666
265.693
266.121
266.869
267.789
268.75
269.652
270.429
271.038
271.455
271.666
265.693
266.121
266.869
267.789
268.75
269.652
270.429
271.038
271.455
271.666
265.693
266.121
266.869
267.789
268.75
269.652
270.429
271.038
271.455
271.666
265.693
266.121
266.869
267.789
268.75
269.652
270.429
271.038
271.455
271.666
265.693
266.121
266.869
267.789
268.75
269.652
270.429
271.038
271.455
271.666
238.388
239.081
240.234
241.586
242.939
244.167
245.196
245.989
246.524
246.794
238.388
239.081
240.234
241.586
242.939
244.166
245.196
245.989
246.524
246.793
238.388
239.081
240.234
241.585
242.938
244.166
245.196
245.988
246.524
246.793
238.388
239.081
240.234
241.585
242.938
244.166
245.196
245.988
246.524
246.793
238.388
239.081
240.234
241.585
242.938
244.166
245.196
245.988
246.524
246.793
238.388
239.081
240.233
241.585
242.938
244.166
245.196
245.988
246.524
246.793
238.388
239.081
240.234
241.585
242.938
244.166
245.196
245.988
246.524
246.793
238.388
239.081
240.234
241.585
242.938
244.166
245.196
245.989
246.524
246.793
238.388
239.081
240.234
241.586
242.939
244.166
245.196
245.989
246.524
246.793
238.388
239.081
240.234
241.586
242.939
244.167
245.196
245.989
246.524
246.794
211.119
212.312
214.135
216.12
217.997
219.628
220.954
221.953
222.618
222.95
211.119
212.312
214.135
216.12
217.997
219.628
220.954
221.953
222.618
222.95
211.119
212.312
214.135
216.12
217.996
219.628
220.954
221.953
222.618
222.95
211.119
212.312
214.135
216.12
217.996
219.628
220.954
221.953
222.618
222.95
211.119
212.312
214.134
216.12
217.996
219.628
220.954
221.953
222.618
222.95
211.119
212.311
214.134
216.12
217.996
219.628
220.954
221.953
222.618
222.95
211.119
212.312
214.135
216.12
217.996
219.628
220.954
221.953
222.618
222.95
211.119
212.312
214.135
216.12
217.996
219.628
220.954
221.953
222.618
222.95
211.119
212.312
214.135
216.12
217.997
219.628
220.954
221.953
222.618
222.95
211.119
212.312
214.135
216.12
217.997
219.628
220.954
221.953
222.618
222.95
183.455
185.713
188.678
191.576
194.117
196.217
197.868
199.083
199.881
200.276
183.455
185.713
188.678
191.576
194.117
196.217
197.868
199.083
199.881
200.276
183.455
185.713
188.678
191.576
194.117
196.217
197.867
199.083
199.881
200.276
183.455
185.713
188.678
191.576
194.117
196.217
197.867
199.083
199.881
200.276
183.455
185.713
188.678
191.576
194.117
196.217
197.867
199.083
199.881
200.276
183.455
185.713
188.678
191.576
194.117
196.217
197.867
199.083
199.881
200.276
183.455
185.713
188.678
191.576
194.117
196.217
197.867
199.083
199.881
200.276
183.455
185.713
188.678
191.576
194.117
196.217
197.867
199.083
199.881
200.276
183.455
185.713
188.678
191.576
194.117
196.217
197.868
199.083
199.881
200.276
183.455
185.713
188.678
191.576
194.117
196.217
197.868
199.083
199.881
200.276
154.382
159.262
164.15
168.255
171.553
174.139
176.106
177.524
178.444
178.896
154.382
159.262
164.15
168.255
171.553
174.139
176.105
177.524
178.443
178.896
154.382
159.261
164.15
168.255
171.553
174.139
176.105
177.524
178.443
178.896
154.382
159.261
164.15
168.255
171.553
174.139
176.105
177.524
178.443
178.896
154.382
159.261
164.15
168.255
171.553
174.139
176.105
177.524
178.443
178.896
154.382
159.261
164.15
168.255
171.553
174.139
176.105
177.524
178.443
178.896
154.382
159.261
164.15
168.255
171.553
174.139
176.105
177.524
178.443
178.896
154.382
159.261
164.15
168.255
171.553
174.139
176.105
177.524
178.443
178.896
154.382
159.261
164.15
168.255
171.553
174.139
176.106
177.524
178.444
178.896
154.382
159.262
164.15
168.256
171.553
174.139
176.106
177.524
178.444
178.896
11.3398
11.3715
11.4386
11.5485
11.7126
11.9465
12.27
12.7036
13.252
13.8229
11.3397
11.3714
11.4385
11.5484
11.7125
11.9465
12.27
12.7035
13.2519
13.8229
11.3397
11.3714
11.4385
11.5484
11.7125
11.9465
12.2699
12.7035
13.2519
13.8229
11.3397
11.3714
11.4385
11.5484
11.7125
11.9464
12.2699
12.7035
13.2519
13.8229
11.3397
11.3714
11.4385
11.5484
11.7125
11.9464
12.2699
12.7035
13.2519
13.8228
11.3397
11.3714
11.4385
11.5484
11.7125
11.9464
12.2699
12.7035
13.2519
13.8229
11.3397
11.3714
11.4385
11.5484
11.7125
11.9464
12.2699
12.7035
13.2519
13.8229
11.3397
11.3714
11.4385
11.5484
11.7125
11.9465
12.27
12.7035
13.2519
13.8229
11.3397
11.3714
11.4385
11.5484
11.7125
11.9465
12.27
12.7035
13.252
13.8229
11.3397
11.3715
11.4386
11.5485
11.7126
11.9465
12.27
12.7036
13.252
13.823
9.72204
9.75018
9.80897
9.90317
10.0395
10.2254
10.4665
10.7597
11.0767
11.3281
9.722
9.75015
9.80894
9.90313
10.0394
10.2253
10.4664
10.7597
11.0766
11.3281
9.72198
9.75012
9.80891
9.90311
10.0394
10.2253
10.4664
10.7597
11.0766
11.3281
9.72196
9.7501
9.80889
9.90309
10.0394
10.2253
10.4664
10.7596
11.0766
11.3281
9.72195
9.7501
9.80888
9.90308
10.0394
10.2253
10.4664
10.7596
11.0766
11.3281
9.72195
9.7501
9.80888
9.90308
10.0394
10.2253
10.4664
10.7596
11.0766
11.3281
9.72196
9.7501
9.80889
9.90309
10.0394
10.2253
10.4664
10.7597
11.0766
11.3281
9.72198
9.75012
9.80891
9.90311
10.0394
10.2253
10.4664
10.7597
11.0766
11.3281
9.722
9.75015
9.80894
9.90314
10.0394
10.2253
10.4665
10.7597
11.0767
11.3281
9.72203
9.75018
9.80898
9.90318
10.0395
10.2254
10.4665
10.7598
11.0767
11.3282
8.32516
8.34886
8.39771
8.47428
8.58156
8.72155
8.89251
9.08383
9.26809
9.39308
8.32513
8.34882
8.39768
8.47425
8.58152
8.72152
8.89247
9.0838
9.26806
9.39305
8.3251
8.3488
8.39765
8.47422
8.5815
8.72149
8.89245
9.08377
9.26803
9.39303
8.32508
8.34878
8.39764
8.4742
8.58148
8.72148
8.89243
9.08376
9.26802
9.39301
8.32508
8.34877
8.39763
8.4742
8.58147
8.72147
8.89242
9.08375
9.26801
9.39301
8.32508
8.34877
8.39763
8.4742
8.58148
8.72147
8.89243
9.08375
9.26801
9.39301
8.32508
8.34878
8.39764
8.47421
8.58149
8.72148
8.89244
9.08376
9.26803
9.39302
8.3251
8.3488
8.39766
8.47423
8.58151
8.7215
8.89246
9.08379
9.26805
9.39305
8.32512
8.34882
8.39768
8.47425
8.58153
8.72153
8.89249
9.08382
9.26808
9.39308
8.32515
8.34885
8.39772
8.47429
8.58157
8.72157
8.89253
9.08386
9.26812
9.39312
7.13595
7.15508
7.19403
7.2538
7.33504
7.43689
7.55495
7.67865
7.7885
7.85652
7.13592
7.15505
7.194
7.25376
7.33501
7.43686
7.55492
7.67862
7.78847
7.8565
7.1359
7.15503
7.19398
7.25374
7.33499
7.43683
7.5549
7.67859
7.78845
7.85648
7.13588
7.15501
7.19396
7.25373
7.33497
7.43682
7.55488
7.67858
7.78844
7.85647
7.13588
7.15501
7.19395
7.25372
7.33497
7.43681
7.55488
7.67857
7.78843
7.85646
7.13588
7.15501
7.19395
7.25372
7.33497
7.43682
7.55488
7.67858
7.78844
7.85647
7.13588
7.15501
7.19396
7.25373
7.33498
7.43683
7.55489
7.67859
7.78845
7.85648
7.1359
7.15503
7.19398
7.25375
7.335
7.43684
7.55491
7.67861
7.78847
7.8565
7.13592
7.15505
7.194
7.25377
7.33502
7.43687
7.55494
7.67864
7.7885
7.85653
7.13594
7.15508
7.19404
7.25381
7.33506
7.43691
7.55497
7.67867
7.78854
7.85657
6.14231
6.15727
6.18737
6.23269
6.29265
6.36524
6.44585
6.52613
6.59352
6.63303
6.14229
6.15724
6.18735
6.23266
6.29262
6.36521
6.44582
6.5261
6.59349
6.63301
6.14226
6.15722
6.18732
6.23264
6.2926
6.36519
6.4458
6.52608
6.59347
6.633
6.14225
6.15721
6.18731
6.23262
6.29259
6.36518
6.44578
6.52606
6.59346
6.63298
6.14224
6.1572
6.1873
6.23262
6.29258
6.36517
6.44578
6.52606
6.59345
6.63298
6.14224
6.1572
6.18731
6.23262
6.29258
6.36517
6.44578
6.52606
6.59346
6.63298
6.14225
6.15721
6.18731
6.23263
6.29259
6.36518
6.44579
6.52607
6.59347
6.633
6.14227
6.15722
6.18733
6.23264
6.29261
6.3652
6.44581
6.52609
6.59349
6.63301
6.14228
6.15724
6.18735
6.23267
6.29263
6.36522
6.44584
6.52612
6.59351
6.63304
6.14231
6.15727
6.18738
6.2327
6.29266
6.36526
6.44587
6.52615
6.59355
6.63308
5.3332
5.34465
5.36747
5.40123
5.44488
5.49618
5.5512
5.60392
5.64646
5.67058
5.33318
5.34463
5.36744
5.40121
5.44485
5.49615
5.55118
5.60389
5.64643
5.67056
5.33316
5.34461
5.36742
5.40119
5.44483
5.49614
5.55116
5.60388
5.64642
5.67054
5.33314
5.34459
5.36741
5.40118
5.44482
5.49612
5.55115
5.60386
5.64641
5.67053
5.33314
5.34459
5.36741
5.40117
5.44482
5.49612
5.55114
5.60386
5.6464
5.67053
5.33314
5.34459
5.36741
5.40117
5.44482
5.49612
5.55114
5.60386
5.64641
5.67053
5.33314
5.3446
5.36741
5.40118
5.44483
5.49613
5.55115
5.60387
5.64642
5.67054
5.33316
5.34461
5.36743
5.40119
5.44484
5.49615
5.55117
5.60389
5.64643
5.67056
5.33317
5.34463
5.36745
5.40122
5.44486
5.49617
5.55119
5.60391
5.64646
5.67059
5.3332
5.34465
5.36748
5.40125
5.44489
5.4962
5.55123
5.60395
5.64649
5.67062
4.69879
4.70751
4.72471
4.74981
4.7816
4.81806
4.85608
4.89145
4.91919
4.93458
4.69877
4.70748
4.72469
4.74978
4.78157
4.81803
4.85606
4.89143
4.91917
4.93456
4.69875
4.70746
4.72467
4.74976
4.78156
4.81802
4.85604
4.89141
4.91915
4.93454
4.69874
4.70745
4.72466
4.74975
4.78154
4.81801
4.85603
4.8914
4.91914
4.93454
4.69873
4.70745
4.72466
4.74975
4.78154
4.818
4.85603
4.8914
4.91914
4.93453
4.69873
4.70745
4.72466
4.74975
4.78154
4.818
4.85603
4.8914
4.91914
4.93454
4.69874
4.70745
4.72466
4.74976
4.78155
4.81801
4.85604
4.89141
4.91915
4.93455
4.69875
4.70747
4.72468
4.74977
4.78157
4.81803
4.85606
4.89142
4.91917
4.93456
4.69877
4.70748
4.7247
4.74979
4.78159
4.81805
4.85608
4.89145
4.91919
4.93459
4.69879
4.70751
4.72472
4.74982
4.78161
4.81808
4.85611
4.89148
4.91922
4.93462
4.23075
4.23749
4.25069
4.2697
4.29339
4.32001
4.34716
4.37184
4.3908
4.40116
4.23073
4.23747
4.25067
4.26968
4.29337
4.31999
4.34714
4.37182
4.39078
4.40114
4.23072
4.23745
4.25065
4.26966
4.29335
4.31997
4.34712
4.3718
4.39077
4.40113
4.2307
4.23744
4.25064
4.26965
4.29334
4.31996
4.34711
4.37179
4.39076
4.40113
4.2307
4.23743
4.25064
4.26965
4.29334
4.31996
4.34711
4.37179
4.39076
4.40112
4.2307
4.23743
4.25064
4.26965
4.29334
4.31996
4.34711
4.37179
4.39076
4.40113
4.23071
4.23744
4.25064
4.26966
4.29335
4.31997
4.34712
4.3718
4.39077
4.40114
4.23072
4.23745
4.25066
4.26967
4.29336
4.31998
4.34713
4.37182
4.39078
4.40115
4.23073
4.23747
4.25068
4.26969
4.29338
4.32
4.34716
4.37184
4.39081
4.40117
4.23075
4.23749
4.2507
4.26972
4.29341
4.32003
4.34718
4.37187
4.39083
4.4012
3.92253
3.92799
3.93864
3.95382
3.9725
3.99317
4.0139
4.03243
4.04646
4.05404
3.9225
3.92797
3.93862
3.9538
3.97248
3.99315
4.01388
4.03241
4.04644
4.05403
3.92249
3.92795
3.9386
3.95379
3.97246
3.99314
4.01386
4.03239
4.04643
4.05402
3.92248
3.92794
3.93859
3.95378
3.97246
3.99313
4.01386
4.03239
4.04642
4.05401
3.92248
3.92794
3.93859
3.95377
3.97245
3.99312
4.01385
4.03238
4.04642
4.05401
3.92248
3.92794
3.93859
3.95378
3.97245
3.99313
4.01386
4.03239
4.04642
4.05401
3.92248
3.92795
3.9386
3.95378
3.97246
3.99313
4.01386
4.0324
4.04643
4.05402
3.92249
3.92796
3.93861
3.9538
3.97247
3.99315
4.01388
4.03241
4.04644
4.05404
3.92251
3.92797
3.93863
3.95381
3.97249
3.99317
4.0139
4.03243
4.04646
4.05406
3.92253
3.928
3.93865
3.95384
3.97252
3.99319
4.01392
4.03246
4.04649
4.05409
3.76957
3.77442
3.78383
3.79718
3.81347
3.83135
3.8491
3.86482
3.87663
3.88298
3.76956
3.7744
3.78381
3.79716
3.81345
3.83133
3.84908
3.86481
3.87661
3.88297
3.76954
3.77439
3.7838
3.79715
3.81344
3.83132
3.84907
3.86479
3.8766
3.88296
3.76953
3.77438
3.78379
3.79714
3.81343
3.83131
3.84906
3.86479
3.8766
3.88295
3.76953
3.77438
3.78379
3.79714
3.81343
3.83131
3.84906
3.86478
3.87659
3.88295
3.76953
3.77438
3.78379
3.79714
3.81343
3.83131
3.84906
3.86479
3.8766
3.88296
3.76954
3.77439
3.7838
3.79715
3.81344
3.83132
3.84907
3.8648
3.87661
3.88297
3.76955
3.7744
3.78381
3.79716
3.81345
3.83133
3.84909
3.86481
3.87662
3.88298
3.76956
3.77441
3.78383
3.79718
3.81347
3.83135
3.84911
3.86483
3.87664
3.883
3.76958
3.77444
3.78385
3.7972
3.8135
3.83137
3.84913
3.86486
3.87667
3.88303
33.5774
33.8618
34.4003
35.072
35.7769
36.4435
37.0227
37.4811
37.7972
37.9583
33.5773
33.8617
34.4002
35.0719
35.7768
36.4434
37.0226
37.4809
37.7971
37.9582
33.5772
33.8616
34.4001
35.0718
35.7767
36.4433
37.0225
37.4809
37.797
37.9582
33.5771
33.8615
34.4001
35.0717
35.7766
36.4433
37.0224
37.4808
37.797
37.9581
33.5771
33.8615
34.4001
35.0717
35.7766
36.4433
37.0224
37.4808
37.797
37.9581
33.5771
33.8615
34.4001
35.0717
35.7766
36.4433
37.0224
37.4808
37.797
37.9581
33.5772
33.8616
34.4001
35.0718
35.7766
36.4433
37.0225
37.4809
37.797
37.9582
33.5772
33.8616
34.4001
35.0718
35.7767
36.4434
37.0225
37.4809
37.7971
37.9582
33.5773
33.8617
34.4002
35.0719
35.7768
36.4435
37.0226
37.481
37.7972
37.9583
33.5774
33.8618
34.4003
35.072
35.7769
36.4436
37.0227
37.4811
37.7973
37.9584
29.1987
29.3931
29.7539
30.2186
30.723
31.213
31.6475
31.9964
32.2395
32.3641
29.1986
29.393
29.7538
30.2185
30.7229
31.2129
31.6474
31.9963
32.2394
32.3641
29.1986
29.3929
29.7537
30.2185
30.7228
31.2129
31.6473
31.9963
32.2394
32.364
29.1985
29.3929
29.7536
30.2184
30.7228
31.2128
31.6473
31.9962
32.2393
32.364
29.1985
29.3928
29.7536
30.2184
30.7228
31.2128
31.6472
31.9962
32.2393
32.364
29.1985
29.3929
29.7536
30.2184
30.7228
31.2128
31.6472
31.9962
32.2393
32.364
29.1985
29.3929
29.7537
30.2184
30.7228
31.2128
31.6473
31.9963
32.2394
32.364
29.1986
29.3929
29.7537
30.2185
30.7229
31.2129
31.6473
31.9963
32.2394
32.3641
29.1986
29.393
29.7538
30.2186
30.7229
31.213
31.6474
31.9964
32.2395
32.3642
29.1987
29.3931
29.7539
30.2187
30.723
31.2131
31.6475
31.9965
32.2396
32.3643
25.3119
25.4454
25.6931
26.0185
26.3798
26.738
27.0608
27.3234
27.508
27.6031
25.3118
25.4453
25.693
26.0184
26.3797
26.7379
27.0607
27.3233
27.5079
27.603
25.3118
25.4452
25.693
26.0184
26.3796
26.7378
27.0607
27.3233
27.5078
27.6029
25.3117
25.4452
25.6929
26.0183
26.3796
26.7378
27.0606
27.3232
27.5078
27.6029
25.3117
25.4452
25.6929
26.0183
26.3795
26.7377
27.0606
27.3232
27.5078
27.6029
25.3117
25.4452
25.6929
26.0183
26.3795
26.7377
27.0606
27.3232
27.5078
27.6029
25.3117
25.4452
25.6929
26.0183
26.3796
26.7378
27.0606
27.3233
27.5078
27.6029
25.3118
25.4452
25.693
26.0184
26.3796
26.7378
27.0607
27.3233
27.5079
27.603
25.3118
25.4453
25.6931
26.0185
26.3797
26.7379
27.0608
27.3234
27.508
27.6031
25.3119
25.4454
25.6932
26.0186
26.3798
26.738
27.0609
27.3235
27.5081
27.6032
21.9377
22.0304
22.2035
22.4337
22.6934
22.9549
23.1936
23.3898
23.5287
23.6006
21.9376
22.0304
22.2034
22.4336
22.6933
22.9548
23.1935
23.3897
23.5286
23.6006
21.9375
22.0303
22.2033
22.4336
22.6933
22.9547
23.1935
23.3897
23.5286
23.6005
21.9375
22.0303
22.2033
22.4335
22.6932
22.9547
23.1934
23.3896
23.5286
23.6005
21.9375
22.0302
22.2033
22.4335
22.6932
22.9547
23.1934
23.3896
23.5286
23.6005
21.9375
22.0302
22.2033
22.4335
22.6932
22.9547
23.1934
23.3896
23.5286
23.6005
21.9375
22.0303
22.2033
22.4335
22.6932
22.9547
23.1934
23.3897
23.5286
23.6005
21.9375
22.0303
22.2033
22.4336
22.6933
22.9547
23.1935
23.3897
23.5286
23.6006
21.9376
22.0304
22.2034
22.4337
22.6934
22.9548
23.1936
23.3898
23.5287
23.6006
21.9377
22.0305
22.2035
22.4338
22.6934
22.9549
23.1937
23.3899
23.5288
23.6007
19.0781
19.1436
19.2662
19.431
19.6189
19.8103
19.9868
20.1331
20.2373
20.2914
19.078
19.1435
19.2661
19.4309
19.6188
19.8102
19.9867
20.133
20.2372
20.2914
19.078
19.1434
19.2661
19.4308
19.6187
19.8101
19.9867
20.133
20.2372
20.2913
19.0779
19.1434
19.266
19.4308
19.6187
19.8101
19.9866
20.1329
20.2372
20.2913
19.0779
19.1434
19.266
19.4308
19.6187
19.8101
19.9866
20.1329
20.2372
20.2913
19.0779
19.1434
19.266
19.4308
19.6187
19.8101
19.9866
20.1329
20.2372
20.2913
19.078
19.1434
19.266
19.4308
19.6187
19.8101
19.9867
20.133
20.2372
20.2914
19.078
19.1434
19.2661
19.4308
19.6188
19.8102
19.9867
20.133
20.2372
20.2914
19.078
19.1435
19.2661
19.4309
19.6188
19.8102
19.9868
20.1331
20.2373
20.2915
19.0781
19.1436
19.2662
19.431
19.6189
19.8103
19.9869
20.1332
20.2374
20.2916
16.7251
16.7721
16.8605
16.9802
17.1178
17.2591
17.3905
17.5001
17.5786
17.6195
16.725
16.772
16.8605
16.9801
17.1177
17.259
17.3904
17.5
17.5785
17.6194
16.725
16.772
16.8604
16.98
17.1176
17.259
17.3904
17.5
17.5785
17.6194
16.7249
16.7719
16.8604
16.98
17.1176
17.2589
17.3903
17.5
17.5784
17.6193
16.7249
16.7719
16.8604
16.98
17.1176
17.2589
17.3903
17.4999
17.5784
17.6193
16.7249
16.7719
16.8604
16.98
17.1176
17.2589
17.3903
17.5
17.5784
17.6193
16.7249
16.7719
16.8604
16.98
17.1176
17.2589
17.3904
17.5
17.5785
17.6194
16.725
16.772
16.8604
16.9801
17.1177
17.259
17.3904
17.5
17.5785
17.6194
16.725
16.772
16.8605
16.9801
17.1177
17.2591
17.3905
17.5001
17.5786
17.6195
16.7251
16.7721
16.8606
16.9802
17.1178
17.2591
17.3906
17.5002
17.5787
17.6196
14.8657
14.9003
14.9657
15.0546
15.1574
15.2638
15.3633
15.4467
15.5066
15.5379
14.8656
14.9003
14.9656
15.0545
15.1574
15.2637
15.3632
15.4466
15.5066
15.5379
14.8656
14.9002
14.9656
15.0545
15.1573
15.2636
15.3631
15.4466
15.5065
15.5379
14.8656
14.9002
14.9655
15.0544
15.1573
15.2636
15.3631
15.4465
15.5065
15.5378
14.8655
14.9002
14.9655
15.0544
15.1573
15.2636
15.3631
15.4465
15.5065
15.5378
14.8656
14.9002
14.9655
15.0544
15.1573
15.2636
15.3631
15.4465
15.5065
15.5378
14.8656
14.9002
14.9656
15.0544
15.1573
15.2636
15.3631
15.4466
15.5065
15.5379
14.8656
14.9002
14.9656
15.0545
15.1573
15.2637
15.3632
15.4466
15.5066
15.5379
14.8657
14.9003
14.9657
15.0545
15.1574
15.2637
15.3632
15.4467
15.5066
15.538
14.8657
14.9003
14.9657
15.0546
15.1575
15.2638
15.3633
15.4467
15.5067
15.5381
13.4861
13.5126
13.5629
13.6315
13.7112
13.7941
13.872
13.9375
13.9848
14.0095
13.486
13.5126
13.5628
13.6314
13.7112
13.794
13.8719
13.9374
13.9847
14.0095
13.486
13.5125
13.5628
13.6314
13.7111
13.794
13.8718
13.9374
13.9847
14.0094
13.486
13.5125
13.5628
13.6313
13.7111
13.7939
13.8718
13.9374
13.9846
14.0094
13.4859
13.5125
13.5627
13.6313
13.7111
13.7939
13.8718
13.9374
13.9846
14.0094
13.4859
13.5125
13.5627
13.6313
13.7111
13.7939
13.8718
13.9374
13.9846
14.0094
13.486
13.5125
13.5628
13.6314
13.7111
13.794
13.8718
13.9374
13.9847
14.0094
13.486
13.5125
13.5628
13.6314
13.7112
13.794
13.8719
13.9374
13.9847
14.0095
13.486
13.5126
13.5629
13.6315
13.7112
13.7941
13.8719
13.9375
13.9848
14.0096
13.4861
13.5127
13.5629
13.6315
13.7113
13.7941
13.872
13.9376
13.9849
14.0096
12.574
12.5957
12.6368
12.6931
12.7587
12.8271
12.8917
12.9462
12.9855
13.0062
12.5739
12.5956
12.6367
12.693
12.7587
12.8271
12.8916
12.9461
12.9855
13.0061
12.5739
12.5955
12.6367
12.693
12.7586
12.827
12.8916
12.9461
12.9854
13.0061
12.5738
12.5955
12.6367
12.6929
12.7586
12.827
12.8915
12.946
12.9854
13.0061
12.5738
12.5955
12.6366
12.6929
12.7586
12.827
12.8915
12.946
12.9854
13.0061
12.5738
12.5955
12.6366
12.6929
12.7586
12.827
12.8915
12.946
12.9854
13.0061
12.5738
12.5955
12.6367
12.693
12.7586
12.827
12.8916
12.9461
12.9854
13.0061
12.5739
12.5956
12.6367
12.693
12.7586
12.8271
12.8916
12.9461
12.9855
13.0061
12.5739
12.5956
12.6368
12.693
12.7587
12.8271
12.8917
12.9462
12.9855
13.0062
12.574
12.5957
12.6368
12.6931
12.7588
12.8272
12.8917
12.9462
12.9856
13.0063
12.1203
12.1397
12.1765
12.227
12.286
12.3476
12.4057
12.4549
12.4905
12.5092
12.1203
12.1397
12.1765
12.227
12.2859
12.3475
12.4057
12.4549
12.4905
12.5092
12.1202
12.1396
12.1765
12.2269
12.2859
12.3475
12.4057
12.4548
12.4904
12.5091
12.1202
12.1396
12.1764
12.2269
12.2859
12.3475
12.4056
12.4548
12.4904
12.5091
12.1202
12.1396
12.1764
12.2269
12.2859
12.3475
12.4056
12.4548
12.4904
12.5091
12.1202
12.1396
12.1764
12.2269
12.2859
12.3475
12.4056
12.4548
12.4904
12.5091
12.1202
12.1396
12.1764
12.2269
12.2859
12.3475
12.4057
12.4549
12.4905
12.5091
12.1202
12.1396
12.1765
12.227
12.2859
12.3475
12.4057
12.4549
12.4905
12.5092
12.1203
12.1397
12.1765
12.227
12.286
12.3476
12.4058
12.455
12.4906
12.5093
12.1203
12.1398
12.1766
12.2271
12.2861
12.3477
12.4058
12.455
12.4906
12.5093
)
;

boundaryField
{
    inlet1
    {
        type            fixedValue;
        value           uniform 10;
    }
    inlet2
    {
        type            fixedValue;
        value           uniform 20;
    }
    outlet1
    {
        type            zeroGradient;
    }
    outlet2
    {
        type            zeroGradient;
    }
    fixedWalls
    {
        type            zeroGradient;
    }
}


// ************************************************************************* //
