/*--------------------------------*- C++ -*----------------------------------*\
  =========                 |
  \\      /  F ield         | OpenFOAM: The Open Source CFD Toolbox
   \\    /   O peration     | Website:  https://openfoam.org
    \\  /    A nd           | Version:  6
     \\/     M anipulation  |
\*---------------------------------------------------------------------------*/
FoamFile
{
    version     2.0;
    format      ascii;
    class       volScalarField;
    location    "0.955";
    object      T;
}
// * * * * * * * * * * * * * * * * * * * * * * * * * * * * * * * * * * * * * //

dimensions      [0 0 0 1 0 0 0];

internalField   nonuniform List<scalar> 
7000
(
106.724
106.723
106.721
106.719
106.716
106.713
106.709
106.706
106.704
106.703
106.724
106.723
106.721
106.719
106.716
106.713
106.709
106.706
106.704
106.703
106.724
106.723
106.721
106.719
106.716
106.713
106.709
106.706
106.704
106.703
106.724
106.723
106.721
106.719
106.716
106.713
106.709
106.706
106.704
106.703
106.724
106.723
106.721
106.719
106.716
106.713
106.709
106.706
106.704
106.703
106.724
106.723
106.721
106.719
106.716
106.713
106.709
106.706
106.704
106.703
106.724
106.723
106.721
106.719
106.716
106.713
106.709
106.706
106.704
106.703
106.724
106.723
106.721
106.719
106.716
106.713
106.709
106.706
106.704
106.703
106.724
106.723
106.721
106.719
106.716
106.713
106.709
106.706
106.704
106.703
106.724
106.723
106.721
106.719
106.716
106.713
106.709
106.706
106.704
106.703
100.191
100.189
100.183
100.176
100.167
100.157
100.147
100.138
100.131
100.127
100.191
100.189
100.183
100.176
100.167
100.157
100.146
100.138
100.131
100.127
100.191
100.189
100.183
100.176
100.167
100.157
100.146
100.138
100.131
100.127
100.191
100.189
100.183
100.176
100.167
100.157
100.146
100.138
100.131
100.127
100.191
100.189
100.183
100.176
100.167
100.157
100.146
100.138
100.131
100.127
100.191
100.189
100.183
100.176
100.167
100.157
100.146
100.138
100.131
100.127
100.191
100.189
100.183
100.176
100.167
100.157
100.146
100.138
100.131
100.127
100.191
100.189
100.183
100.176
100.167
100.157
100.146
100.138
100.131
100.127
100.191
100.189
100.183
100.176
100.167
100.157
100.146
100.138
100.131
100.127
100.191
100.189
100.183
100.176
100.167
100.157
100.146
100.138
100.131
100.127
93.7152
93.7106
93.7018
93.6891
93.6736
93.6564
93.6391
93.6235
93.6117
93.6053
93.7152
93.7106
93.7017
93.6891
93.6736
93.6564
93.6391
93.6235
93.6117
93.6053
93.7152
93.7106
93.7017
93.6891
93.6736
93.6563
93.639
93.6235
93.6117
93.6053
93.7152
93.7106
93.7017
93.6891
93.6735
93.6563
93.639
93.6235
93.6117
93.6053
93.7152
93.7106
93.7017
93.6891
93.6735
93.6563
93.639
93.6235
93.6117
93.6053
93.7152
93.7106
93.7017
93.6891
93.6735
93.6563
93.639
93.6235
93.6117
93.6053
93.7152
93.7106
93.7017
93.6891
93.6735
93.6563
93.639
93.6235
93.6117
93.6053
93.7152
93.7106
93.7017
93.6891
93.6735
93.6563
93.639
93.6235
93.6117
93.6053
93.7152
93.7106
93.7017
93.6891
93.6736
93.6563
93.639
93.6235
93.6117
93.6053
93.7152
93.7106
93.7017
93.6891
93.6736
93.6564
93.6391
93.6235
93.6117
93.6053
87.3328
87.3264
87.3139
87.2961
87.2739
87.249
87.2237
87.2005
87.1826
87.1727
87.3328
87.3264
87.3139
87.296
87.2739
87.249
87.2236
87.2005
87.1825
87.1727
87.3328
87.3263
87.3139
87.296
87.2739
87.249
87.2236
87.2004
87.1825
87.1727
87.3327
87.3263
87.3139
87.296
87.2738
87.249
87.2236
87.2004
87.1825
87.1727
87.3327
87.3263
87.3139
87.296
87.2738
87.249
87.2236
87.2004
87.1825
87.1727
87.3327
87.3263
87.3139
87.296
87.2738
87.249
87.2236
87.2004
87.1825
87.1727
87.3327
87.3263
87.3139
87.296
87.2738
87.249
87.2236
87.2004
87.1825
87.1727
87.3327
87.3263
87.3139
87.296
87.2739
87.249
87.2236
87.2004
87.1825
87.1727
87.3327
87.3263
87.3139
87.296
87.2739
87.249
87.2236
87.2004
87.1825
87.1727
87.3328
87.3264
87.3139
87.296
87.2739
87.249
87.2236
87.2005
87.1825
87.1727
81.0801
81.072
81.0561
81.0331
81.0041
80.971
80.9364
80.904
80.8783
80.8638
81.0801
81.072
81.0561
81.0331
81.0041
80.971
80.9364
80.904
80.8782
80.8638
81.0801
81.0719
81.0561
81.0331
81.0041
80.971
80.9364
80.904
80.8782
80.8638
81.08
81.0719
81.056
81.033
81.0041
80.971
80.9364
80.904
80.8782
80.8638
81.08
81.0719
81.056
81.033
81.0041
80.971
80.9364
80.904
80.8782
80.8638
81.08
81.0719
81.056
81.033
81.0041
80.971
80.9364
80.9039
80.8782
80.8638
81.08
81.0719
81.056
81.033
81.0041
80.971
80.9364
80.904
80.8782
80.8638
81.08
81.0719
81.056
81.033
81.0041
80.971
80.9364
80.904
80.8782
80.8638
81.0801
81.0719
81.0561
81.0331
81.0041
80.971
80.9364
80.904
80.8782
80.8638
81.0801
81.072
81.0561
81.0331
81.0041
80.971
80.9364
80.904
80.8783
80.8638
74.9917
74.9822
74.9633
74.9357
74.9002
74.8585
74.8133
74.7693
74.7327
74.7114
74.9917
74.9821
74.9633
74.9356
74.9001
74.8584
74.8133
74.7692
74.7327
74.7114
74.9917
74.9821
74.9633
74.9356
74.9001
74.8584
74.8133
74.7692
74.7327
74.7114
74.9916
74.9821
74.9632
74.9356
74.9001
74.8584
74.8132
74.7692
74.7326
74.7114
74.9916
74.9821
74.9632
74.9356
74.9001
74.8584
74.8132
74.7692
74.7326
74.7114
74.9916
74.9821
74.9632
74.9356
74.9001
74.8584
74.8132
74.7692
74.7326
74.7114
74.9916
74.9821
74.9632
74.9356
74.9001
74.8584
74.8132
74.7692
74.7326
74.7114
74.9916
74.9821
74.9632
74.9356
74.9001
74.8584
74.8133
74.7692
74.7327
74.7114
74.9916
74.9821
74.9633
74.9356
74.9001
74.8584
74.8133
74.7692
74.7327
74.7114
74.9917
74.9821
74.9633
74.9356
74.9001
74.8584
74.8133
74.7692
74.7327
74.7114
69.1
69.0896
69.0689
69.0379
68.997
68.947
68.8902
68.8311
68.7786
68.7458
69.1
69.0896
69.0688
69.0378
68.9969
68.947
68.8902
68.8311
68.7786
68.7458
69.1
69.0895
69.0688
69.0378
68.9969
68.947
68.8901
68.8311
68.7785
68.7457
69.0999
69.0895
69.0688
69.0378
68.9969
68.9469
68.8901
68.8311
68.7785
68.7457
69.0999
69.0895
69.0688
69.0378
68.9969
68.9469
68.8901
68.8311
68.7785
68.7457
69.0999
69.0895
69.0688
69.0378
68.9969
68.9469
68.8901
68.8311
68.7785
68.7457
69.0999
69.0895
69.0688
69.0378
68.9969
68.9469
68.8901
68.8311
68.7785
68.7457
69.0999
69.0895
69.0688
69.0378
68.9969
68.947
68.8901
68.8311
68.7785
68.7457
69.1
69.0895
69.0688
69.0378
68.9969
68.947
68.8901
68.8311
68.7785
68.7457
69.1
69.0896
69.0688
69.0379
68.997
68.947
68.8902
68.8311
68.7786
68.7458
63.4347
63.4245
63.4037
63.372
63.3286
63.2726
63.2041
63.1258
63.0477
62.9925
63.4347
63.4244
63.4037
63.372
63.3285
63.2725
63.204
63.1258
63.0477
62.9925
63.4347
63.4244
63.4036
63.3719
63.3285
63.2725
63.204
63.1257
63.0477
62.9924
63.4346
63.4244
63.4036
63.3719
63.3285
63.2725
63.204
63.1257
63.0476
62.9924
63.4346
63.4244
63.4036
63.3719
63.3285
63.2725
63.204
63.1257
63.0476
62.9924
63.4346
63.4243
63.4036
63.3719
63.3285
63.2725
63.204
63.1257
63.0476
62.9924
63.4346
63.4244
63.4036
63.3719
63.3285
63.2725
63.204
63.1257
63.0476
62.9924
63.4346
63.4244
63.4036
63.3719
63.3285
63.2725
63.204
63.1257
63.0477
62.9924
63.4347
63.4244
63.4037
63.3719
63.3285
63.2725
63.204
63.1258
63.0477
62.9925
63.4347
63.4244
63.4037
63.372
63.3285
63.2726
63.204
63.1258
63.0477
62.9925
58.022
58.0134
57.9957
57.9678
57.9275
57.8713
57.7947
57.6939
57.5734
57.467
58.022
58.0133
57.9957
57.9678
57.9274
57.8713
57.7947
57.6939
57.5734
57.467
58.0219
58.0133
57.9956
57.9677
57.9274
57.8712
57.7946
57.6938
57.5734
57.4669
58.0219
58.0133
57.9956
57.9677
57.9274
57.8712
57.7946
57.6938
57.5733
57.4669
58.0219
58.0133
57.9956
57.9677
57.9274
57.8712
57.7946
57.6938
57.5733
57.4669
58.0219
58.0133
57.9956
57.9677
57.9274
57.8712
57.7946
57.6938
57.5733
57.4669
58.0219
58.0133
57.9956
57.9677
57.9274
57.8712
57.7946
57.6938
57.5733
57.4669
58.0219
58.0133
57.9956
57.9677
57.9274
57.8712
57.7946
57.6938
57.5733
57.4669
58.0219
58.0133
57.9957
57.9677
57.9274
57.8712
57.7946
57.6938
57.5734
57.4669
58.0219
58.0134
57.9957
57.9678
57.9274
57.8713
57.7947
57.6939
57.5734
57.467
52.8836
52.8787
52.8685
52.8512
52.8235
52.7793
52.7072
52.5888
52.4014
52.1579
52.8835
52.8787
52.8684
52.8511
52.8235
52.7793
52.7072
52.5887
52.4013
52.1578
52.8835
52.8787
52.8684
52.8511
52.8235
52.7793
52.7071
52.5887
52.4013
52.1578
52.8835
52.8786
52.8683
52.851
52.8234
52.7792
52.7071
52.5887
52.4013
52.1577
52.8835
52.8786
52.8683
52.851
52.8234
52.7792
52.7071
52.5886
52.4012
52.1577
52.8835
52.8786
52.8683
52.851
52.8234
52.7792
52.7071
52.5886
52.4012
52.1577
52.8835
52.8786
52.8683
52.851
52.8234
52.7792
52.7071
52.5886
52.4013
52.1577
52.8835
52.8786
52.8684
52.8511
52.8235
52.7792
52.7071
52.5887
52.4013
52.1578
52.8835
52.8787
52.8684
52.8511
52.8235
52.7793
52.7071
52.5887
52.4013
52.1578
52.8835
52.8787
52.8684
52.8511
52.8235
52.7793
52.7072
52.5887
52.4014
52.1578
48.036
48.0374
48.0398
48.0421
48.0411
48.0297
47.9919
47.8919
47.6395
46.9727
48.036
48.0374
48.0398
48.0421
48.041
48.0296
47.9919
47.8918
47.6394
46.9726
48.036
48.0373
48.0398
48.042
48.041
48.0296
47.9918
47.8918
47.6394
46.9726
48.0359
48.0373
48.0397
48.042
48.041
48.0295
47.9918
47.8917
47.6393
46.9726
48.0359
48.0373
48.0397
48.042
48.041
48.0295
47.9918
47.8917
47.6393
46.9725
48.0359
48.0373
48.0397
48.042
48.041
48.0295
47.9918
47.8917
47.6393
46.9725
48.0359
48.0373
48.0397
48.042
48.041
48.0295
47.9918
47.8917
47.6393
46.9726
48.0359
48.0373
48.0397
48.042
48.041
48.0296
47.9918
47.8917
47.6394
46.9726
48.036
48.0373
48.0398
48.042
48.041
48.0296
47.9919
47.8918
47.6394
46.9726
48.036
48.0374
48.0398
48.0421
48.0411
48.0296
47.9919
47.8918
47.6395
46.9727
43.4899
43.5001
43.5208
43.5522
43.5939
43.6426
43.6896
43.7156
43.6832
43.5411
43.4899
43.5
43.5207
43.5522
43.5939
43.6425
43.6896
43.7156
43.6832
43.5411
43.4899
43.5
43.5207
43.5522
43.5938
43.6425
43.6895
43.7155
43.6831
43.541
43.4898
43.5
43.5207
43.5521
43.5938
43.6425
43.6895
43.7155
43.6831
43.541
43.4898
43.5
43.5206
43.5521
43.5938
43.6425
43.6895
43.7155
43.6831
43.541
43.4898
43.5
43.5206
43.5521
43.5938
43.6425
43.6895
43.7155
43.6831
43.541
43.4898
43.5
43.5206
43.5521
43.5938
43.6425
43.6895
43.7155
43.6831
43.541
43.4898
43.5
43.5207
43.5521
43.5938
43.6425
43.6895
43.7155
43.6831
43.541
43.4899
43.5
43.5207
43.5522
43.5938
43.6425
43.6896
43.7155
43.6832
43.541
43.4899
43.5001
43.5207
43.5522
43.5939
43.6426
43.6896
43.7156
43.6832
43.5411
39.2498
39.2708
39.3142
39.3829
39.4805
39.611
39.7787
39.9886
40.2536
40.6192
39.2497
39.2707
39.3142
39.3829
39.4804
39.611
39.7786
39.9886
40.2535
40.6191
39.2497
39.2707
39.3142
39.3828
39.4804
39.6109
39.7786
39.9885
40.2535
40.6191
39.2497
39.2707
39.3141
39.3828
39.4804
39.6109
39.7785
39.9885
40.2534
40.619
39.2497
39.2706
39.3141
39.3828
39.4804
39.6109
39.7785
39.9885
40.2534
40.619
39.2497
39.2706
39.3141
39.3828
39.4803
39.6109
39.7785
39.9885
40.2534
40.619
39.2497
39.2707
39.3141
39.3828
39.4804
39.6109
39.7785
39.9885
40.2534
40.619
39.2497
39.2707
39.3141
39.3828
39.4804
39.6109
39.7786
39.9885
40.2535
40.619
39.2497
39.2707
39.3142
39.3829
39.4804
39.6109
39.7786
39.9886
40.2535
40.6191
39.2497
39.2707
39.3142
39.3829
39.4805
39.611
39.7787
39.9886
40.2536
40.6191
35.3143
35.3472
35.416
35.5262
35.6865
35.9089
36.2098
36.6129
37.1564
37.9085
35.3142
35.3472
35.416
35.5262
35.6865
35.9088
36.2097
36.6129
37.1563
37.9084
35.3142
35.3471
35.4159
35.5261
35.6864
35.9088
36.2097
36.6128
37.1563
37.9083
35.3142
35.3471
35.4159
35.5261
35.6864
35.9088
36.2097
36.6128
37.1562
37.9083
35.3141
35.3471
35.4159
35.5261
35.6864
35.9087
36.2096
36.6128
37.1562
37.9083
35.3141
35.3471
35.4159
35.5261
35.6864
35.9087
36.2096
36.6128
37.1562
37.9083
35.3141
35.3471
35.4159
35.5261
35.6864
35.9088
36.2097
36.6128
37.1562
37.9083
35.3142
35.3471
35.4159
35.5261
35.6864
35.9088
36.2097
36.6128
37.1562
37.9083
35.3142
35.3472
35.4159
35.5262
35.6865
35.9088
36.2097
36.6128
37.1563
37.9084
35.3142
35.3472
35.416
35.5262
35.6865
35.9089
36.2098
36.6129
37.1564
37.9085
31.6772
31.7221
31.8161
31.9676
32.1901
32.5027
32.9316
33.5123
34.2927
35.3377
31.6772
31.7221
31.816
31.9676
32.1901
32.5027
32.9316
33.5123
34.2927
35.3376
31.6771
31.722
31.816
31.9675
32.19
32.5026
32.9315
33.5122
34.2926
35.3375
31.6771
31.722
31.816
31.9675
32.19
32.5026
32.9315
33.5122
34.2926
35.3375
31.6771
31.722
31.8159
31.9675
32.19
32.5026
32.9315
33.5122
34.2926
35.3375
31.6771
31.722
31.8159
31.9675
32.19
32.5026
32.9315
33.5122
34.2926
35.3375
31.6771
31.722
31.816
31.9675
32.19
32.5026
32.9315
33.5122
34.2926
35.3375
31.6771
31.722
31.816
31.9675
32.19
32.5026
32.9315
33.5122
34.2926
35.3375
31.6771
31.722
31.816
31.9675
32.19
32.5026
32.9316
33.5123
34.2927
35.3376
31.6772
31.7221
31.8161
31.9676
32.1901
32.5027
32.9316
33.5123
34.2927
35.3377
28.3289
28.3844
28.5007
28.6888
28.9661
29.3579
29.8982
30.6312
31.6103
32.8929
28.3289
28.3844
28.5007
28.6887
28.9661
29.3578
29.8981
30.6312
31.6102
32.8929
28.3289
28.3843
28.5006
28.6887
28.966
29.3578
29.8981
30.6311
31.6102
32.8928
28.3288
28.3843
28.5006
28.6887
28.966
29.3578
29.8981
30.6311
31.6101
32.8928
28.3288
28.3843
28.5006
28.6887
28.966
29.3577
29.898
30.6311
31.6101
32.8927
28.3288
28.3843
28.5006
28.6887
28.966
29.3577
29.898
30.6311
31.6101
32.8927
28.3288
28.3843
28.5006
28.6887
28.966
29.3578
29.8981
30.6311
31.6101
32.8928
28.3288
28.3843
28.5006
28.6887
28.966
29.3578
29.8981
30.6311
31.6102
32.8928
28.3289
28.3843
28.5006
28.6887
28.9661
29.3578
29.8981
30.6311
31.6102
32.8928
28.3289
28.3844
28.5007
28.6888
28.9661
29.3579
29.8982
30.6312
31.6103
32.8929
25.2576
25.3212
25.4545
25.6703
25.9891
26.441
27.0672
27.9219
29.0686
30.5677
25.2576
25.3212
25.4544
25.6702
25.9891
26.4409
27.0672
27.9218
29.0685
30.5676
25.2576
25.3211
25.4544
25.6702
25.989
26.4409
27.0671
27.9218
29.0685
30.5675
25.2575
25.3211
25.4544
25.6702
25.989
26.4408
27.0671
27.9217
29.0684
30.5675
25.2575
25.3211
25.4544
25.6701
25.989
26.4408
27.0671
27.9217
29.0684
30.5675
25.2575
25.3211
25.4544
25.6701
25.989
26.4408
27.0671
27.9217
29.0684
30.5675
25.2575
25.3211
25.4544
25.6702
25.989
26.4408
27.0671
27.9217
29.0684
30.5675
25.2575
25.3211
25.4544
25.6702
25.989
26.4409
27.0671
27.9218
29.0685
30.5675
25.2576
25.3211
25.4544
25.6702
25.989
26.4409
27.0672
27.9218
29.0685
30.5676
25.2576
25.3212
25.4545
25.6703
25.9891
26.441
27.0672
27.9219
29.0686
30.5677
22.4509
22.5191
22.6622
22.8935
23.2354
23.7208
24.3975
25.3323
26.613
28.3334
22.4508
22.5191
22.6621
22.8935
23.2353
23.7207
24.3974
25.3323
26.6129
28.3334
22.4508
22.5191
22.6621
22.8935
23.2353
23.7207
24.3974
25.3322
26.6128
28.3333
22.4508
22.519
22.6621
22.8934
23.2352
23.7206
24.3974
25.3322
26.6128
28.3333
22.4507
22.519
22.6621
22.8934
23.2352
23.7206
24.3973
25.3322
26.6128
28.3333
22.4507
22.519
22.662
22.8934
23.2352
23.7206
24.3973
25.3322
26.6128
28.3333
22.4508
22.519
22.6621
22.8934
23.2352
23.7206
24.3974
25.3322
26.6128
28.3333
22.4508
22.519
22.6621
22.8934
23.2353
23.7207
24.3974
25.3322
26.6128
28.3333
22.4508
22.5191
22.6621
22.8935
23.2353
23.7207
24.3974
25.3323
26.6129
28.3334
22.4508
22.5191
22.6622
22.8935
23.2354
23.7208
24.3975
25.3323
26.613
28.3334
19.8968
19.9659
20.1104
20.3432
20.6859
21.1712
21.8492
22.7983
24.1451
26.089
19.8968
19.9659
20.1104
20.3432
20.6858
21.1711
21.8492
22.7983
24.145
26.0889
19.8967
19.9659
20.1103
20.3432
20.6858
21.1711
21.8491
22.7982
24.145
26.0889
19.8967
19.9658
20.1103
20.3431
20.6858
21.1711
21.8491
22.7982
24.145
26.0888
19.8967
19.9658
20.1103
20.3431
20.6857
21.171
21.8491
22.7982
24.145
26.0888
19.8967
19.9658
20.1103
20.3431
20.6857
21.171
21.8491
22.7982
24.145
26.0888
19.8967
19.9658
20.1103
20.3431
20.6858
21.1711
21.8491
22.7982
24.145
26.0888
19.8967
19.9658
20.1103
20.3432
20.6858
21.1711
21.8491
22.7982
24.145
26.0889
19.8967
19.9659
20.1104
20.3432
20.6858
21.1711
21.8492
22.7983
24.145
26.0889
19.8968
19.9659
20.1104
20.3432
20.6859
21.1712
21.8492
22.7983
24.1451
26.089
17.5852
17.6514
17.7892
18.0094
18.3301
18.7782
19.3956
20.2525
21.4915
23.4905
17.5851
17.6514
17.7891
18.0094
18.33
18.7781
19.3956
20.2525
21.4914
23.4905
17.5851
17.6513
17.7891
18.0094
18.33
18.7781
19.3955
20.2525
21.4914
23.4904
17.5851
17.6513
17.7891
18.0093
18.33
18.7781
19.3955
20.2524
21.4914
23.4904
17.5851
17.6513
17.7891
18.0093
18.3299
18.7781
19.3955
20.2524
21.4914
23.4904
17.585
17.6513
17.7891
18.0093
18.3299
18.7781
19.3955
20.2524
21.4914
23.4904
17.5851
17.6513
17.7891
18.0093
18.33
18.7781
19.3955
20.2524
21.4914
23.4904
17.5851
17.6513
17.7891
18.0094
18.33
18.7781
19.3955
20.2525
21.4914
23.4905
17.5851
17.6513
17.7891
18.0094
18.33
18.7781
19.3956
20.2525
21.4915
23.4905
17.5851
17.6514
17.7892
18.0094
18.3301
18.7782
19.3956
20.2526
21.4915
23.4906
44.9764
45.1009
46.7617
49.7753
54.1417
59.9851
67.5627
77.3304
90.1173
107.59
44.9763
45.1009
46.7616
49.7752
54.1416
59.985
67.5626
77.3303
90.1172
107.59
44.9762
45.1008
46.7615
49.7752
54.1415
59.9849
67.5625
77.3302
90.1171
107.59
44.9762
45.1008
46.7615
49.7751
54.1414
59.9848
67.5625
77.3302
90.117
107.59
44.9762
45.1007
46.7614
49.7751
54.1414
59.9848
67.5624
77.3301
90.117
107.59
44.9762
45.1007
46.7614
49.7751
54.1414
59.9848
67.5624
77.3301
90.117
107.59
44.9762
45.1007
46.7615
49.7751
54.1414
59.9848
67.5625
77.3302
90.117
107.59
44.9762
45.1008
46.7615
49.7751
54.1414
59.9848
67.5625
77.3302
90.1171
107.59
44.9762
45.1008
46.7615
49.7752
54.1415
59.9849
67.5626
77.3303
90.1171
107.59
44.9763
45.1009
46.7616
49.7752
54.1416
59.985
67.5626
77.3303
90.1172
107.59
43.3401
44.0984
45.9852
49.0376
53.3145
58.9321
66.0813
75.0425
86.179
99.7846
43.34
44.0984
45.9851
49.0375
53.3144
58.932
66.0812
75.0424
86.1789
99.7845
43.34
44.0983
45.985
49.0375
53.3143
58.9319
66.0811
75.0424
86.1788
99.7844
43.3399
44.0983
45.985
49.0374
53.3143
58.9319
66.0811
75.0423
86.1788
99.7843
43.3399
44.0982
45.9849
49.0374
53.3142
58.9318
66.081
75.0423
86.1788
99.7843
43.3399
44.0982
45.9849
49.0374
53.3142
58.9318
66.081
75.0423
86.1788
99.7843
43.3399
44.0982
45.985
49.0374
53.3143
58.9319
66.0811
75.0423
86.1788
99.7843
43.3399
44.0983
45.985
49.0374
53.3143
58.9319
66.0811
75.0423
86.1788
99.7844
43.34
44.0983
45.985
49.0375
53.3144
58.932
66.0812
75.0424
86.1789
99.7844
43.34
44.0984
45.9851
49.0376
53.3144
58.9321
66.0813
75.0425
86.179
99.7845
41.2389
42.5051
44.6209
47.691
51.7965
57.0287
63.4965
71.3112
80.5217
90.9328
41.2388
42.505
44.6208
47.6909
51.7964
57.0286
63.4964
71.3111
80.5216
90.9327
41.2387
42.5049
44.6207
47.6908
51.7964
57.0285
63.4963
71.311
80.5215
90.9326
41.2387
42.5049
44.6207
47.6907
51.7963
57.0285
63.4963
71.3109
80.5214
90.9325
41.2387
42.5049
44.6206
47.6907
51.7963
57.0284
63.4962
71.3109
80.5214
90.9325
41.2387
42.5049
44.6206
47.6907
51.7963
57.0284
63.4962
71.3109
80.5214
90.9325
41.2387
42.5049
44.6207
47.6907
51.7963
57.0285
63.4962
71.3109
80.5214
90.9325
41.2387
42.5049
44.6207
47.6908
51.7963
57.0285
63.4963
71.311
80.5215
90.9326
41.2388
42.505
44.6207
47.6908
51.7964
57.0286
63.4964
71.311
80.5215
90.9326
41.2388
42.505
44.6208
47.6909
51.7965
57.0287
63.4965
71.3111
80.5216
90.9328
38.9939
40.6036
42.8818
45.9244
49.8015
54.57
60.2728
66.9156
74.415
82.4999
38.9939
40.6035
42.8817
45.9243
49.8014
54.5699
60.2726
66.9155
74.4149
82.4997
38.9938
40.6035
42.8816
45.9243
49.8013
54.5699
60.2726
66.9155
74.4148
82.4997
38.9938
40.6034
42.8816
45.9242
49.8013
54.5698
60.2725
66.9154
74.4147
82.4996
38.9937
40.6034
42.8815
45.9242
49.8012
54.5698
60.2725
66.9154
74.4147
82.4996
38.9937
40.6034
42.8815
45.9242
49.8012
54.5698
60.2725
66.9154
74.4147
82.4996
38.9938
40.6034
42.8815
45.9242
49.8012
54.5698
60.2725
66.9154
74.4147
82.4996
38.9938
40.6034
42.8816
45.9242
49.8013
54.5699
60.2726
66.9154
74.4148
82.4996
38.9938
40.6035
42.8816
45.9243
49.8014
54.5699
60.2726
66.9155
74.4148
82.4997
38.9939
40.6036
42.8817
45.9244
49.8014
54.57
60.2727
66.9156
74.415
82.4998
36.7326
38.5776
40.9583
43.9388
47.5632
51.8562
56.8153
62.3943
68.4737
74.8249
36.7325
38.5775
40.9582
43.9387
47.5632
51.8561
56.8152
62.3942
68.4736
74.8247
36.7325
38.5774
40.9581
43.9386
47.5631
51.856
56.8151
62.3941
68.4735
74.8247
36.7324
38.5774
40.9581
43.9386
47.563
51.856
56.8151
62.394
68.4735
74.8246
36.7324
38.5774
40.9581
43.9385
47.563
51.8559
56.815
62.394
68.4735
74.8246
36.7324
38.5774
40.9581
43.9385
47.563
51.8559
56.815
62.394
68.4735
74.8246
36.7324
38.5774
40.9581
43.9386
47.563
51.856
56.8151
62.394
68.4735
74.8246
36.7325
38.5774
40.9581
43.9386
47.5631
51.856
56.8151
62.3941
68.4735
74.8247
36.7325
38.5775
40.9582
43.9387
47.5631
51.8561
56.8152
62.3942
68.4736
74.8247
36.7326
38.5776
40.9583
43.9388
47.5632
51.8562
56.8153
62.3943
68.4737
74.8249
34.5307
36.5601
39.0146
41.923
45.303
49.1529
53.4421
58.1006
63.0098
67.9988
34.5306
36.5601
39.0145
41.9229
45.3029
49.1528
53.442
58.1005
63.0097
67.9987
34.5305
36.56
39.0144
41.9228
45.3029
49.1528
53.4419
58.1004
63.0097
67.9986
34.5305
36.56
39.0144
41.9228
45.3028
49.1527
53.4418
58.1004
63.0096
67.9985
34.5305
36.5599
39.0144
41.9227
45.3028
49.1527
53.4418
58.1004
63.0096
67.9985
34.5305
36.5599
39.0144
41.9227
45.3028
49.1527
53.4418
58.1004
63.0096
67.9985
34.5305
36.56
39.0144
41.9228
45.3028
49.1527
53.4418
58.1004
63.0096
67.9985
34.5305
36.56
39.0144
41.9228
45.3029
49.1528
53.4419
58.1004
63.0097
67.9986
34.5306
36.56
39.0145
41.9229
45.3029
49.1528
53.4419
58.1005
63.0097
67.9987
34.5307
36.5601
39.0146
41.923
45.303
49.1529
53.4421
58.1006
63.0098
67.9988
32.4447
34.6601
37.1943
40.047
43.2169
46.6843
50.4003
54.2811
58.2114
62.0626
32.4446
34.6601
37.1942
40.0469
43.2168
46.6842
50.4002
54.281
58.2113
62.0625
32.4446
34.66
37.1942
40.0469
43.2167
46.6841
50.4001
54.2809
58.2112
62.0624
32.4445
34.66
37.1941
40.0468
43.2167
46.6841
50.4
54.2809
58.2112
62.0624
32.4445
34.6599
37.1941
40.0468
43.2167
46.6841
50.4
54.2808
58.2111
62.0624
32.4445
34.6599
37.1941
40.0468
43.2167
46.6841
50.4
54.2808
58.2111
62.0624
32.4445
34.66
37.1941
40.0468
43.2167
46.6841
50.4001
54.2809
58.2112
62.0624
32.4446
34.66
37.1942
40.0469
43.2167
46.6841
50.4001
54.2809
58.2112
62.0624
32.4446
34.6601
37.1942
40.0469
43.2168
46.6842
50.4002
54.281
58.2113
62.0625
32.4447
34.6601
37.1943
40.047
43.2169
46.6843
50.4003
54.2811
58.2114
62.0626
30.5233
32.9799
35.6296
38.4623
41.474
44.6377
47.8909
51.1326
54.2321
57.0651
30.5232
32.9799
35.6295
38.4622
41.4739
44.6376
47.8908
51.1325
54.232
57.065
30.5232
32.9798
35.6294
38.4622
41.4739
44.6375
47.8907
51.1324
54.232
57.0649
30.5232
32.9798
35.6294
38.4621
41.4738
44.6375
47.8907
51.1324
54.2319
57.0648
30.5231
32.9798
35.6294
38.4621
41.4738
44.6374
47.8906
51.1323
54.2319
57.0648
30.5231
32.9798
35.6294
38.4621
41.4738
44.6374
47.8906
51.1323
54.2319
57.0648
30.5232
32.9798
35.6294
38.4621
41.4738
44.6375
47.8907
51.1324
54.2319
57.0649
30.5232
32.9798
35.6294
38.4622
41.4739
44.6375
47.8907
51.1324
54.232
57.0649
30.5232
32.9799
35.6295
38.4623
41.474
44.6376
47.8908
51.1325
54.232
57.065
30.5233
32.98
35.6296
38.4623
41.474
44.6377
47.8909
51.1326
54.2322
57.0651
28.8307
31.6399
34.4517
37.3038
40.217
43.1689
46.0866
48.8422
51.2539
53.1139
28.8307
31.6399
34.4517
37.3038
40.2169
43.1688
46.0865
48.8421
51.2538
53.1138
28.8306
31.6398
34.4516
37.3037
40.2168
43.1687
46.0864
48.842
51.2538
53.1138
28.8306
31.6398
34.4516
37.3037
40.2168
43.1687
46.0864
48.842
51.2537
53.1137
28.8306
31.6398
34.4516
37.3036
40.2168
43.1686
46.0864
48.842
51.2537
53.1137
28.8306
31.6398
34.4516
37.3036
40.2168
43.1686
46.0864
48.842
51.2537
53.1137
28.8306
31.6398
34.4516
37.3037
40.2168
43.1687
46.0864
48.842
51.2537
53.1137
28.8306
31.6398
34.4516
37.3037
40.2168
43.1687
46.0864
48.8421
51.2538
53.1138
28.8307
31.6399
34.4517
37.3038
40.2169
43.1688
46.0865
48.8421
51.2538
53.1139
28.8308
31.64
34.4518
37.3039
40.217
43.1689
46.0866
48.8423
51.254
53.114
27.5566
30.8246
33.7998
36.6865
39.5563
42.399
45.1349
47.608
49.5565
50.5332
27.5566
30.8245
33.7997
36.6864
39.5562
42.3989
45.1348
47.6079
49.5565
50.5331
27.5565
30.8245
33.7997
36.6864
39.5561
42.3988
45.1348
47.6078
49.5564
50.533
27.5565
30.8245
33.7996
36.6864
39.5561
42.3988
45.1347
47.6078
49.5563
50.533
27.5565
30.8244
33.7996
36.6863
39.5561
42.3988
45.1347
47.6078
49.5563
50.533
27.5565
30.8244
33.7996
36.6863
39.5561
42.3988
45.1347
47.6078
49.5563
50.533
27.5565
30.8245
33.7997
36.6864
39.5561
42.3988
45.1347
47.6078
49.5564
50.533
27.5565
30.8245
33.7997
36.6864
39.5562
42.3988
45.1348
47.6078
49.5564
50.5331
27.5566
30.8246
33.7998
36.6865
39.5562
42.3989
45.1349
47.6079
49.5565
50.5331
27.5567
30.8246
33.7998
36.6866
39.5563
42.399
45.135
47.608
49.5566
50.5332
133.626
146.121
153.861
159.333
163.419
166.511
168.817
170.463
171.524
172.044
133.626
146.121
153.86
159.333
163.419
166.511
168.817
170.463
171.523
172.043
133.626
146.12
153.86
159.333
163.419
166.511
168.817
170.463
171.523
172.043
133.626
146.12
153.86
159.333
163.419
166.51
168.817
170.463
171.523
172.043
133.626
146.12
153.86
159.333
163.419
166.51
168.817
170.463
171.523
172.043
133.626
146.12
153.86
159.333
163.419
166.51
168.817
170.463
171.523
172.043
133.626
146.12
153.86
159.333
163.419
166.51
168.817
170.463
171.523
172.043
133.626
146.12
153.86
159.333
163.419
166.511
168.817
170.463
171.523
172.043
133.626
146.12
153.86
159.333
163.419
166.511
168.817
170.463
171.523
172.043
133.626
146.121
153.86
159.333
163.419
166.511
168.817
170.463
171.524
172.044
115.198
126.46
134.479
140.346
144.735
148.038
150.488
152.227
153.345
153.892
115.198
126.46
134.479
140.346
144.735
148.038
150.488
152.227
153.345
153.892
115.198
126.46
134.479
140.346
144.735
148.038
150.488
152.227
153.345
153.892
115.198
126.46
134.479
140.346
144.734
148.038
150.488
152.227
153.345
153.892
115.198
126.46
134.479
140.345
144.734
148.038
150.488
152.227
153.345
153.892
115.198
126.46
134.479
140.345
144.734
148.038
150.488
152.227
153.345
153.892
115.198
126.46
134.479
140.346
144.734
148.038
150.488
152.227
153.345
153.892
115.198
126.46
134.479
140.346
144.735
148.038
150.488
152.227
153.345
153.892
115.198
126.46
134.479
140.346
144.735
148.038
150.488
152.227
153.345
153.892
115.198
126.46
134.479
140.346
144.735
148.038
150.488
152.227
153.345
153.892
101.692
110.818
118.033
123.624
127.931
131.218
133.673
135.422
136.547
137.098
101.691
110.818
118.033
123.624
127.931
131.218
133.673
135.421
136.547
137.098
101.691
110.818
118.033
123.624
127.931
131.218
133.673
135.421
136.547
137.098
101.691
110.818
118.033
123.624
127.93
131.218
133.672
135.421
136.547
137.098
101.691
110.818
118.033
123.624
127.93
131.218
133.672
135.421
136.547
137.098
101.691
110.818
118.033
123.624
127.93
131.218
133.672
135.421
136.547
137.098
101.691
110.818
118.033
123.624
127.93
131.218
133.672
135.421
136.547
137.098
101.691
110.818
118.033
123.624
127.931
131.218
133.673
135.421
136.547
137.098
101.691
110.818
118.033
123.624
127.931
131.218
133.673
135.422
136.547
137.098
101.691
110.818
118.033
123.624
127.931
131.218
133.673
135.422
136.547
137.098
90.5947
97.8755
104.007
108.992
112.956
116.046
118.385
120.064
121.15
121.683
90.5946
97.8754
104.007
108.991
112.956
116.046
118.384
120.064
121.15
121.683
90.5945
97.8753
104.007
108.991
112.956
116.046
118.384
120.064
121.15
121.683
90.5944
97.8752
104.007
108.991
112.956
116.046
118.384
120.064
121.15
121.683
90.5944
97.8752
104.007
108.991
112.956
116.046
118.384
120.064
121.15
121.683
90.5944
97.8752
104.007
108.991
112.956
116.046
118.384
120.064
121.15
121.683
90.5944
97.8752
104.007
108.991
112.956
116.046
118.384
120.064
121.15
121.683
90.5945
97.8753
104.007
108.991
112.956
116.046
118.384
120.064
121.15
121.683
90.5946
97.8754
104.007
108.991
112.956
116.046
118.385
120.064
121.15
121.683
90.5947
97.8755
104.007
108.992
112.956
116.046
118.385
120.064
121.15
121.683
81.0935
86.8751
91.9309
96.1895
99.6757
102.452
104.585
106.134
107.142
107.639
81.0934
86.875
91.9308
96.1894
99.6756
102.452
104.585
106.133
107.142
107.639
81.0933
86.8749
91.9307
96.1893
99.6755
102.451
104.585
106.133
107.142
107.639
81.0932
86.8748
91.9307
96.1893
99.6754
102.451
104.585
106.133
107.142
107.639
81.0932
86.8748
91.9306
96.1892
99.6754
102.451
104.585
106.133
107.142
107.639
81.0932
86.8748
91.9306
96.1892
99.6754
102.451
104.585
106.133
107.142
107.639
81.0932
86.8748
91.9307
96.1893
99.6754
102.451
104.585
106.133
107.142
107.639
81.0933
86.8749
91.9307
96.1893
99.6755
102.451
104.585
106.133
107.142
107.639
81.0934
86.875
91.9308
96.1894
99.6756
102.452
104.585
106.133
107.142
107.639
81.0935
86.8751
91.9309
96.1895
99.6757
102.452
104.585
106.134
107.142
107.639
72.8602
77.3936
81.4554
84.9721
87.9247
90.3256
92.2007
93.5782
94.4822
94.9299
72.8601
77.3935
81.4553
84.972
87.9246
90.3255
92.2006
93.5781
94.4821
94.9298
72.86
77.3934
81.4552
84.9719
87.9245
90.3254
92.2005
93.578
94.482
94.9298
72.8599
77.3933
81.4551
84.9719
87.9244
90.3253
92.2004
93.5779
94.482
94.9297
72.8599
77.3933
81.4551
84.9718
87.9244
90.3253
92.2004
93.5779
94.482
94.9297
72.8599
77.3933
81.4551
84.9718
87.9244
90.3253
92.2004
93.5779
94.482
94.9297
72.8599
77.3933
81.4551
84.9719
87.9245
90.3253
92.2004
93.578
94.482
94.9297
72.86
77.3934
81.4552
84.9719
87.9245
90.3254
92.2005
93.578
94.4821
94.9298
72.8601
77.3935
81.4553
84.972
87.9246
90.3255
92.2006
93.5781
94.4822
94.9299
72.8602
77.3936
81.4554
84.9721
87.9247
90.3256
92.2007
93.5783
94.4823
94.93
65.7315
69.1722
72.3235
75.1261
77.54
79.5458
81.1395
82.3255
83.1107
83.5015
65.7314
69.1721
72.3234
75.126
77.5398
79.5457
81.1394
82.3254
83.1106
83.5014
65.7313
69.172
72.3233
75.1259
77.5397
79.5456
81.1393
82.3253
83.1105
83.5014
65.7313
69.172
72.3232
75.1259
77.5397
79.5455
81.1393
82.3252
83.1105
83.5013
65.7313
69.1719
72.3232
75.1258
77.5397
79.5455
81.1393
82.3252
83.1104
83.5013
65.7313
69.1719
72.3232
75.1258
77.5397
79.5455
81.1393
82.3252
83.1104
83.5013
65.7313
69.172
72.3233
75.1259
77.5397
79.5455
81.1393
82.3253
83.1105
83.5013
65.7313
69.172
72.3233
75.1259
77.5398
79.5456
81.1394
82.3253
83.1105
83.5014
65.7314
69.1721
72.3234
75.126
77.5399
79.5457
81.1395
82.3254
83.1106
83.5015
65.7315
69.1722
72.3235
75.1262
77.54
79.5458
81.1396
82.3255
83.1108
83.5016
59.6005
62.0205
64.3297
66.4662
68.3672
69.9877
71.3004
72.2912
72.9535
73.285
59.6004
62.0204
64.3296
66.4661
68.3671
69.9876
71.3003
72.2911
72.9534
73.285
59.6003
62.0203
64.3295
66.466
68.367
69.9875
71.3002
72.291
72.9533
73.2849
59.6002
62.0203
64.3295
66.466
68.367
69.9874
71.3002
72.291
72.9533
73.2848
59.6002
62.0202
64.3295
66.4659
68.3669
69.9874
71.3002
72.2909
72.9533
73.2848
59.6002
62.0203
64.3295
66.466
68.3669
69.9874
71.3002
72.2909
72.9533
73.2848
59.6002
62.0203
64.3295
66.466
68.367
69.9874
71.3002
72.291
72.9533
73.2849
59.6003
62.0203
64.3295
66.466
68.367
69.9875
71.3003
72.291
72.9534
73.2849
59.6004
62.0204
64.3296
66.4661
68.3671
69.9876
71.3004
72.2911
72.9535
73.285
59.6005
62.0205
64.3297
66.4663
68.3672
69.9877
71.3005
72.2913
72.9536
73.2852
54.3446
55.7484
57.2851
58.825
60.264
61.5313
62.5815
63.3866
63.9306
64.2045
54.3445
55.7483
57.285
58.8249
60.2639
61.5312
62.5814
63.3865
63.9305
64.2044
54.3444
55.7482
57.2849
58.8248
60.2638
61.5311
62.5813
63.3865
63.9304
64.2043
54.3443
55.7481
57.2848
58.8247
60.2638
61.5311
62.5812
63.3864
63.9303
64.2043
54.3443
55.7481
57.2848
58.8247
60.2638
61.5311
62.5812
63.3864
63.9303
64.2043
54.3443
55.7481
57.2848
58.8247
60.2638
61.5311
62.5812
63.3864
63.9303
64.2043
54.3443
55.7482
57.2848
58.8248
60.2638
61.5311
62.5813
63.3864
63.9304
64.2043
54.3444
55.7482
57.2849
58.8248
60.2639
61.5312
62.5813
63.3865
63.9304
64.2044
54.3445
55.7483
57.285
58.8249
60.264
61.5313
62.5814
63.3866
63.9305
64.2045
54.3446
55.7484
57.2851
58.825
60.2641
61.5314
62.5815
63.3867
63.9306
64.2046
49.6637
50.0978
50.9974
52.0501
53.103
54.0668
54.8857
55.5243
55.9604
56.1814
49.6636
50.0976
50.9973
52.05
53.1029
54.0667
54.8856
55.5242
55.9603
56.1813
49.6635
50.0976
50.9972
52.0499
53.1028
54.0666
54.8855
55.5241
55.9602
56.1813
49.6635
50.0975
50.9971
52.0499
53.1027
54.0666
54.8855
55.524
55.9602
56.1812
49.6634
50.0975
50.9971
52.0499
53.1027
54.0665
54.8855
55.524
55.9602
56.1812
49.6634
50.0975
50.9971
52.0499
53.1027
54.0665
54.8855
55.524
55.9602
56.1812
49.6635
50.0975
50.9971
52.0499
53.1028
54.0666
54.8855
55.5241
55.9602
56.1813
49.6635
50.0976
50.9972
52.05
53.1028
54.0666
54.8856
55.5241
55.9603
56.1813
49.6636
50.0977
50.9973
52.05
53.1029
54.0667
54.8857
55.5242
55.9604
56.1814
49.6637
50.0978
50.9974
52.0502
53.103
54.0668
54.8858
55.5243
55.9605
56.1815
406.625
406.645
406.682
406.731
406.786
406.842
406.893
406.935
406.965
406.98
406.625
406.645
406.682
406.731
406.786
406.842
406.893
406.935
406.965
406.98
406.625
406.645
406.682
406.731
406.786
406.842
406.893
406.935
406.965
406.98
406.625
406.645
406.682
406.731
406.786
406.842
406.893
406.935
406.965
406.98
406.625
406.645
406.682
406.731
406.786
406.842
406.893
406.935
406.965
406.98
406.625
406.645
406.682
406.731
406.786
406.842
406.893
406.935
406.965
406.98
406.625
406.645
406.682
406.731
406.786
406.842
406.893
406.935
406.965
406.98
406.625
406.645
406.682
406.731
406.786
406.842
406.893
406.935
406.965
406.98
406.625
406.645
406.682
406.731
406.786
406.842
406.893
406.935
406.965
406.98
406.625
406.645
406.682
406.731
406.786
406.842
406.893
406.935
406.965
406.98
379.905
379.967
380.082
380.236
380.408
380.581
380.739
380.869
380.96
381.007
379.905
379.967
380.082
380.235
380.408
380.581
380.739
380.869
380.96
381.007
379.905
379.967
380.082
380.235
380.408
380.581
380.739
380.869
380.96
381.007
379.905
379.967
380.082
380.235
380.408
380.581
380.739
380.869
380.96
381.007
379.905
379.967
380.082
380.235
380.408
380.581
380.739
380.869
380.96
381.007
379.905
379.967
380.082
380.235
380.408
380.581
380.739
380.869
380.96
381.007
379.905
379.967
380.082
380.235
380.408
380.581
380.739
380.869
380.96
381.007
379.905
379.967
380.082
380.235
380.408
380.581
380.739
380.869
380.96
381.007
379.905
379.967
380.082
380.235
380.408
380.581
380.739
380.869
380.96
381.007
379.905
379.967
380.082
380.235
380.408
380.581
380.739
380.869
380.96
381.007
353.27
353.384
353.593
353.87
354.178
354.485
354.763
354.99
355.149
355.231
353.27
353.384
353.593
353.87
354.178
354.485
354.763
354.99
355.149
355.231
353.27
353.384
353.593
353.87
354.178
354.485
354.763
354.99
355.149
355.231
353.27
353.384
353.593
353.87
354.178
354.485
354.763
354.99
355.149
355.231
353.27
353.384
353.593
353.87
354.178
354.485
354.763
354.99
355.149
355.231
353.27
353.384
353.593
353.87
354.178
354.485
354.763
354.99
355.149
355.231
353.27
353.384
353.593
353.87
354.178
354.485
354.763
354.99
355.149
355.231
353.27
353.384
353.593
353.87
354.178
354.485
354.763
354.99
355.149
355.231
353.27
353.384
353.593
353.87
354.178
354.485
354.763
354.99
355.149
355.231
353.27
353.384
353.593
353.87
354.178
354.485
354.763
354.99
355.149
355.231
326.766
326.948
327.282
327.716
328.194
328.665
329.086
329.426
329.663
329.785
326.766
326.948
327.282
327.716
328.194
328.665
329.086
329.426
329.663
329.785
326.765
326.948
327.282
327.716
328.194
328.665
329.086
329.426
329.663
329.785
326.765
326.948
327.282
327.716
328.194
328.665
329.086
329.426
329.663
329.785
326.765
326.948
327.282
327.716
328.194
328.665
329.086
329.425
329.663
329.785
326.765
326.948
327.282
327.716
328.194
328.665
329.086
329.425
329.663
329.785
326.765
326.948
327.282
327.716
328.194
328.665
329.086
329.425
329.663
329.785
326.765
326.948
327.282
327.716
328.194
328.665
329.086
329.426
329.663
329.785
326.765
326.948
327.282
327.716
328.194
328.665
329.086
329.426
329.663
329.785
326.765
326.948
327.282
327.716
328.194
328.665
329.086
329.426
329.663
329.785
300.413
300.697
301.207
301.856
302.556
303.233
303.828
304.304
304.633
304.802
300.413
300.697
301.206
301.856
302.556
303.233
303.828
304.304
304.633
304.802
300.413
300.697
301.206
301.856
302.556
303.233
303.828
304.304
304.633
304.801
300.413
300.697
301.206
301.856
302.556
303.232
303.828
304.304
304.633
304.801
300.413
300.697
301.206
301.856
302.556
303.232
303.828
304.304
304.633
304.801
300.413
300.697
301.206
301.856
302.556
303.232
303.828
304.304
304.633
304.801
300.413
300.697
301.206
301.856
302.556
303.232
303.828
304.304
304.633
304.801
300.413
300.697
301.206
301.856
302.556
303.233
303.828
304.304
304.633
304.801
300.413
300.697
301.206
301.856
302.556
303.233
303.828
304.304
304.633
304.802
300.413
300.697
301.206
301.856
302.556
303.233
303.828
304.304
304.633
304.802
274.199
274.64
275.413
276.367
277.366
278.307
279.118
279.756
280.193
280.415
274.198
274.64
275.413
276.367
277.366
278.307
279.118
279.756
280.193
280.415
274.198
274.64
275.413
276.367
277.366
278.307
279.118
279.756
280.193
280.415
274.198
274.64
275.413
276.367
277.366
278.306
279.118
279.756
280.193
280.415
274.198
274.64
275.413
276.367
277.366
278.306
279.118
279.756
280.193
280.415
274.198
274.64
275.413
276.367
277.366
278.306
279.118
279.756
280.193
280.415
274.198
274.64
275.413
276.367
277.366
278.306
279.118
279.756
280.193
280.415
274.198
274.64
275.413
276.367
277.366
278.307
279.118
279.756
280.193
280.415
274.198
274.64
275.413
276.367
277.366
278.307
279.118
279.756
280.193
280.415
274.198
274.64
275.413
276.367
277.366
278.307
279.118
279.756
280.193
280.415
248.041
248.753
249.94
251.337
252.739
254.015
255.089
255.917
256.478
256.76
248.041
248.753
249.94
251.337
252.739
254.015
255.089
255.917
256.478
256.76
248.041
248.753
249.94
251.336
252.739
254.015
255.089
255.917
256.478
256.76
248.041
248.753
249.94
251.336
252.738
254.015
255.089
255.917
256.478
256.76
248.041
248.753
249.94
251.336
252.738
254.015
255.089
255.917
256.478
256.76
248.041
248.753
249.94
251.336
252.738
254.015
255.089
255.917
256.478
256.76
248.041
248.753
249.94
251.336
252.738
254.015
255.089
255.917
256.478
256.76
248.041
248.753
249.94
251.336
252.739
254.015
255.089
255.917
256.478
256.76
248.041
248.753
249.94
251.336
252.739
254.015
255.089
255.917
256.478
256.76
248.041
248.753
249.94
251.337
252.739
254.015
255.089
255.917
256.478
256.761
221.741
222.961
224.83
226.874
228.812
230.504
231.885
232.927
233.623
233.971
221.741
222.96
224.83
226.874
228.812
230.504
231.885
232.927
233.623
233.971
221.741
222.96
224.83
226.874
228.812
230.504
231.885
232.927
233.623
233.971
221.741
222.96
224.83
226.874
228.812
230.504
231.885
232.927
233.623
233.971
221.741
222.96
224.83
226.873
228.812
230.504
231.885
232.927
233.623
233.971
221.741
222.96
224.83
226.873
228.812
230.504
231.885
232.927
233.623
233.971
221.741
222.96
224.83
226.874
228.812
230.504
231.885
232.927
233.623
233.971
221.741
222.96
224.83
226.874
228.812
230.504
231.885
232.927
233.623
233.971
221.741
222.96
224.83
226.874
228.812
230.504
231.885
232.927
233.623
233.971
221.741
222.961
224.83
226.874
228.812
230.504
231.885
232.927
233.623
233.971
194.853
197.15
200.179
203.152
205.772
207.946
209.662
210.929
211.763
212.177
194.853
197.15
200.179
203.152
205.771
207.946
209.662
210.929
211.763
212.177
194.853
197.15
200.178
203.152
205.771
207.946
209.662
210.929
211.763
212.177
194.853
197.15
200.178
203.152
205.771
207.946
209.662
210.929
211.763
212.177
194.853
197.15
200.178
203.152
205.771
207.946
209.662
210.929
211.763
212.177
194.853
197.15
200.178
203.152
205.771
207.946
209.662
210.929
211.763
212.177
194.853
197.15
200.178
203.152
205.771
207.946
209.662
210.929
211.763
212.177
194.853
197.15
200.178
203.152
205.771
207.946
209.662
210.929
211.763
212.177
194.853
197.15
200.179
203.152
205.771
207.946
209.662
210.929
211.763
212.177
194.853
197.15
200.179
203.152
205.772
207.946
209.662
210.929
211.764
212.177
166.349
171.291
176.269
180.472
183.868
186.543
188.586
190.065
191.026
191.499
166.349
171.291
176.269
180.472
183.867
186.543
188.586
190.065
191.026
191.499
166.349
171.291
176.268
180.472
183.867
186.543
188.586
190.064
191.026
191.499
166.349
171.291
176.268
180.472
183.867
186.543
188.586
190.064
191.026
191.499
166.349
171.291
176.268
180.472
183.867
186.543
188.586
190.064
191.026
191.499
166.349
171.291
176.268
180.472
183.867
186.543
188.586
190.064
191.026
191.499
166.349
171.291
176.268
180.472
183.867
186.543
188.586
190.064
191.026
191.499
166.349
171.291
176.268
180.472
183.867
186.543
188.586
190.064
191.026
191.499
166.349
171.291
176.269
180.472
183.867
186.543
188.586
190.065
191.026
191.499
166.349
171.291
176.269
180.472
183.868
186.543
188.586
190.065
191.026
191.5
15.5076
15.5678
15.6923
15.8888
16.1692
16.5498
17.0505
17.6903
18.4656
19.2442
15.5075
15.5678
15.6923
15.8887
16.1692
16.5498
17.0505
17.6903
18.4656
19.2441
15.5075
15.5678
15.6922
15.8887
16.1691
16.5498
17.0505
17.6903
18.4655
19.2441
15.5075
15.5678
15.6922
15.8887
16.1691
16.5497
17.0504
17.6902
18.4655
19.2441
15.5075
15.5677
15.6922
15.8887
16.1691
16.5497
17.0504
17.6902
18.4655
19.244
15.5075
15.5677
15.6922
15.8887
16.1691
16.5497
17.0504
17.6902
18.4655
19.244
15.5075
15.5678
15.6922
15.8887
16.1691
16.5497
17.0504
17.6902
18.4655
19.2441
15.5075
15.5678
15.6922
15.8887
16.1691
16.5498
17.0505
17.6903
18.4655
19.2441
15.5075
15.5678
15.6923
15.8887
16.1692
16.5498
17.0505
17.6903
18.4656
19.2441
15.5075
15.5678
15.6923
15.8888
16.1692
16.5499
17.0506
17.6904
18.4656
19.2442
13.6575
13.7099
13.817
13.9834
14.215
14.5179
14.8943
15.3338
15.792
16.1449
13.6575
13.7098
13.8169
13.9833
14.215
14.5178
14.8942
15.3338
15.7919
16.1448
13.6574
13.7098
13.8169
13.9833
14.2149
14.5178
14.8942
15.3337
15.7919
16.1448
13.6574
13.7098
13.8169
13.9833
14.2149
14.5178
14.8942
15.3337
15.7919
16.1448
13.6574
13.7098
13.8169
13.9833
14.2149
14.5178
14.8942
15.3337
15.7918
16.1448
13.6574
13.7098
13.8169
13.9833
14.2149
14.5178
14.8942
15.3337
15.7919
16.1448
13.6574
13.7098
13.8169
13.9833
14.2149
14.5178
14.8942
15.3337
15.7919
16.1448
13.6574
13.7098
13.8169
13.9833
14.2149
14.5178
14.8942
15.3337
15.7919
16.1448
13.6574
13.7098
13.8169
13.9833
14.215
14.5178
14.8942
15.3338
15.7919
16.1449
13.6575
13.7098
13.817
13.9834
14.215
14.5179
14.8943
15.3338
15.792
16.1449
12.0297
12.0734
12.1619
12.297
12.4801
12.7105
12.9818
13.275
13.5489
13.7303
12.0296
12.0733
12.1618
12.2969
12.48
12.7105
12.9818
13.275
13.5489
13.7303
12.0296
12.0733
12.1618
12.2969
12.48
12.7105
12.9817
13.2749
13.5488
13.7303
12.0296
12.0733
12.1618
12.2969
12.48
12.7105
12.9817
13.2749
13.5488
13.7303
12.0296
12.0733
12.1618
12.2969
12.48
12.7104
12.9817
13.2749
13.5488
13.7303
12.0296
12.0733
12.1618
12.2969
12.48
12.7104
12.9817
13.2749
13.5488
13.7303
12.0296
12.0733
12.1618
12.2969
12.48
12.7105
12.9817
13.2749
13.5488
13.7303
12.0296
12.0733
12.1618
12.2969
12.48
12.7105
12.9817
13.275
13.5489
13.7303
12.0296
12.0733
12.1618
12.2969
12.4801
12.7105
12.9818
13.275
13.5489
13.7303
12.0296
12.0734
12.1619
12.297
12.4801
12.7106
12.9818
13.275
13.5489
13.7304
10.6194
10.6547
10.7255
10.8317
10.9721
11.1426
11.3341
11.5289
11.6975
11.7999
10.6194
10.6547
10.7255
10.8317
10.972
11.1426
11.3341
11.5288
11.6974
11.7999
10.6194
10.6547
10.7255
10.8317
10.972
11.1425
11.334
11.5288
11.6974
11.7998
10.6194
10.6547
10.7255
10.8317
10.972
11.1425
11.334
11.5288
11.6974
11.7998
10.6193
10.6546
10.7254
10.8316
10.972
11.1425
11.334
11.5288
11.6974
11.7998
10.6193
10.6546
10.7254
10.8316
10.972
11.1425
11.334
11.5288
11.6974
11.7998
10.6193
10.6547
10.7255
10.8317
10.972
11.1425
11.334
11.5288
11.6974
11.7998
10.6194
10.6547
10.7255
10.8317
10.972
11.1425
11.334
11.5288
11.6974
11.7999
10.6194
10.6547
10.7255
10.8317
10.972
11.1426
11.3341
11.5288
11.6975
11.7999
10.6194
10.6547
10.7255
10.8317
10.9721
11.1426
11.3341
11.5289
11.6975
11.7999
9.42235
9.45019
9.5055
9.58716
9.69263
9.81691
9.95122
10.0816
10.1888
10.2506
9.42231
9.45015
9.50547
9.58713
9.69259
9.81688
9.95119
10.0816
10.1887
10.2506
9.42229
9.45013
9.50544
9.5871
9.69257
9.81685
9.95116
10.0816
10.1887
10.2506
9.42227
9.45011
9.50543
9.58709
9.69255
9.81684
9.95115
10.0816
10.1887
10.2506
9.42226
9.4501
9.50542
9.58708
9.69254
9.81683
9.95114
10.0815
10.1887
10.2506
9.42226
9.4501
9.50542
9.58708
9.69254
9.81683
9.95114
10.0815
10.1887
10.2506
9.42227
9.45011
9.50543
9.58709
9.69256
9.81684
9.95115
10.0816
10.1887
10.2506
9.42229
9.45013
9.50545
9.58711
9.69257
9.81686
9.95117
10.0816
10.1887
10.2506
9.42231
9.45015
9.50547
9.58714
9.6926
9.81689
9.9512
10.0816
10.1888
10.2506
9.42233
9.45018
9.50551
9.58717
9.69264
9.81693
9.95124
10.0817
10.1888
10.2507
8.43393
8.45558
8.49825
8.56034
8.63896
8.72925
8.82386
8.91256
8.98286
9.02222
8.4339
8.45555
8.49822
8.56031
8.63892
8.72922
8.82383
8.91253
8.98283
9.02219
8.43387
8.45553
8.49819
8.56029
8.6389
8.7292
8.82381
8.91251
8.98281
9.02218
8.43386
8.45551
8.49818
8.56027
8.63889
8.72918
8.82379
8.91249
8.98279
9.02216
8.43385
8.4555
8.49817
8.56027
8.63888
8.72917
8.82379
8.91249
8.98279
9.02216
8.43385
8.4555
8.49817
8.56027
8.63888
8.72918
8.82379
8.91249
8.98279
9.02216
8.43386
8.45551
8.49818
8.56028
8.63889
8.72919
8.8238
8.9125
8.9828
9.02218
8.43387
8.45553
8.4982
8.56029
8.63891
8.72921
8.82382
8.91252
8.98283
9.0222
8.43389
8.45555
8.49822
8.56032
8.63894
8.72923
8.82385
8.91255
8.98285
9.02223
8.43392
8.45558
8.49825
8.56035
8.63897
8.72927
8.82388
8.91259
8.98289
9.02226
7.64977
7.66661
7.69956
7.74692
7.80587
7.87217
7.93995
8.00184
8.04967
8.07592
7.64974
7.66658
7.69953
7.74689
7.80584
7.87214
7.93992
8.00181
8.04964
8.07589
7.64972
7.66656
7.6995
7.74687
7.80582
7.87212
7.9399
8.00179
8.04962
8.07588
7.6497
7.66655
7.69949
7.74685
7.80581
7.8721
7.93988
8.00178
8.04961
8.07587
7.6497
7.66654
7.69948
7.74685
7.8058
7.8721
7.93988
8.00178
8.0496
8.07586
7.6497
7.66654
7.69948
7.74685
7.8058
7.8721
7.93988
8.00178
8.04961
8.07587
7.64971
7.66655
7.69949
7.74686
7.80581
7.87211
7.93989
8.00179
8.04962
8.07588
7.64972
7.66656
7.69951
7.74687
7.80583
7.87213
7.93991
8.00181
8.04964
8.0759
7.64974
7.66658
7.69953
7.7469
7.80585
7.87216
7.93994
8.00184
8.04966
8.07593
7.64976
7.66661
7.69957
7.74693
7.80589
7.87219
7.93997
8.00187
8.0497
8.07596
7.0658
7.07916
7.10514
7.14212
7.18751
7.23769
7.28803
7.33309
7.36728
7.38581
7.06577
7.07913
7.10512
7.14209
7.18748
7.23767
7.288
7.33306
7.36726
7.38579
7.06575
7.07911
7.10509
7.14207
7.18746
7.23764
7.28798
7.33304
7.36724
7.38577
7.06573
7.0791
7.10508
7.14206
7.18745
7.23763
7.28797
7.33303
7.36723
7.38576
7.06573
7.07909
7.10508
7.14205
7.18744
7.23763
7.28796
7.33303
7.36722
7.38576
7.06573
7.07909
7.10508
7.14205
7.18744
7.23763
7.28797
7.33303
7.36723
7.38576
7.06574
7.0791
7.10509
7.14206
7.18745
7.23764
7.28798
7.33304
7.36724
7.38577
7.06575
7.07912
7.1051
7.14208
7.18747
7.23766
7.28799
7.33306
7.36726
7.38579
7.06577
7.07914
7.10512
7.1421
7.1875
7.23768
7.28802
7.33309
7.36729
7.38582
7.06579
7.07917
7.10515
7.14214
7.18753
7.23772
7.28805
7.33312
7.36732
7.38585
6.67858
6.6897
6.71123
6.74164
6.77858
6.81891
6.8588
6.89402
6.92042
6.93459
6.67855
6.68967
6.7112
6.74161
6.77855
6.81888
6.85877
6.894
6.92039
6.93457
6.67853
6.68965
6.71119
6.74159
6.77853
6.81886
6.85876
6.89398
6.92038
6.93456
6.67852
6.68964
6.71117
6.74158
6.77852
6.81885
6.85874
6.89397
6.92037
6.93455
6.67851
6.68964
6.71117
6.74157
6.77851
6.81885
6.85874
6.89396
6.92036
6.93455
6.67851
6.68964
6.71117
6.74158
6.77852
6.81885
6.85874
6.89397
6.92037
6.93455
6.67852
6.68965
6.71118
6.74159
6.77853
6.81886
6.85875
6.89398
6.92038
6.93457
6.67853
6.68966
6.71119
6.7416
6.77854
6.81888
6.85877
6.894
6.9204
6.93458
6.67855
6.68968
6.71122
6.74163
6.77857
6.8189
6.8588
6.89402
6.92042
6.93461
6.67857
6.68971
6.71125
6.74166
6.7786
6.81893
6.85883
6.89406
6.92046
6.93464
6.48562
6.49566
6.51503
6.54226
6.57515
6.61082
6.64583
6.67651
6.69936
6.71157
6.4856
6.49564
6.51501
6.54224
6.57513
6.6108
6.64581
6.67649
6.69934
6.71156
6.48558
6.49562
6.51499
6.54222
6.57512
6.61078
6.6458
6.67648
6.69932
6.71155
6.48557
6.49561
6.51498
6.54221
6.5751
6.61077
6.64579
6.67647
6.69932
6.71154
6.48557
6.4956
6.51497
6.54221
6.5751
6.61077
6.64578
6.67647
6.69931
6.71154
6.48557
6.4956
6.51497
6.54221
6.5751
6.61077
6.64579
6.67647
6.69932
6.71154
6.48557
6.49561
6.51498
6.54222
6.57511
6.61078
6.6458
6.67648
6.69933
6.71155
6.48559
6.49563
6.515
6.54223
6.57513
6.6108
6.64582
6.6765
6.69935
6.71157
6.48561
6.49565
6.51502
6.54226
6.57515
6.61082
6.64584
6.67652
6.69937
6.7116
6.48563
6.49568
6.51505
6.54229
6.57518
6.61085
6.64587
6.67656
6.69941
6.71163
44.4137
44.7188
45.2975
46.0202
46.7798
47.4994
48.1256
48.6219
48.9646
49.1393
44.4136
44.7187
45.2974
46.0201
46.7797
47.4993
48.1255
48.6218
48.9645
49.1393
44.4135
44.7186
45.2973
46.02
46.7796
47.4993
48.1254
48.6217
48.9644
49.1392
44.4134
44.7186
45.2972
46.0199
46.7796
47.4992
48.1254
48.6217
48.9644
49.1392
44.4134
44.7186
45.2972
46.0199
46.7796
47.4992
48.1254
48.6217
48.9644
49.1391
44.4134
44.7186
45.2972
46.0199
46.7796
47.4992
48.1254
48.6217
48.9644
49.1392
44.4134
44.7186
45.2972
46.0199
46.7796
47.4992
48.1254
48.6217
48.9644
49.1392
44.4135
44.7186
45.2973
46.02
46.7796
47.4993
48.1255
48.6218
48.9645
49.1393
44.4136
44.7187
45.2974
46.0201
46.7797
47.4994
48.1255
48.6219
48.9646
49.1393
44.4136
44.7188
45.2975
46.0202
46.7798
47.4995
48.1257
48.622
48.9647
49.1395
39.5736
39.7833
40.1729
40.6755
41.2218
41.7536
42.2257
42.6056
42.8704
43.0063
39.5735
39.7832
40.1728
40.6754
41.2217
41.7535
42.2257
42.6055
42.8703
43.0062
39.5735
39.7831
40.1727
40.6753
41.2217
41.7534
42.2256
42.6054
42.8703
43.0062
39.5734
39.783
40.1726
40.6753
41.2216
41.7534
42.2255
42.6054
42.8702
43.0061
39.5734
39.783
40.1726
40.6752
41.2216
41.7533
42.2255
42.6053
42.8702
43.0061
39.5734
39.783
40.1726
40.6752
41.2216
41.7533
42.2255
42.6054
42.8702
43.0061
39.5734
39.7831
40.1726
40.6753
41.2216
41.7534
42.2256
42.6054
42.8703
43.0062
39.5735
39.7831
40.1727
40.6753
41.2217
41.7534
42.2256
42.6054
42.8703
43.0062
39.5735
39.7832
40.1728
40.6754
41.2218
41.7535
42.2257
42.6055
42.8704
43.0063
39.5736
39.7833
40.1729
40.6755
41.2219
41.7536
42.2258
42.6056
42.8705
43.0064
35.2172
35.3621
35.6312
35.9853
36.3789
36.7699
37.1228
37.4103
37.6126
37.7168
35.2172
35.362
35.6311
35.9852
36.3788
36.7698
37.1228
37.4102
37.6125
37.7168
35.2171
35.3619
35.6311
35.9851
36.3787
36.7697
37.1227
37.4102
37.6124
37.7167
35.217
35.3619
35.631
35.985
36.3787
36.7697
37.1226
37.4101
37.6124
37.7167
35.217
35.3619
35.631
35.985
36.3787
36.7697
37.1226
37.4101
37.6124
37.7167
35.217
35.3619
35.631
35.985
36.3787
36.7697
37.1226
37.4101
37.6124
37.7167
35.217
35.3619
35.631
35.9851
36.3787
36.7697
37.1227
37.4102
37.6124
37.7167
35.2171
35.3619
35.6311
35.9851
36.3788
36.7697
37.1227
37.4102
37.6125
37.7168
35.2171
35.362
35.6312
35.9852
36.3788
36.7698
37.1228
37.4103
37.6126
37.7169
35.2172
35.3621
35.6312
35.9853
36.3789
36.7699
37.1229
37.4104
37.6127
37.717
31.3861
31.4875
31.6768
31.9291
32.214
32.5014
32.7641
32.9804
33.1336
33.2129
31.386
31.4874
31.6768
31.929
32.2139
32.5013
32.764
32.9803
33.1335
33.2129
31.386
31.4874
31.6767
31.9289
32.2139
32.5012
32.764
32.9802
33.1334
33.2128
31.3859
31.4873
31.6766
31.9289
32.2138
32.5012
32.7639
32.9802
33.1334
33.2128
31.3859
31.4873
31.6766
31.9289
32.2138
32.5011
32.7639
32.9802
33.1334
33.2128
31.3859
31.4873
31.6766
31.9289
32.2138
32.5011
32.7639
32.9802
33.1334
33.2128
31.3859
31.4873
31.6766
31.9289
32.2138
32.5012
32.764
32.9802
33.1334
33.2128
31.386
31.4874
31.6767
31.929
32.2139
32.5012
32.764
32.9802
33.1335
33.2129
31.386
31.4874
31.6768
31.929
32.214
32.5013
32.7641
32.9803
33.1336
33.2129
31.3861
31.4875
31.6769
31.9291
32.2141
32.5014
32.7642
32.9804
33.1337
33.213
28.1007
28.1728
28.3081
28.4901
28.6979
28.9099
29.1057
29.2681
29.384
29.4442
28.1006
28.1727
28.308
28.49
28.6978
28.9098
29.1056
29.2681
29.3839
29.4441
28.1005
28.1727
28.308
28.4899
28.6978
28.9097
29.1056
29.268
29.3838
29.444
28.1005
28.1726
28.3079
28.4899
28.6977
28.9097
29.1055
29.268
29.3838
29.444
28.1005
28.1726
28.3079
28.4899
28.6977
28.9097
29.1055
29.268
29.3838
29.444
28.1005
28.1726
28.3079
28.4899
28.6977
28.9097
29.1055
29.268
29.3838
29.444
28.1005
28.1726
28.3079
28.4899
28.6978
28.9097
29.1055
29.268
29.3838
29.444
28.1005
28.1727
28.308
28.49
28.6978
28.9098
29.1056
29.268
29.3839
29.4441
28.1006
28.1727
28.3081
28.49
28.6979
28.9098
29.1057
29.2681
29.3839
29.4442
28.1007
28.1728
28.3081
28.4901
28.698
28.9099
29.1058
29.2682
29.384
29.4443
25.3685
25.4208
25.5193
25.6526
25.8062
25.9642
26.1112
26.234
26.3219
26.3678
25.3684
25.4207
25.5192
25.6526
25.8061
25.9641
26.1111
26.2339
26.3218
26.3677
25.3683
25.4206
25.5191
25.6525
25.8061
25.964
26.111
26.2338
26.3218
26.3677
25.3683
25.4206
25.5191
25.6525
25.806
25.964
26.111
26.2338
26.3218
26.3676
25.3683
25.4206
25.5191
25.6524
25.806
25.964
26.111
26.2338
26.3217
26.3676
25.3683
25.4206
25.5191
25.6524
25.806
25.964
26.111
26.2338
26.3218
26.3676
25.3683
25.4206
25.5191
25.6525
25.806
25.964
26.111
26.2338
26.3218
26.3677
25.3683
25.4206
25.5191
25.6525
25.8061
25.964
26.1111
26.2339
26.3218
26.3677
25.3684
25.4207
25.5192
25.6526
25.8062
25.9641
26.1112
26.2339
26.3219
26.3678
25.3685
25.4208
25.5193
25.6527
25.8063
25.9642
26.1112
26.234
26.322
26.3679
23.1898
23.2287
23.3023
23.4024
23.5184
23.6384
23.7509
23.8452
23.9131
23.9485
23.1897
23.2286
23.3022
23.4023
23.5183
23.6384
23.7508
23.8451
23.913
23.9485
23.1897
23.2286
23.3022
23.4023
23.5183
23.6383
23.7507
23.8451
23.9129
23.9484
23.1896
23.2285
23.3021
23.4022
23.5182
23.6383
23.7507
23.8451
23.9129
23.9484
23.1896
23.2285
23.3021
23.4022
23.5182
23.6383
23.7507
23.845
23.9129
23.9484
23.1896
23.2285
23.3021
23.4022
23.5182
23.6383
23.7507
23.845
23.9129
23.9484
23.1896
23.2286
23.3021
23.4023
23.5182
23.6383
23.7507
23.8451
23.9129
23.9484
23.1897
23.2286
23.3022
23.4023
23.5183
23.6383
23.7508
23.8451
23.913
23.9485
23.1897
23.2287
23.3022
23.4024
23.5184
23.6384
23.7508
23.8452
23.9131
23.9486
23.1898
23.2287
23.3023
23.4025
23.5185
23.6385
23.7509
23.8453
23.9132
23.9487
21.5614
21.5915
21.6487
21.7269
21.8178
21.9123
22.0012
22.0761
22.1301
22.1584
21.5613
21.5915
21.6487
21.7268
21.8177
21.9122
22.0011
22.076
22.1301
22.1584
21.5612
21.5914
21.6486
21.7267
21.8176
21.9121
22.001
22.076
22.13
22.1583
21.5612
21.5914
21.6486
21.7267
21.8176
21.9121
22.001
22.0759
22.13
22.1583
21.5612
21.5914
21.6486
21.7267
21.8176
21.9121
22.001
22.0759
22.13
22.1583
21.5612
21.5914
21.6486
21.7267
21.8176
21.9121
22.001
22.0759
22.13
22.1583
21.5612
21.5914
21.6486
21.7267
21.8176
21.9121
22.001
22.076
22.13
22.1584
21.5612
21.5914
21.6486
21.7267
21.8176
21.9122
22.0011
22.076
22.1301
22.1584
21.5613
21.5915
21.6487
21.7268
21.8177
21.9122
22.0012
22.0761
22.1301
22.1585
21.5613
21.5916
21.6488
21.7269
21.8178
21.9123
22.0013
22.0762
22.1302
22.1586
20.4789
20.5038
20.5511
20.6158
20.6914
20.7702
20.8445
20.9074
20.9528
20.9766
20.4788
20.5037
20.551
20.6157
20.6913
20.7701
20.8445
20.9073
20.9527
20.9766
20.4788
20.5037
20.551
20.6157
20.6912
20.77
20.8444
20.9072
20.9527
20.9765
20.4787
20.5036
20.5509
20.6156
20.6912
20.77
20.8444
20.9072
20.9527
20.9765
20.4787
20.5036
20.5509
20.6156
20.6912
20.77
20.8444
20.9072
20.9526
20.9765
20.4787
20.5036
20.5509
20.6156
20.6912
20.77
20.8444
20.9072
20.9527
20.9765
20.4787
20.5036
20.5509
20.6157
20.6912
20.77
20.8444
20.9073
20.9527
20.9765
20.4788
20.5037
20.551
20.6157
20.6913
20.7701
20.8445
20.9073
20.9527
20.9766
20.4788
20.5037
20.551
20.6158
20.6913
20.7701
20.8445
20.9074
20.9528
20.9767
20.4789
20.5038
20.5511
20.6159
20.6914
20.7702
20.8446
20.9075
20.9529
20.9768
19.9387
19.9611
20.0037
20.0621
20.1304
20.2017
20.2692
20.3262
20.3675
20.3892
19.9386
19.9611
20.0037
20.0621
20.1304
20.2017
20.2691
20.3262
20.3675
20.3892
19.9386
19.961
20.0036
20.062
20.1303
20.2016
20.2691
20.3261
20.3674
20.3891
19.9386
19.961
20.0036
20.062
20.1303
20.2016
20.2691
20.3261
20.3674
20.3891
19.9386
19.961
20.0036
20.062
20.1303
20.2016
20.269
20.3261
20.3674
20.3891
19.9386
19.961
20.0036
20.062
20.1303
20.2016
20.2691
20.3261
20.3674
20.3891
19.9386
19.961
20.0036
20.062
20.1303
20.2016
20.2691
20.3261
20.3674
20.3891
19.9386
19.9611
20.0037
20.0621
20.1303
20.2017
20.2691
20.3262
20.3675
20.3892
19.9387
19.9611
20.0037
20.0621
20.1304
20.2018
20.2692
20.3263
20.3676
20.3893
19.9387
19.9612
20.0038
20.0622
20.1305
20.2018
20.2693
20.3263
20.3676
20.3894
)
;

boundaryField
{
    inlet1
    {
        type            fixedValue;
        value           uniform 10;
    }
    inlet2
    {
        type            fixedValue;
        value           uniform 20;
    }
    outlet1
    {
        type            zeroGradient;
    }
    outlet2
    {
        type            zeroGradient;
    }
    fixedWalls
    {
        type            zeroGradient;
    }
}


// ************************************************************************* //
