/*--------------------------------*- C++ -*----------------------------------*\
  =========                 |
  \\      /  F ield         | OpenFOAM: The Open Source CFD Toolbox
   \\    /   O peration     | Website:  https://openfoam.org
    \\  /    A nd           | Version:  6
     \\/     M anipulation  |
\*---------------------------------------------------------------------------*/
FoamFile
{
    version     2.0;
    format      ascii;
    class       volScalarField;
    location    "0.79";
    object      T;
}
// * * * * * * * * * * * * * * * * * * * * * * * * * * * * * * * * * * * * * //

dimensions      [0 0 0 1 0 0 0];

internalField   nonuniform List<scalar> 
7000
(
106.4
106.398
106.395
106.39
106.385
106.379
106.372
106.367
106.363
106.361
106.4
106.398
106.395
106.39
106.385
106.379
106.372
106.367
106.363
106.361
106.4
106.398
106.395
106.39
106.385
106.379
106.372
106.367
106.363
106.361
106.4
106.398
106.395
106.39
106.385
106.379
106.372
106.367
106.363
106.361
106.4
106.398
106.395
106.39
106.385
106.379
106.372
106.367
106.363
106.361
106.4
106.398
106.395
106.39
106.385
106.379
106.372
106.367
106.363
106.361
106.4
106.398
106.395
106.39
106.385
106.379
106.372
106.367
106.363
106.361
106.4
106.398
106.395
106.39
106.385
106.379
106.372
106.367
106.363
106.361
106.4
106.398
106.395
106.39
106.385
106.379
106.372
106.367
106.363
106.361
106.4
106.398
106.395
106.39
106.385
106.379
106.372
106.367
106.363
106.361
99.224
99.2188
99.2086
99.1943
99.1768
99.1577
99.1387
99.1218
99.1091
99.1023
99.224
99.2187
99.2086
99.1943
99.1768
99.1577
99.1387
99.1218
99.1091
99.1023
99.224
99.2187
99.2086
99.1943
99.1768
99.1577
99.1387
99.1218
99.1091
99.1023
99.224
99.2187
99.2086
99.1943
99.1768
99.1577
99.1387
99.1218
99.1091
99.1023
99.224
99.2187
99.2086
99.1943
99.1768
99.1577
99.1387
99.1218
99.1091
99.1023
99.224
99.2187
99.2086
99.1943
99.1768
99.1577
99.1387
99.1218
99.1091
99.1023
99.224
99.2187
99.2086
99.1943
99.1768
99.1577
99.1387
99.1218
99.1091
99.1023
99.224
99.2187
99.2086
99.1943
99.1768
99.1577
99.1387
99.1218
99.1091
99.1023
99.224
99.2187
99.2086
99.1943
99.1768
99.1577
99.1387
99.1218
99.1091
99.1023
99.224
99.2187
99.2086
99.1943
99.1768
99.1577
99.1387
99.1218
99.1091
99.1023
92.1176
92.1087
92.0913
92.0666
92.0364
92.0031
91.9697
91.9398
91.9171
91.9049
92.1176
92.1086
92.0913
92.0666
92.0364
92.003
91.9696
91.9398
91.9171
91.9048
92.1176
92.1086
92.0913
92.0666
92.0364
92.003
91.9696
91.9397
91.9171
91.9048
92.1176
92.1086
92.0912
92.0666
92.0364
92.003
91.9696
91.9397
91.9171
91.9048
92.1176
92.1086
92.0912
92.0666
92.0364
92.003
91.9696
91.9397
91.9171
91.9048
92.1176
92.1086
92.0912
92.0666
92.0364
92.003
91.9696
91.9397
91.9171
91.9048
92.1176
92.1086
92.0912
92.0666
92.0364
92.003
91.9696
91.9397
91.9171
91.9048
92.1176
92.1086
92.0912
92.0666
92.0364
92.003
91.9696
91.9397
91.9171
91.9048
92.1176
92.1086
92.0913
92.0666
92.0364
92.003
91.9696
91.9398
91.9171
91.9048
92.1176
92.1086
92.0913
92.0666
92.0364
92.0031
91.9696
91.9398
91.9171
91.9048
85.1267
85.1137
85.0884
85.0524
85.0078
84.958
84.9075
84.8617
84.8265
84.8072
85.1267
85.1137
85.0884
85.0523
85.0077
84.958
84.9075
84.8617
84.8264
84.8072
85.1267
85.1137
85.0884
85.0523
85.0077
84.958
84.9075
84.8616
84.8264
84.8072
85.1266
85.1137
85.0884
85.0523
85.0077
84.9579
84.9074
84.8616
84.8264
84.8072
85.1266
85.1136
85.0884
85.0523
85.0077
84.9579
84.9074
84.8616
84.8264
84.8072
85.1266
85.1136
85.0884
85.0523
85.0077
84.9579
84.9074
84.8616
84.8264
84.8072
85.1266
85.1136
85.0884
85.0523
85.0077
84.9579
84.9074
84.8616
84.8264
84.8072
85.1266
85.1137
85.0884
85.0523
85.0077
84.9579
84.9074
84.8616
84.8264
84.8072
85.1266
85.1137
85.0884
85.0523
85.0077
84.958
84.9075
84.8616
84.8264
84.8072
85.1267
85.1137
85.0884
85.0523
85.0077
84.958
84.9075
84.8617
84.8265
84.8072
78.2955
78.2781
78.2442
78.1954
78.1343
78.065
77.9934
77.927
77.8748
77.8458
78.2954
78.2781
78.2442
78.1953
78.1342
78.065
77.9933
77.9269
77.8748
77.8457
78.2954
78.2781
78.2442
78.1953
78.1342
78.065
77.9933
77.9269
77.8747
77.8457
78.2954
78.278
78.2441
78.1953
78.1342
78.0649
77.9933
77.9269
77.8747
77.8457
78.2954
78.278
78.2441
78.1953
78.1342
78.0649
77.9933
77.9269
77.8747
77.8457
78.2954
78.278
78.2441
78.1953
78.1342
78.0649
77.9933
77.9269
77.8747
77.8457
78.2954
78.278
78.2441
78.1953
78.1342
78.0649
77.9933
77.9269
77.8747
77.8457
78.2954
78.278
78.2441
78.1953
78.1342
78.0649
77.9933
77.9269
77.8747
77.8457
78.2954
78.2781
78.2442
78.1953
78.1342
78.065
77.9933
77.9269
77.8748
77.8457
78.2954
78.2781
78.2442
78.1953
78.1342
78.065
77.9933
77.9269
77.8748
77.8458
71.6661
71.6442
71.601
71.5381
71.4582
71.3657
71.2673
71.1732
71.0967
71.0528
71.6661
71.6441
71.601
71.5381
71.4582
71.3656
71.2673
71.1732
71.0967
71.0528
71.6661
71.6441
71.6009
71.538
71.4581
71.3656
71.2673
71.1731
71.0966
71.0528
71.6661
71.6441
71.6009
71.538
71.4581
71.3656
71.2672
71.1731
71.0966
71.0527
71.666
71.6441
71.6009
71.538
71.4581
71.3656
71.2672
71.1731
71.0966
71.0527
71.666
71.6441
71.6009
71.538
71.4581
71.3656
71.2672
71.1731
71.0966
71.0527
71.666
71.6441
71.6009
71.538
71.4581
71.3656
71.2672
71.1731
71.0966
71.0527
71.6661
71.6441
71.6009
71.538
71.4581
71.3656
71.2672
71.1731
71.0966
71.0528
71.6661
71.6441
71.6009
71.538
71.4581
71.3656
71.2673
71.1732
71.0967
71.0528
71.6661
71.6441
71.601
71.5381
71.4582
71.3656
71.2673
71.1732
71.0967
71.0528
65.2783
65.2517
65.1991
65.1214
65.0208
64.901
64.7689
64.6365
64.523
64.4542
65.2783
65.2517
65.199
65.1214
65.0207
64.9009
64.7689
64.6365
64.5229
64.4542
65.2782
65.2516
65.199
65.1213
65.0207
64.9009
64.7688
64.6365
64.5229
64.4542
65.2782
65.2516
65.199
65.1213
65.0207
64.9009
64.7688
64.6364
64.5229
64.4541
65.2782
65.2516
65.199
65.1213
65.0207
64.9009
64.7688
64.6364
64.5229
64.4541
65.2782
65.2516
65.199
65.1213
65.0207
64.9009
64.7688
64.6364
64.5229
64.4541
65.2782
65.2516
65.199
65.1213
65.0207
64.9009
64.7688
64.6364
64.5229
64.4541
65.2782
65.2516
65.199
65.1213
65.0207
64.9009
64.7688
64.6364
64.5229
64.4542
65.2782
65.2517
65.199
65.1213
65.0207
64.9009
64.7689
64.6365
64.5229
64.4542
65.2782
65.2517
65.199
65.1214
65.0207
64.9009
64.7689
64.6365
64.5229
64.4542
59.1681
59.1374
59.076
58.9841
58.8623
58.7123
58.5389
58.3533
58.1802
58.0647
59.1681
59.1373
59.0759
58.984
58.8622
58.7122
58.5388
58.3533
58.1801
58.0647
59.168
59.1373
59.0759
58.984
58.8622
58.7122
58.5388
58.3532
58.1801
58.0647
59.168
59.1373
59.0759
58.984
58.8621
58.7122
58.5387
58.3532
58.1801
58.0646
59.168
59.1372
59.0759
58.984
58.8621
58.7122
58.5387
58.3532
58.1801
58.0646
59.168
59.1372
59.0759
58.984
58.8621
58.7122
58.5387
58.3532
58.1801
58.0646
59.168
59.1373
59.0759
58.984
58.8621
58.7122
58.5387
58.3532
58.1801
58.0646
59.168
59.1373
59.0759
58.984
58.8622
58.7122
58.5388
58.3532
58.1801
58.0647
59.168
59.1373
59.0759
58.984
58.8622
58.7122
58.5388
58.3532
58.1801
58.0647
59.168
59.1373
59.0759
58.984
58.8622
58.7123
58.5388
58.3533
58.1802
58.0647
53.3674
53.3337
53.2657
53.1624
53.022
52.8426
52.6225
52.3655
52.0931
51.8768
53.3674
53.3336
53.2656
53.1623
53.022
52.8425
52.6225
52.3654
52.0931
51.8767
53.3674
53.3336
53.2656
53.1623
53.022
52.8425
52.6224
52.3654
52.093
51.8767
53.3673
53.3336
53.2655
53.1622
53.0219
52.8425
52.6224
52.3654
52.093
51.8767
53.3673
53.3335
53.2655
53.1622
53.0219
52.8424
52.6224
52.3654
52.093
51.8767
53.3673
53.3335
53.2655
53.1622
53.0219
52.8424
52.6224
52.3654
52.093
51.8767
53.3673
53.3335
53.2655
53.1622
53.0219
52.8424
52.6224
52.3654
52.093
51.8767
53.3673
53.3336
53.2656
53.1623
53.0219
52.8425
52.6224
52.3654
52.093
51.8767
53.3674
53.3336
53.2656
53.1623
53.022
52.8425
52.6224
52.3654
52.0931
51.8767
53.3674
53.3336
53.2656
53.1623
53.022
52.8425
52.6225
52.3655
52.0931
51.8768
47.9029
47.868
47.7973
47.6886
47.5377
47.3373
47.0753
46.7344
46.3005
45.8295
47.9028
47.8679
47.7972
47.6885
47.5376
47.3372
47.0753
46.7344
46.3004
45.8294
47.9028
47.8679
47.7972
47.6885
47.5376
47.3372
47.0752
46.7343
46.3004
45.8294
47.9028
47.8679
47.7972
47.6885
47.5376
47.3371
47.0752
46.7343
46.3004
45.8293
47.9027
47.8678
47.7972
47.6885
47.5375
47.3371
47.0752
46.7343
46.3003
45.8293
47.9027
47.8678
47.7972
47.6884
47.5375
47.3371
47.0752
46.7343
46.3003
45.8293
47.9027
47.8679
47.7972
47.6885
47.5375
47.3371
47.0752
46.7343
46.3004
45.8293
47.9028
47.8679
47.7972
47.6885
47.5376
47.3372
47.0752
46.7343
46.3004
45.8294
47.9028
47.8679
47.7972
47.6885
47.5376
47.3372
47.0753
46.7344
46.3004
45.8294
47.9028
47.8679
47.7973
47.6886
47.5376
47.3372
47.0753
46.7344
46.3005
45.8295
42.7946
42.7612
42.6935
42.5889
42.4418
42.2416
41.9664
41.569
40.9323
39.7122
42.7945
42.7612
42.6935
42.5888
42.4417
42.2415
41.9664
41.5689
40.9322
39.7121
42.7945
42.7611
42.6935
42.5888
42.4417
42.2415
41.9663
41.5689
40.9322
39.7121
42.7945
42.7611
42.6934
42.5887
42.4417
42.2414
41.9663
41.5689
40.9321
39.7121
42.7944
42.7611
42.6934
42.5887
42.4416
42.2414
41.9663
41.5688
40.9321
39.712
42.7944
42.7611
42.6934
42.5887
42.4416
42.2414
41.9663
41.5688
40.9321
39.712
42.7945
42.7611
42.6934
42.5887
42.4417
42.2414
41.9663
41.5689
40.9321
39.712
42.7945
42.7611
42.6934
42.5888
42.4417
42.2415
41.9663
41.5689
40.9322
39.7121
42.7945
42.7612
42.6935
42.5888
42.4417
42.2415
41.9664
41.5689
40.9322
39.7121
42.7945
42.7612
42.6935
42.5888
42.4418
42.2416
41.9664
41.569
40.9323
39.7122
38.0554
38.0267
37.9687
37.8796
37.7556
37.5885
37.3616
37.0424
36.5703
35.8544
38.0554
38.0266
37.9686
37.8796
37.7556
37.5884
37.3616
37.0424
36.5703
35.8544
38.0553
38.0266
37.9686
37.8795
37.7555
37.5884
37.3615
37.0423
36.5702
35.8543
38.0553
38.0266
37.9686
37.8795
37.7555
37.5884
37.3615
37.0423
36.5702
35.8543
38.0553
38.0266
37.9685
37.8795
37.7555
37.5883
37.3615
37.0423
36.5702
35.8542
38.0553
38.0266
37.9685
37.8795
37.7555
37.5883
37.3615
37.0423
36.5702
35.8542
38.0553
38.0266
37.9685
37.8795
37.7555
37.5883
37.3615
37.0423
36.5702
35.8543
38.0553
38.0266
37.9686
37.8795
37.7555
37.5884
37.3615
37.0423
36.5702
35.8543
38.0553
38.0266
37.9686
37.8795
37.7555
37.5884
37.3615
37.0423
36.5703
35.8543
38.0554
38.0267
37.9686
37.8796
37.7556
37.5885
37.3616
37.0424
36.5703
35.8544
33.6905
33.6693
33.6272
33.5647
33.4817
33.377
33.2474
33.0878
32.8981
32.7115
33.6905
33.6693
33.6272
33.5646
33.4816
33.3769
33.2473
33.0877
32.898
32.7114
33.6904
33.6692
33.6271
33.5646
33.4816
33.3769
33.2472
33.0877
32.8979
32.7114
33.6904
33.6692
33.6271
33.5646
33.4815
33.3769
33.2472
33.0876
32.8979
32.7113
33.6904
33.6692
33.6271
33.5645
33.4815
33.3768
33.2472
33.0876
32.8979
32.7113
33.6904
33.6692
33.6271
33.5645
33.4815
33.3768
33.2472
33.0876
32.8979
32.7113
33.6904
33.6692
33.6271
33.5646
33.4815
33.3768
33.2472
33.0876
32.8979
32.7113
33.6904
33.6692
33.6271
33.5646
33.4816
33.3769
33.2472
33.0877
32.8979
32.7114
33.6905
33.6692
33.6272
33.5646
33.4816
33.3769
33.2473
33.0877
32.898
32.7114
33.6905
33.6693
33.6272
33.5647
33.4817
33.377
33.2473
33.0878
32.898
32.7115
29.6975
29.6859
29.6643
29.636
29.6058
29.5808
29.5712
29.5939
29.681
29.8997
29.6974
29.6858
29.6643
29.6359
29.6058
29.5808
29.5712
29.5938
29.6809
29.8996
29.6974
29.6858
29.6642
29.6359
29.6057
29.5807
29.5711
29.5938
29.6809
29.8995
29.6974
29.6858
29.6642
29.6359
29.6057
29.5807
29.5711
29.5938
29.6808
29.8995
29.6973
29.6857
29.6642
29.6359
29.6057
29.5807
29.5711
29.5937
29.6808
29.8995
29.6973
29.6857
29.6642
29.6359
29.6057
29.5807
29.5711
29.5937
29.6808
29.8995
29.6974
29.6858
29.6642
29.6359
29.6057
29.5807
29.5711
29.5938
29.6808
29.8995
29.6974
29.6858
29.6642
29.6359
29.6057
29.5807
29.5711
29.5938
29.6808
29.8995
29.6974
29.6858
29.6643
29.6359
29.6058
29.5807
29.5712
29.5938
29.6809
29.8996
29.6974
29.6859
29.6643
29.636
29.6058
29.5808
29.5712
29.5939
29.681
29.8996
26.0673
26.0663
26.0673
26.0764
26.1033
26.1625
26.2749
26.4708
26.7955
27.3166
26.0672
26.0662
26.0673
26.0764
26.1033
26.1625
26.2748
26.4707
26.7954
27.3165
26.0672
26.0662
26.0672
26.0763
26.1033
26.1624
26.2747
26.4707
26.7954
27.3164
26.0671
26.0662
26.0672
26.0763
26.1032
26.1624
26.2747
26.4707
26.7954
27.3164
26.0671
26.0662
26.0672
26.0763
26.1032
26.1624
26.2747
26.4706
26.7953
27.3164
26.0671
26.0662
26.0672
26.0763
26.1032
26.1624
26.2747
26.4706
26.7953
27.3164
26.0671
26.0662
26.0672
26.0763
26.1032
26.1624
26.2747
26.4707
26.7954
27.3164
26.0671
26.0662
26.0672
26.0763
26.1032
26.1624
26.2747
26.4707
26.7954
27.3164
26.0672
26.0662
26.0673
26.0764
26.1033
26.1624
26.2748
26.4707
26.7954
27.3165
26.0672
26.0663
26.0673
26.0764
26.1033
26.1625
26.2748
26.4708
26.7955
27.3165
22.7856
22.7951
22.8181
22.8633
22.9444
23.0821
23.305
23.6526
24.1756
24.9343
22.7856
22.795
22.8181
22.8632
22.9444
23.082
23.305
23.6526
24.1755
24.9342
22.7855
22.795
22.818
22.8632
22.9443
23.082
23.3049
23.6525
24.1754
24.9342
22.7855
22.795
22.818
22.8632
22.9443
23.0819
23.3049
23.6525
24.1754
24.9342
22.7855
22.7949
22.818
22.8632
22.9443
23.0819
23.3049
23.6525
24.1754
24.9341
22.7855
22.7949
22.818
22.8632
22.9443
23.0819
23.3049
23.6525
24.1754
24.9341
22.7855
22.795
22.818
22.8632
22.9443
23.0819
23.3049
23.6525
24.1754
24.9342
22.7855
22.795
22.818
22.8632
22.9443
23.082
23.3049
23.6525
24.1754
24.9342
22.7855
22.795
22.8181
22.8632
22.9444
23.082
23.305
23.6526
24.1755
24.9342
22.7856
22.7951
22.8181
22.8633
22.9444
23.082
23.305
23.6526
24.1756
24.9343
19.8347
19.8532
19.8952
19.9711
20.0977
20.3001
20.6138
21.086
21.7749
22.7406
19.8347
19.8532
19.8952
19.971
20.0976
20.3001
20.6137
21.0859
21.7749
22.7405
19.8347
19.8532
19.8952
19.971
20.0976
20.3
20.6137
21.0859
21.7748
22.7404
19.8346
19.8531
19.8951
19.971
20.0976
20.3
20.6136
21.0858
21.7748
22.7404
19.8346
19.8531
19.8951
19.971
20.0976
20.3
20.6136
21.0858
21.7748
22.7404
19.8346
19.8531
19.8951
19.971
20.0976
20.3
20.6136
21.0858
21.7748
22.7404
19.8346
19.8531
19.8951
19.971
20.0976
20.3
20.6136
21.0858
21.7748
22.7404
19.8346
19.8532
19.8952
19.971
20.0976
20.3
20.6137
21.0859
21.7748
22.7404
19.8347
19.8532
19.8952
19.971
20.0976
20.3001
20.6137
21.0859
21.7749
22.7405
19.8347
19.8532
19.8952
19.9711
20.0977
20.3001
20.6138
21.086
21.7749
22.7406
17.1948
17.2201
17.2761
17.374
17.5325
17.7794
18.1554
18.7176
19.5413
20.7095
17.1948
17.2201
17.276
17.374
17.5324
17.7794
18.1554
18.7176
19.5413
20.7094
17.1947
17.22
17.276
17.3739
17.5324
17.7793
18.1554
18.7175
19.5412
20.7094
17.1947
17.22
17.276
17.3739
17.5324
17.7793
18.1553
18.7175
19.5412
20.7093
17.1947
17.22
17.276
17.3739
17.5324
17.7793
18.1553
18.7175
19.5412
20.7093
17.1947
17.22
17.276
17.3739
17.5324
17.7793
18.1553
18.7175
19.5412
20.7093
17.1947
17.22
17.276
17.3739
17.5324
17.7793
18.1553
18.7175
19.5412
20.7093
17.1947
17.22
17.276
17.3739
17.5324
17.7793
18.1554
18.7175
19.5412
20.7094
17.1948
17.22
17.276
17.374
17.5324
17.7794
18.1554
18.7176
19.5413
20.7094
17.1948
17.2201
17.2761
17.374
17.5325
17.7794
18.1555
18.7176
19.5413
20.7095
14.8455
14.8748
14.9386
15.048
15.2213
15.4867
15.8864
16.4862
17.3904
18.7601
14.8455
14.8747
14.9385
15.048
15.2213
15.4866
15.8864
16.4862
17.3903
18.7601
14.8454
14.8747
14.9385
15.0479
15.2213
15.4866
15.8863
16.4861
17.3903
18.76
14.8454
14.8747
14.9385
15.0479
15.2212
15.4865
15.8863
16.4861
17.3903
18.76
14.8454
14.8747
14.9385
15.0479
15.2212
15.4865
15.8863
16.4861
17.3902
18.76
14.8454
14.8747
14.9385
15.0479
15.2212
15.4865
15.8863
16.4861
17.3902
18.76
14.8454
14.8747
14.9385
15.0479
15.2212
15.4865
15.8863
16.4861
17.3903
18.76
14.8454
14.8747
14.9385
15.0479
15.2213
15.4866
15.8863
16.4861
17.3903
18.76
14.8455
14.8747
14.9385
15.048
15.2213
15.4866
15.8864
16.4862
17.3903
18.7601
14.8455
14.8748
14.9386
15.048
15.2213
15.4867
15.8864
16.4862
17.3904
18.7601
12.7671
12.7974
12.8627
12.9727
13.1431
13.3976
13.7726
14.3275
15.1787
16.6242
12.767
12.7974
12.8627
12.9727
13.143
13.3976
13.7725
14.3274
15.1787
16.6241
12.767
12.7973
12.8627
12.9726
13.143
13.3975
13.7725
14.3274
15.1786
16.6241
12.767
12.7973
12.8626
12.9726
13.143
13.3975
13.7725
14.3274
15.1786
16.6241
12.767
12.7973
12.8626
12.9726
13.143
13.3975
13.7725
14.3274
15.1786
16.624
12.767
12.7973
12.8626
12.9726
13.143
13.3975
13.7725
14.3274
15.1786
16.624
12.767
12.7973
12.8626
12.9726
13.143
13.3975
13.7725
14.3274
15.1786
16.6241
12.767
12.7973
12.8627
12.9726
13.143
13.3975
13.7725
14.3274
15.1786
16.6241
12.767
12.7974
12.8627
12.9727
13.143
13.3976
13.7725
14.3274
15.1787
16.6241
12.7671
12.7974
12.8627
12.9727
13.1431
13.3976
13.7726
14.3275
15.1787
16.6242
36.6893
35.9702
36.8771
39.1938
42.9097
48.1493
55.1762
64.4579
76.8421
94.0278
36.6892
35.9701
36.8771
39.1937
42.9096
48.1492
55.1761
64.4578
76.842
94.0276
36.6891
35.97
36.877
39.1937
42.9095
48.1491
55.176
64.4577
76.8419
94.0275
36.6891
35.97
36.8769
39.1936
42.9094
48.149
55.1759
64.4576
76.8418
94.0274
36.6891
35.9699
36.8769
39.1936
42.9094
48.149
55.1759
64.4576
76.8418
94.0274
36.6891
35.9699
36.8769
39.1936
42.9094
48.149
55.1759
64.4576
76.8418
94.0274
36.6891
35.9699
36.8769
39.1936
42.9094
48.149
55.1759
64.4576
76.8418
94.0274
36.6891
35.97
36.8769
39.1936
42.9094
48.149
55.1759
64.4576
76.8419
94.0275
36.6891
35.97
36.877
39.1937
42.9095
48.1491
55.176
64.4577
76.8419
94.0276
36.6892
35.9701
36.8771
39.1937
42.9096
48.1492
55.1761
64.4578
76.842
94.0276
34.9047
34.9162
36.0879
38.4612
42.0967
47.1153
53.7152
62.1869
72.9062
86.1803
34.9046
34.9161
36.0878
38.4611
42.0966
47.1152
53.7151
62.1868
72.9061
86.1802
34.9046
34.916
36.0877
38.461
42.0965
47.1151
53.715
62.1867
72.906
86.1801
34.9045
34.916
36.0877
38.4609
42.0964
47.1151
53.715
62.1867
72.9059
86.18
34.9045
34.9159
36.0877
38.4609
42.0964
47.115
53.7149
62.1866
72.9059
86.18
34.9045
34.9159
36.0877
38.4609
42.0964
47.115
53.7149
62.1866
72.9059
86.18
34.9045
34.9159
36.0877
38.4609
42.0964
47.115
53.7149
62.1866
72.9059
86.18
34.9046
34.916
36.0877
38.461
42.0965
47.1151
53.715
62.1867
72.906
86.18
34.9046
34.916
36.0878
38.461
42.0965
47.1151
53.7151
62.1868
72.9061
86.1801
34.9047
34.9161
36.0878
38.4611
42.0966
47.1152
53.7152
62.1869
72.9062
86.1802
32.6864
33.2763
34.7177
37.1317
40.6097
45.2513
51.1739
58.4974
67.2787
77.3277
32.6864
33.2762
34.7176
37.1316
40.6096
45.2512
51.1738
58.4972
67.2785
77.3276
32.6863
33.2762
34.7175
37.1315
40.6095
45.2511
51.1737
58.4971
67.2784
77.3275
32.6863
33.2761
34.7175
37.1315
40.6095
45.2511
51.1736
58.4971
67.2784
77.3274
32.6862
33.2761
34.7174
37.1314
40.6095
45.251
51.1736
58.497
67.2783
77.3274
32.6862
33.2761
34.7174
37.1314
40.6095
45.251
51.1736
58.497
67.2783
77.3274
32.6862
33.2761
34.7175
37.1314
40.6095
45.251
51.1736
58.4971
67.2783
77.3274
32.6863
33.2761
34.7175
37.1315
40.6095
45.2511
51.1737
58.4971
67.2784
77.3275
32.6863
33.2762
34.7176
37.1316
40.6096
45.2512
51.1738
58.4972
67.2785
77.3275
32.6864
33.2763
34.7176
37.1316
40.6097
45.2513
51.1739
58.4973
67.2786
77.3277
30.386
31.3607
32.9942
35.401
38.6647
42.8531
48.0181
54.1732
61.2406
68.9514
30.3859
31.3607
32.9941
35.4009
38.6646
42.853
48.0179
54.1731
61.2405
68.9513
30.3859
31.3606
32.994
35.4009
38.6645
42.8529
48.0179
54.173
61.2404
68.9512
30.3858
31.3605
32.994
35.4008
38.6645
42.8529
48.0178
54.173
61.2403
68.9511
30.3858
31.3605
32.994
35.4008
38.6644
42.8529
48.0178
54.1729
61.2403
68.9511
30.3858
31.3605
32.9939
35.4008
38.6644
42.8529
48.0178
54.1729
61.2403
68.9511
30.3858
31.3605
32.994
35.4008
38.6645
42.8529
48.0178
54.173
61.2403
68.9511
30.3859
31.3606
32.994
35.4008
38.6645
42.8529
48.0178
54.173
61.2404
68.9512
30.3859
31.3606
32.9941
35.4009
38.6646
42.853
48.0179
54.1731
61.2405
68.9513
30.386
31.3607
32.9942
35.401
38.6647
42.8531
48.018
54.1732
61.2406
68.9514
28.1312
29.361
31.1137
33.472
36.495
40.2189
44.6508
49.7519
55.4073
61.3889
28.1312
29.3609
31.1136
33.4719
36.4949
40.2188
44.6507
49.7518
55.4072
61.3888
28.1311
29.3608
31.1135
33.4718
36.4948
40.2187
44.6506
49.7517
55.4071
61.3887
28.1311
29.3608
31.1135
33.4718
36.4947
40.2186
44.6506
49.7517
55.407
61.3886
28.131
29.3608
31.1135
33.4718
36.4947
40.2186
44.6506
49.7516
55.407
61.3886
28.131
29.3608
31.1135
33.4718
36.4947
40.2186
44.6506
49.7516
55.407
61.3886
28.1311
29.3608
31.1135
33.4718
36.4947
40.2186
44.6506
49.7517
55.407
61.3886
28.1311
29.3608
31.1135
33.4718
36.4948
40.2187
44.6506
49.7517
55.4071
61.3887
28.1312
29.3609
31.1136
33.4719
36.4949
40.2187
44.6507
49.7518
55.4072
61.3888
28.1312
29.361
31.1137
33.472
36.495
40.2188
44.6508
49.7519
55.4073
61.3889
25.9926
27.4089
29.239
31.5309
34.3174
37.6088
41.3841
45.5807
50.0838
54.7225
25.9925
27.4088
29.2389
31.5308
34.3173
37.6087
41.384
45.5805
50.0837
54.7224
25.9925
27.4087
29.2388
31.5307
34.3172
37.6086
41.3839
45.5804
50.0836
54.7223
25.9924
27.4087
29.2388
31.5306
34.3172
37.6086
41.3838
45.5804
50.0835
54.7222
25.9924
27.4087
29.2387
31.5306
34.3172
37.6086
41.3838
45.5804
50.0835
54.7222
25.9924
27.4087
29.2387
31.5306
34.3172
37.6086
41.3838
45.5804
50.0835
54.7222
25.9924
27.4087
29.2388
31.5306
34.3172
37.6086
41.3838
45.5804
50.0835
54.7223
25.9925
27.4087
29.2388
31.5307
34.3172
37.6086
41.3839
45.5804
50.0836
54.7223
25.9925
27.4088
29.2389
31.5308
34.3173
37.6087
41.384
45.5805
50.0837
54.7224
25.9926
27.4089
29.2389
31.5308
34.3174
37.6088
41.3841
45.5806
50.0838
54.7225
24.0208
25.6071
27.5071
29.7404
32.3201
35.2382
38.4552
41.8949
45.4464
48.981
24.0207
25.607
27.507
29.7403
32.32
35.2381
38.4551
41.8947
45.4463
48.9808
24.0206
25.6069
27.5069
29.7402
32.32
35.238
38.455
41.8947
45.4462
48.9807
24.0206
25.6069
27.5069
29.7402
32.3199
35.238
38.4549
41.8946
45.4462
48.9807
24.0206
25.6069
27.5069
29.7401
32.3199
35.238
38.4549
41.8946
45.4462
48.9807
24.0206
25.6069
27.5069
29.7401
32.3199
35.238
38.4549
41.8946
45.4462
48.9807
24.0206
25.6069
27.5069
29.7402
32.3199
35.238
38.4549
41.8946
45.4462
48.9807
24.0206
25.6069
27.5069
29.7402
32.32
35.2381
38.455
41.8947
45.4462
48.9808
24.0207
25.607
27.507
29.7403
32.32
35.2381
38.4551
41.8947
45.4463
48.9808
24.0208
25.6071
27.5071
29.7404
32.3201
35.2382
38.4552
41.8949
45.4465
48.981
22.2581
24.0473
26.0387
28.241
30.6615
33.2828
36.052
38.8764
41.6325
44.1971
22.258
24.0472
26.0386
28.2409
30.6614
33.2827
36.0519
38.8763
41.6323
44.1969
22.2579
24.0471
26.0386
28.2408
30.6613
33.2827
36.0518
38.8762
41.6323
44.1969
22.2579
24.0471
26.0385
28.2408
30.6612
33.2826
36.0517
38.8762
41.6322
44.1968
22.2579
24.0471
26.0385
28.2408
30.6612
33.2826
36.0517
38.8762
41.6322
44.1968
22.2579
24.0471
26.0385
28.2408
30.6612
33.2826
36.0517
38.8762
41.6322
44.1968
22.2579
24.0471
26.0385
28.2408
30.6612
33.2826
36.0517
38.8762
41.6322
44.1968
22.2579
24.0471
26.0386
28.2408
30.6613
33.2827
36.0518
38.8762
41.6323
44.1969
22.258
24.0472
26.0387
28.2409
30.6614
33.2828
36.0519
38.8763
41.6324
44.197
22.2581
24.0473
26.0387
28.241
30.6615
33.2829
36.052
38.8764
41.6325
44.1971
20.7579
22.8313
24.9485
27.1535
29.4712
31.8855
34.332
36.6937
38.8009
40.4567
20.7578
22.8312
24.9484
27.1534
29.4711
31.8854
34.3319
36.6936
38.8008
40.4566
20.7578
22.8311
24.9483
27.1534
29.4711
31.8853
34.3318
36.6935
38.8008
40.4565
20.7577
22.8311
24.9483
27.1533
29.471
31.8853
34.3318
36.6935
38.8007
40.4564
20.7577
22.8311
24.9483
27.1533
29.471
31.8852
34.3317
36.6934
38.8007
40.4564
20.7577
22.8311
24.9483
27.1533
29.471
31.8852
34.3318
36.6934
38.8007
40.4564
20.7577
22.8311
24.9483
27.1534
29.471
31.8853
34.3318
36.6935
38.8007
40.4565
20.7578
22.8312
24.9484
27.1534
29.4711
31.8853
34.3318
36.6935
38.8008
40.4565
20.7578
22.8312
24.9484
27.1535
29.4712
31.8854
34.3319
36.6936
38.8009
40.4566
20.7579
22.8313
24.9485
27.1536
29.4713
31.8855
34.332
36.6937
38.801
40.4567
19.6713
22.1083
24.3523
26.5777
28.8479
31.1552
33.4278
35.5229
37.1989
38.0423
19.6713
22.1082
24.3522
26.5776
28.8479
31.1551
33.4277
35.5228
37.1988
38.0422
19.6712
22.1082
24.3522
26.5775
28.8478
31.155
33.4277
35.5227
37.1987
38.0421
19.6712
22.1081
24.3521
26.5775
28.8478
31.155
33.4276
35.5227
37.1987
38.0421
19.6712
22.1081
24.3521
26.5775
28.8478
31.155
33.4276
35.5227
37.1987
38.042
19.6712
22.1081
24.3521
26.5775
28.8478
31.155
33.4276
35.5227
37.1987
38.0421
19.6712
22.1081
24.3522
26.5775
28.8478
31.155
33.4276
35.5227
37.1987
38.0421
19.6713
22.1082
24.3522
26.5776
28.8478
31.155
33.4277
35.5227
37.1988
38.0421
19.6713
22.1082
24.3523
26.5776
28.8479
31.1551
33.4278
35.5228
37.1988
38.0422
19.6714
22.1083
24.3523
26.5777
28.848
31.1552
33.4279
35.5229
37.199
38.0423
119.955
132.31
139.903
145.231
149.181
152.153
154.359
155.926
156.934
157.427
119.955
132.31
139.903
145.23
149.181
152.153
154.359
155.926
156.934
157.426
119.954
132.31
139.903
145.23
149.181
152.153
154.359
155.926
156.933
157.426
119.954
132.31
139.903
145.23
149.181
152.153
154.359
155.926
156.933
157.426
119.954
132.31
139.903
145.23
149.181
152.153
154.359
155.926
156.933
157.426
119.954
132.31
139.903
145.23
149.181
152.153
154.359
155.926
156.933
157.426
119.954
132.31
139.903
145.23
149.181
152.153
154.359
155.926
156.933
157.426
119.954
132.31
139.903
145.23
149.181
152.153
154.359
155.926
156.933
157.426
119.955
132.31
139.903
145.23
149.181
152.153
154.359
155.926
156.934
157.427
119.955
132.31
139.903
145.231
149.181
152.153
154.359
155.926
156.934
157.427
101.352
112.404
120.231
125.923
130.156
133.324
135.662
137.317
138.376
138.894
101.352
112.404
120.231
125.922
130.155
133.324
135.662
137.316
138.376
138.894
101.352
112.404
120.231
125.922
130.155
133.323
135.662
137.316
138.376
138.893
101.352
112.403
120.231
125.922
130.155
133.323
135.662
137.316
138.376
138.893
101.352
112.403
120.231
125.922
130.155
133.323
135.662
137.316
138.376
138.893
101.352
112.403
120.231
125.922
130.155
133.323
135.662
137.316
138.376
138.893
101.352
112.403
120.231
125.922
130.155
133.323
135.662
137.316
138.376
138.893
101.352
112.404
120.231
125.922
130.155
133.324
135.662
137.316
138.376
138.893
101.352
112.404
120.231
125.922
130.155
133.324
135.662
137.316
138.376
138.894
101.352
112.404
120.231
125.923
130.156
133.324
135.662
137.317
138.376
138.894
87.7881
96.6596
103.651
109.046
113.181
116.322
118.659
120.317
121.381
121.901
87.7879
96.6595
103.651
109.046
113.181
116.322
118.658
120.317
121.381
121.901
87.7878
96.6594
103.651
109.045
113.181
116.322
118.658
120.317
121.381
121.901
87.7877
96.6593
103.651
109.045
113.18
116.322
118.658
120.317
121.381
121.901
87.7877
96.6593
103.651
109.045
113.18
116.322
118.658
120.317
121.381
121.901
87.7877
96.6593
103.651
109.045
113.18
116.322
118.658
120.317
121.381
121.901
87.7877
96.6593
103.651
109.045
113.181
116.322
118.658
120.317
121.381
121.901
87.7878
96.6594
103.651
109.045
113.181
116.322
118.658
120.317
121.381
121.901
87.7879
96.6595
103.651
109.046
113.181
116.322
118.658
120.317
121.381
121.901
87.788
96.6596
103.651
109.046
113.181
116.322
118.659
120.317
121.381
121.901
76.7265
83.7323
89.6253
94.4024
98.1888
101.128
103.345
104.932
105.955
106.457
76.7264
83.7322
89.6252
94.4023
98.1887
101.128
103.345
104.931
105.955
106.457
76.7263
83.7321
89.6251
94.4022
98.1886
101.128
103.344
104.931
105.955
106.457
76.7262
83.732
89.625
94.4021
98.1885
101.128
103.344
104.931
105.955
106.457
76.7262
83.732
89.625
94.4021
98.1885
101.128
103.344
104.931
105.955
106.457
76.7262
83.732
89.625
94.4021
98.1885
101.128
103.344
104.931
105.955
106.457
76.7262
83.732
89.625
94.4021
98.1885
101.128
103.344
104.931
105.955
106.457
76.7263
83.7321
89.6251
94.4022
98.1886
101.128
103.344
104.931
105.955
106.457
76.7264
83.7322
89.6252
94.4023
98.1887
101.128
103.345
104.931
105.955
106.457
76.7265
83.7323
89.6253
94.4024
98.1888
101.128
103.345
104.932
105.955
106.457
67.3389
72.8457
77.6634
81.7158
85.0249
87.652
89.6647
91.1219
92.0686
92.5347
67.3388
72.8456
77.6633
81.7157
85.0247
87.6519
89.6646
91.1218
92.0685
92.5346
67.3387
72.8455
77.6632
81.7156
85.0246
87.6518
89.6645
91.1217
92.0684
92.5345
67.3386
72.8454
77.6631
81.7155
85.0246
87.6517
89.6644
91.1216
92.0684
92.5344
67.3386
72.8454
77.6631
81.7155
85.0245
87.6517
89.6644
91.1216
92.0683
92.5344
67.3386
72.8454
77.6631
81.7155
85.0245
87.6517
89.6644
91.1216
92.0684
92.5344
67.3386
72.8454
77.6631
81.7155
85.0246
87.6517
89.6644
91.1217
92.0684
92.5345
67.3387
72.8455
77.6632
81.7156
85.0246
87.6518
89.6645
91.1217
92.0685
92.5345
67.3388
72.8456
77.6633
81.7157
85.0248
87.6519
89.6646
91.1219
92.0686
92.5347
67.3389
72.8457
77.6635
81.7158
85.0249
87.652
89.6648
91.122
92.0687
92.5348
59.2845
63.5604
67.399
70.7217
73.507
75.7666
77.5271
78.8174
79.6627
80.0807
59.2843
63.5603
67.3988
70.7215
73.5068
75.7665
77.527
78.8173
79.6625
80.0806
59.2843
63.5602
67.3987
70.7214
73.5067
75.7664
77.5269
78.8172
79.6624
80.0806
59.2842
63.5601
67.3987
70.7214
73.5067
75.7663
77.5268
78.8171
79.6624
80.0805
59.2842
63.5601
67.3986
70.7213
73.5066
75.7663
77.5268
78.8171
79.6624
80.0805
59.2842
63.5601
67.3986
70.7213
73.5066
75.7663
77.5268
78.8171
79.6624
80.0805
59.2842
63.5601
67.3987
70.7214
73.5067
75.7664
77.5268
78.8172
79.6624
80.0805
59.2843
63.5602
67.3987
70.7215
73.5067
75.7664
77.5269
78.8172
79.6625
80.0806
59.2844
63.5603
67.3989
70.7216
73.5068
75.7665
77.527
78.8173
79.6626
80.0807
59.2845
63.5604
67.399
70.7217
73.507
75.7667
77.5272
78.8175
79.6628
80.0809
52.3871
55.6039
58.5596
61.1901
63.4536
65.3311
66.8199
67.9255
68.6563
69.0197
52.387
55.6037
58.5595
61.19
63.4534
65.331
66.8198
67.9254
68.6562
69.0196
52.3869
55.6036
58.5594
61.1899
63.4534
65.3309
66.8197
67.9253
68.6561
69.0195
52.3868
55.6036
58.5594
61.1898
63.4533
65.3309
66.8196
67.9252
68.656
69.0195
52.3868
55.6036
58.5593
61.1898
63.4533
65.3308
66.8196
67.9252
68.656
69.0194
52.3868
55.6036
58.5593
61.1898
63.4533
65.3308
66.8196
67.9252
68.656
69.0195
52.3868
55.6036
58.5594
61.1898
63.4533
65.3309
66.8196
67.9252
68.6561
69.0195
52.3869
55.6037
58.5594
61.1899
63.4534
65.3309
66.8197
67.9253
68.6561
69.0196
52.387
55.6038
58.5595
61.19
63.4535
65.3311
66.8198
67.9254
68.6563
69.0197
52.3871
55.6039
58.5597
61.1901
63.4536
65.3312
66.82
67.9256
68.6564
69.0198
46.528
48.7743
50.9269
52.9206
54.6934
56.2022
57.4223
58.3414
58.955
59.2618
46.5278
48.7742
50.9268
52.9205
54.6933
56.2021
57.4222
58.3413
58.9549
59.2617
46.5277
48.7741
50.9267
52.9204
54.6932
56.202
57.4221
58.3412
58.9548
59.2616
46.5277
48.774
50.9266
52.9204
54.6931
56.202
57.422
58.3412
58.9547
59.2616
46.5277
48.774
50.9266
52.9203
54.6931
56.2019
57.422
58.3412
58.9547
59.2616
46.5277
48.774
50.9266
52.9203
54.6931
56.2019
57.422
58.3412
58.9547
59.2616
46.5277
48.774
50.9267
52.9204
54.6931
56.202
57.4221
58.3412
58.9548
59.2616
46.5278
48.7741
50.9267
52.9204
54.6932
56.2021
57.4221
58.3413
58.9548
59.2617
46.5279
48.7742
50.9268
52.9205
54.6933
56.2022
57.4222
58.3414
58.955
59.2618
46.528
48.7743
50.9269
52.9207
54.6935
56.2023
57.4224
58.3415
58.9551
59.262
41.5776
42.8755
44.302
45.7323
47.0675
48.2415
49.2126
49.9559
50.4573
50.7095
41.5775
42.8753
44.3019
45.7321
47.0674
48.2414
49.2125
49.9557
50.4572
50.7095
41.5774
42.8753
44.3018
45.732
47.0673
48.2413
49.2124
49.9557
50.4571
50.7094
41.5774
42.8752
44.3017
45.732
47.0673
48.2413
49.2124
49.9556
50.457
50.7093
41.5773
42.8752
44.3017
45.732
47.0672
48.2413
49.2123
49.9556
50.457
50.7093
41.5773
42.8752
44.3017
45.732
47.0673
48.2413
49.2123
49.9556
50.457
50.7093
41.5774
42.8752
44.3018
45.732
47.0673
48.2413
49.2124
49.9556
50.4571
50.7094
41.5774
42.8753
44.3018
45.7321
47.0674
48.2414
49.2125
49.9557
50.4571
50.7095
41.5775
42.8754
44.3019
45.7322
47.0675
48.2415
49.2126
49.9558
50.4572
50.7096
41.5776
42.8755
44.302
45.7323
47.0676
48.2416
49.2127
49.956
50.4574
50.7097
37.248
37.6527
38.4862
39.4601
40.4324
41.3207
42.0741
42.6605
43.0605
43.2631
37.2479
37.6526
38.4861
39.46
40.4323
41.3206
42.074
42.6604
43.0604
43.263
37.2479
37.6525
38.4861
39.4599
40.4322
41.3205
42.0739
42.6603
43.0604
43.2629
37.2478
37.6524
38.486
39.4599
40.4321
41.3205
42.0738
42.6603
43.0603
43.2629
37.2478
37.6524
38.486
39.4598
40.4321
41.3204
42.0738
42.6603
43.0603
43.2629
37.2478
37.6524
38.486
39.4598
40.4321
41.3205
42.0738
42.6603
43.0603
43.2629
37.2478
37.6524
38.486
39.4599
40.4321
41.3205
42.0739
42.6603
43.0604
43.2629
37.2479
37.6525
38.4861
39.4599
40.4322
41.3206
42.0739
42.6604
43.0604
43.263
37.248
37.6526
38.4862
39.46
40.4323
41.3207
42.074
42.6605
43.0605
43.2631
37.2481
37.6527
38.4863
39.4602
40.4324
41.3208
42.0742
42.6606
43.0606
43.2632
405.67
405.689
405.724
405.77
405.822
405.875
405.923
405.963
405.991
406.005
405.67
405.689
405.723
405.77
405.822
405.875
405.923
405.963
405.991
406.005
405.67
405.689
405.723
405.77
405.822
405.875
405.923
405.963
405.991
406.005
405.67
405.689
405.723
405.77
405.822
405.875
405.923
405.963
405.991
406.005
405.67
405.689
405.723
405.77
405.822
405.875
405.923
405.963
405.991
406.005
405.67
405.689
405.723
405.77
405.822
405.875
405.923
405.963
405.991
406.005
405.67
405.689
405.723
405.77
405.822
405.875
405.923
405.963
405.991
406.005
405.67
405.689
405.723
405.77
405.822
405.875
405.923
405.963
405.991
406.005
405.67
405.689
405.723
405.77
405.822
405.875
405.923
405.963
405.991
406.005
405.67
405.689
405.723
405.77
405.822
405.875
405.923
405.963
405.991
406.005
377.059
377.118
377.227
377.372
377.535
377.699
377.847
377.969
378.055
378.099
377.059
377.118
377.227
377.372
377.535
377.699
377.847
377.969
378.055
378.099
377.059
377.118
377.227
377.372
377.535
377.699
377.847
377.969
378.055
378.099
377.059
377.118
377.227
377.372
377.535
377.699
377.847
377.969
378.055
378.099
377.059
377.118
377.227
377.372
377.535
377.699
377.847
377.969
378.055
378.099
377.059
377.118
377.227
377.372
377.535
377.699
377.847
377.969
378.055
378.099
377.059
377.118
377.227
377.372
377.535
377.699
377.847
377.969
378.055
378.099
377.059
377.118
377.227
377.372
377.535
377.699
377.847
377.969
378.055
378.099
377.059
377.118
377.227
377.372
377.535
377.699
377.847
377.969
378.055
378.099
377.059
377.118
377.227
377.372
377.535
377.699
377.847
377.969
378.055
378.099
348.591
348.699
348.898
349.16
349.452
349.743
350.005
350.218
350.368
350.445
348.591
348.699
348.898
349.16
349.452
349.743
350.005
350.218
350.368
350.445
348.591
348.699
348.898
349.16
349.452
349.743
350.005
350.218
350.368
350.445
348.591
348.699
348.898
349.16
349.452
349.742
350.005
350.218
350.368
350.445
348.591
348.699
348.898
349.16
349.452
349.742
350.005
350.218
350.368
350.445
348.591
348.699
348.898
349.16
349.452
349.742
350.005
350.218
350.368
350.445
348.591
348.699
348.898
349.16
349.452
349.742
350.005
350.218
350.368
350.445
348.591
348.699
348.898
349.16
349.452
349.743
350.005
350.218
350.368
350.445
348.591
348.699
348.898
349.16
349.452
349.743
350.005
350.218
350.368
350.445
348.591
348.699
348.898
349.16
349.452
349.743
350.005
350.218
350.368
350.445
320.346
320.521
320.839
321.252
321.706
322.152
322.55
322.871
323.095
323.209
320.346
320.521
320.839
321.252
321.706
322.152
322.55
322.871
323.095
323.209
320.346
320.521
320.839
321.252
321.706
322.152
322.55
322.871
323.095
323.209
320.346
320.52
320.839
321.252
321.706
322.152
322.55
322.871
323.094
323.209
320.346
320.52
320.839
321.252
321.706
322.152
322.55
322.871
323.094
323.209
320.346
320.52
320.839
321.252
321.706
322.152
322.55
322.871
323.094
323.209
320.346
320.52
320.839
321.252
321.706
322.152
322.55
322.871
323.094
323.209
320.346
320.52
320.839
321.252
321.706
322.152
322.55
322.871
323.095
323.209
320.346
320.521
320.839
321.252
321.706
322.152
322.55
322.871
323.095
323.209
320.346
320.521
320.839
321.252
321.706
322.152
322.55
322.871
323.095
323.209
292.381
292.653
293.141
293.761
294.429
295.071
295.636
296.086
296.397
296.556
292.381
292.653
293.141
293.761
294.428
295.071
295.636
296.086
296.397
296.556
292.381
292.653
293.141
293.761
294.428
295.071
295.636
296.086
296.397
296.556
292.381
292.653
293.141
293.761
294.428
295.071
295.636
296.086
296.397
296.556
292.381
292.653
293.141
293.761
294.428
295.071
295.636
296.086
296.397
296.556
292.381
292.653
293.141
293.761
294.428
295.071
295.636
296.086
296.397
296.556
292.381
292.653
293.141
293.761
294.428
295.071
295.636
296.086
296.397
296.556
292.381
292.653
293.141
293.761
294.428
295.071
295.636
296.086
296.397
296.556
292.381
292.653
293.141
293.761
294.428
295.071
295.636
296.086
296.397
296.556
292.381
292.653
293.141
293.761
294.429
295.071
295.636
296.086
296.397
296.556
264.71
265.136
265.879
266.795
267.75
268.646
269.418
270.023
270.436
270.646
264.71
265.136
265.879
266.794
267.75
268.646
269.418
270.022
270.436
270.646
264.71
265.136
265.879
266.794
267.75
268.646
269.418
270.022
270.436
270.646
264.71
265.136
265.879
266.794
267.749
268.646
269.417
270.022
270.436
270.646
264.71
265.136
265.879
266.794
267.749
268.646
269.417
270.022
270.436
270.646
264.71
265.136
265.879
266.794
267.749
268.646
269.417
270.022
270.436
270.646
264.71
265.136
265.879
266.794
267.749
268.646
269.417
270.022
270.436
270.646
264.71
265.136
265.879
266.794
267.75
268.646
269.418
270.022
270.436
270.646
264.71
265.136
265.879
266.794
267.75
268.646
269.418
270.022
270.436
270.646
264.71
265.136
265.879
266.795
267.75
268.646
269.418
270.023
270.436
270.646
237.278
237.968
239.116
240.461
241.806
243.027
244.05
244.837
245.369
245.637
237.278
237.968
239.116
240.461
241.806
243.027
244.05
244.837
245.369
245.636
237.278
237.968
239.116
240.461
241.806
243.027
244.05
244.837
245.369
245.636
237.278
237.968
239.115
240.461
241.806
243.027
244.05
244.837
245.369
245.636
237.278
237.968
239.115
240.461
241.806
243.027
244.05
244.837
245.369
245.636
237.278
237.968
239.115
240.461
241.806
243.027
244.05
244.837
245.369
245.636
237.278
237.968
239.115
240.461
241.806
243.027
244.05
244.837
245.369
245.636
237.278
237.968
239.116
240.461
241.806
243.027
244.05
244.837
245.369
245.636
237.278
237.968
239.116
240.461
241.806
243.027
244.05
244.837
245.369
245.636
237.278
237.968
239.116
240.461
241.806
243.027
244.05
244.837
245.369
245.637
209.906
211.095
212.911
214.887
216.754
218.376
219.694
220.687
221.347
221.677
209.906
211.095
212.91
214.887
216.754
218.376
219.694
220.686
221.347
221.677
209.906
211.095
212.91
214.887
216.754
218.376
219.694
220.686
221.347
221.677
209.906
211.095
212.91
214.887
216.754
218.376
219.694
220.686
221.347
221.677
209.906
211.095
212.91
214.887
216.754
218.376
219.694
220.686
221.347
221.677
209.906
211.095
212.91
214.887
216.754
218.376
219.694
220.686
221.347
221.677
209.906
211.095
212.91
214.887
216.754
218.376
219.694
220.686
221.347
221.677
209.906
211.095
212.91
214.887
216.754
218.376
219.694
220.686
221.347
221.677
209.906
211.095
212.91
214.887
216.754
218.376
219.694
220.686
221.347
221.677
209.906
211.095
212.911
214.887
216.754
218.376
219.694
220.687
221.347
221.677
182.165
184.417
187.372
190.257
192.786
194.875
196.516
197.724
198.516
198.909
182.165
184.417
187.372
190.257
192.786
194.875
196.516
197.724
198.516
198.909
182.165
184.417
187.371
190.257
192.786
194.875
196.516
197.723
198.516
198.909
182.165
184.417
187.371
190.257
192.786
194.875
196.516
197.723
198.516
198.909
182.165
184.416
187.371
190.257
192.786
194.875
196.516
197.723
198.516
198.909
182.165
184.416
187.371
190.257
192.786
194.875
196.516
197.723
198.516
198.909
182.165
184.417
187.371
190.257
192.786
194.875
196.516
197.723
198.516
198.909
182.165
184.417
187.371
190.257
192.786
194.875
196.516
197.723
198.516
198.909
182.165
184.417
187.372
190.257
192.786
194.875
196.516
197.724
198.516
198.909
182.165
184.417
187.372
190.257
192.786
194.875
196.516
197.724
198.516
198.909
153.042
157.911
162.785
166.874
170.157
172.73
174.685
176.094
177.008
177.457
153.042
157.911
162.784
166.874
170.157
172.73
174.685
176.094
177.008
177.457
153.042
157.911
162.784
166.874
170.157
172.729
174.685
176.094
177.008
177.457
153.042
157.911
162.784
166.874
170.157
172.729
174.685
176.094
177.008
177.457
153.042
157.91
162.784
166.874
170.157
172.729
174.685
176.094
177.008
177.457
153.042
157.91
162.784
166.874
170.157
172.729
174.685
176.094
177.008
177.457
153.042
157.91
162.784
166.874
170.157
172.729
174.685
176.094
177.008
177.457
153.042
157.911
162.784
166.874
170.157
172.729
174.685
176.094
177.008
177.457
153.042
157.911
162.784
166.874
170.157
172.73
174.685
176.094
177.008
177.457
153.042
157.911
162.785
166.874
170.157
172.73
174.685
176.094
177.008
177.457
10.9411
10.97
11.0315
11.1329
11.2854
11.5047
11.8103
12.2227
12.7475
13.2967
10.941
10.97
11.0315
11.1328
11.2854
11.5047
11.8102
12.2226
12.7475
13.2967
10.941
10.9699
11.0314
11.1328
11.2854
11.5046
11.8102
12.2226
12.7475
13.2967
10.941
10.9699
11.0314
11.1328
11.2853
11.5046
11.8102
12.2226
12.7475
13.2966
10.941
10.9699
11.0314
11.1328
11.2853
11.5046
11.8102
12.2226
12.7474
13.2966
10.941
10.9699
11.0314
11.1328
11.2853
11.5046
11.8102
12.2226
12.7474
13.2966
10.941
10.9699
11.0314
11.1328
11.2853
11.5046
11.8102
12.2226
12.7475
13.2966
10.941
10.9699
11.0314
11.1328
11.2854
11.5046
11.8102
12.2226
12.7475
13.2967
10.941
10.97
11.0315
11.1328
11.2854
11.5047
11.8102
12.2226
12.7475
13.2967
10.9411
10.97
11.0315
11.1329
11.2854
11.5047
11.8103
12.2227
12.7476
13.2968
9.35069
9.37648
9.43055
9.51767
9.64454
9.81878
10.0463
10.3247
10.6271
10.868
9.35065
9.37644
9.43051
9.51763
9.6445
9.81874
10.0462
10.3246
10.627
10.868
9.35062
9.37641
9.43048
9.5176
9.64447
9.81871
10.0462
10.3246
10.627
10.868
9.35061
9.3764
9.43047
9.51759
9.64446
9.81869
10.0462
10.3246
10.627
10.868
9.3506
9.37639
9.43046
9.51758
9.64445
9.81868
10.0462
10.3246
10.627
10.8679
9.3506
9.37639
9.43046
9.51758
9.64445
9.81869
10.0462
10.3246
10.627
10.8679
9.35061
9.3764
9.43047
9.51759
9.64446
9.8187
10.0462
10.3246
10.627
10.868
9.35062
9.37641
9.43049
9.51761
9.64448
9.81872
10.0462
10.3246
10.627
10.868
9.35064
9.37644
9.43051
9.51764
9.64451
9.81875
10.0463
10.3246
10.6271
10.868
9.35067
9.37647
9.43055
9.51768
9.64455
9.81879
10.0463
10.3247
10.6271
10.8681
7.98056
8.00232
8.04733
8.11819
8.21802
8.34906
8.51
8.69105
8.8662
8.9854
7.98053
8.00229
8.04729
8.11815
8.21798
8.34902
8.50996
8.69102
8.86616
8.98538
7.9805
8.00226
8.04727
8.11813
8.21796
8.349
8.50994
8.69099
8.86614
8.98536
7.98049
8.00225
8.04725
8.11811
8.21794
8.34898
8.50992
8.69098
8.86613
8.98534
7.98048
8.00224
8.04725
8.1181
8.21793
8.34898
8.50991
8.69097
8.86612
8.98534
7.98048
8.00224
8.04725
8.11811
8.21794
8.34898
8.50992
8.69098
8.86612
8.98534
7.98049
8.00225
8.04725
8.11812
8.21795
8.34899
8.50993
8.69099
8.86614
8.98535
7.9805
8.00227
8.04727
8.11813
8.21796
8.34901
8.50995
8.69101
8.86616
8.98538
7.98052
8.00229
8.0473
8.11816
8.21799
8.34904
8.50998
8.69104
8.86619
8.98541
7.98055
8.00232
8.04733
8.1182
8.21803
8.34908
8.51002
8.69108
8.86623
8.98545
6.81666
6.83424
6.87011
6.92538
7.00087
7.09598
7.20678
7.32339
7.42735
7.4919
6.81663
6.83421
6.87008
6.92535
7.00084
7.09595
7.20675
7.32336
7.42733
7.49188
6.81661
6.83418
6.87006
6.92533
7.00082
7.09593
7.20673
7.32334
7.4273
7.49186
6.81659
6.83417
6.87005
6.92531
7.0008
7.09591
7.20671
7.32333
7.42729
7.49185
6.81659
6.83416
6.87004
6.92531
7.0008
7.09591
7.20671
7.32332
7.42729
7.49184
6.81659
6.83416
6.87004
6.92531
7.0008
7.09591
7.20671
7.32332
7.42729
7.49185
6.81659
6.83417
6.87005
6.92532
7.00081
7.09592
7.20672
7.32334
7.4273
7.49186
6.81661
6.83419
6.87006
6.92533
7.00083
7.09594
7.20674
7.32336
7.42732
7.49188
6.81663
6.83421
6.87009
6.92536
7.00085
7.09596
7.20676
7.32338
7.42735
7.49191
6.81665
6.83424
6.87012
6.92539
7.00089
7.096
7.2068
7.32342
7.42739
7.49195
5.84611
5.85983
5.88753
5.92935
5.98492
6.05249
6.12785
6.2032
6.26666
6.30395
5.84608
5.85981
5.8875
5.92932
5.9849
6.05246
6.12783
6.20317
6.26663
6.30393
5.84606
5.85978
5.88748
5.9293
5.98487
6.05244
6.1278
6.20315
6.26661
6.30392
5.84604
5.85977
5.88746
5.92929
5.98486
6.05243
6.12779
6.20314
6.2666
6.30391
5.84604
5.85977
5.88746
5.92928
5.98486
6.05243
6.12779
6.20314
6.2666
6.3039
5.84604
5.85977
5.88746
5.92929
5.98486
6.05243
6.12779
6.20314
6.2666
6.3039
5.84605
5.85977
5.88747
5.92929
5.98487
6.05244
6.1278
6.20315
6.26661
6.30392
5.84606
5.85979
5.88748
5.92931
5.98488
6.05245
6.12782
6.20317
6.26663
6.30393
5.84608
5.85981
5.8875
5.92933
5.98491
6.05248
6.12784
6.20319
6.26666
6.30396
5.8461
5.85983
5.88753
5.92936
5.98494
6.05251
6.12788
6.20323
6.26669
6.304
5.05719
5.06768
5.08861
5.11969
5.16
5.20756
5.25877
5.308
5.34783
5.37046
5.05716
5.06765
5.08859
5.11966
5.15997
5.20754
5.25874
5.30797
5.34781
5.37044
5.05714
5.06763
5.08857
5.11964
5.15995
5.20752
5.25872
5.30795
5.34779
5.37042
5.05713
5.06762
5.08856
5.11963
5.15994
5.20751
5.25871
5.30794
5.34778
5.37041
5.05712
5.06761
5.08855
5.11963
5.15994
5.2075
5.25871
5.30794
5.34778
5.37041
5.05713
5.06761
5.08855
5.11963
5.15994
5.2075
5.25871
5.30794
5.34778
5.37042
5.05713
5.06762
5.08856
5.11964
5.15995
5.20751
5.25872
5.30795
5.34779
5.37043
5.05714
5.06763
5.08857
5.11965
5.15996
5.20753
5.25874
5.30797
5.34781
5.37044
5.05716
5.06765
5.08859
5.11967
5.15999
5.20755
5.25876
5.30799
5.34783
5.37047
5.05718
5.06768
5.08862
5.1197
5.16001
5.20758
5.25879
5.30802
5.34786
5.3705
4.43955
4.4475
4.46324
4.48624
4.51548
4.54912
4.58432
4.61715
4.64297
4.65731
4.43952
4.44748
4.46322
4.48622
4.51546
4.5491
4.5843
4.61713
4.64295
4.6573
4.43951
4.44746
4.4632
4.4862
4.51544
4.54908
4.58428
4.61711
4.64293
4.65728
4.43949
4.44745
4.46319
4.48619
4.51543
4.54907
4.58427
4.6171
4.64292
4.65727
4.43949
4.44744
4.46318
4.48619
4.51542
4.54906
4.58426
4.6171
4.64292
4.65727
4.43949
4.44745
4.46318
4.48619
4.51543
4.54907
4.58427
4.6171
4.64292
4.65727
4.4395
4.44745
4.46319
4.4862
4.51543
4.54908
4.58428
4.61711
4.64293
4.65728
4.43951
4.44746
4.4632
4.48621
4.51545
4.54909
4.58429
4.61713
4.64295
4.6573
4.43952
4.44748
4.46322
4.48623
4.51547
4.54911
4.58431
4.61715
4.64297
4.65732
4.43954
4.44751
4.46325
4.48626
4.5155
4.54914
4.58434
4.61718
4.643
4.65735
3.98444
3.99056
4.00258
4.01993
4.0416
4.06603
4.09101
4.11378
4.13131
4.1409
3.98441
3.99054
4.00256
4.01991
4.04158
4.06601
4.09099
4.11376
4.13129
4.14088
3.9844
3.99052
4.00254
4.01989
4.04157
4.06599
4.09098
4.11374
4.13128
4.14087
3.98439
3.99051
4.00253
4.01988
4.04156
4.06598
4.09097
4.11374
4.13127
4.14086
3.98438
3.99051
4.00253
4.01988
4.04155
4.06598
4.09096
4.11373
4.13127
4.14086
3.98438
3.99051
4.00253
4.01988
4.04155
4.06598
4.09097
4.11374
4.13127
4.14087
3.98439
3.99051
4.00254
4.01989
4.04156
4.06599
4.09098
4.11375
4.13128
4.14087
3.9844
3.99052
4.00255
4.0199
4.04158
4.06601
4.09099
4.11376
4.13129
4.14089
3.98442
3.99054
4.00257
4.01992
4.0416
4.06603
4.09101
4.11378
4.13131
4.14091
3.98443
3.99056
4.00259
4.01995
4.04162
4.06605
4.09104
4.11381
4.13134
4.14094
3.68499
3.68993
3.69959
3.71339
3.73039
3.74925
3.76822
3.7852
3.79809
3.80506
3.68497
3.68991
3.69957
3.71337
3.73037
3.74923
3.7682
3.78518
3.79807
3.80505
3.68495
3.6899
3.69956
3.71335
3.73036
3.74922
3.76818
3.78517
3.79806
3.80504
3.68494
3.68989
3.69955
3.71334
3.73035
3.74921
3.76817
3.78516
3.79805
3.80503
3.68494
3.68989
3.69954
3.71334
3.73034
3.74921
3.76817
3.78516
3.79805
3.80503
3.68494
3.68989
3.69954
3.71334
3.73035
3.74921
3.76817
3.78516
3.79805
3.80503
3.68495
3.68989
3.69955
3.71335
3.73035
3.74922
3.76818
3.78517
3.79806
3.80504
3.68496
3.68991
3.69956
3.71336
3.73037
3.74923
3.7682
3.78519
3.79807
3.80506
3.68497
3.68992
3.69958
3.71338
3.73038
3.74925
3.76822
3.78521
3.79809
3.80508
3.68499
3.68994
3.6996
3.7134
3.73041
3.74928
3.76824
3.78523
3.79812
3.8051
3.53647
3.54085
3.54936
3.56145
3.57623
3.59249
3.60866
3.62301
3.63381
3.63962
3.53646
3.54083
3.54934
3.56143
3.57622
3.59247
3.60865
3.623
3.6338
3.63961
3.53644
3.54082
3.54933
3.56142
3.5762
3.59246
3.60864
3.62299
3.63379
3.6396
3.53644
3.54081
3.54932
3.56141
3.5762
3.59245
3.60863
3.62298
3.63378
3.6396
3.53643
3.54081
3.54932
3.56141
3.57619
3.59245
3.60863
3.62298
3.63378
3.6396
3.53643
3.54081
3.54932
3.56141
3.5762
3.59245
3.60863
3.62298
3.63378
3.6396
3.53644
3.54082
3.54933
3.56142
3.5762
3.59246
3.60864
3.62299
3.63379
3.63961
3.53645
3.54083
3.54934
3.56143
3.57622
3.59247
3.60865
3.62301
3.6338
3.63962
3.53646
3.54084
3.54936
3.56145
3.57623
3.59249
3.60867
3.62302
3.63382
3.63964
3.53648
3.54087
3.54938
3.56147
3.57626
3.59251
3.60869
3.62305
3.63385
3.63967
32.4874
32.7698
33.3036
33.969
34.6668
35.3265
35.8995
36.3528
36.6654
36.8247
32.4873
32.7697
33.3035
33.9688
34.6667
35.3264
35.8994
36.3527
36.6653
36.8246
32.4872
32.7696
33.3035
33.9688
34.6666
35.3264
35.8993
36.3526
36.6652
36.8245
32.4872
32.7696
33.3034
33.9687
34.6666
35.3263
35.8992
36.3526
36.6652
36.8245
32.4871
32.7695
33.3034
33.9687
34.6666
35.3263
35.8992
36.3526
36.6652
36.8245
32.4871
32.7695
33.3034
33.9687
34.6666
35.3263
35.8992
36.3526
36.6652
36.8245
32.4872
32.7696
33.3034
33.9687
34.6666
35.3263
35.8993
36.3526
36.6652
36.8245
32.4872
32.7696
33.3035
33.9688
34.6667
35.3264
35.8993
36.3527
36.6653
36.8246
32.4873
32.7697
33.3036
33.9689
34.6668
35.3265
35.8994
36.3528
36.6654
36.8247
32.4874
32.7698
33.3037
33.969
34.6669
35.3266
35.8995
36.3529
36.6655
36.8248
28.1708
28.3635
28.7207
29.1808
29.6797
30.1643
30.5937
30.9386
31.1788
31.3019
28.1707
28.3634
28.7206
29.1807
29.6796
30.1642
30.5936
30.9385
31.1787
31.3018
28.1707
28.3633
28.7206
29.1806
29.6795
30.1641
30.5936
30.9385
31.1787
31.3018
28.1706
28.3632
28.7205
29.1805
29.6795
30.1641
30.5935
30.9384
31.1786
31.3017
28.1706
28.3632
28.7205
29.1805
29.6795
30.1641
30.5935
30.9384
31.1786
31.3017
28.1706
28.3632
28.7205
29.1805
29.6795
30.1641
30.5935
30.9384
31.1786
31.3017
28.1706
28.3632
28.7205
29.1806
29.6795
30.1641
30.5936
30.9384
31.1787
31.3018
28.1707
28.3633
28.7206
29.1806
29.6796
30.1642
30.5936
30.9385
31.1787
31.3018
28.1707
28.3634
28.7207
29.1807
29.6797
30.1642
30.5937
30.9386
31.1788
31.3019
28.1708
28.3635
28.7208
29.1808
29.6798
30.1643
30.5938
30.9387
31.1789
31.302
24.3457
24.4778
24.7229
25.0446
25.4017
25.7556
26.0745
26.3338
26.516
26.6098
24.3457
24.4777
24.7228
25.0446
25.4016
25.7555
26.0744
26.3337
26.5159
26.6098
24.3456
24.4777
24.7227
25.0445
25.4015
25.7554
26.0743
26.3336
26.5158
26.6097
24.3455
24.4776
24.7227
25.0444
25.4015
25.7554
26.0743
26.3336
26.5158
26.6097
24.3455
24.4776
24.7227
25.0444
25.4015
25.7554
26.0743
26.3336
26.5158
26.6097
24.3455
24.4776
24.7227
25.0444
25.4015
25.7554
26.0743
26.3336
26.5158
26.6097
24.3455
24.4776
24.7227
25.0445
25.4015
25.7554
26.0743
26.3336
26.5158
26.6097
24.3456
24.4777
24.7227
25.0445
25.4016
25.7555
26.0744
26.3337
26.5159
26.6098
24.3457
24.4777
24.7228
25.0446
25.4016
25.7555
26.0744
26.3338
26.516
26.6099
24.3457
24.4778
24.7229
25.0447
25.4017
25.7556
26.0745
26.3339
26.5161
26.61
21.0306
21.1222
21.2932
21.5206
21.777
22.0351
22.2706
22.4642
22.6012
22.6721
21.0305
21.1222
21.2931
21.5205
21.7769
22.035
22.2706
22.4641
22.6011
22.6721
21.0304
21.1221
21.293
21.5205
21.7769
22.0349
22.2705
22.4641
22.6011
22.672
21.0304
21.122
21.293
21.5204
21.7768
22.0349
22.2705
22.464
22.6011
22.672
21.0303
21.122
21.293
21.5204
21.7768
22.0349
22.2705
22.464
22.601
22.672
21.0303
21.122
21.293
21.5204
21.7768
22.0349
22.2705
22.464
22.6011
22.672
21.0304
21.1221
21.293
21.5204
21.7768
22.0349
22.2705
22.4641
22.6011
22.672
21.0304
21.1221
21.293
21.5205
21.7769
22.0349
22.2705
22.4641
22.6011
22.6721
21.0305
21.1222
21.2931
21.5205
21.777
22.035
22.2706
22.4642
22.6012
22.6721
21.0305
21.1222
21.2932
21.5206
21.777
22.0351
22.2707
22.4643
22.6013
22.6722
18.2254
18.29
18.411
18.5735
18.7588
18.9475
19.1215
19.2657
19.3684
19.4217
18.2253
18.2899
18.4109
18.5734
18.7588
18.9474
19.1214
19.2656
19.3683
19.4216
18.2253
18.2898
18.4109
18.5734
18.7587
18.9474
19.1214
19.2656
19.3682
19.4216
18.2252
18.2898
18.4108
18.5733
18.7587
18.9473
19.1214
19.2655
19.3682
19.4216
18.2252
18.2898
18.4108
18.5733
18.7587
18.9473
19.1213
19.2655
19.3682
19.4215
18.2252
18.2898
18.4108
18.5733
18.7587
18.9473
19.1214
19.2655
19.3682
19.4216
18.2252
18.2898
18.4108
18.5734
18.7587
18.9474
19.1214
19.2656
19.3682
19.4216
18.2253
18.2899
18.4109
18.5734
18.7587
18.9474
19.1214
19.2656
19.3683
19.4216
18.2253
18.2899
18.4109
18.5735
18.7588
18.9475
19.1215
19.2657
19.3684
19.4217
18.2254
18.29
18.411
18.5735
18.7589
18.9476
19.1216
19.2658
19.3684
19.4218
15.9204
15.9667
16.0538
16.1717
16.3072
16.4463
16.5756
16.6835
16.7607
16.801
15.9203
15.9666
16.0537
16.1716
16.3071
16.4462
16.5756
16.6835
16.7607
16.8009
15.9202
15.9665
16.0537
16.1715
16.307
16.4462
16.5755
16.6834
16.7606
16.8009
15.9202
15.9665
16.0537
16.1715
16.307
16.4461
16.5755
16.6834
16.7606
16.8008
15.9202
15.9665
16.0536
16.1715
16.307
16.4461
16.5755
16.6834
16.7606
16.8008
15.9202
15.9665
16.0536
16.1715
16.307
16.4461
16.5755
16.6834
16.7606
16.8009
15.9202
15.9665
16.0537
16.1715
16.307
16.4462
16.5755
16.6834
16.7606
16.8009
15.9203
15.9666
16.0537
16.1715
16.3071
16.4462
16.5756
16.6834
16.7607
16.8009
15.9203
15.9666
16.0538
16.1716
16.3071
16.4463
16.5756
16.6835
16.7607
16.801
15.9204
15.9667
16.0538
16.1717
16.3072
16.4464
16.5757
16.6836
16.7608
16.8011
14.1011
14.1352
14.1995
14.2869
14.388
14.4925
14.5903
14.6723
14.7312
14.762
14.1011
14.1351
14.1994
14.2868
14.3879
14.4925
14.5903
14.6722
14.7311
14.7619
14.101
14.135
14.1994
14.2868
14.3879
14.4924
14.5902
14.6722
14.7311
14.7619
14.101
14.135
14.1993
14.2867
14.3879
14.4924
14.5902
14.6722
14.7311
14.7619
14.101
14.135
14.1993
14.2867
14.3879
14.4924
14.5902
14.6722
14.7311
14.7619
14.101
14.135
14.1993
14.2867
14.3879
14.4924
14.5902
14.6722
14.7311
14.7619
14.101
14.135
14.1993
14.2867
14.3879
14.4924
14.5902
14.6722
14.7311
14.7619
14.101
14.1351
14.1994
14.2868
14.3879
14.4925
14.5903
14.6722
14.7312
14.762
14.1011
14.1351
14.1994
14.2868
14.388
14.4925
14.5903
14.6723
14.7312
14.762
14.1011
14.1352
14.1995
14.2869
14.3881
14.4926
14.5904
14.6724
14.7313
14.7621
12.7526
12.7787
12.828
12.8954
12.9737
13.055
13.1314
13.1957
13.2421
13.2664
12.7525
12.7786
12.828
12.8953
12.9736
13.0549
13.1313
13.1957
13.242
13.2663
12.7525
12.7786
12.8279
12.8953
12.9735
13.0549
13.1313
13.1956
13.242
13.2663
12.7525
12.7785
12.8279
12.8952
12.9735
13.0548
13.1313
13.1956
13.242
13.2663
12.7525
12.7785
12.8279
12.8952
12.9735
13.0548
13.1312
13.1956
13.242
13.2663
12.7525
12.7785
12.8279
12.8952
12.9735
13.0548
13.1313
13.1956
13.242
13.2663
12.7525
12.7785
12.8279
12.8952
12.9735
13.0549
13.1313
13.1956
13.242
13.2663
12.7525
12.7786
12.8279
12.8953
12.9736
13.0549
13.1313
13.1957
13.242
13.2663
12.7526
12.7786
12.828
12.8953
12.9736
13.055
13.1314
13.1957
13.2421
13.2664
12.7526
12.7787
12.8281
12.8954
12.9737
13.055
13.1315
13.1958
13.2422
13.2665
11.8617
11.883
11.9233
11.9785
12.0428
12.1099
12.1731
12.2265
12.2651
12.2853
11.8616
11.8829
11.9232
11.9784
12.0428
12.1098
12.1731
12.2265
12.265
12.2853
11.8616
11.8829
11.9232
11.9784
12.0427
12.1098
12.173
12.2264
12.265
12.2852
11.8616
11.8828
11.9232
11.9783
12.0427
12.1098
12.173
12.2264
12.265
12.2852
11.8616
11.8828
11.9232
11.9783
12.0427
12.1098
12.173
12.2264
12.265
12.2852
11.8616
11.8828
11.9232
11.9783
12.0427
12.1098
12.173
12.2264
12.265
12.2852
11.8616
11.8828
11.9232
11.9784
12.0427
12.1098
12.173
12.2264
12.265
12.2853
11.8616
11.8829
11.9232
11.9784
12.0428
12.1098
12.1731
12.2265
12.265
12.2853
11.8617
11.8829
11.9233
11.9785
12.0428
12.1099
12.1731
12.2265
12.2651
12.2854
11.8617
11.883
11.9233
11.9785
12.0429
12.11
12.1732
12.2266
12.2652
12.2854
11.4188
11.4378
11.4739
11.5233
11.5811
11.6414
11.6983
11.7465
11.7813
11.7996
11.4187
11.4378
11.4738
11.5233
11.581
11.6413
11.6983
11.7464
11.7813
11.7996
11.4187
11.4377
11.4738
11.5232
11.581
11.6413
11.6983
11.7464
11.7813
11.7996
11.4187
11.4377
11.4738
11.5232
11.581
11.6413
11.6982
11.7464
11.7812
11.7995
11.4187
11.4377
11.4738
11.5232
11.581
11.6413
11.6982
11.7464
11.7812
11.7995
11.4187
11.4377
11.4738
11.5232
11.581
11.6413
11.6982
11.7464
11.7812
11.7996
11.4187
11.4377
11.4738
11.5232
11.581
11.6413
11.6983
11.7464
11.7813
11.7996
11.4187
11.4377
11.4738
11.5233
11.581
11.6413
11.6983
11.7465
11.7813
11.7996
11.4188
11.4378
11.4739
11.5233
11.5811
11.6414
11.6984
11.7465
11.7814
11.7997
11.4188
11.4378
11.4739
11.5234
11.5812
11.6415
11.6984
11.7466
11.7814
11.7997
)
;

boundaryField
{
    inlet1
    {
        type            fixedValue;
        value           uniform 10;
    }
    inlet2
    {
        type            fixedValue;
        value           uniform 20;
    }
    outlet1
    {
        type            zeroGradient;
    }
    outlet2
    {
        type            zeroGradient;
    }
    fixedWalls
    {
        type            zeroGradient;
    }
}


// ************************************************************************* //
