/*--------------------------------*- C++ -*----------------------------------*\
  =========                 |
  \\      /  F ield         | OpenFOAM: The Open Source CFD Toolbox
   \\    /   O peration     | Website:  https://openfoam.org
    \\  /    A nd           | Version:  6
     \\/     M anipulation  |
\*---------------------------------------------------------------------------*/
FoamFile
{
    version     2.0;
    format      ascii;
    class       volScalarField;
    location    "0.05";
    object      p;
}
// * * * * * * * * * * * * * * * * * * * * * * * * * * * * * * * * * * * * * //

dimensions      [0 2 -2 0 0 0 0];

internalField   nonuniform List<scalar> 
7000
(
-1.92668e-05
0.0842823
0.180302
0.238356
0.259686
0.265874
0.289902
0.36018
0.482484
0.585394
-0.0770112
0.0503514
0.17808
0.236927
0.255609
0.261139
0.283751
0.359216
0.525687
0.693233
-0.186204
-0.00188596
0.157747
0.227556
0.252969
0.26483
0.297234
0.391135
0.604767
0.849754
-0.287226
-0.0624274
0.127405
0.214917
0.252197
0.274753
0.322786
0.442296
0.698911
0.998483
-0.344867
-0.098213
0.109408
0.207485
0.252118
0.281849
0.339559
0.47434
0.755795
1.08433
-0.344866
-0.0982122
0.109409
0.207485
0.252119
0.281849
0.339559
0.47434
0.755796
1.08433
-0.287225
-0.0624242
0.127408
0.21492
0.252199
0.274755
0.322788
0.442298
0.698913
0.998484
-0.186201
-0.00188317
0.157751
0.227559
0.252972
0.264833
0.297237
0.391136
0.604766
0.849755
-0.0770149
0.0503574
0.178089
0.236936
0.255619
0.26115
0.28376
0.359223
0.525702
0.693234
-5.30333e-05
0.0842829
0.180307
0.238362
0.259692
0.265881
0.289909
0.360185
0.482493
0.585391
-22.576
-22.3095
-22.0136
-21.8402
-21.7889
-21.7905
-21.7378
-21.5344
-21.1563
-20.8291
-22.8251
-22.4069
-22.0281
-21.8438
-21.7988
-21.8073
-21.7563
-21.5264
-21.0197
-20.4611
-23.1753
-22.5808
-22.0973
-21.8722
-21.8057
-21.795
-21.7118
-21.4149
-20.7487
-19.9397
-23.4969
-22.7708
-22.1911
-21.9118
-21.808
-21.7616
-21.6282
-21.2497
-20.4417
-19.4503
-23.6807
-22.8843
-22.2493
-21.9367
-21.8085
-21.7378
-21.572
-21.144
-20.2557
-19.1685
-23.6807
-22.8843
-22.2493
-21.9367
-21.8085
-21.7378
-21.572
-21.144
-20.2557
-19.1685
-23.4969
-22.7708
-22.1911
-21.9118
-21.808
-21.7616
-21.6282
-21.2497
-20.4417
-19.4503
-23.1753
-22.5808
-22.0973
-21.8722
-21.8057
-21.795
-21.7118
-21.4149
-20.7487
-19.9397
-22.8251
-22.4069
-22.0281
-21.8438
-21.7988
-21.8073
-21.7563
-21.5264
-21.0197
-20.4611
-22.5761
-22.3095
-22.0136
-21.8402
-21.7889
-21.7905
-21.7378
-21.5344
-21.1563
-20.8291
-44.9894
-44.5041
-44.0033
-43.7704
-43.7975
-43.9473
-44.0059
-43.7627
-43.1248
-42.526
-45.474
-44.6893
-44.0355
-43.7768
-43.8121
-43.9738
-44.0304
-43.7255
-42.8267
-41.7387
-46.1347
-45.0179
-44.1652
-43.8273
-43.8214
-43.9457
-43.9383
-43.4978
-42.2747
-40.6834
-46.7329
-45.3678
-44.3355
-43.8983
-43.8235
-43.8799
-43.7766
-43.1785
-41.6737
-39.7181
-47.0729
-45.5762
-44.4418
-43.9435
-43.8234
-43.834
-43.669
-42.9756
-41.3134
-39.1683
-47.0729
-45.5762
-44.4418
-43.9435
-43.8234
-43.834
-43.669
-42.9756
-41.3134
-39.1683
-46.7329
-45.3678
-44.3355
-43.8983
-43.8235
-43.8799
-43.7766
-43.1785
-41.6737
-39.7181
-46.1347
-45.0179
-44.1652
-43.8273
-43.8214
-43.9457
-43.9383
-43.4978
-42.2747
-40.6834
-45.474
-44.6893
-44.0355
-43.7768
-43.8121
-43.9738
-44.0304
-43.7255
-42.8267
-41.7387
-44.9894
-44.5041
-44.0033
-43.7704
-43.7975
-43.9472
-44.0059
-43.7627
-43.1248
-42.526
-67.0381
-66.2768
-65.5742
-65.396
-65.7146
-66.2947
-66.7612
-66.7025
-65.8445
-64.9219
-67.8663
-66.591
-65.6333
-65.4052
-65.7306
-66.3235
-66.7746
-66.5906
-65.2416
-63.3889
-68.9539
-67.1292
-65.8421
-65.4825
-65.7381
-66.2654
-66.6034
-66.1772
-64.2374
-61.4758
-69.9208
-67.6887
-66.1101
-65.5918
-65.7367
-66.1523
-66.3298
-65.6338
-63.1947
-59.7861
-70.466
-68.0199
-66.2772
-65.6617
-65.7344
-66.0758
-66.1513
-65.2941
-62.5799
-58.8388
-70.466
-68.0199
-66.2772
-65.6617
-65.7344
-66.0758
-66.1513
-65.2941
-62.5799
-58.8388
-69.9208
-67.6887
-66.1101
-65.5918
-65.7367
-66.1523
-66.3298
-65.6338
-63.1947
-59.7861
-68.9539
-67.1292
-65.8421
-65.4825
-65.7381
-66.2654
-66.6034
-66.1772
-64.2374
-61.4758
-67.8663
-66.591
-65.6333
-65.4053
-65.7306
-66.3235
-66.7746
-66.5906
-65.2416
-63.389
-67.0381
-66.2768
-65.5742
-65.396
-65.7146
-66.2947
-66.7612
-66.7026
-65.8445
-64.9219
-88.3636
-87.2563
-86.381
-86.4605
-87.4376
-88.9482
-90.386
-91.0009
-90.117
-88.8895
-89.6876
-87.7572
-86.4791
-86.471
-87.446
-88.9607
-90.3499
-90.722
-88.9363
-86.0077
-91.3607
-88.5788
-86.7916
-86.5798
-87.4439
-88.849
-90.048
-90.0093
-87.1916
-82.6915
-92.8194
-89.4136
-87.1846
-86.7365
-87.435
-88.6689
-89.6162
-89.1419
-85.4803
-79.8871
-93.6352
-89.9043
-87.4289
-86.8374
-87.4292
-88.5517
-89.342
-88.6119
-84.4936
-78.3462
-93.6352
-89.9043
-87.4289
-86.8374
-87.4292
-88.5517
-89.342
-88.6119
-84.4936
-78.3462
-92.8194
-89.4136
-87.1846
-86.7365
-87.435
-88.6689
-89.6162
-89.1419
-85.4803
-79.8871
-91.3607
-88.5788
-86.7916
-86.5798
-87.4439
-88.849
-90.048
-90.0093
-87.1917
-82.6915
-89.6876
-87.7572
-86.4791
-86.471
-87.446
-88.9608
-90.3499
-90.722
-88.9363
-86.0077
-88.3636
-87.2563
-86.381
-86.4605
-87.4376
-88.9482
-90.386
-91.0009
-90.117
-88.8895
-108.366
-106.845
-105.877
-106.542
-108.76
-112.028
-115.451
-117.755
-117.482
-116.303
-110.374
-107.603
-106.028
-106.549
-108.742
-111.987
-115.291
-117.141
-115.248
-111.061
-112.819
-108.794
-106.471
-106.693
-108.718
-111.789
-114.787
-115.97
-112.336
-105.536
-114.911
-109.978
-107.02
-106.908
-108.7
-111.523
-114.15
-114.665
-109.664
-101.098
-116.071
-110.669
-107.36
-107.048
-108.691
-111.358
-113.759
-113.891
-108.165
-98.719
-116.071
-110.669
-107.36
-107.048
-108.691
-111.358
-113.759
-113.891
-108.165
-98.719
-114.911
-109.978
-107.02
-106.908
-108.7
-111.523
-114.15
-114.665
-109.664
-101.098
-112.819
-108.794
-106.471
-106.693
-108.718
-111.789
-114.787
-115.97
-112.336
-105.536
-110.374
-107.603
-106.028
-106.549
-108.742
-111.987
-115.291
-117.141
-115.248
-111.061
-108.366
-106.845
-105.877
-106.542
-108.76
-112.028
-115.451
-117.755
-117.482
-116.303
-126.115
-124.137
-123.233
-124.961
-129.267
-135.573
-142.703
-148.691
-150.761
-151.136
-129.004
-125.226
-123.45
-124.954
-129.195
-135.418
-142.301
-147.467
-146.699
-142.027
-132.407
-126.869
-124.05
-125.139
-129.137
-135.101
-141.526
-145.671
-142.111
-133.412
-135.265
-128.472
-124.783
-125.425
-129.116
-134.752
-140.673
-143.867
-138.219
-126.892
-136.838
-129.4
-125.236
-125.614
-129.113
-134.547
-140.172
-142.836
-136.107
-123.491
-136.838
-129.4
-125.236
-125.614
-129.113
-134.547
-140.172
-142.836
-136.107
-123.491
-135.265
-128.472
-124.783
-125.425
-129.116
-134.752
-140.673
-143.867
-138.219
-126.892
-132.407
-126.869
-124.05
-125.139
-129.137
-135.101
-141.526
-145.671
-142.112
-133.412
-129.004
-125.226
-123.45
-124.954
-129.195
-135.418
-142.301
-147.467
-146.699
-142.027
-126.115
-124.137
-123.233
-124.961
-129.267
-135.573
-142.703
-148.691
-150.761
-151.136
-140.27
-137.849
-137.252
-140.648
-148.137
-159.257
-172.748
-185.932
-194.074
-199.111
-144.197
-139.326
-137.542
-140.616
-147.974
-158.912
-171.939
-183.673
-186.681
-182.553
-148.686
-141.477
-138.316
-140.844
-147.88
-158.46
-170.849
-181.083
-179.726
-169.407
-152.396
-143.54
-139.253
-141.22
-147.882
-158.074
-169.853
-178.847
-174.476
-160.371
-154.421
-144.726
-139.829
-141.47
-147.905
-157.869
-169.307
-177.641
-171.765
-155.845
-154.421
-144.726
-139.829
-141.47
-147.905
-157.869
-169.307
-177.641
-171.765
-155.845
-152.396
-143.54
-139.253
-141.22
-147.882
-158.074
-169.853
-178.847
-174.476
-160.371
-148.686
-141.477
-138.316
-140.844
-147.88
-158.46
-170.849
-181.084
-179.726
-169.407
-144.197
-139.326
-137.542
-140.616
-147.974
-158.912
-171.939
-183.673
-186.681
-182.553
-140.27
-137.849
-137.252
-140.648
-148.137
-159.257
-172.748
-185.932
-194.074
-199.111
-149.071
-146.304
-146.312
-151.997
-163.844
-181.926
-205.484
-231.909
-254.344
-264.046
-154.074
-148.182
-146.678
-151.931
-163.561
-181.308
-204.089
-228.206
-241.202
-226.641
-159.648
-150.837
-147.625
-152.212
-163.447
-180.737
-202.656
-224.656
-230.861
-202.047
-164.187
-153.345
-148.765
-152.697
-163.526
-180.425
-201.715
-222.32
-224.572
-188.173
-166.649
-154.778
-149.465
-153.022
-163.616
-180.303
-201.282
-221.224
-221.657
-181.832
-166.649
-154.778
-149.465
-153.022
-163.616
-180.303
-201.282
-221.224
-221.657
-181.832
-164.187
-153.345
-148.765
-152.697
-163.526
-180.425
-201.715
-222.32
-224.572
-188.173
-159.648
-150.837
-147.625
-152.211
-163.447
-180.737
-202.656
-224.656
-230.861
-202.047
-154.074
-148.182
-146.678
-151.931
-163.561
-181.308
-204.089
-228.205
-241.201
-226.641
-149.071
-146.304
-146.312
-151.997
-163.844
-181.926
-205.484
-231.909
-254.344
-264.046
-150.457
-147.54
-148.419
-156.792
-173.926
-201.331
-240.714
-294.081
-361.814
-408.669
-156.369
-149.759
-148.861
-156.73
-173.625
-200.711
-239.511
-291.611
-352.03
-359.118
-162.813
-152.822
-149.969
-157.117
-173.661
-200.463
-238.869
-290.342
-348.165
-335.532
-167.996
-155.676
-151.285
-157.752
-173.973
-200.632
-239.011
-290.681
-348.632
-328.287
-170.793
-157.3
-152.091
-158.174
-174.216
-200.824
-239.268
-291.208
-349.616
-326.403
-170.793
-157.3
-152.091
-158.174
-174.216
-200.824
-239.268
-291.208
-349.616
-326.403
-167.996
-155.676
-151.285
-157.752
-173.973
-200.632
-239.011
-290.681
-348.632
-328.287
-162.813
-152.822
-149.969
-157.117
-173.661
-200.463
-238.869
-290.342
-348.165
-335.532
-156.368
-149.759
-148.861
-156.73
-173.625
-200.71
-239.51
-291.611
-352.03
-359.118
-150.457
-147.54
-148.419
-156.792
-173.926
-201.331
-240.714
-294.081
-361.814
-408.669
-142.4
-139.565
-141.292
-151.887
-173.595
-210.123
-267.896
-358.442
-502.488
-740.09
-148.769
-141.965
-141.803
-151.908
-173.52
-210.197
-268.703
-361.733
-514.598
-781.341
-155.603
-145.217
-143.024
-152.471
-173.977
-211.069
-271.046
-368.344
-533.157
-826.035
-161.047
-148.215
-144.441
-153.269
-174.665
-212.18
-273.564
-374.607
-549.054
-862.108
-163.972
-149.913
-145.304
-153.785
-175.12
-212.89
-275.087
-378.199
-557.787
-881.539
-163.972
-149.913
-145.304
-153.785
-175.12
-212.89
-275.087
-378.199
-557.787
-881.539
-161.047
-148.215
-144.441
-153.269
-174.665
-212.18
-273.564
-374.607
-549.054
-862.108
-155.603
-145.217
-143.024
-152.471
-173.977
-211.069
-271.046
-368.344
-533.157
-826.035
-148.769
-141.965
-141.803
-151.909
-173.52
-210.197
-268.703
-361.733
-514.598
-781.341
-142.4
-139.565
-141.292
-151.887
-173.595
-210.123
-267.896
-358.442
-502.488
-740.089
-123.539
-120.948
-122.91
-133.576
-155.137
-191.089
-246.875
-330.532
-452.967
-629.817
-129.649
-123.247
-123.386
-133.55
-154.932
-190.806
-246.67
-330.918
-456.408
-643.712
-136.143
-126.324
-124.524
-134.036
-155.228
-191.234
-247.728
-333.656
-463.386
-659.864
-141.285
-129.145
-125.85
-134.77
-155.819
-192.09
-249.472
-337.483
-471.79
-677.219
-144.04
-130.739
-126.657
-135.25
-156.229
-192.682
-250.633
-339.921
-476.937
-687.537
-144.04
-130.739
-126.657
-135.25
-156.229
-192.682
-250.633
-339.921
-476.937
-687.537
-141.285
-129.145
-125.85
-134.77
-155.819
-192.09
-249.472
-337.483
-471.789
-677.219
-136.143
-126.324
-124.524
-134.036
-155.228
-191.234
-247.728
-333.656
-463.386
-659.864
-129.649
-123.247
-123.386
-133.55
-154.932
-190.806
-246.67
-330.918
-456.408
-643.711
-123.539
-120.948
-122.91
-133.576
-155.137
-191.089
-246.875
-330.531
-452.967
-629.817
-94.073
-91.9603
-93.6584
-102.563
-120.377
-149.7
-194.231
-258.685
-347.886
-465.592
-99.1438
-93.8667
-94.0468
-102.523
-120.156
-149.339
-193.764
-258.264
-348.195
-468.026
-104.505
-96.4001
-94.9728
-102.895
-120.329
-149.517
-194.203
-259.435
-350.993
-473.795
-108.737
-98.7153
-96.0529
-103.479
-120.766
-150.089
-195.293
-261.676
-355.442
-481.898
-111.001
-100.021
-96.7106
-103.864
-121.078
-150.507
-196.061
-263.189
-358.338
-487.031
-111.001
-100.021
-96.7106
-103.864
-121.078
-150.507
-196.061
-263.189
-358.338
-487.031
-108.737
-98.7153
-96.0529
-103.479
-120.766
-150.089
-195.293
-261.676
-355.442
-481.898
-104.505
-96.4002
-94.9728
-102.895
-120.329
-149.517
-194.203
-259.435
-350.993
-473.796
-99.1438
-93.8667
-94.0468
-102.523
-120.156
-149.34
-193.764
-258.264
-348.195
-468.026
-94.073
-91.9603
-93.6584
-102.563
-120.377
-149.7
-194.231
-258.685
-347.886
-465.592
-55.7554
-54.3632
-55.4791
-61.3113
-72.9077
-91.8175
-120.111
-160.163
-213.88
-281.43
-59.1048
-55.6244
-55.7333
-61.2794
-72.7468
-91.5414
-119.714
-159.685
-213.537
-281.588
-62.64
-57.2919
-56.3392
-61.5147
-72.8339
-91.5938
-119.856
-160.141
-214.708
-284
-65.4268
-58.815
-57.047
-61.8904
-73.097
-91.9088
-120.426
-161.285
-216.913
-287.83
-66.9168
-59.6735
-57.4774
-62.138
-73.2881
-92.1478
-120.845
-162.085
-218.39
-290.315
-66.9168
-59.6735
-57.4774
-62.138
-73.2882
-92.1478
-120.845
-162.085
-218.39
-290.315
-65.4268
-58.815
-57.047
-61.8904
-73.097
-91.9088
-120.426
-161.285
-216.913
-287.83
-62.64
-57.2919
-56.3392
-61.5147
-72.8339
-91.5939
-119.856
-160.141
-214.708
-284
-59.1049
-55.6244
-55.7333
-61.2794
-72.7468
-91.5415
-119.714
-159.685
-213.538
-281.588
-55.7554
-54.3632
-55.4791
-61.3113
-72.9078
-91.8176
-120.111
-160.163
-213.88
-281.431
-11.5951
-11.1049
-11.479
-13.4815
-17.4612
-23.9279
-33.54
-47.0076
-64.8112
-86.7159
-12.7677
-11.551
-11.5675
-13.4716
-17.4041
-23.8249
-33.3849
-46.8062
-64.6209
-86.6441
-14.0082
-12.1357
-11.7812
-13.5553
-17.4303
-23.8281
-33.4002
-46.8961
-64.9036
-87.277
-14.988
-12.673
-12.0325
-13.6877
-17.5171
-23.9216
-33.5613
-47.219
-65.5317
-88.3693
-15.5122
-12.9757
-12.1845
-13.7742
-17.5808
-23.9951
-33.6848
-47.4526
-65.9626
-89.0897
-15.5122
-12.9757
-12.1845
-13.7742
-17.5808
-23.9951
-33.6848
-47.4526
-65.9626
-89.0897
-14.988
-12.673
-12.0325
-13.6877
-17.5172
-23.9216
-33.5613
-47.219
-65.5317
-88.3693
-14.0082
-12.1357
-11.7812
-13.5553
-17.4303
-23.8281
-33.4002
-46.8961
-64.9037
-87.2771
-12.7677
-11.551
-11.5675
-13.4716
-17.4041
-23.8249
-33.3849
-46.8062
-64.6211
-86.6442
-11.5951
-11.1049
-11.479
-13.4816
-17.4612
-23.9279
-33.54
-47.0076
-64.8112
-86.7159
34.6014
34.1223
34.5343
36.6018
40.6798
47.2746
57.0378
70.6691
88.6327
110.679
35.7656
34.5511
34.6231
36.586
40.6194
47.1772
56.8967
70.4924
88.4768
110.644
36.9856
35.1265
34.8276
36.6592
40.645
47.1948
56.9443
70.6353
88.8289
111.351
37.9418
35.644
35.0627
36.782
40.7332
47.3048
57.1418
71.0163
89.5314
112.523
38.4519
35.9357
35.2073
36.8644
40.798
47.3884
57.2875
71.2851
90.0071
113.291
38.4519
35.9357
35.2073
36.8644
40.798
47.3884
57.2875
71.2851
90.0071
113.291
37.9418
35.644
35.0627
36.782
40.7332
47.3048
57.1417
71.0162
89.5313
112.523
36.9856
35.1265
34.8276
36.6592
40.645
47.1948
56.9443
70.6353
88.8288
111.351
35.7656
34.5511
34.6231
36.586
40.6194
47.1772
56.8966
70.4923
88.4768
110.644
34.6014
34.1223
34.5343
36.6018
40.6798
47.2746
57.0378
70.669
88.6326
110.679
78.7575
77.3747
78.5239
84.413
96.096
115.118
143.545
183.745
237.612
305.31
82.1008
78.62
78.7797
84.3766
95.9329
114.849
143.162
183.291
237.304
305.505
85.6194
80.2812
79.3789
84.6036
96.0207
114.915
143.334
183.795
238.538
307.986
88.3866
81.7875
80.0729
84.9718
96.286
115.245
143.936
184.99
240.809
311.888
89.8649
82.6368
80.4975
85.2163
96.4787
115.493
144.375
185.821
242.325
314.415
89.8649
82.6368
80.4975
85.2163
96.4787
115.493
144.375
185.821
242.325
314.415
88.3866
81.7875
80.0729
84.9718
96.2861
115.245
143.936
184.99
240.809
311.888
85.6194
80.2812
79.3789
84.6036
96.0207
114.915
143.334
183.795
238.538
307.986
82.1008
78.62
78.7797
84.3766
95.9329
114.849
143.162
183.291
237.304
305.505
78.7575
77.3747
78.5239
84.413
96.096
115.118
143.545
183.745
237.612
305.31
117.066
114.959
116.682
125.628
143.506
172.911
217.541
282.109
371.438
489.299
122.134
116.852
117.074
125.586
143.285
172.558
217.086
281.708
371.774
491.759
127.486
119.384
117.998
125.953
143.46
172.747
217.547
282.914
374.617
497.578
131.705
121.688
119.069
126.534
143.9
173.331
218.659
285.19
379.11
505.732
133.962
122.988
119.723
126.917
144.214
173.755
219.441
286.723
382.031
510.896
133.962
122.988
119.723
126.917
144.214
173.755
219.441
286.723
382.031
510.896
131.705
121.688
119.069
126.534
143.9
173.331
218.659
285.19
379.11
505.732
127.486
119.384
117.998
125.953
143.46
172.747
217.547
282.914
374.617
497.578
122.134
116.852
117.074
125.586
143.285
172.558
217.086
281.708
371.774
491.759
117.066
114.959
116.682
125.628
143.506
172.911
217.541
282.109
371.438
489.299
146.514
143.926
145.902
156.588
178.182
214.174
270.006
353.72
476.233
653.237
152.627
146.214
146.384
156.563
177.978
213.896
269.808
354.113
479.671
667.131
159.12
149.297
147.525
157.048
178.277
214.331
270.872
356.854
486.639
683.267
164.258
152.112
148.846
157.781
178.871
215.19
272.619
360.68
495.032
700.61
167.011
153.705
149.654
158.262
179.282
215.785
273.781
363.117
500.172
710.922
167.011
153.705
149.654
158.262
179.282
215.785
273.781
363.117
500.172
710.922
164.258
152.112
148.846
157.781
178.871
215.19
272.619
360.68
495.032
700.61
159.12
149.297
147.525
157.048
178.277
214.331
270.872
356.854
486.639
683.267
152.627
146.214
146.384
156.563
177.978
213.896
269.808
354.113
479.671
667.131
146.514
143.926
145.902
156.588
178.182
214.174
270.006
353.72
476.233
653.237
165.35
162.514
164.242
174.837
196.543
233.065
290.825
381.359
525.406
763.114
171.725
164.905
164.762
174.86
196.469
233.142
291.628
384.626
537.444
804.254
178.566
168.168
165.99
175.425
196.929
234.013
293.956
391.194
555.903
848.793
184.015
171.167
167.409
176.226
197.618
235.118
296.454
397.411
571.711
884.739
186.943
172.867
168.275
176.744
198.074
235.823
297.963
400.975
580.39
904.1
186.943
172.867
168.275
176.744
198.074
235.823
297.963
400.975
580.39
904.1
184.015
171.167
167.409
176.226
197.618
235.118
296.454
397.411
571.711
884.739
178.566
168.168
165.99
175.425
196.929
234.013
293.956
391.194
555.903
848.793
171.725
164.905
164.762
174.86
196.469
233.142
291.628
384.626
537.444
804.254
165.35
162.514
164.242
174.837
196.543
233.065
290.825
381.359
525.406
763.114
-1293.58
-1398.99
-1418.5
-1431.56
-1435.66
-1435.66
-1431.56
-1418.5
-1398.99
-1293.58
-1465.39
-1491.84
-1463.4
-1461.58
-1460.25
-1460.25
-1461.58
-1463.4
-1491.84
-1465.39
-1608.1
-1569.34
-1501.33
-1485.56
-1478.35
-1478.35
-1485.56
-1501.33
-1569.33
-1608.1
-1705.37
-1626.82
-1532.23
-1505.64
-1493.66
-1493.66
-1505.64
-1532.23
-1626.82
-1705.37
-1754.7
-1657.32
-1549.47
-1517.16
-1502.6
-1502.6
-1517.16
-1549.47
-1657.32
-1754.7
-1754.7
-1657.32
-1549.47
-1517.16
-1502.6
-1502.6
-1517.16
-1549.47
-1657.32
-1754.7
-1705.37
-1626.82
-1532.23
-1505.64
-1493.66
-1493.66
-1505.64
-1532.23
-1626.82
-1705.37
-1608.1
-1569.34
-1501.33
-1485.56
-1478.35
-1478.35
-1485.56
-1501.33
-1569.33
-1608.1
-1465.39
-1491.84
-1463.4
-1461.58
-1460.25
-1460.25
-1461.58
-1463.4
-1491.84
-1465.39
-1293.58
-1398.99
-1418.5
-1431.56
-1435.66
-1435.66
-1431.56
-1418.5
-1398.99
-1293.58
-909.637
-1017.33
-1055.07
-1072.08
-1077.98
-1077.98
-1072.08
-1055.07
-1017.33
-909.637
-958.426
-1048.54
-1071.18
-1082.09
-1085.66
-1085.66
-1082.09
-1071.19
-1048.53
-958.44
-1008.19
-1080.63
-1088.28
-1092.34
-1092.89
-1092.89
-1092.35
-1088.28
-1080.62
-1008.21
-1048.6
-1109.55
-1105.97
-1104.13
-1101.9
-1101.9
-1104.13
-1105.98
-1109.54
-1048.62
-1070.49
-1125.91
-1116.53
-1111.43
-1107.64
-1107.64
-1111.43
-1116.53
-1125.9
-1070.51
-1070.49
-1125.91
-1116.53
-1111.43
-1107.64
-1107.64
-1111.43
-1116.53
-1125.9
-1070.51
-1048.6
-1109.55
-1105.97
-1104.13
-1101.9
-1101.9
-1104.13
-1105.98
-1109.54
-1048.62
-1008.19
-1080.63
-1088.28
-1092.34
-1092.89
-1092.89
-1092.35
-1088.28
-1080.62
-1008.21
-958.426
-1048.54
-1071.18
-1082.09
-1085.66
-1085.66
-1082.09
-1071.19
-1048.53
-958.439
-909.637
-1017.33
-1055.07
-1072.08
-1077.98
-1077.98
-1072.08
-1055.07
-1017.33
-909.637
-619.589
-698.822
-736.08
-753.982
-760.835
-760.835
-753.982
-736.08
-698.822
-619.588
-630.758
-706.168
-739.778
-755.962
-762.112
-762.112
-755.962
-739.779
-706.163
-630.753
-647.779
-718.281
-747.068
-760.68
-765.607
-765.606
-760.679
-747.069
-718.275
-647.771
-664.347
-731.43
-756.079
-767.091
-770.71
-770.709
-767.09
-756.08
-731.425
-664.34
-673.871
-739.272
-761.674
-771.187
-774.038
-774.037
-771.186
-761.675
-739.267
-673.864
-673.871
-739.272
-761.674
-771.187
-774.038
-774.037
-771.186
-761.675
-739.267
-673.864
-664.347
-731.43
-756.079
-767.091
-770.71
-770.709
-767.09
-756.08
-731.425
-664.34
-647.779
-718.281
-747.068
-760.68
-765.607
-765.606
-760.679
-747.069
-718.276
-647.772
-630.758
-706.168
-739.778
-755.962
-762.112
-762.112
-755.962
-739.779
-706.163
-630.753
-619.589
-698.822
-736.08
-753.982
-760.835
-760.835
-753.982
-736.08
-698.822
-619.588
-360.945
-408.166
-433.314
-446.095
-451.254
-451.254
-446.095
-433.314
-408.166
-360.945
-363.875
-409.859
-433.896
-446.162
-451.114
-451.114
-446.162
-433.897
-409.86
-363.876
-370.304
-414.636
-436.902
-448.15
-452.607
-452.606
-448.15
-436.903
-414.637
-370.307
-377.323
-420.483
-441.126
-451.256
-455.129
-455.129
-451.256
-441.128
-420.485
-377.326
-381.504
-424.083
-443.823
-453.292
-456.814
-456.814
-453.292
-443.825
-424.085
-381.507
-381.504
-424.083
-443.823
-453.292
-456.814
-456.814
-453.292
-443.825
-424.085
-381.507
-377.323
-420.483
-441.126
-451.256
-455.129
-455.129
-451.256
-441.128
-420.485
-377.327
-370.304
-414.636
-436.902
-448.151
-452.607
-452.606
-448.15
-436.903
-414.637
-370.307
-363.875
-409.859
-433.896
-446.162
-451.114
-451.114
-446.162
-433.897
-409.861
-363.876
-360.945
-408.166
-433.314
-446.095
-451.254
-451.254
-446.095
-433.314
-408.166
-360.945
-111.324
-126.917
-135.662
-140.23
-142.117
-142.117
-140.23
-135.662
-126.916
-111.323
-111.933
-127.217
-135.69
-140.141
-141.985
-141.985
-140.141
-135.69
-127.216
-111.934
-113.577
-128.459
-136.475
-140.656
-142.368
-142.368
-140.656
-136.475
-128.457
-113.578
-115.496
-130.096
-137.685
-141.558
-143.107
-143.107
-141.557
-137.685
-130.095
-115.496
-116.663
-131.125
-138.473
-142.162
-143.612
-143.612
-142.162
-138.473
-131.123
-116.664
-116.663
-131.125
-138.473
-142.162
-143.612
-143.612
-142.162
-138.473
-131.123
-116.664
-115.496
-130.096
-137.685
-141.558
-143.107
-143.107
-141.557
-137.685
-130.095
-115.496
-113.577
-128.459
-136.475
-140.656
-142.368
-142.368
-140.656
-136.475
-128.457
-113.578
-111.934
-127.217
-135.69
-140.141
-141.985
-141.985
-140.141
-135.69
-127.216
-111.934
-111.324
-126.917
-135.662
-140.23
-142.117
-142.117
-140.23
-135.662
-126.916
-111.323
135.396
151.054
159.831
164.413
166.305
166.305
164.413
159.831
151.054
135.396
136.037
151.371
159.866
164.324
166.171
166.171
164.324
159.866
151.372
136.036
137.744
152.655
160.674
164.85
166.56
166.56
164.85
160.674
152.656
137.743
139.732
154.341
161.914
165.77
167.31
167.31
165.77
161.914
154.343
139.731
140.941
155.4
162.721
166.386
167.824
167.824
166.386
162.722
155.402
140.94
140.941
155.4
162.721
166.386
167.824
167.824
166.386
162.722
155.402
140.94
139.732
154.341
161.914
165.77
167.31
167.31
165.77
161.914
154.343
139.731
137.744
152.655
160.674
164.85
166.56
166.56
164.85
160.674
152.656
137.743
136.037
151.371
159.865
164.324
166.171
166.171
164.324
159.866
151.372
136.036
135.396
151.054
159.831
164.413
166.305
166.305
164.413
159.831
151.054
135.396
384.957
432.263
457.458
470.263
475.431
475.431
470.263
457.458
432.263
384.956
387.919
433.976
458.048
470.33
475.289
475.289
470.33
458.046
433.975
387.917
394.41
438.794
461.077
472.33
476.788
476.789
472.33
461.076
438.792
394.406
401.493
444.687
465.331
475.453
479.323
479.323
475.453
465.329
444.685
401.489
405.712
448.315
468.046
477.5
481.016
481.016
477.5
468.044
448.313
405.708
405.712
448.315
468.046
477.5
481.016
481.016
477.5
468.044
448.313
405.708
401.494
444.687
465.331
475.453
479.323
479.323
475.453
465.329
444.685
401.489
394.41
438.794
461.077
472.33
476.788
476.789
472.33
461.076
438.792
394.406
387.919
433.976
458.048
470.33
475.289
475.289
470.33
458.046
433.975
387.917
384.957
432.263
457.458
470.263
475.431
475.431
470.263
457.458
432.263
384.956
643.485
722.848
760.182
778.124
784.994
784.994
778.124
760.182
722.849
643.486
654.683
730.21
763.89
780.106
786.271
786.272
780.107
763.889
730.214
654.687
671.755
742.361
771.202
784.836
789.774
789.774
784.836
771.201
742.366
671.761
688.376
755.55
780.239
791.263
794.889
794.889
791.264
780.238
755.555
688.381
697.931
763.416
785.851
795.37
798.225
798.226
795.37
785.85
763.421
697.936
697.931
763.416
785.851
795.37
798.225
798.226
795.37
785.85
763.421
697.936
688.376
755.55
780.239
791.263
794.889
794.889
791.264
780.238
755.555
688.381
671.755
742.361
771.202
784.836
789.774
789.774
784.836
771.201
742.366
671.761
654.683
730.21
763.89
780.106
786.271
786.272
780.107
763.889
730.214
654.687
643.485
722.848
760.182
778.123
784.994
784.994
778.124
760.182
722.849
643.486
933.367
1041.27
1079.13
1096.19
1102.12
1102.12
1096.19
1079.13
1041.27
933.367
982.187
1072.5
1095.26
1106.21
1109.8
1109.8
1106.21
1095.26
1072.5
982.173
1031.97
1104.61
1112.37
1116.48
1117.05
1117.05
1116.48
1112.37
1104.62
1031.96
1072.4
1133.56
1130.09
1128.28
1126.07
1126.07
1128.28
1130.09
1133.57
1072.38
1094.3
1149.94
1140.66
1135.59
1131.82
1131.82
1135.59
1140.65
1149.95
1094.28
1094.3
1149.94
1140.66
1135.59
1131.82
1131.82
1135.59
1140.65
1149.95
1094.28
1072.4
1133.56
1130.09
1128.28
1126.07
1126.07
1128.28
1130.09
1133.57
1072.38
1031.97
1104.61
1112.37
1116.48
1117.05
1117.05
1116.48
1112.37
1104.62
1031.96
982.187
1072.5
1095.26
1106.21
1109.8
1109.8
1106.21
1095.26
1072.5
982.173
933.367
1041.27
1079.13
1096.19
1102.12
1102.12
1096.19
1079.13
1041.27
933.367
1317.15
1422.86
1442.52
1455.66
1459.79
1459.79
1455.66
1442.52
1422.86
1317.15
1488.93
1515.74
1487.44
1485.7
1484.4
1484.4
1485.7
1487.44
1515.74
1488.93
1631.57
1593.24
1525.39
1509.69
1502.51
1502.51
1509.69
1525.39
1593.24
1631.57
1728.78
1650.73
1556.31
1529.79
1517.83
1517.83
1529.79
1556.31
1650.73
1728.78
1778.08
1681.23
1573.56
1541.32
1526.78
1526.78
1541.32
1573.56
1681.23
1778.08
1778.08
1681.23
1573.56
1541.32
1526.78
1526.78
1541.32
1573.56
1681.23
1778.08
1728.78
1650.73
1556.31
1529.79
1517.83
1517.83
1529.79
1556.31
1650.73
1728.78
1631.57
1593.24
1525.39
1509.69
1502.51
1502.51
1509.69
1525.39
1593.24
1631.57
1488.93
1515.74
1487.44
1485.7
1484.4
1484.4
1485.7
1487.44
1515.74
1488.93
1317.14
1422.86
1442.52
1455.66
1459.79
1459.79
1455.66
1442.52
1422.86
1317.15
-740.089
-502.487
-358.442
-267.896
-210.123
-173.595
-151.887
-141.293
-139.565
-142.401
-781.337
-514.587
-361.728
-268.703
-210.198
-173.517
-151.907
-141.81
-141.954
-148.77
-826.025
-533.144
-368.338
-271.046
-211.071
-173.974
-152.467
-143.034
-145.212
-155.606
-862.1
-549.044
-374.602
-273.565
-212.182
-174.662
-153.265
-144.449
-148.207
-161.049
-881.531
-557.777
-378.194
-275.087
-212.891
-175.118
-153.782
-145.313
-149.905
-163.975
-881.531
-557.777
-378.194
-275.087
-212.891
-175.118
-153.782
-145.313
-149.905
-163.975
-862.1
-549.044
-374.602
-273.565
-212.182
-174.662
-153.265
-144.449
-148.207
-161.049
-826.025
-533.144
-368.338
-271.046
-211.071
-173.974
-152.467
-143.035
-145.212
-155.606
-781.337
-514.587
-361.728
-268.703
-210.199
-173.517
-151.907
-141.81
-141.954
-148.77
-740.088
-502.487
-358.442
-267.896
-210.123
-173.595
-151.887
-141.293
-139.565
-142.401
-629.818
-452.967
-330.532
-246.875
-191.089
-155.137
-133.575
-122.911
-120.948
-123.54
-643.72
-456.411
-330.921
-246.672
-190.807
-154.931
-133.549
-123.393
-123.236
-129.651
-659.871
-463.39
-333.66
-247.729
-191.237
-155.226
-134.033
-124.535
-126.319
-136.146
-677.226
-471.795
-337.487
-249.473
-192.092
-155.817
-134.766
-125.857
-129.137
-141.287
-687.544
-476.942
-339.924
-250.634
-192.685
-156.228
-135.247
-126.666
-130.731
-144.042
-687.544
-476.942
-339.924
-250.634
-192.685
-156.228
-135.247
-126.666
-130.731
-144.042
-677.226
-471.795
-337.487
-249.473
-192.092
-155.817
-134.766
-125.857
-129.138
-141.287
-659.871
-463.39
-333.66
-247.73
-191.237
-155.226
-134.033
-124.535
-126.319
-136.146
-643.72
-456.411
-330.921
-246.672
-190.807
-154.931
-133.549
-123.393
-123.236
-129.651
-629.817
-452.967
-330.532
-246.875
-191.089
-155.137
-133.575
-122.911
-120.948
-123.54
-465.591
-347.885
-258.685
-194.231
-149.7
-120.377
-102.563
-93.6596
-91.9603
-94.074
-468.018
-348.194
-258.263
-193.763
-149.34
-120.154
-102.521
-94.0538
-93.8556
-99.1455
-473.784
-350.992
-259.433
-194.201
-149.518
-120.327
-102.892
-94.9832
-96.3953
-104.508
-481.887
-355.441
-261.674
-195.29
-150.09
-120.764
-103.475
-96.0606
-98.7079
-108.739
-487.02
-358.337
-263.187
-196.058
-150.508
-121.076
-103.861
-96.7191
-100.014
-111.003
-487.02
-358.337
-263.187
-196.058
-150.508
-121.076
-103.861
-96.7191
-100.014
-111.003
-481.887
-355.441
-261.674
-195.29
-150.09
-120.764
-103.475
-96.0606
-98.7079
-108.739
-473.785
-350.992
-259.433
-194.201
-149.518
-120.327
-102.892
-94.9833
-96.3953
-104.508
-468.018
-348.194
-258.263
-193.763
-149.34
-120.155
-102.521
-94.0538
-93.8557
-99.1455
-465.591
-347.886
-258.685
-194.231
-149.7
-120.377
-102.563
-93.6597
-91.9603
-94.074
-281.43
-213.88
-160.163
-120.111
-91.8179
-72.9077
-61.3109
-55.4803
-54.3632
-55.7564
-281.588
-213.539
-159.685
-119.713
-91.5428
-72.7452
-61.2779
-55.7403
-55.6133
-59.1065
-284.001
-214.71
-160.141
-119.856
-91.5962
-72.8322
-61.5114
-56.3496
-57.2872
-62.6424
-287.832
-216.916
-161.285
-120.426
-91.9114
-73.0958
-61.8863
-57.0547
-58.8077
-65.4288
-290.316
-218.393
-162.085
-120.845
-92.1504
-73.2872
-62.1347
-57.4859
-59.6659
-66.9191
-290.316
-218.393
-162.085
-120.845
-92.1504
-73.2872
-62.1347
-57.4859
-59.6659
-66.9191
-287.832
-216.916
-161.285
-120.426
-91.9114
-73.0958
-61.8863
-57.0546
-58.8077
-65.4288
-284.002
-214.71
-160.141
-119.856
-91.5963
-72.8322
-61.5114
-56.3496
-57.2872
-62.6424
-281.589
-213.539
-159.685
-119.713
-91.5429
-72.7452
-61.2779
-55.7404
-55.6133
-59.1065
-281.431
-213.88
-160.163
-120.111
-91.8179
-72.9078
-61.3109
-55.4803
-54.3632
-55.7564
-86.7156
-64.8112
-47.0075
-33.5399
-23.9281
-17.4611
-13.4811
-11.4802
-11.1049
-11.5962
-86.6439
-64.621
-46.8058
-33.3849
-23.8262
-17.4023
-13.47
-11.5745
-11.5399
-12.7693
-87.2765
-64.9037
-46.8954
-33.4001
-23.8303
-17.4284
-13.5519
-11.7916
-12.1309
-14.0106
-88.3684
-65.5318
-47.2183
-33.561
-23.924
-17.5156
-13.6834
-12.0402
-12.6657
-14.99
-89.0887
-65.9627
-47.4519
-33.6843
-23.9973
-17.5795
-13.7709
-12.1931
-12.9681
-15.5145
-89.0887
-65.9627
-47.4519
-33.6843
-23.9973
-17.5795
-13.7709
-12.193
-12.9682
-15.5145
-88.3684
-65.5318
-47.2183
-33.561
-23.924
-17.5156
-13.6834
-12.0402
-12.6657
-14.99
-87.2765
-64.9038
-46.8955
-33.4001
-23.8303
-17.4284
-13.5519
-11.7916
-12.1309
-14.0106
-86.644
-64.6211
-46.8058
-33.3849
-23.8262
-17.4024
-13.47
-11.5745
-11.5399
-12.7693
-86.7156
-64.8112
-47.0075
-33.5399
-23.9281
-17.4611
-13.4811
-11.4802
-11.1049
-11.5962
110.679
88.6327
70.6692
57.0379
47.2744
40.6799
36.6023
34.5331
34.1223
34.6004
110.645
88.4769
70.4928
56.8966
47.1758
40.6212
36.5876
34.6161
34.5622
35.764
111.352
88.8291
70.636
56.9443
47.1925
40.6469
36.6626
34.8172
35.1313
36.9833
112.524
89.5316
71.017
57.142
47.3024
40.7347
36.7863
35.055
35.6513
37.9398
113.292
90.0073
71.2858
57.2879
47.3862
40.7992
36.8678
35.1988
35.9433
38.4496
113.292
90.0073
71.2858
57.2879
47.3862
40.7992
36.8678
35.1988
35.9433
38.4496
112.524
89.5315
71.017
57.142
47.3024
40.7347
36.7863
35.055
35.6513
37.9398
111.352
88.8291
70.636
56.9443
47.1925
40.6469
36.6626
34.8172
35.1313
36.9833
110.645
88.4769
70.4928
56.8966
47.1758
40.6212
36.5876
34.6161
34.5622
35.764
110.679
88.6327
70.6692
57.0379
47.2744
40.6799
36.6023
34.5331
34.1223
34.6004
305.31
237.612
183.745
143.546
115.118
96.0961
84.4135
78.5228
77.3747
78.7565
305.504
237.303
183.292
143.162
114.847
95.9346
84.3783
78.7727
78.6311
82.0992
307.984
238.536
183.796
143.334
114.913
96.0225
84.607
79.3685
80.286
85.617
311.885
240.807
184.991
143.937
115.243
96.2875
84.9761
80.0653
81.7948
88.3846
314.412
242.323
185.822
144.376
115.491
96.4799
85.2197
80.4891
82.6445
89.8626
314.412
242.323
185.822
144.376
115.491
96.4799
85.2197
80.4891
82.6444
89.8626
311.885
240.807
184.991
143.937
115.243
96.2875
84.9761
80.0653
81.7949
88.3846
307.984
238.536
183.796
143.334
114.913
96.0226
84.607
79.3685
80.286
85.617
305.504
237.303
183.292
143.162
114.847
95.9347
84.3783
78.7728
78.6311
82.0992
305.31
237.612
183.745
143.546
115.118
96.0961
84.4135
78.5228
77.3748
78.7565
489.299
371.438
282.109
217.542
172.911
143.506
125.629
116.681
114.959
117.065
491.766
371.775
281.709
217.087
172.557
143.287
125.587
117.067
116.863
122.132
497.588
374.618
282.916
217.549
172.745
143.462
125.957
117.988
119.389
127.484
505.742
379.111
285.193
218.662
173.329
143.902
126.538
119.061
121.695
131.703
510.906
382.033
286.726
219.443
173.754
144.215
126.92
119.715
122.996
133.959
510.906
382.033
286.726
219.443
173.754
144.215
126.92
119.715
122.996
133.959
505.742
379.111
285.193
218.662
173.329
143.902
126.538
119.061
121.695
131.703
497.589
374.618
282.916
217.549
172.745
143.462
125.957
117.988
119.389
127.484
491.767
371.775
281.709
217.087
172.557
143.287
125.588
117.067
116.863
122.132
489.3
371.438
282.11
217.542
172.911
143.506
125.629
116.681
114.959
117.065
653.236
476.233
353.72
270.006
214.173
178.182
156.589
145.9
143.926
146.513
667.122
479.668
354.11
269.807
213.895
177.98
156.565
146.377
146.225
152.625
683.259
486.634
356.85
270.87
214.329
178.279
157.051
147.515
149.301
159.118
700.602
495.025
360.676
272.618
215.188
178.872
157.785
148.839
152.12
164.256
710.914
500.166
363.113
273.78
215.782
179.283
158.265
149.645
153.712
167.009
710.913
500.166
363.113
273.78
215.782
179.283
158.265
149.645
153.712
167.009
700.602
495.025
360.676
272.618
215.188
178.872
157.785
148.839
152.12
164.256
683.259
486.634
356.85
270.87
214.329
178.279
157.051
147.515
149.301
159.118
667.122
479.668
354.11
269.807
213.895
177.98
156.565
146.377
146.225
152.625
653.236
476.233
353.72
270.006
214.173
178.182
156.589
145.9
143.926
146.513
763.115
525.406
381.36
290.825
233.064
196.543
174.837
164.241
162.514
165.349
804.259
537.454
384.63
291.628
233.141
196.472
174.862
164.755
164.916
171.723
848.803
555.916
391.2
293.956
234.011
196.932
175.428
165.98
168.173
178.564
884.748
571.72
397.416
296.455
235.116
197.621
176.23
167.401
171.175
184.013
904.109
580.399
400.98
297.964
235.821
198.076
176.747
168.266
172.875
186.941
904.109
580.399
400.98
297.964
235.821
198.076
176.747
168.266
172.875
186.941
884.748
571.72
397.416
296.455
235.116
197.621
176.23
167.401
171.175
184.013
848.803
555.916
391.2
293.956
234.011
196.932
175.428
165.98
168.173
178.564
804.259
537.455
384.631
291.628
233.141
196.472
174.862
164.755
164.916
171.723
763.115
525.406
381.36
290.825
233.065
196.543
174.837
164.241
162.514
165.349
0.586419
0.482464
0.361418
0.289537
0.265542
0.25999
0.238697
0.179044
0.0842951
-0.00109758
0.694844
0.514518
0.366512
0.28224
0.258173
0.258561
0.23843
0.170799
0.0615405
-0.0786411
0.85214
0.599793
0.402009
0.294104
0.260849
0.256924
0.230672
0.146866
0.00310165
-0.188612
1.00053
0.691295
0.450456
0.318988
0.271065
0.255851
0.218694
0.119226
-0.0548081
-0.289305
1.08664
0.747887
0.483337
0.336852
0.278579
0.255349
0.210163
0.100385
-0.0903006
-0.347206
1.08664
0.747887
0.483337
0.336852
0.278579
0.255348
0.210163
0.100402
-0.0902885
-0.347202
1.00053
0.691297
0.450458
0.31899
0.271067
0.255851
0.2187
0.119242
-0.0547768
-0.289298
0.852143
0.599793
0.402009
0.294105
0.26085
0.256923
0.23067
0.14687
0.0031137
-0.18861
0.694844
0.514522
0.366516
0.282245
0.258179
0.258565
0.238435
0.170799
0.0615572
-0.0786394
0.58642
0.482467
0.361419
0.289539
0.265545
0.259992
0.238702
0.17905
0.0842979
-0.00110095
-20.8281
-21.1563
-21.5332
-21.7382
-21.7908
-21.7886
-21.8398
-22.0149
-22.3095
-22.5771
-20.4595
-21.0308
-21.5191
-21.7578
-21.8103
-21.7958
-21.8423
-22.0354
-22.3958
-22.8268
-19.9373
-20.7536
-21.404
-21.715
-21.799
-21.8017
-21.8691
-22.1082
-22.5759
-23.1777
-19.4482
-20.4493
-21.2415
-21.632
-21.7653
-21.8044
-21.9081
-22.1993
-22.7632
-23.499
-19.1662
-20.2636
-21.135
-21.5747
-21.741
-21.8053
-21.9341
-22.2583
-22.8764
-23.6831
-19.1662
-20.2636
-21.135
-21.5747
-21.741
-21.8053
-21.9341
-22.2583
-22.8764
-23.6831
-19.4482
-20.4493
-21.2415
-21.632
-21.7653
-21.8044
-21.9081
-22.1993
-22.7632
-23.499
-19.9373
-20.7536
-21.404
-21.715
-21.799
-21.8017
-21.8691
-22.1082
-22.5759
-23.1777
-20.4595
-21.0308
-21.5191
-21.7578
-21.8103
-21.7958
-21.8423
-22.0354
-22.3958
-22.8268
-20.8281
-21.1564
-21.5332
-21.7382
-21.7908
-21.7887
-21.8398
-22.0149
-22.3095
-22.5771
-42.525
-43.1248
-43.7615
-44.0063
-43.9476
-43.7972
-43.7701
-44.0046
-44.5041
-44.9904
-41.7371
-42.8379
-43.7183
-44.0319
-43.9768
-43.8092
-43.7753
-44.0428
-44.6781
-45.4756
-40.681
-42.2797
-43.487
-43.9414
-43.9496
-43.8174
-43.8242
-44.1761
-45.013
-46.1372
-39.716
-41.6814
-43.1704
-43.7804
-43.8836
-43.8198
-43.8945
-44.3437
-45.3602
-46.735
-39.166
-41.3213
-42.9666
-43.6718
-43.8372
-43.8201
-43.9408
-44.4508
-45.5683
-47.0752
-39.166
-41.3213
-42.9666
-43.6718
-43.8372
-43.8201
-43.9408
-44.4508
-45.5683
-47.0752
-39.716
-41.6814
-43.1704
-43.7804
-43.8835
-43.8198
-43.8945
-44.3437
-45.3602
-46.735
-40.681
-42.2797
-43.487
-43.9414
-43.9496
-43.8174
-43.8242
-44.1761
-45.013
-46.1372
-41.7371
-42.8379
-43.7183
-44.0319
-43.9768
-43.8092
-43.7753
-44.0428
-44.6781
-45.4756
-42.525
-43.1248
-43.7615
-44.0063
-43.9476
-43.7972
-43.77
-44.0046
-44.5041
-44.9904
-64.9209
-65.8445
-66.7013
-66.7616
-66.295
-65.7143
-65.3956
-65.5755
-66.2768
-67.0391
-63.3873
-65.2527
-66.5834
-66.7762
-66.3265
-65.7276
-65.4038
-65.6406
-66.5799
-67.8679
-61.4735
-64.2424
-66.1664
-66.6066
-66.2694
-65.7342
-65.4794
-65.853
-67.1243
-68.9563
-59.784
-63.2023
-65.6258
-66.3336
-66.156
-65.7331
-65.588
-66.1183
-67.6811
-69.9229
-58.8365
-62.5878
-65.2852
-66.154
-66.0791
-65.7312
-65.659
-66.2862
-68.0121
-70.4684
-58.8365
-62.5878
-65.2852
-66.154
-66.0791
-65.7312
-65.659
-66.2862
-68.0121
-70.4684
-59.784
-63.2023
-65.6258
-66.3336
-66.156
-65.7331
-65.588
-66.1183
-67.6811
-69.9229
-61.4735
-64.2424
-66.1664
-66.6066
-66.2694
-65.7342
-65.4794
-65.853
-67.1243
-68.9563
-63.3873
-65.2527
-66.5834
-66.7762
-66.3265
-65.7277
-65.4038
-65.6406
-66.5799
-67.8679
-64.9209
-65.8445
-66.7013
-66.7616
-66.295
-65.7143
-65.3956
-65.5755
-66.2768
-67.0391
-88.8884
-90.117
-90.9996
-90.3864
-88.9485
-87.4373
-86.4601
-86.3823
-87.2563
-88.3646
-86.006
-88.9472
-90.7146
-90.3513
-88.9637
-87.4431
-86.4695
-86.4864
-87.746
-89.6893
-82.689
-87.1963
-89.9983
-90.051
-88.853
-87.44
-86.5767
-86.8024
-88.5738
-91.3631
-79.885
-85.4876
-89.1336
-89.6199
-88.6726
-87.4314
-86.7328
-87.1928
-89.406
-92.8215
-78.3438
-84.5012
-88.6027
-89.3446
-88.555
-87.4261
-86.8347
-87.4379
-89.8964
-93.6375
-78.3438
-84.5012
-88.6027
-89.3446
-88.555
-87.4261
-86.8347
-87.4379
-89.8964
-93.6375
-79.885
-85.4876
-89.1336
-89.6199
-88.6726
-87.4314
-86.7328
-87.1928
-89.406
-92.8215
-82.6891
-87.1964
-89.9983
-90.051
-88.853
-87.44
-86.5767
-86.8024
-88.5738
-91.3631
-86.0061
-88.9473
-90.7146
-90.3514
-88.9638
-87.4431
-86.4695
-86.4864
-87.746
-89.6893
-88.8885
-90.117
-90.9997
-90.3864
-88.9486
-87.4373
-86.4601
-86.3823
-87.2563
-88.3646
-116.302
-117.482
-117.753
-115.451
-112.029
-108.759
-106.542
-105.879
-106.845
-108.367
-111.059
-115.26
-117.134
-115.292
-111.99
-108.739
-106.547
-106.035
-107.592
-110.376
-105.533
-112.341
-115.959
-114.79
-111.792
-108.715
-106.69
-106.482
-108.789
-112.822
-101.096
-109.671
-114.657
-114.153
-111.527
-108.696
-106.905
-107.028
-109.971
-114.913
-98.7165
-108.173
-113.882
-113.762
-111.362
-108.688
-107.045
-107.369
-110.661
-116.074
-98.7165
-108.173
-113.882
-113.762
-111.362
-108.688
-107.045
-107.369
-110.661
-116.074
-101.096
-109.671
-114.657
-114.153
-111.527
-108.696
-106.905
-107.028
-109.971
-114.913
-105.533
-112.341
-115.959
-114.79
-111.792
-108.715
-106.69
-106.482
-108.789
-112.822
-111.059
-115.26
-117.134
-115.292
-111.99
-108.739
-106.547
-106.035
-107.592
-110.376
-116.302
-117.482
-117.753
-115.451
-112.029
-108.759
-106.542
-105.879
-106.845
-108.367
-151.135
-150.761
-148.69
-142.703
-135.573
-129.267
-124.961
-123.235
-124.137
-126.116
-142.026
-146.71
-147.461
-142.303
-135.421
-129.192
-124.953
-123.457
-125.215
-129.005
-133.41
-142.117
-145.661
-141.53
-135.105
-129.134
-125.135
-124.061
-126.864
-132.409
-126.89
-138.227
-143.86
-140.677
-134.755
-129.112
-125.422
-124.791
-128.464
-135.267
-123.488
-136.115
-142.828
-140.175
-134.55
-129.11
-125.611
-125.245
-129.392
-136.84
-123.488
-136.115
-142.828
-140.175
-134.55
-129.11
-125.611
-125.245
-129.392
-136.84
-126.89
-138.227
-143.86
-140.677
-134.755
-129.112
-125.422
-124.791
-128.464
-135.267
-133.41
-142.117
-145.661
-141.53
-135.105
-129.134
-125.135
-124.061
-126.864
-132.409
-142.026
-146.711
-147.461
-142.303
-135.421
-129.192
-124.953
-123.457
-125.215
-129.005
-151.135
-150.761
-148.69
-142.704
-135.573
-129.267
-124.961
-123.235
-124.137
-126.116
-199.11
-194.074
-185.931
-172.749
-159.258
-148.136
-140.648
-137.253
-137.849
-140.271
-182.551
-186.69
-183.665
-171.941
-158.915
-147.971
-140.614
-137.549
-139.315
-144.198
-169.404
-179.728
-181.073
-170.853
-158.464
-147.876
-140.841
-138.327
-141.472
-148.688
-160.369
-174.481
-178.839
-169.857
-158.077
-147.878
-141.216
-139.261
-143.532
-152.398
-155.843
-171.77
-177.632
-169.31
-157.872
-147.902
-141.467
-139.839
-144.718
-154.424
-155.843
-171.77
-177.632
-169.31
-157.872
-147.902
-141.467
-139.839
-144.718
-154.424
-160.369
-174.481
-178.839
-169.857
-158.077
-147.878
-141.216
-139.261
-143.532
-152.398
-169.405
-179.729
-181.073
-170.853
-158.464
-147.876
-140.841
-138.327
-141.472
-148.688
-182.551
-186.69
-183.665
-171.941
-158.915
-147.971
-140.614
-137.549
-139.315
-144.198
-199.11
-194.074
-185.931
-172.749
-159.258
-148.136
-140.648
-137.253
-137.849
-140.271
-264.045
-254.344
-231.908
-205.484
-181.926
-163.844
-151.997
-146.313
-146.304
-149.072
-226.64
-241.214
-228.196
-204.09
-181.311
-163.558
-151.929
-146.685
-148.171
-154.076
-202.044
-230.866
-224.642
-202.658
-180.741
-163.443
-152.208
-147.636
-150.832
-159.651
-188.17
-224.579
-222.309
-201.718
-180.429
-163.523
-152.693
-148.773
-153.337
-164.189
-181.829
-221.665
-221.213
-201.284
-180.307
-163.613
-153.019
-149.474
-154.77
-166.651
-181.829
-221.665
-221.213
-201.284
-180.307
-163.613
-153.019
-149.474
-154.77
-166.651
-188.17
-224.579
-222.309
-201.718
-180.429
-163.523
-152.693
-148.773
-153.337
-164.189
-202.044
-230.866
-224.642
-202.658
-180.741
-163.443
-152.208
-147.636
-150.832
-159.651
-226.639
-241.213
-228.196
-204.09
-181.311
-163.558
-151.929
-146.685
-148.171
-154.076
-264.045
-254.344
-231.908
-205.484
-181.926
-163.844
-151.997
-146.314
-146.304
-149.072
-408.668
-361.815
-294.081
-240.714
-201.332
-173.925
-156.792
-148.42
-147.54
-150.459
-359.118
-352.05
-291.608
-239.511
-200.714
-173.622
-156.728
-148.868
-149.748
-156.37
-335.532
-348.182
-290.337
-238.871
-200.467
-173.659
-157.114
-149.98
-152.817
-162.816
-328.288
-348.65
-290.678
-239.014
-200.636
-173.971
-157.748
-151.293
-155.669
-167.999
-326.403
-349.635
-291.204
-239.269
-200.828
-174.214
-158.171
-152.1
-157.292
-170.796
-326.403
-349.635
-291.204
-239.269
-200.828
-174.214
-158.171
-152.1
-157.292
-170.796
-328.288
-348.65
-290.678
-239.014
-200.636
-173.971
-157.748
-151.293
-155.668
-167.999
-335.532
-348.181
-290.337
-238.871
-200.467
-173.659
-157.114
-149.98
-152.817
-162.816
-359.117
-352.05
-291.608
-239.511
-200.714
-173.622
-156.728
-148.868
-149.748
-156.37
-408.668
-361.815
-294.081
-240.714
-201.332
-173.925
-156.792
-148.42
-147.54
-150.459
173.373
170.45
171.32
179.673
196.776
224.134
263.449
316.732
384.374
431.145
179.292
172.663
171.773
179.614
196.476
223.515
262.233
314.22
374.507
381.366
185.75
175.74
172.892
180.006
196.514
223.259
261.56
312.872
370.482
357.507
190.944
178.601
174.212
180.646
196.826
223.414
261.664
313.134
370.805
350.037
193.747
180.229
175.023
181.071
197.068
223.597
261.896
313.612
371.707
348.029
193.747
180.229
175.023
181.071
197.068
223.597
261.896
313.612
371.707
348.028
190.944
178.601
174.212
180.646
196.826
223.414
261.664
313.134
370.805
350.037
185.75
175.74
172.892
180.006
196.514
223.259
261.56
312.872
370.481
357.507
179.292
172.663
171.773
179.614
196.476
223.515
262.233
314.219
374.506
381.365
173.373
170.45
171.32
179.673
196.776
224.134
263.449
316.732
384.374
431.145
171.944
169.17
169.162
174.814
186.611
204.623
228.09
254.411
276.753
286.403
176.956
171.042
169.538
174.751
186.329
204.006
226.683
250.668
263.555
248.876
182.545
173.714
170.498
175.036
186.214
203.425
225.219
247.047
253.094
224.116
187.098
176.23
171.644
175.527
186.293
203.097
224.24
244.642
246.695
210.092
189.569
177.669
172.35
175.856
186.382
202.965
223.782
243.503
243.714
203.665
189.569
177.669
172.35
175.856
186.382
202.965
223.782
243.503
243.714
203.665
187.098
176.23
171.644
175.527
186.293
203.097
224.24
244.642
246.695
210.092
182.545
173.714
170.498
175.036
186.214
203.425
225.219
247.047
253.094
224.116
176.956
171.042
169.538
174.751
186.329
204.006
226.683
250.667
263.555
248.876
171.944
169.17
169.162
174.814
186.611
204.623
228.09
254.411
276.753
286.403
163.097
160.668
160.052
163.409
170.841
181.886
195.287
208.378
216.448
221.457
167.031
162.138
160.352
163.379
170.678
181.543
194.473
206.096
209.032
204.844
171.535
164.306
161.138
163.613
170.585
181.085
193.362
203.46
202.004
191.606
175.259
166.377
162.081
163.994
170.586
180.685
192.337
201.176
196.685
182.479
177.294
167.57
162.664
164.248
170.609
180.472
191.771
199.938
193.93
177.899
177.294
167.57
162.664
164.248
170.609
180.472
191.771
199.939
193.93
177.899
175.259
166.377
162.081
163.994
170.586
180.685
192.337
201.176
196.685
182.479
171.535
164.306
161.138
163.613
170.585
181.085
193.362
203.46
202.004
191.606
167.031
162.138
160.352
163.379
170.678
181.543
194.473
206.096
209.032
204.844
163.097
160.668
160.052
163.409
170.841
181.887
195.288
208.378
216.448
221.457
148.896
146.911
145.988
147.676
151.926
158.162
165.213
171.124
173.142
173.498
151.79
147.991
146.213
147.671
151.854
158.011
164.81
169.888
169.076
164.361
155.205
149.65
146.824
147.86
151.798
157.689
164.022
168.061
164.443
155.692
158.076
151.26
147.563
148.151
151.776
157.331
163.149
166.227
160.507
149.114
159.657
152.194
148.021
148.344
151.773
157.12
162.633
165.174
158.367
145.677
159.657
152.194
148.021
148.344
151.773
157.12
162.633
165.174
158.367
145.677
158.076
151.26
147.563
148.151
151.776
157.331
163.149
166.227
160.507
149.114
155.205
149.65
146.824
147.86
151.798
157.689
164.022
168.061
164.443
155.692
151.79
147.991
146.213
147.671
151.854
158.011
164.81
169.888
169.076
164.361
148.896
146.911
145.988
147.676
151.926
158.162
165.213
171.124
173.142
173.498
131.104
129.576
128.591
129.22
131.389
134.597
137.954
140.198
139.887
138.696
133.114
130.325
128.751
129.228
131.371
134.559
137.794
139.574
137.658
133.44
135.569
131.529
129.204
129.376
131.347
134.358
137.282
138.383
134.716
127.883
137.671
132.719
129.756
129.595
131.329
134.087
136.632
137.06
132.017
123.41
138.838
133.414
130.101
129.738
131.321
133.917
136.231
136.272
130.501
121.008
138.838
133.414
130.101
129.738
131.321
133.917
136.231
136.272
130.501
121.008
137.671
132.719
129.756
129.595
131.329
134.087
136.632
137.06
132.018
123.41
135.569
131.529
129.204
129.376
131.347
134.358
137.282
138.383
134.716
127.883
133.114
130.325
128.751
129.228
131.371
134.559
137.794
139.574
137.658
133.44
131.104
129.576
128.591
129.22
131.389
134.597
137.954
140.198
139.887
138.696
111.063
109.951
109.062
109.111
110.046
111.507
112.894
113.463
112.553
111.318
112.388
110.442
109.168
109.122
110.053
111.524
112.859
113.176
111.381
108.431
114.068
111.275
109.488
109.232
110.052
111.411
112.552
112.451
109.617
105.097
115.533
112.113
109.883
109.392
110.044
111.227
112.113
111.573
107.891
102.272
116.354
112.607
110.131
109.496
110.038
111.107
111.832
111.034
106.894
100.718
116.354
112.607
110.131
109.496
110.038
111.107
111.832
111.034
106.894
100.718
115.533
112.113
109.883
109.392
110.044
111.227
112.113
111.573
107.891
102.272
114.068
111.275
109.488
109.232
110.052
111.411
112.552
112.451
109.617
105.097
112.388
110.442
109.168
109.122
110.053
111.524
112.859
113.177
111.381
108.431
111.063
109.951
109.062
109.111
110.046
111.507
112.894
113.463
112.553
111.318
89.7073
88.9427
88.2291
88.0252
88.3098
88.8506
89.2773
89.1843
88.3089
87.3817
90.5349
89.2458
88.2951
88.0344
88.3243
88.8831
89.2924
89.0664
87.717
85.8481
91.6261
89.793
88.5104
88.1124
88.3319
88.8249
89.1195
88.6442
86.6999
83.9262
92.5972
90.3538
88.7791
88.2235
88.3313
88.7093
88.8414
88.0959
85.6503
82.2254
93.1459
90.6873
88.9492
88.296
88.3296
88.6308
88.6584
87.7503
85.0295
81.2702
93.1459
90.6873
88.9492
88.296
88.3296
88.6309
88.6584
87.7503
85.0295
81.2702
92.5972
90.3538
88.7791
88.2235
88.3313
88.7094
88.8414
88.0959
85.6503
82.2254
91.6261
89.793
88.5104
88.1124
88.3319
88.8249
89.1195
88.6442
86.6999
83.9262
90.5349
89.2458
88.2951
88.0344
88.3243
88.8831
89.2924
89.0665
87.717
85.8481
89.7073
88.9427
88.2291
88.0252
88.3098
88.8507
89.2773
89.1843
88.3089
87.3817
67.6356
67.148
66.639
66.3849
66.3844
66.503
66.5306
66.2613
65.6117
65.0103
68.1186
67.3215
66.6777
66.3908
66.3972
66.5329
66.5568
66.2186
65.3258
64.2245
68.7809
67.6578
66.8127
66.4413
66.4062
66.5053
66.4645
65.9845
64.7646
63.1654
69.3813
68.0074
66.9827
66.5134
66.4091
66.4379
66.3005
65.6635
64.161
62.1947
69.7234
68.2172
67.0913
66.5607
66.4096
66.3906
66.1897
65.4568
63.7974
61.6405
69.7234
68.2172
67.0913
66.5607
66.4096
66.3906
66.1897
65.4568
63.7974
61.6406
69.3813
68.0074
66.9827
66.5134
66.4091
66.4379
66.3005
65.6635
64.161
62.1947
68.7809
67.6578
66.8127
66.4413
66.4062
66.5053
66.4645
65.9846
64.7646
63.1654
68.1186
67.3215
66.6777
66.3908
66.3972
66.5329
66.5568
66.2186
65.3258
64.2246
67.6356
67.148
66.639
66.3849
66.3844
66.503
66.5306
66.2613
65.6118
65.0103
45.2071
44.9389
44.6368
44.4453
44.3711
44.3469
44.2691
44.0448
43.6586
43.3297
45.4539
45.0243
44.6573
44.4482
44.3788
44.3669
44.2893
44.0314
43.5346
42.9644
45.8044
45.2049
44.7313
44.4761
44.3852
44.3554
44.2454
43.915
43.2562
42.4419
46.1268
45.3936
44.8239
44.5163
44.3883
44.3209
44.1606
43.7499
42.9492
41.9502
46.3119
45.5079
44.884
44.5431
44.3894
44.2961
44.102
43.6415
42.7614
41.666
46.3119
45.5079
44.884
44.5431
44.3894
44.2961
44.102
43.6415
42.7614
41.666
46.1268
45.3936
44.8239
44.5163
44.3883
44.3209
44.1606
43.7499
42.9492
41.9502
45.8044
45.2049
44.7313
44.4761
44.3852
44.3554
44.2454
43.915
43.2562
42.4419
45.4539
45.0243
44.6573
44.4482
44.3788
44.3669
44.2893
44.0314
43.5346
42.9645
45.2071
44.9389
44.6368
44.4453
44.3711
44.3469
44.2691
44.0448
43.6586
43.3298
22.6235
22.538
22.4366
22.3623
22.3202
22.2911
22.2449
22.1563
22.0275
21.9235
22.698
22.5596
22.4448
22.3628
22.3221
22.299
22.2527
22.1519
21.9971
21.8187
22.8068
22.6182
22.4696
22.3714
22.3242
22.2962
22.2402
22.1156
21.9115
21.6623
22.908
22.677
22.4984
22.3844
22.3256
22.2855
22.214
22.0655
21.8184
21.5126
22.9665
22.7132
22.518
22.3936
22.3263
22.2776
22.1952
22.0313
21.7605
21.4252
22.9665
22.7132
22.518
22.3936
22.3263
22.2776
22.1952
22.0313
21.7605
21.4252
22.908
22.677
22.4984
22.3844
22.3256
22.2855
22.214
22.0655
21.8184
21.5126
22.8068
22.6182
22.4696
22.3714
22.3242
22.2962
22.2402
22.1156
21.9115
21.6623
22.698
22.5596
22.4448
22.3628
22.3221
22.299
22.2527
22.152
21.9971
21.8187
22.6235
22.538
22.4366
22.3623
22.3202
22.2911
22.2449
22.1563
22.0275
21.9235
431.145
384.374
316.732
263.448
224.133
196.776
179.674
171.319
170.45
173.372
381.366
374.487
314.222
262.232
223.512
196.478
179.616
171.765
172.674
179.29
357.508
370.465
312.877
261.558
223.255
196.517
180.009
172.881
175.745
185.747
350.037
370.788
313.137
261.662
223.41
196.828
180.65
174.204
178.608
190.941
348.029
371.689
313.616
261.895
223.593
197.07
181.074
175.014
180.237
193.745
348.029
371.689
313.616
261.895
223.593
197.07
181.074
175.014
180.237
193.745
350.037
370.788
313.137
261.662
223.41
196.828
180.65
174.204
178.608
190.941
357.508
370.465
312.877
261.558
223.254
196.517
180.009
172.881
175.745
185.747
381.366
374.486
314.222
262.232
223.512
196.478
179.616
171.766
172.674
179.29
431.145
384.373
316.732
263.448
224.133
196.776
179.674
171.319
170.45
173.372
286.404
276.753
254.412
228.089
204.622
186.611
174.814
169.161
169.17
171.943
248.877
263.543
250.677
226.682
204.003
186.331
174.752
169.531
171.053
176.954
224.119
253.089
247.06
225.216
203.42
186.218
175.04
170.487
173.719
182.542
210.095
246.688
244.653
224.237
203.093
186.296
175.531
171.635
176.237
187.095
203.668
243.706
243.514
223.78
202.961
186.385
175.859
172.341
177.677
189.566
203.668
243.706
243.514
223.78
202.961
186.385
175.859
172.341
177.677
189.566
210.095
246.688
244.653
224.237
203.093
186.296
175.531
171.635
176.237
187.095
224.118
253.089
247.06
225.216
203.42
186.218
175.04
170.487
173.719
182.542
248.877
263.543
250.676
226.682
204.003
186.331
174.752
169.531
171.053
176.954
286.404
276.753
254.412
228.089
204.622
186.611
174.814
169.161
169.17
171.943
221.458
216.448
208.379
195.287
181.886
170.841
163.409
160.05
160.668
163.096
204.845
209.023
206.103
194.471
181.54
170.681
163.381
160.345
162.149
167.029
191.608
202.002
203.471
193.358
181.081
170.589
163.616
161.127
164.311
171.533
182.481
196.68
201.185
192.333
180.682
170.59
163.998
162.073
166.385
175.257
177.901
193.925
199.948
191.768
180.469
170.613
164.251
162.655
167.578
177.292
177.901
193.925
199.948
191.768
180.469
170.613
164.251
162.655
167.578
177.292
182.481
196.68
201.185
192.333
180.682
170.59
163.998
162.073
166.385
175.257
191.608
202.002
203.471
193.358
181.081
170.589
163.616
161.127
164.311
171.533
204.845
209.023
206.103
194.471
181.54
170.681
163.381
160.345
162.149
167.029
221.458
216.449
208.379
195.287
181.886
170.841
163.409
160.05
160.668
163.096
173.499
173.142
171.125
165.213
158.162
151.927
147.676
145.986
146.911
148.895
164.363
169.064
169.894
164.808
158.008
151.857
147.673
146.206
148.003
151.788
155.694
164.437
168.071
164.018
157.685
151.801
147.863
146.813
149.654
155.202
149.116
160.499
166.234
163.145
157.327
151.78
148.155
147.554
151.267
158.074
145.679
158.358
165.182
162.631
157.117
151.776
148.346
148.012
152.201
159.655
145.679
158.358
165.182
162.631
157.117
151.776
148.346
148.012
152.201
159.655
149.116
160.499
166.234
163.145
157.327
151.78
148.155
147.554
151.267
158.074
155.694
164.437
168.071
164.018
157.685
151.801
147.863
146.813
149.654
155.202
164.363
169.064
169.894
164.808
158.008
151.857
147.673
146.206
148.003
151.788
173.499
173.142
171.125
165.213
158.162
151.927
147.676
145.986
146.911
148.895
138.697
139.887
140.199
137.954
134.597
131.389
129.221
128.59
129.576
131.103
133.442
137.646
139.582
137.793
134.557
131.374
129.23
128.743
130.336
133.113
127.885
134.711
138.394
137.279
134.354
131.351
129.379
129.193
131.534
135.567
123.412
132.01
137.068
136.629
134.083
131.333
129.598
129.748
132.726
137.669
121.011
130.493
136.281
136.229
133.914
131.324
129.74
130.092
133.422
138.835
121.011
130.493
136.281
136.229
133.914
131.324
129.74
130.092
133.422
138.835
123.412
132.01
137.068
136.629
134.083
131.333
129.598
129.748
132.726
137.669
127.885
134.711
138.394
137.279
134.354
131.351
129.379
129.193
131.534
135.567
133.442
137.647
139.582
137.793
134.557
131.374
129.23
128.743
130.336
133.113
138.697
139.887
140.199
137.954
134.597
131.389
129.221
128.59
129.576
131.103
111.319
112.553
113.464
112.893
111.507
110.046
109.111
109.061
109.951
111.062
108.432
111.37
113.184
112.857
111.521
110.056
109.123
109.16
110.453
112.387
105.099
109.612
112.462
112.549
111.407
110.056
109.235
109.477
111.28
114.065
102.274
107.884
111.581
112.109
111.223
110.047
109.395
109.875
112.12
115.531
100.72
106.886
111.043
111.829
111.103
110.041
109.498
110.122
112.615
116.352
100.72
106.886
111.043
111.829
111.103
110.041
109.498
110.122
112.615
116.352
102.274
107.884
111.581
112.109
111.223
110.047
109.395
109.875
112.12
115.531
105.099
109.612
112.462
112.549
111.407
110.056
109.235
109.477
111.28
114.065
108.432
111.37
113.184
112.857
111.521
110.056
109.123
109.16
110.453
112.387
111.319
112.553
113.464
112.893
111.507
110.046
109.111
109.061
109.951
111.062
87.3827
88.3088
89.1855
89.2769
88.8503
88.3101
88.0255
88.2278
88.9427
89.7063
85.8497
87.7058
89.0737
89.2908
88.8801
88.3273
88.0359
88.2878
89.2569
90.5333
83.9285
86.6949
88.655
89.1163
88.8209
88.3358
88.1155
88.4995
89.798
91.6237
82.2274
85.6427
88.104
88.8375
88.7056
88.3349
88.2272
88.7709
90.3614
92.5951
81.2725
85.0215
87.7592
88.6556
88.6275
88.3328
88.2987
88.9402
90.6952
93.1436
81.2725
85.0215
87.7592
88.6556
88.6275
88.3328
88.2987
88.9401
90.6952
93.1436
82.2274
85.6427
88.104
88.8376
88.7056
88.3349
88.2272
88.7709
90.3613
92.5951
83.9285
86.695
88.655
89.1163
88.8209
88.3358
88.1155
88.4995
89.798
91.6237
85.8497
87.7058
89.0737
89.2909
88.8801
88.3273
88.0359
88.2878
89.2569
90.5333
87.3827
88.3088
89.1855
89.277
88.8503
88.3101
88.0255
88.2279
88.9427
89.7063
65.0113
65.6117
66.2625
66.5303
66.5026
66.3847
66.3852
66.6378
67.148
67.6345
64.2262
65.3146
66.2259
66.5553
66.5299
66.4001
66.3923
66.6703
67.3327
68.1169
63.1678
64.7596
65.9954
66.4614
66.5013
66.4102
66.4444
66.8018
67.6628
68.7785
62.1967
64.1534
65.6716
66.2967
66.4342
66.4127
66.5171
66.9745
68.015
69.3792
61.6429
63.7894
65.4658
66.187
66.3874
66.4128
66.5634
67.0822
68.2251
69.7211
61.6429
63.7894
65.4658
66.187
66.3874
66.4128
66.5633
67.0823
68.2251
69.7211
62.1967
64.1534
65.6717
66.2967
66.4342
66.4127
66.5171
66.9744
68.015
69.3792
63.1678
64.7596
65.9954
66.4614
66.5013
66.4102
66.4444
66.8018
67.6628
68.7785
64.2262
65.3146
66.2259
66.5553
66.5299
66.4001
66.3923
66.6703
67.3326
68.1169
65.0113
65.6117
66.2625
66.5303
66.5026
66.3847
66.3852
66.6377
67.148
67.6345
43.3308
43.6585
44.046
44.2687
44.3465
44.3714
44.4457
44.6355
44.939
45.206
42.966
43.5234
44.0387
44.2878
44.3639
44.3817
44.4497
44.6501
45.0355
45.4523
42.4443
43.2512
43.9258
44.2423
44.3514
44.3892
44.4792
44.7204
45.2099
45.802
41.9523
42.9416
43.7581
44.1568
44.3173
44.392
44.5201
44.8157
45.4013
46.1247
41.6683
42.7535
43.6505
44.0993
44.2929
44.3927
44.5458
44.875
45.5158
46.3096
41.6683
42.7535
43.6505
44.0994
44.2929
44.3927
44.5458
44.875
45.5158
46.3096
41.9523
42.9416
43.7581
44.1568
44.3173
44.392
44.5201
44.8158
45.4013
46.1247
42.4443
43.2512
43.9258
44.2423
44.3514
44.3892
44.4792
44.7204
45.2099
45.802
42.9661
43.5234
44.0387
44.2878
44.364
44.3817
44.4497
44.6501
45.0355
45.4523
43.3308
43.6586
44.046
44.2687
44.3466
44.3714
44.4457
44.6355
44.9389
45.206
21.9245
22.0274
22.1575
22.2445
22.2908
22.3205
22.3626
22.4354
22.538
22.6225
21.8203
21.9859
22.1592
22.2512
22.296
22.325
22.3643
22.4376
22.5708
22.6963
21.6646
21.9066
22.1265
22.2371
22.2922
22.3282
22.3746
22.4587
22.6231
22.8044
21.5147
21.8108
22.0736
22.2102
22.2818
22.3293
22.3882
22.4902
22.6846
22.9059
21.4275
21.7526
22.0403
22.1925
22.2743
22.3296
22.3962
22.509
22.7211
22.9642
21.4275
21.7526
22.0403
22.1925
22.2743
22.3296
22.3962
22.509
22.7212
22.9642
21.5147
21.8108
22.0736
22.2102
22.2818
22.3293
22.3882
22.4902
22.6846
22.9059
21.6646
21.9066
22.1265
22.2371
22.2922
22.3282
22.3746
22.4587
22.6232
22.8044
21.8203
21.9859
22.1592
22.2512
22.296
22.325
22.3643
22.4376
22.5708
22.6963
21.9245
22.0274
22.1575
22.2445
22.2908
22.3205
22.3626
22.4354
22.538
22.6225
)
;

boundaryField
{
    inlet1
    {
        type            cyclic;
    }
    inlet2
    {
        type            cyclic;
    }
    outlet1
    {
        type            cyclic;
    }
    outlet2
    {
        type            cyclic;
    }
    fixedWalls
    {
        type            fixedFluxPressure;
        gradient        uniform 0;
        value           nonuniform List<scalar> 
2600
(
-5.30333e-05
-22.5761
-44.9894
-67.0381
-88.3636
-108.366
-126.115
-140.27
-149.071
-150.457
0.0842829
-22.3095
-44.5041
-66.2768
-87.2563
-106.845
-124.137
-137.849
-146.304
-147.54
0.180307
-22.0136
-44.0033
-65.5742
-86.381
-105.877
-123.233
-137.252
-146.312
-148.419
0.238362
-21.8402
-43.7704
-65.396
-86.4605
-106.542
-124.961
-140.648
-151.997
-156.792
0.259692
-21.7889
-43.7975
-65.7146
-87.4376
-108.76
-129.267
-148.137
-163.844
-173.926
0.265881
-21.7905
-43.9472
-66.2947
-88.9482
-112.028
-135.573
-159.257
-181.926
-201.331
0.289909
-21.7378
-44.0059
-66.7612
-90.386
-115.451
-142.703
-172.748
-205.484
-240.714
0.360185
-21.5344
-43.7627
-66.7026
-91.0009
-117.755
-148.691
-185.932
-231.909
-294.081
0.482493
-21.1563
-43.1248
-65.8445
-90.117
-117.482
-150.761
-194.074
-254.344
-361.814
0.585391
-20.8291
-42.526
-64.9219
-88.8895
-116.303
-151.136
-199.111
-264.046
-408.669
-1.92668e-05
-22.576
-44.9894
-67.0381
-88.3636
-108.366
-126.115
-140.27
-149.071
-150.457
0.0842823
-22.3095
-44.5041
-66.2768
-87.2563
-106.845
-124.137
-137.849
-146.304
-147.54
0.180302
-22.0136
-44.0033
-65.5742
-86.381
-105.877
-123.233
-137.252
-146.312
-148.419
0.238356
-21.8402
-43.7704
-65.396
-86.4605
-106.542
-124.961
-140.648
-151.997
-156.792
0.259686
-21.7889
-43.7975
-65.7146
-87.4376
-108.76
-129.267
-148.137
-163.844
-173.926
0.265874
-21.7905
-43.9473
-66.2947
-88.9482
-112.028
-135.573
-159.257
-181.926
-201.331
0.289902
-21.7378
-44.0059
-66.7612
-90.386
-115.451
-142.703
-172.748
-205.484
-240.714
0.36018
-21.5344
-43.7627
-66.7025
-91.0009
-117.755
-148.691
-185.932
-231.909
-294.081
0.482484
-21.1563
-43.1248
-65.8445
-90.117
-117.482
-150.761
-194.074
-254.344
-361.814
0.585394
-20.8291
-42.526
-64.9219
-88.8895
-116.303
-151.136
-199.111
-264.046
-408.669
-1.92668e-05
-0.0770112
-0.186204
-0.287226
-0.344867
-0.344866
-0.287225
-0.186201
-0.0770149
-5.30333e-05
-22.576
-22.8251
-23.1753
-23.4969
-23.6807
-23.6807
-23.4969
-23.1753
-22.8251
-22.5761
-44.9894
-45.474
-46.1347
-46.7329
-47.0729
-47.0729
-46.7329
-46.1347
-45.474
-44.9894
-67.0381
-67.8663
-68.9539
-69.9208
-70.466
-70.466
-69.9208
-68.9539
-67.8663
-67.0381
-88.3636
-89.6876
-91.3607
-92.8194
-93.6352
-93.6352
-92.8194
-91.3607
-89.6876
-88.3636
-108.366
-110.374
-112.819
-114.911
-116.071
-116.071
-114.911
-112.819
-110.374
-108.366
-126.115
-129.004
-132.407
-135.265
-136.838
-136.838
-135.265
-132.407
-129.004
-126.115
-140.27
-144.197
-148.686
-152.396
-154.421
-154.421
-152.396
-148.686
-144.197
-140.27
-149.071
-154.074
-159.648
-164.187
-166.649
-166.649
-164.187
-159.648
-154.074
-149.071
-150.457
-156.369
-162.813
-167.996
-170.793
-170.793
-167.996
-162.813
-156.368
-150.457
0.585394
0.693233
0.849754
0.998483
1.08433
1.08433
0.998484
0.849755
0.693234
0.585391
-20.8291
-20.4611
-19.9397
-19.4503
-19.1685
-19.1685
-19.4503
-19.9397
-20.4611
-20.8291
-42.526
-41.7387
-40.6834
-39.7181
-39.1683
-39.1683
-39.7181
-40.6834
-41.7387
-42.526
-64.9219
-63.3889
-61.4758
-59.7861
-58.8388
-58.8388
-59.7861
-61.4758
-63.389
-64.9219
-88.8895
-86.0077
-82.6915
-79.8871
-78.3462
-78.3462
-79.8871
-82.6915
-86.0077
-88.8895
-116.303
-111.061
-105.536
-101.098
-98.719
-98.719
-101.098
-105.536
-111.061
-116.303
-151.136
-142.027
-133.412
-126.892
-123.491
-123.491
-126.892
-133.412
-142.027
-151.136
-199.111
-182.553
-169.407
-160.371
-155.845
-155.845
-160.371
-169.407
-182.553
-199.111
-264.046
-226.641
-202.047
-188.173
-181.832
-181.832
-188.173
-202.047
-226.641
-264.046
-408.669
-359.118
-335.532
-328.287
-326.403
-326.403
-328.287
-335.532
-359.118
-408.669
-142.4
-123.539
-94.073
-55.7554
-11.5951
34.6014
78.7575
117.066
146.514
165.35
-139.565
-120.948
-91.9603
-54.3632
-11.1049
34.1223
77.3747
114.959
143.926
162.514
-141.292
-122.91
-93.6584
-55.4791
-11.479
34.5343
78.5239
116.682
145.902
164.242
-151.887
-133.576
-102.563
-61.3113
-13.4816
36.6018
84.413
125.628
156.588
174.837
-173.595
-155.137
-120.377
-72.9078
-17.4612
40.6798
96.096
143.506
178.182
196.543
-210.123
-191.089
-149.7
-91.8176
-23.9279
47.2746
115.118
172.911
214.174
233.065
-267.896
-246.875
-194.231
-120.111
-33.54
57.0378
143.545
217.541
270.006
290.825
-358.442
-330.531
-258.685
-160.163
-47.0076
70.669
183.745
282.109
353.72
381.359
-502.488
-452.967
-347.886
-213.88
-64.8112
88.6326
237.612
371.438
476.233
525.406
-740.089
-629.817
-465.592
-281.431
-86.7159
110.679
305.31
489.299
653.237
763.114
-142.4
-123.539
-94.073
-55.7554
-11.5951
34.6014
78.7575
117.066
146.514
165.35
-139.565
-120.948
-91.9603
-54.3632
-11.1049
34.1223
77.3747
114.959
143.926
162.514
-141.292
-122.91
-93.6584
-55.4791
-11.479
34.5343
78.5239
116.682
145.902
164.242
-151.887
-133.576
-102.563
-61.3113
-13.4815
36.6018
84.413
125.628
156.588
174.837
-173.595
-155.137
-120.377
-72.9077
-17.4612
40.6798
96.096
143.506
178.182
196.543
-210.123
-191.089
-149.7
-91.8175
-23.9279
47.2746
115.118
172.911
214.174
233.065
-267.896
-246.875
-194.231
-120.111
-33.54
57.0378
143.545
217.541
270.006
290.825
-358.442
-330.532
-258.685
-160.163
-47.0076
70.6691
183.745
282.109
353.72
381.359
-502.488
-452.967
-347.886
-213.88
-64.8112
88.6327
237.612
371.438
476.233
525.406
-740.09
-629.817
-465.592
-281.43
-86.7159
110.679
305.31
489.299
653.237
763.114
-142.4
-148.769
-155.603
-161.047
-163.972
-163.972
-161.047
-155.603
-148.769
-142.4
-123.539
-129.649
-136.143
-141.285
-144.04
-144.04
-141.285
-136.143
-129.649
-123.539
-94.073
-99.1438
-104.505
-108.737
-111.001
-111.001
-108.737
-104.505
-99.1438
-94.073
-55.7554
-59.1048
-62.64
-65.4268
-66.9168
-66.9168
-65.4268
-62.64
-59.1049
-55.7554
-11.5951
-12.7677
-14.0082
-14.988
-15.5122
-15.5122
-14.988
-14.0082
-12.7677
-11.5951
34.6014
35.7656
36.9856
37.9418
38.4519
38.4519
37.9418
36.9856
35.7656
34.6014
78.7575
82.1008
85.6194
88.3866
89.8649
89.8649
88.3866
85.6194
82.1008
78.7575
117.066
122.134
127.486
131.705
133.962
133.962
131.705
127.486
122.134
117.066
146.514
152.627
159.12
164.258
167.011
167.011
164.258
159.12
152.627
146.514
165.35
171.725
178.566
184.015
186.943
186.943
184.015
178.566
171.725
165.35
-1293.58
-909.637
-619.589
-360.945
-111.324
135.396
384.957
643.485
933.367
1317.14
-1398.99
-1017.33
-698.822
-408.166
-126.917
151.054
432.263
722.848
1041.27
1422.86
-1418.5
-1055.07
-736.08
-433.314
-135.662
159.831
457.458
760.182
1079.13
1442.52
-1431.56
-1072.08
-753.982
-446.095
-140.23
164.413
470.263
778.123
1096.19
1455.66
-1435.66
-1077.98
-760.835
-451.254
-142.117
166.305
475.431
784.994
1102.12
1459.79
-1435.66
-1077.98
-760.835
-451.254
-142.117
166.305
475.431
784.994
1102.12
1459.79
-1431.56
-1072.08
-753.982
-446.095
-140.23
164.413
470.263
778.124
1096.19
1455.66
-1418.5
-1055.07
-736.08
-433.314
-135.662
159.831
457.458
760.182
1079.13
1442.52
-1398.99
-1017.33
-698.822
-408.166
-126.916
151.054
432.263
722.849
1041.27
1422.86
-1293.58
-909.637
-619.588
-360.945
-111.323
135.396
384.956
643.486
933.367
1317.15
-1293.58
-909.637
-619.589
-360.945
-111.324
135.396
384.957
643.485
933.367
1317.15
-1398.99
-1017.33
-698.822
-408.166
-126.917
151.054
432.263
722.848
1041.27
1422.86
-1418.5
-1055.07
-736.08
-433.314
-135.662
159.831
457.458
760.182
1079.13
1442.52
-1431.56
-1072.08
-753.982
-446.095
-140.23
164.413
470.263
778.124
1096.19
1455.66
-1435.66
-1077.98
-760.835
-451.254
-142.117
166.305
475.431
784.994
1102.12
1459.79
-1435.66
-1077.98
-760.835
-451.254
-142.117
166.305
475.431
784.994
1102.12
1459.79
-1431.56
-1072.08
-753.982
-446.095
-140.23
164.413
470.263
778.124
1096.19
1455.66
-1418.5
-1055.07
-736.08
-433.314
-135.662
159.831
457.458
760.182
1079.13
1442.52
-1398.99
-1017.33
-698.822
-408.166
-126.916
151.054
432.263
722.849
1041.27
1422.86
-1293.58
-909.637
-619.588
-360.945
-111.323
135.396
384.956
643.486
933.367
1317.15
-1293.58
-1465.39
-1608.1
-1705.37
-1754.7
-1754.7
-1705.37
-1608.1
-1465.39
-1293.58
-1398.99
-1491.84
-1569.34
-1626.82
-1657.32
-1657.32
-1626.82
-1569.34
-1491.84
-1398.99
-1418.5
-1463.4
-1501.33
-1532.23
-1549.47
-1549.47
-1532.23
-1501.33
-1463.4
-1418.5
-1431.56
-1461.58
-1485.56
-1505.64
-1517.16
-1517.16
-1505.64
-1485.56
-1461.58
-1431.56
-1435.66
-1460.25
-1478.35
-1493.66
-1502.6
-1502.6
-1493.66
-1478.35
-1460.25
-1435.66
-1435.66
-1460.25
-1478.35
-1493.66
-1502.6
-1502.6
-1493.66
-1478.35
-1460.25
-1435.66
-1431.56
-1461.58
-1485.56
-1505.64
-1517.16
-1517.16
-1505.64
-1485.56
-1461.58
-1431.56
-1418.5
-1463.4
-1501.33
-1532.23
-1549.47
-1549.47
-1532.23
-1501.33
-1463.4
-1418.5
-1398.99
-1491.84
-1569.33
-1626.82
-1657.32
-1657.32
-1626.82
-1569.33
-1491.84
-1398.99
-1293.58
-1465.39
-1608.1
-1705.37
-1754.7
-1754.7
-1705.37
-1608.1
-1465.39
-1293.58
1317.15
1488.93
1631.57
1728.78
1778.08
1778.08
1728.78
1631.57
1488.93
1317.14
1422.86
1515.74
1593.24
1650.73
1681.23
1681.23
1650.73
1593.24
1515.74
1422.86
1442.52
1487.44
1525.39
1556.31
1573.56
1573.56
1556.31
1525.39
1487.44
1442.52
1455.66
1485.7
1509.69
1529.79
1541.32
1541.32
1529.79
1509.69
1485.7
1455.66
1459.79
1484.4
1502.51
1517.83
1526.78
1526.78
1517.83
1502.51
1484.4
1459.79
1459.79
1484.4
1502.51
1517.83
1526.78
1526.78
1517.83
1502.51
1484.4
1459.79
1455.66
1485.7
1509.69
1529.79
1541.32
1541.32
1529.79
1509.69
1485.7
1455.66
1442.52
1487.44
1525.39
1556.31
1573.56
1573.56
1556.31
1525.39
1487.44
1442.52
1422.86
1515.74
1593.24
1650.73
1681.23
1681.23
1650.73
1593.24
1515.74
1422.86
1317.15
1488.93
1631.57
1728.78
1778.08
1778.08
1728.78
1631.57
1488.93
1317.15
-740.088
-629.817
-465.591
-281.431
-86.7156
110.679
305.31
489.3
653.236
763.115
-502.487
-452.967
-347.886
-213.88
-64.8112
88.6327
237.612
371.438
476.233
525.406
-358.442
-330.532
-258.685
-160.163
-47.0075
70.6692
183.745
282.11
353.72
381.36
-267.896
-246.875
-194.231
-120.111
-33.5399
57.0379
143.546
217.542
270.006
290.825
-210.123
-191.089
-149.7
-91.8179
-23.9281
47.2744
115.118
172.911
214.173
233.065
-173.595
-155.137
-120.377
-72.9078
-17.4611
40.6799
96.0961
143.506
178.182
196.543
-151.887
-133.575
-102.563
-61.3109
-13.4811
36.6023
84.4135
125.629
156.589
174.837
-141.293
-122.911
-93.6597
-55.4803
-11.4802
34.5331
78.5228
116.681
145.9
164.241
-139.565
-120.948
-91.9603
-54.3632
-11.1049
34.1223
77.3748
114.959
143.926
162.514
-142.401
-123.54
-94.074
-55.7564
-11.5962
34.6004
78.7565
117.065
146.513
165.349
-142.401
-148.77
-155.606
-161.049
-163.975
-163.975
-161.049
-155.606
-148.77
-142.401
-123.54
-129.651
-136.146
-141.287
-144.042
-144.042
-141.287
-136.146
-129.651
-123.54
-94.074
-99.1455
-104.508
-108.739
-111.003
-111.003
-108.739
-104.508
-99.1455
-94.074
-55.7564
-59.1065
-62.6424
-65.4288
-66.9191
-66.9191
-65.4288
-62.6424
-59.1065
-55.7564
-11.5962
-12.7693
-14.0106
-14.99
-15.5145
-15.5145
-14.99
-14.0106
-12.7693
-11.5962
34.6004
35.764
36.9833
37.9398
38.4496
38.4496
37.9398
36.9833
35.764
34.6004
78.7565
82.0992
85.617
88.3846
89.8626
89.8626
88.3846
85.617
82.0992
78.7565
117.065
122.132
127.484
131.703
133.959
133.959
131.703
127.484
122.132
117.065
146.513
152.625
159.118
164.256
167.009
167.009
164.256
159.118
152.625
146.513
165.349
171.723
178.564
184.013
186.941
186.941
184.013
178.564
171.723
165.349
-740.089
-629.818
-465.591
-281.43
-86.7156
110.679
305.31
489.299
653.236
763.115
-502.487
-452.967
-347.885
-213.88
-64.8112
88.6327
237.612
371.438
476.233
525.406
-358.442
-330.532
-258.685
-160.163
-47.0075
70.6692
183.745
282.109
353.72
381.36
-267.896
-246.875
-194.231
-120.111
-33.5399
57.0379
143.546
217.542
270.006
290.825
-210.123
-191.089
-149.7
-91.8179
-23.9281
47.2744
115.118
172.911
214.173
233.064
-173.595
-155.137
-120.377
-72.9077
-17.4611
40.6799
96.0961
143.506
178.182
196.543
-151.887
-133.575
-102.563
-61.3109
-13.4811
36.6023
84.4135
125.629
156.589
174.837
-141.293
-122.911
-93.6596
-55.4803
-11.4802
34.5331
78.5228
116.681
145.9
164.241
-139.565
-120.948
-91.9603
-54.3632
-11.1049
34.1223
77.3747
114.959
143.926
162.514
-142.401
-123.54
-94.074
-55.7564
-11.5962
34.6004
78.7565
117.065
146.513
165.349
0.58642
-20.8281
-42.525
-64.9209
-88.8885
-116.302
-151.135
-199.11
-264.045
-408.668
0.482467
-21.1564
-43.1248
-65.8445
-90.117
-117.482
-150.761
-194.074
-254.344
-361.815
0.361419
-21.5332
-43.7615
-66.7013
-90.9997
-117.753
-148.69
-185.931
-231.908
-294.081
0.289539
-21.7382
-44.0063
-66.7616
-90.3864
-115.451
-142.704
-172.749
-205.484
-240.714
0.265545
-21.7908
-43.9476
-66.295
-88.9486
-112.029
-135.573
-159.258
-181.926
-201.332
0.259992
-21.7887
-43.7972
-65.7143
-87.4373
-108.759
-129.267
-148.136
-163.844
-173.925
0.238702
-21.8398
-43.77
-65.3956
-86.4601
-106.542
-124.961
-140.648
-151.997
-156.792
0.17905
-22.0149
-44.0046
-65.5755
-86.3823
-105.879
-123.235
-137.253
-146.314
-148.42
0.0842979
-22.3095
-44.5041
-66.2768
-87.2563
-106.845
-124.137
-137.849
-146.304
-147.54
-0.00110095
-22.5771
-44.9904
-67.0391
-88.3646
-108.367
-126.116
-140.271
-149.072
-150.459
0.586419
-20.8281
-42.525
-64.9209
-88.8884
-116.302
-151.135
-199.11
-264.045
-408.668
0.482464
-21.1563
-43.1248
-65.8445
-90.117
-117.482
-150.761
-194.074
-254.344
-361.815
0.361418
-21.5332
-43.7615
-66.7013
-90.9996
-117.753
-148.69
-185.931
-231.908
-294.081
0.289537
-21.7382
-44.0063
-66.7616
-90.3864
-115.451
-142.703
-172.749
-205.484
-240.714
0.265542
-21.7908
-43.9476
-66.295
-88.9485
-112.029
-135.573
-159.258
-181.926
-201.332
0.25999
-21.7886
-43.7972
-65.7143
-87.4373
-108.759
-129.267
-148.136
-163.844
-173.925
0.238697
-21.8398
-43.7701
-65.3956
-86.4601
-106.542
-124.961
-140.648
-151.997
-156.792
0.179044
-22.0149
-44.0046
-65.5755
-86.3823
-105.879
-123.235
-137.253
-146.313
-148.42
0.0842951
-22.3095
-44.5041
-66.2768
-87.2563
-106.845
-124.137
-137.849
-146.304
-147.54
-0.00109758
-22.5771
-44.9904
-67.0391
-88.3646
-108.367
-126.116
-140.271
-149.072
-150.459
0.586419
0.694844
0.85214
1.00053
1.08664
1.08664
1.00053
0.852143
0.694844
0.58642
-20.8281
-20.4595
-19.9373
-19.4482
-19.1662
-19.1662
-19.4482
-19.9373
-20.4595
-20.8281
-42.525
-41.7371
-40.681
-39.716
-39.166
-39.166
-39.716
-40.681
-41.7371
-42.525
-64.9209
-63.3873
-61.4735
-59.784
-58.8365
-58.8365
-59.784
-61.4735
-63.3873
-64.9209
-88.8884
-86.006
-82.689
-79.885
-78.3438
-78.3438
-79.885
-82.6891
-86.0061
-88.8885
-116.302
-111.059
-105.533
-101.096
-98.7165
-98.7165
-101.096
-105.533
-111.059
-116.302
-151.135
-142.026
-133.41
-126.89
-123.488
-123.488
-126.89
-133.41
-142.026
-151.135
-199.11
-182.551
-169.404
-160.369
-155.843
-155.843
-160.369
-169.405
-182.551
-199.11
-264.045
-226.64
-202.044
-188.17
-181.829
-181.829
-188.17
-202.044
-226.639
-264.045
-408.668
-359.118
-335.532
-328.288
-326.403
-326.403
-328.288
-335.532
-359.117
-408.668
-0.00109758
-0.0786411
-0.188612
-0.289305
-0.347206
-0.347202
-0.289298
-0.18861
-0.0786394
-0.00110095
-22.5771
-22.8268
-23.1777
-23.499
-23.6831
-23.6831
-23.499
-23.1777
-22.8268
-22.5771
-44.9904
-45.4756
-46.1372
-46.735
-47.0752
-47.0752
-46.735
-46.1372
-45.4756
-44.9904
-67.0391
-67.8679
-68.9563
-69.9229
-70.4684
-70.4684
-69.9229
-68.9563
-67.8679
-67.0391
-88.3646
-89.6893
-91.3631
-92.8215
-93.6375
-93.6375
-92.8215
-91.3631
-89.6893
-88.3646
-108.367
-110.376
-112.822
-114.913
-116.074
-116.074
-114.913
-112.822
-110.376
-108.367
-126.116
-129.005
-132.409
-135.267
-136.84
-136.84
-135.267
-132.409
-129.005
-126.116
-140.271
-144.198
-148.688
-152.398
-154.424
-154.424
-152.398
-148.688
-144.198
-140.271
-149.072
-154.076
-159.651
-164.189
-166.651
-166.651
-164.189
-159.651
-154.076
-149.072
-150.459
-156.37
-162.816
-167.999
-170.796
-170.796
-167.999
-162.816
-156.37
-150.459
173.373
171.944
163.097
148.896
131.104
111.063
89.7073
67.6356
45.2071
22.6235
170.45
169.17
160.668
146.911
129.576
109.951
88.9427
67.148
44.9389
22.538
171.32
169.162
160.052
145.988
128.591
109.062
88.2291
66.639
44.6368
22.4366
179.673
174.814
163.409
147.676
129.22
109.111
88.0252
66.3849
44.4453
22.3623
196.776
186.611
170.841
151.926
131.389
110.046
88.3098
66.3844
44.3711
22.3202
224.134
204.623
181.887
158.162
134.597
111.507
88.8507
66.503
44.3469
22.2911
263.449
228.09
195.288
165.213
137.954
112.894
89.2773
66.5306
44.2691
22.2449
316.732
254.411
208.378
171.124
140.198
113.463
89.1843
66.2613
44.0448
22.1563
384.374
276.753
216.448
173.142
139.887
112.553
88.3089
65.6118
43.6586
22.0275
431.145
286.403
221.457
173.498
138.696
111.318
87.3817
65.0103
43.3298
21.9235
173.373
171.944
163.097
148.896
131.104
111.063
89.7073
67.6356
45.2071
22.6235
170.45
169.17
160.668
146.911
129.576
109.951
88.9427
67.148
44.9389
22.538
171.32
169.162
160.052
145.988
128.591
109.062
88.2291
66.639
44.6368
22.4366
179.673
174.814
163.409
147.676
129.22
109.111
88.0252
66.3849
44.4453
22.3623
196.776
186.611
170.841
151.926
131.389
110.046
88.3098
66.3844
44.3711
22.3202
224.134
204.623
181.886
158.162
134.597
111.507
88.8506
66.503
44.3469
22.2911
263.449
228.09
195.287
165.213
137.954
112.894
89.2773
66.5306
44.2691
22.2449
316.732
254.411
208.378
171.124
140.198
113.463
89.1843
66.2613
44.0448
22.1563
384.374
276.753
216.448
173.142
139.887
112.553
88.3089
65.6117
43.6586
22.0275
431.145
286.403
221.457
173.498
138.696
111.318
87.3817
65.0103
43.3297
21.9235
173.373
179.292
185.75
190.944
193.747
193.747
190.944
185.75
179.292
173.373
171.944
176.956
182.545
187.098
189.569
189.569
187.098
182.545
176.956
171.944
163.097
167.031
171.535
175.259
177.294
177.294
175.259
171.535
167.031
163.097
148.896
151.79
155.205
158.076
159.657
159.657
158.076
155.205
151.79
148.896
131.104
133.114
135.569
137.671
138.838
138.838
137.671
135.569
133.114
131.104
111.063
112.388
114.068
115.533
116.354
116.354
115.533
114.068
112.388
111.063
89.7073
90.5349
91.6261
92.5972
93.1459
93.1459
92.5972
91.6261
90.5349
89.7073
67.6356
68.1186
68.7809
69.3813
69.7234
69.7234
69.3813
68.7809
68.1186
67.6356
45.2071
45.4539
45.8044
46.1268
46.3119
46.3119
46.1268
45.8044
45.4539
45.2071
22.6235
22.698
22.8068
22.908
22.9665
22.9665
22.908
22.8068
22.698
22.6235
431.145
381.366
357.507
350.037
348.029
348.028
350.037
357.507
381.365
431.145
286.403
248.876
224.116
210.092
203.665
203.665
210.092
224.116
248.876
286.403
221.457
204.844
191.606
182.479
177.899
177.899
182.479
191.606
204.844
221.457
173.498
164.361
155.692
149.114
145.677
145.677
149.114
155.692
164.361
173.498
138.696
133.44
127.883
123.41
121.008
121.008
123.41
127.883
133.44
138.696
111.318
108.431
105.097
102.272
100.718
100.718
102.272
105.097
108.431
111.318
87.3817
85.8481
83.9262
82.2254
81.2702
81.2702
82.2254
83.9262
85.8481
87.3817
65.0103
64.2245
63.1654
62.1947
61.6405
61.6406
62.1947
63.1654
64.2246
65.0103
43.3297
42.9644
42.4419
41.9502
41.666
41.666
41.9502
42.4419
42.9645
43.3298
21.9235
21.8187
21.6623
21.5126
21.4252
21.4252
21.5126
21.6623
21.8187
21.9235
431.145
286.404
221.458
173.499
138.697
111.319
87.3827
65.0113
43.3308
21.9245
384.373
276.753
216.449
173.142
139.887
112.553
88.3088
65.6117
43.6586
22.0274
316.732
254.412
208.379
171.125
140.199
113.464
89.1855
66.2625
44.046
22.1575
263.448
228.089
195.287
165.213
137.954
112.893
89.277
66.5303
44.2687
22.2445
224.133
204.622
181.886
158.162
134.597
111.507
88.8503
66.5026
44.3466
22.2908
196.776
186.611
170.841
151.927
131.389
110.046
88.3101
66.3847
44.3714
22.3205
179.674
174.814
163.409
147.676
129.221
109.111
88.0255
66.3852
44.4457
22.3626
171.319
169.161
160.05
145.986
128.59
109.061
88.2279
66.6377
44.6355
22.4354
170.45
169.17
160.668
146.911
129.576
109.951
88.9427
67.148
44.9389
22.538
173.372
171.943
163.096
148.895
131.103
111.062
89.7063
67.6345
45.206
22.6225
431.145
286.404
221.458
173.499
138.697
111.319
87.3827
65.0113
43.3308
21.9245
384.374
276.753
216.448
173.142
139.887
112.553
88.3088
65.6117
43.6585
22.0274
316.732
254.412
208.379
171.125
140.199
113.464
89.1855
66.2625
44.046
22.1575
263.448
228.089
195.287
165.213
137.954
112.893
89.2769
66.5303
44.2687
22.2445
224.133
204.622
181.886
158.162
134.597
111.507
88.8503
66.5026
44.3465
22.2908
196.776
186.611
170.841
151.927
131.389
110.046
88.3101
66.3847
44.3714
22.3205
179.674
174.814
163.409
147.676
129.221
109.111
88.0255
66.3852
44.4457
22.3626
171.319
169.161
160.05
145.986
128.59
109.061
88.2278
66.6378
44.6355
22.4354
170.45
169.17
160.668
146.911
129.576
109.951
88.9427
67.148
44.939
22.538
173.372
171.943
163.096
148.895
131.103
111.062
89.7063
67.6345
45.206
22.6225
431.145
381.366
357.508
350.037
348.029
348.029
350.037
357.508
381.366
431.145
286.404
248.877
224.119
210.095
203.668
203.668
210.095
224.118
248.877
286.404
221.458
204.845
191.608
182.481
177.901
177.901
182.481
191.608
204.845
221.458
173.499
164.363
155.694
149.116
145.679
145.679
149.116
155.694
164.363
173.499
138.697
133.442
127.885
123.412
121.011
121.011
123.412
127.885
133.442
138.697
111.319
108.432
105.099
102.274
100.72
100.72
102.274
105.099
108.432
111.319
87.3827
85.8497
83.9285
82.2274
81.2725
81.2725
82.2274
83.9285
85.8497
87.3827
65.0113
64.2262
63.1678
62.1967
61.6429
61.6429
62.1967
63.1678
64.2262
65.0113
43.3308
42.966
42.4443
41.9523
41.6683
41.6683
41.9523
42.4443
42.9661
43.3308
21.9245
21.8203
21.6646
21.5147
21.4275
21.4275
21.5147
21.6646
21.8203
21.9245
173.372
179.29
185.747
190.941
193.745
193.745
190.941
185.747
179.29
173.372
171.943
176.954
182.542
187.095
189.566
189.566
187.095
182.542
176.954
171.943
163.096
167.029
171.533
175.257
177.292
177.292
175.257
171.533
167.029
163.096
148.895
151.788
155.202
158.074
159.655
159.655
158.074
155.202
151.788
148.895
131.103
133.113
135.567
137.669
138.835
138.835
137.669
135.567
133.113
131.103
111.062
112.387
114.065
115.531
116.352
116.352
115.531
114.065
112.387
111.062
89.7063
90.5333
91.6237
92.5951
93.1436
93.1436
92.5951
91.6237
90.5333
89.7063
67.6345
68.1169
68.7785
69.3792
69.7211
69.7211
69.3792
68.7785
68.1169
67.6345
45.206
45.4523
45.802
46.1247
46.3096
46.3096
46.1247
45.802
45.4523
45.206
22.6225
22.6963
22.8044
22.9059
22.9642
22.9642
22.9059
22.8044
22.6963
22.6225
)
;
    }
}


// ************************************************************************* //
