/*--------------------------------*- C++ -*----------------------------------*\
  =========                 |
  \\      /  F ield         | OpenFOAM: The Open Source CFD Toolbox
   \\    /   O peration     | Website:  https://openfoam.org
    \\  /    A nd           | Version:  6
     \\/     M anipulation  |
\*---------------------------------------------------------------------------*/
FoamFile
{
    version     2.0;
    format      ascii;
    class       volScalarField;
    location    "0.925";
    object      T;
}
// * * * * * * * * * * * * * * * * * * * * * * * * * * * * * * * * * * * * * //

dimensions      [0 0 0 1 0 0 0];

internalField   nonuniform List<scalar> 
7000
(
106.669
106.668
106.666
106.663
106.66
106.656
106.652
106.649
106.646
106.645
106.669
106.668
106.666
106.663
106.66
106.656
106.652
106.649
106.646
106.645
106.669
106.668
106.666
106.663
106.66
106.656
106.652
106.649
106.646
106.645
106.669
106.668
106.666
106.663
106.66
106.656
106.652
106.649
106.646
106.645
106.669
106.668
106.666
106.663
106.66
106.656
106.652
106.649
106.646
106.645
106.669
106.668
106.666
106.663
106.66
106.656
106.652
106.649
106.646
106.645
106.669
106.668
106.666
106.663
106.66
106.656
106.652
106.649
106.646
106.645
106.669
106.668
106.666
106.663
106.66
106.656
106.652
106.649
106.646
106.645
106.669
106.668
106.666
106.663
106.66
106.656
106.652
106.649
106.646
106.645
106.669
106.668
106.666
106.663
106.66
106.656
106.652
106.649
106.646
106.645
100.028
100.024
100.018
100.009
99.9985
99.9867
99.9749
99.9644
99.9566
99.9523
100.028
100.024
100.018
100.009
99.9985
99.9867
99.9749
99.9644
99.9565
99.9523
100.028
100.024
100.018
100.009
99.9985
99.9866
99.9749
99.9644
99.9565
99.9523
100.028
100.024
100.018
100.009
99.9985
99.9866
99.9749
99.9644
99.9565
99.9523
100.028
100.024
100.018
100.009
99.9985
99.9866
99.9749
99.9644
99.9565
99.9523
100.028
100.024
100.018
100.009
99.9985
99.9866
99.9749
99.9644
99.9565
99.9523
100.028
100.024
100.018
100.009
99.9985
99.9866
99.9749
99.9644
99.9565
99.9523
100.028
100.024
100.018
100.009
99.9985
99.9866
99.9749
99.9644
99.9565
99.9523
100.028
100.024
100.018
100.009
99.9985
99.9866
99.9749
99.9644
99.9565
99.9523
100.028
100.024
100.018
100.009
99.9985
99.9867
99.9749
99.9644
99.9565
99.9523
93.4444
93.4389
93.4284
93.4134
93.3951
93.3748
93.3544
93.3361
93.3222
93.3147
93.4443
93.4389
93.4284
93.4134
93.3951
93.3748
93.3544
93.3361
93.3222
93.3147
93.4443
93.4389
93.4284
93.4134
93.3951
93.3748
93.3544
93.3361
93.3222
93.3147
93.4443
93.4389
93.4284
93.4134
93.3951
93.3748
93.3544
93.3361
93.3222
93.3147
93.4443
93.4389
93.4284
93.4134
93.395
93.3747
93.3544
93.3361
93.3222
93.3147
93.4443
93.4389
93.4284
93.4134
93.395
93.3747
93.3544
93.3361
93.3222
93.3147
93.4443
93.4389
93.4284
93.4134
93.395
93.3747
93.3544
93.3361
93.3222
93.3147
93.4443
93.4389
93.4284
93.4134
93.3951
93.3748
93.3544
93.3361
93.3222
93.3147
93.4443
93.4389
93.4284
93.4134
93.3951
93.3748
93.3544
93.3361
93.3222
93.3147
93.4443
93.4389
93.4284
93.4134
93.3951
93.3748
93.3544
93.3361
93.3222
93.3147
86.958
86.9504
86.9354
86.9141
86.8876
86.858
86.8279
86.8004
86.7792
86.7676
86.958
86.9503
86.9354
86.9141
86.8876
86.858
86.8279
86.8004
86.7792
86.7676
86.958
86.9503
86.9354
86.9141
86.8876
86.858
86.8278
86.8004
86.7792
86.7676
86.958
86.9503
86.9354
86.914
86.8876
86.858
86.8278
86.8004
86.7792
86.7676
86.958
86.9503
86.9354
86.914
86.8876
86.858
86.8278
86.8004
86.7792
86.7676
86.958
86.9503
86.9354
86.914
86.8876
86.858
86.8278
86.8004
86.7792
86.7676
86.958
86.9503
86.9354
86.914
86.8876
86.858
86.8278
86.8004
86.7792
86.7676
86.958
86.9503
86.9354
86.914
86.8876
86.858
86.8278
86.8004
86.7792
86.7676
86.958
86.9503
86.9354
86.9141
86.8876
86.858
86.8278
86.8004
86.7792
86.7676
86.958
86.9503
86.9354
86.9141
86.8876
86.858
86.8279
86.8004
86.7792
86.7676
80.6059
80.596
80.5767
80.5488
80.5137
80.4738
80.4322
80.3933
80.3626
80.3455
80.6059
80.596
80.5767
80.5487
80.5137
80.4737
80.4321
80.3933
80.3626
80.3454
80.6059
80.596
80.5766
80.5487
80.5137
80.4737
80.4321
80.3933
80.3626
80.3454
80.6058
80.596
80.5766
80.5487
80.5136
80.4737
80.4321
80.3933
80.3626
80.3454
80.6058
80.596
80.5766
80.5487
80.5136
80.4737
80.4321
80.3933
80.3626
80.3454
80.6058
80.596
80.5766
80.5487
80.5136
80.4737
80.4321
80.3933
80.3626
80.3454
80.6058
80.596
80.5766
80.5487
80.5136
80.4737
80.4321
80.3933
80.3626
80.3454
80.6058
80.596
80.5766
80.5487
80.5136
80.4737
80.4321
80.3933
80.3626
80.3454
80.6059
80.596
80.5766
80.5487
80.5137
80.4737
80.4321
80.3933
80.3626
80.3454
80.6059
80.596
80.5767
80.5487
80.5137
80.4737
80.4321
80.3933
80.3626
80.3455
74.4237
74.4118
74.3883
74.354
74.3101
74.2588
74.2037
74.1503
74.1063
74.0808
74.4236
74.4117
74.3883
74.3539
74.3101
74.2588
74.2037
74.1503
74.1063
74.0808
74.4236
74.4117
74.3882
74.3539
74.31
74.2588
74.2036
74.1502
74.1063
74.0808
74.4236
74.4117
74.3882
74.3539
74.31
74.2587
74.2036
74.1502
74.1063
74.0808
74.4236
74.4117
74.3882
74.3539
74.31
74.2587
74.2036
74.1502
74.1063
74.0808
74.4236
74.4117
74.3882
74.3539
74.31
74.2587
74.2036
74.1502
74.1063
74.0808
74.4236
74.4117
74.3882
74.3539
74.31
74.2587
74.2036
74.1502
74.1063
74.0808
74.4236
74.4117
74.3882
74.3539
74.31
74.2587
74.2036
74.1502
74.1063
74.0808
74.4236
74.4117
74.3882
74.3539
74.31
74.2588
74.2037
74.1503
74.1063
74.0808
74.4236
74.4117
74.3883
74.3539
74.3101
74.2588
74.2037
74.1503
74.1063
74.0808
68.4449
68.4314
68.4047
68.3649
68.3128
68.2498
68.179
68.1063
68.0425
68.0031
68.4449
68.4314
68.4046
68.3649
68.3127
68.2498
68.1789
68.1063
68.0425
68.0031
68.4448
68.4314
68.4046
68.3648
68.3127
68.2497
68.1789
68.1063
68.0425
68.0031
68.4448
68.4313
68.4046
68.3648
68.3127
68.2497
68.1789
68.1063
68.0425
68.0031
68.4448
68.4313
68.4046
68.3648
68.3127
68.2497
68.1789
68.1062
68.0424
68.003
68.4448
68.4313
68.4046
68.3648
68.3127
68.2497
68.1789
68.1062
68.0424
68.003
68.4448
68.4313
68.4046
68.3648
68.3127
68.2497
68.1789
68.1063
68.0425
68.003
68.4448
68.4313
68.4046
68.3648
68.3127
68.2497
68.1789
68.1063
68.0425
68.0031
68.4448
68.4314
68.4046
68.3648
68.3127
68.2497
68.1789
68.1063
68.0425
68.0031
68.4448
68.4314
68.4046
68.3649
68.3128
68.2498
68.179
68.1063
68.0425
68.0031
62.7004
62.6863
62.6579
62.6149
62.5569
62.4834
62.3956
62.2976
62.2021
62.1359
62.7003
62.6862
62.6578
62.6149
62.5568
62.4834
62.3955
62.2975
62.2021
62.1359
62.7003
62.6862
62.6578
62.6148
62.5568
62.4834
62.3955
62.2975
62.2021
62.1359
62.7003
62.6862
62.6578
62.6148
62.5568
62.4833
62.3955
62.2975
62.202
62.1359
62.7003
62.6861
62.6578
62.6148
62.5568
62.4833
62.3954
62.2975
62.202
62.1358
62.7003
62.6861
62.6578
62.6148
62.5567
62.4833
62.3954
62.2975
62.202
62.1358
62.7003
62.6861
62.6578
62.6148
62.5568
62.4833
62.3954
62.2975
62.202
62.1358
62.7003
62.6862
62.6578
62.6148
62.5568
62.4834
62.3955
62.2975
62.2021
62.1359
62.7003
62.6862
62.6578
62.6149
62.5568
62.4834
62.3955
62.2975
62.2021
62.1359
62.7003
62.6862
62.6579
62.6149
62.5568
62.4834
62.3955
62.2976
62.2021
62.1359
57.2173
57.204
57.1769
57.1349
57.0761
56.9972
56.8943
56.765
56.6169
56.4906
57.2172
57.2039
57.1768
57.1349
57.076
56.9971
56.8942
56.7649
56.6169
56.4906
57.2172
57.2039
57.1768
57.1349
57.076
56.9971
56.8942
56.7649
56.6168
56.4905
57.2172
57.2039
57.1768
57.1348
57.076
56.9971
56.8941
56.7648
56.6168
56.4905
57.2172
57.2038
57.1768
57.1348
57.076
56.997
56.8941
56.7648
56.6168
56.4905
57.2172
57.2038
57.1768
57.1348
57.076
56.997
56.8941
56.7648
56.6168
56.4905
57.2172
57.2038
57.1768
57.1348
57.076
56.9971
56.8941
56.7648
56.6168
56.4905
57.2172
57.2039
57.1768
57.1348
57.076
56.9971
56.8942
56.7649
56.6168
56.4905
57.2172
57.2039
57.1768
57.1349
57.076
56.9971
56.8942
56.7649
56.6169
56.4906
57.2172
57.2039
57.1769
57.1349
57.076
56.9971
56.8942
56.7649
56.6169
56.4906
52.0183
52.0078
51.9863
51.9521
51.9017
51.8288
51.7221
51.5633
51.3315
51.0471
52.0182
52.0078
51.9862
51.952
51.9017
51.8288
51.7221
51.5633
51.3314
51.0471
52.0182
52.0077
51.9862
51.952
51.9016
51.8288
51.722
51.5632
51.3314
51.047
52.0182
52.0077
51.9862
51.952
51.9016
51.8287
51.722
51.5632
51.3313
51.047
52.0181
52.0077
51.9862
51.9519
51.9016
51.8287
51.722
51.5632
51.3313
51.047
52.0181
52.0077
51.9862
51.9519
51.9016
51.8287
51.722
51.5632
51.3313
51.047
52.0181
52.0077
51.9862
51.9519
51.9016
51.8287
51.722
51.5632
51.3313
51.047
52.0182
52.0077
51.9862
51.952
51.9016
51.8287
51.722
51.5632
51.3314
51.047
52.0182
52.0077
51.9862
51.952
51.9017
51.8288
51.722
51.5633
51.3314
51.047
52.0182
52.0078
51.9863
51.952
51.9017
51.8288
51.7221
51.5633
51.3314
51.0471
47.1206
47.1155
47.105
47.0875
47.0597
47.0138
46.9329
46.7792
46.4579
45.6922
47.1206
47.1155
47.1049
47.0875
47.0596
47.0137
46.9329
46.7791
46.4578
45.6921
47.1205
47.1155
47.1049
47.0874
47.0596
47.0137
46.9328
46.7791
46.4577
45.6921
47.1205
47.1154
47.1049
47.0874
47.0596
47.0137
46.9328
46.7791
46.4577
45.692
47.1205
47.1154
47.1049
47.0874
47.0596
47.0136
46.9328
46.779
46.4577
45.692
47.1205
47.1154
47.1049
47.0874
47.0596
47.0136
46.9328
46.779
46.4577
45.692
47.1205
47.1154
47.1049
47.0874
47.0596
47.0136
46.9328
46.7791
46.4577
45.692
47.1205
47.1154
47.1049
47.0874
47.0596
47.0137
46.9328
46.7791
46.4577
45.692
47.1205
47.1155
47.1049
47.0874
47.0596
47.0137
46.9329
46.7791
46.4578
45.6921
47.1206
47.1155
47.105
47.0875
47.0597
47.0138
46.9329
46.7792
46.4578
45.6921
42.5355
42.5384
42.5446
42.5539
42.5653
42.5747
42.5722
42.5361
42.4251
42.181
42.5354
42.5384
42.5445
42.5538
42.5652
42.5746
42.5721
42.536
42.425
42.1809
42.5354
42.5383
42.5445
42.5538
42.5652
42.5746
42.5721
42.536
42.425
42.1809
42.5353
42.5383
42.5445
42.5538
42.5651
42.5745
42.572
42.536
42.425
42.1808
42.5353
42.5383
42.5444
42.5538
42.5651
42.5745
42.572
42.5359
42.4249
42.1808
42.5353
42.5383
42.5444
42.5538
42.5651
42.5745
42.572
42.5359
42.4249
42.1808
42.5353
42.5383
42.5445
42.5538
42.5651
42.5745
42.572
42.5359
42.425
42.1808
42.5354
42.5383
42.5445
42.5538
42.5651
42.5746
42.572
42.536
42.425
42.1808
42.5354
42.5383
42.5445
42.5538
42.5652
42.5746
42.5721
42.536
42.425
42.1809
42.5354
42.5384
42.5446
42.5539
42.5652
42.5746
42.5721
42.5361
42.4251
42.1809
38.2676
38.2808
38.3085
38.3532
38.4178
38.5057
38.6197
38.7635
38.9475
39.2153
38.2675
38.2807
38.3085
38.3531
38.4177
38.5056
38.6197
38.7634
38.9474
39.2153
38.2675
38.2807
38.3084
38.3531
38.4177
38.5056
38.6196
38.7633
38.9473
39.2152
38.2675
38.2807
38.3084
38.3531
38.4177
38.5055
38.6196
38.7633
38.9473
39.2152
38.2675
38.2807
38.3084
38.353
38.4177
38.5055
38.6196
38.7633
38.9473
39.2152
38.2674
38.2807
38.3084
38.353
38.4177
38.5055
38.6196
38.7633
38.9473
39.2152
38.2675
38.2807
38.3084
38.353
38.4177
38.5055
38.6196
38.7633
38.9473
39.2152
38.2675
38.2807
38.3084
38.3531
38.4177
38.5055
38.6196
38.7633
38.9473
39.2152
38.2675
38.2807
38.3085
38.3531
38.4177
38.5056
38.6196
38.7634
38.9474
39.2153
38.2675
38.2808
38.3085
38.3532
38.4178
38.5056
38.6197
38.7634
38.9474
39.2153
34.3156
34.3404
34.3926
34.4776
34.6032
34.7808
35.0259
35.3611
35.8236
36.4817
34.3156
34.3404
34.3926
34.4775
34.6032
34.7808
35.0259
35.3611
35.8235
36.4817
34.3156
34.3403
34.3926
34.4775
34.6031
34.7807
35.0258
35.361
35.8235
36.4816
34.3155
34.3403
34.3925
34.4774
34.6031
34.7807
35.0258
35.361
35.8234
36.4816
34.3155
34.3403
34.3925
34.4774
34.6031
34.7807
35.0258
35.361
35.8234
36.4815
34.3155
34.3403
34.3925
34.4774
34.6031
34.7807
35.0258
35.361
35.8234
36.4815
34.3155
34.3403
34.3925
34.4774
34.6031
34.7807
35.0258
35.361
35.8234
36.4816
34.3155
34.3403
34.3925
34.4775
34.6031
34.7807
35.0258
35.361
35.8235
36.4816
34.3156
34.3404
34.3926
34.4775
34.6031
34.7808
35.0259
35.361
35.8235
36.4816
34.3156
34.3404
34.3926
34.4775
34.6032
34.7808
35.0259
35.3611
35.8236
36.4817
30.6732
30.7097
30.7867
30.9122
31.0993
31.3662
31.7384
32.2506
32.9504
33.9034
30.6731
30.7096
30.7866
30.9122
31.0992
31.3661
31.7383
32.2505
32.9503
33.9033
30.6731
30.7096
30.7866
30.9121
31.0992
31.3661
31.7383
32.2505
32.9503
33.9033
30.6731
30.7096
30.7865
30.9121
31.0991
31.366
31.7382
32.2504
32.9503
33.9032
30.6731
30.7095
30.7865
30.9121
31.0991
31.366
31.7382
32.2504
32.9502
33.9032
30.6731
30.7095
30.7865
30.9121
31.0991
31.366
31.7382
32.2504
32.9502
33.9032
30.6731
30.7096
30.7865
30.9121
31.0991
31.366
31.7382
32.2504
32.9503
33.9032
30.6731
30.7096
30.7865
30.9121
31.0992
31.3661
31.7383
32.2505
32.9503
33.9033
30.6731
30.7096
30.7866
30.9122
31.0992
31.3661
31.7383
32.2505
32.9503
33.9033
30.6731
30.7096
30.7866
30.9122
31.0993
31.3662
31.7384
32.2506
32.9504
33.9034
27.3299
27.3769
27.4762
27.6383
27.8802
28.2262
28.7099
29.3745
30.2732
31.4643
27.3298
27.3769
27.4762
27.6383
27.8801
28.2262
28.7098
29.3744
30.2732
31.4642
27.3298
27.3769
27.4761
27.6382
27.8801
28.2261
28.7098
29.3744
30.2731
31.4641
27.3298
27.3768
27.4761
27.6382
27.8801
28.2261
28.7097
29.3744
30.2731
31.4641
27.3298
27.3768
27.4761
27.6382
27.8801
28.2261
28.7097
29.3743
30.2731
31.4641
27.3297
27.3768
27.4761
27.6382
27.8801
28.2261
28.7097
29.3743
30.2731
31.4641
27.3298
27.3768
27.4761
27.6382
27.8801
28.2261
28.7097
29.3744
30.2731
31.4641
27.3298
27.3768
27.4761
27.6382
27.8801
28.2261
28.7098
29.3744
30.2731
31.4641
27.3298
27.3769
27.4762
27.6383
27.8801
28.2262
28.7098
29.3744
30.2731
31.4642
27.3298
27.3769
27.4762
27.6383
27.8802
28.2262
28.7099
29.3745
30.2732
31.4642
24.273
24.3284
24.445
24.6355
24.9196
25.3267
25.8973
26.6843
27.7507
29.1568
24.273
24.3283
24.445
24.6354
24.9195
25.3267
25.8973
26.6843
27.7506
29.1568
24.2729
24.3283
24.445
24.6354
24.9195
25.3266
25.8972
26.6842
27.7506
29.1567
24.2729
24.3283
24.4449
24.6353
24.9195
25.3266
25.8972
26.6842
27.7506
29.1567
24.2729
24.3282
24.4449
24.6353
24.9195
25.3266
25.8972
26.6842
27.7505
29.1567
24.2729
24.3282
24.4449
24.6353
24.9195
25.3266
25.8972
26.6842
27.7505
29.1567
24.2729
24.3283
24.4449
24.6353
24.9195
25.3266
25.8972
26.6842
27.7506
29.1567
24.2729
24.3283
24.4449
24.6354
24.9195
25.3266
25.8972
26.6842
27.7506
29.1567
24.273
24.3283
24.445
24.6354
24.9195
25.3267
25.8973
26.6843
27.7506
29.1568
24.273
24.3283
24.445
24.6354
24.9196
25.3267
25.8973
26.6843
27.7507
29.1568
21.4891
21.5495
21.6767
21.8839
22.1927
22.6354
23.2588
24.1279
25.3286
26.9533
21.489
21.5494
21.6767
21.8839
22.1927
22.6354
23.2587
24.1279
25.3286
26.9532
21.489
21.5494
21.6766
21.8838
22.1926
22.6353
23.2587
24.1278
25.3285
26.9532
21.489
21.5494
21.6766
21.8838
22.1926
22.6353
23.2586
24.1278
25.3285
26.9531
21.4889
21.5494
21.6766
21.8838
22.1926
22.6353
23.2586
24.1278
25.3285
26.9531
21.4889
21.5494
21.6766
21.8838
22.1926
22.6353
23.2586
24.1278
25.3285
26.9531
21.4889
21.5494
21.6766
21.8838
22.1926
22.6353
23.2586
24.1278
25.3285
26.9531
21.489
21.5494
21.6766
21.8838
22.1926
22.6353
23.2587
24.1278
25.3285
26.9532
21.489
21.5494
21.6767
21.8839
22.1927
22.6354
23.2587
24.1279
25.3286
26.9532
21.489
21.5495
21.6767
21.8839
22.1927
22.6354
23.2588
24.1279
25.3286
26.9533
18.9648
19.0266
19.1565
19.367
19.6792
20.1251
20.7538
21.6415
22.9112
24.7559
18.9647
19.0266
19.1564
19.3669
19.6791
20.1251
20.7538
21.6415
22.9111
24.7558
18.9647
19.0266
19.1564
19.3669
19.6791
20.125
20.7538
21.6414
22.9111
24.7558
18.9647
19.0265
19.1564
19.3669
19.679
20.125
20.7537
21.6414
22.9111
24.7558
18.9647
19.0265
19.1563
19.3669
19.679
20.125
20.7537
21.6414
22.9111
24.7558
18.9647
19.0265
19.1563
19.3669
19.679
20.125
20.7537
21.6414
22.9111
24.7558
18.9647
19.0265
19.1564
19.3669
19.679
20.125
20.7537
21.6414
22.9111
24.7558
18.9647
19.0266
19.1564
19.3669
19.6791
20.1251
20.7538
21.6414
22.9111
24.7558
18.9647
19.0266
19.1564
19.3669
19.6791
20.1251
20.7538
21.6415
22.9112
24.7559
18.9647
19.0266
19.1565
19.367
19.6792
20.1251
20.7539
21.6415
22.9112
24.7559
16.6883
16.748
16.8726
17.0729
17.3665
17.7801
18.3545
19.1584
20.33
22.2338
16.6883
16.748
16.8726
17.0729
17.3665
17.78
18.3545
19.1584
20.3299
22.2337
16.6882
16.7479
16.8725
17.0729
17.3665
17.78
18.3544
19.1583
20.3299
22.2337
16.6882
16.7479
16.8725
17.0728
17.3664
17.78
18.3544
19.1583
20.3298
22.2337
16.6882
16.7479
16.8725
17.0728
17.3664
17.78
18.3544
19.1583
20.3298
22.2337
16.6882
16.7479
16.8725
17.0728
17.3664
17.78
18.3544
19.1583
20.3298
22.2337
16.6882
16.7479
16.8725
17.0728
17.3664
17.78
18.3544
19.1583
20.3298
22.2337
16.6882
16.7479
16.8725
17.0729
17.3665
17.78
18.3544
19.1583
20.3299
22.2337
16.6883
16.748
16.8726
17.0729
17.3665
17.78
18.3545
19.1584
20.3299
22.2338
16.6883
16.748
16.8726
17.0729
17.3665
17.7801
18.3545
19.1584
20.33
22.2338
43.5125
43.4888
45.0196
47.9156
52.1748
57.9216
65.4143
75.1109
87.8441
105.287
43.5124
43.4887
45.0195
47.9155
52.1747
57.9215
65.4142
75.1108
87.844
105.287
43.5123
43.4887
45.0194
47.9155
52.1746
57.9214
65.4141
75.1107
87.8439
105.287
43.5123
43.4886
45.0194
47.9154
52.1746
57.9214
65.4141
75.1107
87.8438
105.287
43.5123
43.4886
45.0194
47.9154
52.1745
57.9213
65.414
75.1106
87.8438
105.287
43.5123
43.4886
45.0194
47.9154
52.1745
57.9213
65.414
75.1106
87.8438
105.287
43.5123
43.4886
45.0194
47.9154
52.1746
57.9213
65.414
75.1106
87.8438
105.287
43.5123
43.4886
45.0194
47.9154
52.1746
57.9214
65.4141
75.1107
87.8438
105.287
43.5123
43.4887
45.0195
47.9155
52.1746
57.9214
65.4141
75.1107
87.8439
105.287
43.5124
43.4887
45.0195
47.9155
52.1747
57.9215
65.4142
75.1108
87.844
105.287
41.8475
42.4753
44.2392
47.1771
51.3483
56.8699
63.9339
72.8226
83.9015
97.4663
41.8474
42.4752
44.2391
47.177
51.3482
56.8698
63.9338
72.8225
83.9013
97.4662
41.8473
42.4752
44.239
47.177
51.3481
56.8697
63.9337
72.8224
83.9013
97.4661
41.8473
42.4751
44.239
47.1769
51.3481
56.8696
63.9337
72.8224
83.9012
97.466
41.8473
42.4751
44.2389
47.1769
51.3481
56.8696
63.9336
72.8224
83.9012
97.466
41.8473
42.4751
44.2389
47.1769
51.3481
56.8696
63.9336
72.8224
83.9012
97.466
41.8473
42.4751
44.2389
47.1769
51.3481
56.8696
63.9337
72.8224
83.9012
97.466
41.8473
42.4751
44.239
47.1769
51.3481
56.8697
63.9337
72.8224
83.9012
97.4661
41.8473
42.4752
44.239
47.177
51.3482
56.8697
63.9338
72.8225
83.9013
97.4662
41.8474
42.4753
44.2391
47.1771
51.3483
56.8698
63.9339
72.8226
83.9014
97.4663
39.7218
40.8705
42.8707
45.8304
49.8324
54.9695
61.352
69.0926
78.2415
88.6039
39.7217
40.8704
42.8706
45.8303
49.8323
54.9694
61.3519
69.0925
78.2414
88.6038
39.7216
40.8703
42.8706
45.8302
49.8322
54.9693
61.3518
69.0924
78.2413
88.6037
39.7216
40.8703
42.8705
45.8301
49.8322
54.9692
61.3517
69.0924
78.2413
88.6036
39.7216
40.8702
42.8705
45.8301
49.8322
54.9692
61.3517
69.0923
78.2412
88.6036
39.7216
40.8702
42.8705
45.8301
49.8322
54.9692
61.3517
69.0923
78.2412
88.6036
39.7216
40.8703
42.8705
45.8301
49.8322
54.9692
61.3517
69.0924
78.2412
88.6036
39.7216
40.8703
42.8706
45.8302
49.8322
54.9693
61.3518
69.0924
78.2413
88.6037
39.7217
40.8703
42.8706
45.8302
49.8323
54.9693
61.3518
69.0925
78.2414
88.6037
39.7217
40.8704
42.8707
45.8303
49.8324
54.9694
61.3519
69.0926
78.2415
88.6038
37.4625
38.9623
41.1303
44.0659
47.8415
52.5161
58.1338
64.7019
72.1372
80.1689
37.4624
38.9622
41.1302
44.0658
47.8414
52.516
58.1337
64.7017
72.1371
80.1688
37.4623
38.9621
41.1301
44.0658
47.8413
52.5159
58.1336
64.7017
72.137
80.1687
37.4623
38.9621
41.1301
44.0657
47.8413
52.5159
58.1336
64.7016
72.1369
80.1686
37.4623
38.9621
41.1301
44.0657
47.8413
52.5158
58.1335
64.7016
72.1369
80.1686
37.4623
38.9621
41.13
44.0657
47.8413
52.5158
58.1335
64.7016
72.1369
80.1686
37.4623
38.9621
41.1301
44.0657
47.8413
52.5159
58.1336
64.7016
72.1369
80.1686
37.4623
38.9621
41.1301
44.0657
47.8413
52.5159
58.1336
64.7016
72.137
80.1687
37.4624
38.9622
41.1302
44.0658
47.8414
52.516
58.1337
64.7017
72.1371
80.1688
37.4625
38.9623
41.1302
44.0659
47.8415
52.5161
58.1338
64.7018
72.1372
80.1689
35.1973
36.9362
39.2097
42.0853
45.61
49.8101
54.6849
60.1892
66.2042
72.5007
35.1973
36.9361
39.2096
42.0852
45.6099
49.81
54.6848
60.1891
66.2041
72.5006
35.1972
36.936
39.2095
42.0852
45.6098
49.8099
54.6847
60.189
66.204
72.5005
35.1972
36.936
39.2095
42.0851
45.6097
49.8098
54.6846
60.189
66.2039
72.5005
35.1971
36.9359
39.2095
42.0851
45.6097
49.8098
54.6846
60.1889
66.2039
72.5004
35.1971
36.9359
39.2095
42.0851
45.6097
49.8098
54.6846
60.1889
66.2039
72.5004
35.1971
36.936
39.2095
42.0851
45.6097
49.8098
54.6846
60.1889
66.2039
72.5005
35.1972
36.936
39.2095
42.0852
45.6098
49.8099
54.6847
60.189
66.204
72.5005
35.1972
36.9361
39.2096
42.0852
45.6098
49.81
54.6848
60.1891
66.2041
72.5006
35.1973
36.9361
39.2097
42.0853
45.6099
49.8101
54.6849
60.1892
66.2042
72.5007
33.0014
34.9253
37.2732
40.0776
43.3587
47.1167
51.3227
55.9078
60.7538
65.6894
33.0014
34.9252
37.2731
40.0775
43.3586
47.1166
51.3226
55.9077
60.7537
65.6893
33.0013
34.9252
37.2731
40.0774
43.3585
47.1165
51.3225
55.9076
60.7536
65.6892
33.0013
34.9251
37.273
40.0773
43.3584
47.1165
51.3225
55.9076
60.7535
65.6891
33.0012
34.9251
37.273
40.0773
43.3584
47.1165
51.3224
55.9076
60.7535
65.6891
33.0012
34.9251
37.273
40.0773
43.3584
47.1165
51.3224
55.9076
60.7535
65.6891
33.0013
34.9251
37.273
40.0773
43.3584
47.1165
51.3225
55.9076
60.7535
65.6891
33.0013
34.9252
37.2731
40.0774
43.3585
47.1165
51.3225
55.9076
60.7536
65.6892
33.0013
34.9252
37.2731
40.0775
43.3586
47.1166
51.3226
55.9077
60.7537
65.6893
33.0014
34.9253
37.2732
40.0775
43.3586
47.1167
51.3227
55.9078
60.7538
65.6894
30.9306
33.0379
35.4639
38.2118
41.2828
44.6591
48.2934
52.1029
55.9727
59.7741
30.9305
33.0378
35.4638
38.2117
41.2827
44.659
48.2933
52.1028
55.9726
59.774
30.9305
33.0378
35.4637
38.2116
41.2826
44.659
48.2932
52.1027
55.9725
59.7739
30.9304
33.0377
35.4637
38.2116
41.2826
44.6589
48.2932
52.1026
55.9725
59.7739
30.9304
33.0377
35.4636
38.2115
41.2825
44.6589
48.2931
52.1026
55.9724
59.7739
30.9304
33.0377
35.4636
38.2115
41.2825
44.6589
48.2931
52.1026
55.9724
59.7739
30.9304
33.0377
35.4637
38.2116
41.2826
44.6589
48.2932
52.1026
55.9725
59.7739
30.9305
33.0378
35.4637
38.2116
41.2826
44.659
48.2932
52.1027
55.9725
59.7739
30.9305
33.0378
35.4638
38.2117
41.2827
44.659
48.2933
52.1028
55.9726
59.774
30.9306
33.0379
35.4639
38.2118
41.2828
44.6591
48.2934
52.1029
55.9727
59.7741
29.0326
31.3747
33.912
36.6379
39.5501
42.6232
45.7962
48.9693
52.0125
54.8015
29.0325
31.3747
33.912
36.6378
39.55
42.6231
45.7961
48.9692
52.0124
54.8014
29.0325
31.3746
33.9119
36.6378
39.55
42.6231
45.7961
48.9691
52.0123
54.8013
29.0325
31.3746
33.9119
36.6377
39.5499
42.623
45.796
48.969
52.0123
54.8012
29.0324
31.3745
33.9118
36.6377
39.5499
42.623
45.796
48.969
52.0122
54.8012
29.0324
31.3746
33.9118
36.6377
39.5499
42.623
45.796
48.969
52.0122
54.8012
29.0325
31.3746
33.9119
36.6377
39.5499
42.623
45.796
48.969
52.0123
54.8012
29.0325
31.3746
33.9119
36.6378
39.55
42.6231
45.7961
48.9691
52.0123
54.8013
29.0326
31.3747
33.912
36.6378
39.55
42.6232
45.7962
48.9692
52.0124
54.8014
29.0326
31.3747
33.9121
36.6379
39.5501
42.6233
45.7963
48.9693
52.0125
54.8015
27.3701
30.0533
32.7466
35.4888
38.3014
41.163
44.002
46.6917
49.0519
50.8761
27.37
30.0532
32.7465
35.4888
38.3013
41.1629
44.0019
46.6916
49.0518
50.876
27.3699
30.0532
32.7465
35.4887
38.3013
41.1629
44.0018
46.6915
49.0517
50.8759
27.3699
30.0532
32.7464
35.4887
38.3012
41.1628
44.0017
46.6915
49.0517
50.8759
27.3699
30.0531
32.7464
35.4886
38.3012
41.1628
44.0017
46.6914
49.0517
50.8758
27.3699
30.0531
32.7464
35.4886
38.3012
41.1628
44.0017
46.6914
49.0517
50.8758
27.3699
30.0532
32.7464
35.4887
38.3012
41.1628
44.0018
46.6915
49.0517
50.8759
27.3699
30.0532
32.7465
35.4887
38.3013
41.1629
44.0018
46.6915
49.0517
50.8759
27.37
30.0533
32.7466
35.4888
38.3014
41.163
44.0019
46.6916
49.0518
50.876
27.3701
30.0533
32.7466
35.4889
38.3015
41.1631
44.002
46.6917
49.0519
50.8761
26.1262
29.2523
32.1028
34.8772
37.6455
40.398
43.056
45.4651
47.3662
48.3163
26.1262
29.2522
32.1028
34.8771
37.6454
40.3979
43.0559
45.465
47.3662
48.3162
26.1261
29.2522
32.1027
34.877
37.6454
40.3979
43.0559
45.465
47.3661
48.3161
26.1261
29.2522
32.1027
34.877
37.6454
40.3978
43.0558
45.4649
47.366
48.3161
26.1261
29.2521
32.1026
34.877
37.6453
40.3978
43.0558
45.4649
47.366
48.316
26.1261
29.2521
32.1027
34.877
37.6453
40.3978
43.0558
45.4649
47.366
48.316
26.1261
29.2522
32.1027
34.877
37.6454
40.3978
43.0558
45.4649
47.3661
48.3161
26.1261
29.2522
32.1027
34.8771
37.6454
40.3979
43.0559
45.465
47.3661
48.3161
26.1262
29.2523
32.1028
34.8771
37.6455
40.398
43.056
45.4651
47.3662
48.3162
26.1263
29.2523
32.1029
34.8772
37.6456
40.3981
43.0561
45.4652
47.3663
48.3163
131.33
143.815
151.539
156.996
161.065
164.142
166.436
168.072
169.126
169.642
131.33
143.815
151.539
156.995
161.065
164.142
166.436
168.072
169.125
169.642
131.33
143.814
151.539
156.995
161.065
164.142
166.436
168.072
169.125
169.642
131.33
143.814
151.539
156.995
161.065
164.142
166.436
168.072
169.125
169.642
131.33
143.814
151.539
156.995
161.065
164.142
166.436
168.072
169.125
169.642
131.33
143.814
151.539
156.995
161.065
164.142
166.436
168.072
169.125
169.642
131.33
143.814
151.539
156.995
161.065
164.142
166.436
168.072
169.125
169.642
131.33
143.814
151.539
156.995
161.065
164.142
166.436
168.072
169.125
169.642
131.33
143.814
151.539
156.995
161.065
164.142
166.436
168.072
169.126
169.642
131.33
143.815
151.539
156.996
161.065
164.142
166.436
168.072
169.126
169.642
112.856
124.096
132.093
137.939
142.308
145.594
148.03
149.759
150.869
151.412
112.856
124.096
132.093
137.938
142.308
145.594
148.03
149.759
150.869
151.412
112.856
124.096
132.093
137.938
142.308
145.594
148.03
149.759
150.869
151.412
112.856
124.096
132.093
137.938
142.308
145.594
148.03
149.759
150.869
151.412
112.856
124.095
132.093
137.938
142.308
145.594
148.03
149.759
150.869
151.412
112.856
124.095
132.093
137.938
142.308
145.594
148.03
149.759
150.869
151.412
112.856
124.096
132.093
137.938
142.308
145.594
148.03
149.759
150.869
151.412
112.856
124.096
132.093
137.938
142.308
145.594
148.03
149.759
150.869
151.412
112.856
124.096
132.093
137.938
142.308
145.594
148.03
149.759
150.869
151.412
112.856
124.096
132.093
137.939
142.308
145.594
148.03
149.759
150.869
151.412
99.3252
108.42
115.608
121.174
125.459
128.727
131.167
132.904
134.021
134.568
99.325
108.42
115.608
121.174
125.459
128.727
131.167
132.904
134.021
134.568
99.3249
108.42
115.607
121.174
125.458
128.727
131.166
132.904
134.021
134.568
99.3249
108.42
115.607
121.174
125.458
128.727
131.166
132.904
134.021
134.568
99.3248
108.42
115.607
121.174
125.458
128.727
131.166
132.903
134.021
134.568
99.3248
108.42
115.607
121.174
125.458
128.727
131.166
132.903
134.021
134.568
99.3249
108.42
115.607
121.174
125.458
128.727
131.166
132.904
134.021
134.568
99.3249
108.42
115.607
121.174
125.458
128.727
131.166
132.904
134.021
134.568
99.325
108.42
115.608
121.174
125.459
128.727
131.167
132.904
134.021
134.568
99.3251
108.42
115.608
121.174
125.459
128.727
131.167
132.904
134.021
134.568
88.2201
95.4642
101.564
106.522
110.463
113.533
115.856
117.523
118.6
119.129
88.2199
95.4641
101.564
106.522
110.463
113.533
115.855
117.523
118.6
119.129
88.2198
95.464
101.564
106.521
110.463
113.533
115.855
117.523
118.6
119.129
88.2198
95.464
101.564
106.521
110.463
113.533
115.855
117.523
118.6
119.129
88.2198
95.4639
101.564
106.521
110.463
113.533
115.855
117.522
118.6
119.129
88.2198
95.4639
101.564
106.521
110.463
113.533
115.855
117.522
118.6
119.129
88.2198
95.464
101.564
106.521
110.463
113.533
115.855
117.523
118.6
119.129
88.2198
95.464
101.564
106.521
110.463
113.533
115.855
117.523
118.6
119.129
88.2199
95.4641
101.564
106.522
110.463
113.533
115.855
117.523
118.6
119.129
88.22
95.4642
101.564
106.522
110.463
113.533
115.856
117.523
118.601
119.13
78.7237
84.4669
89.49
93.7206
97.1829
99.9389
102.056
103.592
104.593
105.085
78.7236
84.4668
89.4899
93.7205
97.1828
99.9388
102.056
103.592
104.592
105.085
78.7235
84.4667
89.4898
93.7204
97.1827
99.9387
102.056
103.592
104.592
105.085
78.7234
84.4666
89.4897
93.7203
97.1826
99.9386
102.056
103.592
104.592
105.085
78.7234
84.4666
89.4897
93.7203
97.1826
99.9386
102.056
103.592
104.592
105.085
78.7234
84.4666
89.4897
93.7203
97.1826
99.9386
102.056
103.592
104.592
105.085
78.7234
84.4666
89.4897
93.7203
97.1826
99.9387
102.056
103.592
104.592
105.085
78.7235
84.4667
89.4898
93.7204
97.1827
99.9387
102.056
103.592
104.592
105.085
78.7236
84.4668
89.4899
93.7205
97.1828
99.9388
102.056
103.592
104.592
105.085
78.7237
84.4669
89.49
93.7206
97.1829
99.9389
102.056
103.593
104.593
105.085
70.5062
75.0022
79.0323
82.522
85.4515
87.833
89.6925
91.0583
91.9544
92.398
70.5061
75.0021
79.0322
82.5218
85.4513
87.8329
89.6924
91.0581
91.9542
92.398
70.506
75.002
79.0321
82.5217
85.4512
87.8328
89.6923
91.0581
91.9542
92.3979
70.506
75.002
79.032
82.5217
85.4512
87.8327
89.6923
91.058
91.9541
92.3978
70.5059
75.002
79.032
82.5217
85.4512
87.8327
89.6923
91.058
91.9541
92.3978
70.5059
75.002
79.032
82.5217
85.4512
87.8327
89.6923
91.058
91.9541
92.3978
70.506
75.002
79.0321
82.5217
85.4512
87.8328
89.6923
91.058
91.9541
92.3979
70.506
75.002
79.0321
82.5218
85.4513
87.8328
89.6924
91.0581
91.9542
92.3979
70.5061
75.0021
79.0322
82.5219
85.4514
87.8329
89.6925
91.0582
91.9543
92.398
70.5062
75.0023
79.0323
82.522
85.4515
87.833
89.6926
91.0583
91.9544
92.3982
63.4025
66.8094
69.932
72.71
75.1026
77.0906
78.6698
79.8448
80.6225
81.0096
63.4023
66.8093
69.9319
72.7098
75.1025
77.0904
78.6697
79.8447
80.6224
81.0095
63.4023
66.8092
69.9318
72.7098
75.1024
77.0904
78.6696
79.8446
80.6224
81.0095
63.4022
66.8092
69.9318
72.7097
75.1023
77.0903
78.6696
79.8445
80.6223
81.0094
63.4022
66.8091
69.9317
72.7097
75.1023
77.0903
78.6696
79.8445
80.6223
81.0094
63.4022
66.8091
69.9317
72.7097
75.1023
77.0903
78.6696
79.8445
80.6223
81.0094
63.4022
66.8092
69.9318
72.7097
75.1023
77.0903
78.6696
79.8445
80.6223
81.0095
63.4023
66.8092
69.9318
72.7098
75.1024
77.0904
78.6697
79.8446
80.6224
81.0095
63.4024
66.8093
69.9319
72.7099
75.1025
77.0905
78.6698
79.8447
80.6225
81.0096
63.4025
66.8094
69.932
72.71
75.1026
77.0906
78.6699
79.8448
80.6226
81.0098
57.3035
59.6961
61.9815
64.0969
65.9795
67.5842
68.884
69.8648
70.5204
70.8485
57.3034
59.696
61.9814
64.0968
65.9794
67.5841
68.8839
69.8647
70.5203
70.8484
57.3033
59.6959
61.9813
64.0967
65.9793
67.584
68.8838
69.8646
70.5202
70.8484
57.3032
59.6958
61.9812
64.0967
65.9792
67.5839
68.8837
69.8646
70.5202
70.8483
57.3032
59.6958
61.9812
64.0967
65.9792
67.5839
68.8837
69.8645
70.5201
70.8483
57.3032
59.6958
61.9812
64.0967
65.9792
67.5839
68.8837
69.8646
70.5202
70.8483
57.3033
59.6958
61.9812
64.0967
65.9793
67.5839
68.8838
69.8646
70.5202
70.8483
57.3033
59.6959
61.9813
64.0968
65.9793
67.584
68.8838
69.8647
70.5203
70.8484
57.3034
59.696
61.9814
64.0968
65.9794
67.5841
68.8839
69.8648
70.5204
70.8485
57.3035
59.6961
61.9815
64.097
65.9795
67.5842
68.884
69.8649
70.5205
70.8486
52.0856
53.4709
54.99
56.5133
57.9372
59.1911
60.2301
61.0266
61.5646
61.8355
52.0855
53.4708
54.9899
56.5132
57.9371
59.191
60.23
61.0265
61.5645
61.8354
52.0854
53.4707
54.9898
56.5132
57.937
59.1909
60.2299
61.0264
61.5644
61.8353
52.0854
53.4707
54.9898
56.5131
57.937
59.1909
60.2299
61.0263
61.5644
61.8353
52.0853
53.4707
54.9898
56.5131
57.9369
59.1909
60.2298
61.0263
61.5643
61.8353
52.0853
53.4707
54.9898
56.5131
57.9369
59.1909
60.2298
61.0263
61.5643
61.8353
52.0854
53.4707
54.9898
56.5131
57.937
59.1909
60.2299
61.0264
61.5644
61.8353
52.0854
53.4708
54.9899
56.5132
57.937
59.191
60.2299
61.0264
61.5644
61.8354
52.0855
53.4708
54.9899
56.5133
57.9371
59.1911
60.23
61.0265
61.5645
61.8355
52.0856
53.471
54.9901
56.5134
57.9372
59.1912
60.2302
61.0267
61.5647
61.8356
47.4497
47.876
48.7643
49.8049
50.8458
51.7987
52.6082
53.2394
53.6705
53.8889
47.4496
47.8759
48.7642
49.8048
50.8457
51.7985
52.6081
53.2393
53.6704
53.8888
47.4495
47.8758
48.7642
49.8047
50.8456
51.7985
52.608
53.2392
53.6703
53.8888
47.4495
47.8758
48.7641
49.8047
50.8455
51.7984
52.608
53.2392
53.6703
53.8887
47.4494
47.8757
48.7641
49.8046
50.8455
51.7984
52.608
53.2392
53.6703
53.8887
47.4494
47.8757
48.7641
49.8046
50.8455
51.7984
52.608
53.2392
53.6703
53.8887
47.4495
47.8758
48.7641
49.8047
50.8456
51.7984
52.608
53.2392
53.6703
53.8888
47.4495
47.8758
48.7642
49.8047
50.8456
51.7985
52.6081
53.2393
53.6704
53.8888
47.4496
47.8759
48.7643
49.8048
50.8457
51.7986
52.6082
53.2394
53.6705
53.8889
47.4497
47.876
48.7644
49.8049
50.8458
51.7987
52.6083
53.2395
53.6706
53.889
406.472
406.492
406.529
406.577
406.632
406.688
406.739
406.781
406.81
406.825
406.472
406.492
406.529
406.577
406.632
406.688
406.739
406.781
406.81
406.825
406.472
406.492
406.529
406.577
406.632
406.688
406.739
406.781
406.81
406.825
406.472
406.492
406.529
406.577
406.632
406.688
406.739
406.781
406.81
406.825
406.472
406.492
406.529
406.577
406.632
406.688
406.739
406.781
406.81
406.825
406.472
406.492
406.529
406.577
406.632
406.688
406.739
406.781
406.81
406.825
406.472
406.492
406.529
406.577
406.632
406.688
406.739
406.781
406.81
406.825
406.472
406.492
406.529
406.577
406.632
406.688
406.739
406.781
406.81
406.825
406.472
406.492
406.529
406.577
406.632
406.688
406.739
406.781
406.81
406.825
406.472
406.492
406.529
406.577
406.632
406.688
406.739
406.781
406.81
406.825
379.449
379.511
379.626
379.778
379.95
380.122
380.278
380.407
380.497
380.544
379.449
379.511
379.626
379.778
379.95
380.122
380.278
380.407
380.497
380.544
379.449
379.511
379.626
379.778
379.949
380.122
380.278
380.407
380.497
380.544
379.449
379.511
379.626
379.778
379.949
380.122
380.278
380.407
380.497
380.544
379.449
379.511
379.626
379.778
379.949
380.122
380.278
380.407
380.497
380.544
379.449
379.511
379.626
379.778
379.949
380.122
380.278
380.407
380.497
380.544
379.449
379.511
379.626
379.778
379.949
380.122
380.278
380.407
380.497
380.544
379.449
379.511
379.626
379.778
379.949
380.122
380.278
380.407
380.497
380.544
379.449
379.511
379.626
379.778
379.949
380.122
380.278
380.407
380.497
380.544
379.449
379.511
379.626
379.778
379.95
380.122
380.278
380.407
380.497
380.544
352.521
352.633
352.842
353.116
353.423
353.728
354.004
354.229
354.387
354.468
352.521
352.633
352.842
353.116
353.423
353.728
354.004
354.229
354.387
354.468
352.52
352.633
352.842
353.116
353.423
353.728
354.004
354.229
354.387
354.468
352.52
352.633
352.842
353.116
353.423
353.728
354.004
354.229
354.387
354.468
352.52
352.633
352.842
353.116
353.423
353.728
354.004
354.229
354.387
354.468
352.52
352.633
352.842
353.116
353.423
353.728
354.004
354.229
354.387
354.468
352.52
352.633
352.842
353.116
353.423
353.728
354.004
354.229
354.387
354.468
352.52
352.633
352.842
353.116
353.423
353.728
354.004
354.229
354.387
354.468
352.52
352.633
352.842
353.116
353.423
353.728
354.004
354.229
354.387
354.468
352.521
352.633
352.842
353.116
353.423
353.728
354.004
354.229
354.387
354.468
325.735
325.917
326.249
326.68
327.155
327.623
328.041
328.378
328.614
328.735
325.735
325.917
326.249
326.68
327.155
327.623
328.041
328.378
328.614
328.735
325.735
325.917
326.249
326.68
327.155
327.623
328.041
328.378
328.614
328.735
325.735
325.917
326.249
326.68
327.155
327.623
328.041
328.378
328.614
328.735
325.735
325.917
326.249
326.68
327.155
327.623
328.041
328.378
328.614
328.735
325.735
325.916
326.249
326.68
327.155
327.623
328.041
328.378
328.614
328.735
325.735
325.917
326.249
326.68
327.155
327.623
328.041
328.378
328.614
328.735
325.735
325.917
326.249
326.68
327.155
327.623
328.041
328.378
328.614
328.735
325.735
325.917
326.249
326.68
327.155
327.623
328.041
328.378
328.614
328.735
325.735
325.917
326.249
326.68
327.155
327.623
328.041
328.378
328.614
328.735
299.12
299.402
299.909
300.555
301.251
301.924
302.516
302.988
303.315
303.482
299.12
299.402
299.909
300.555
301.251
301.923
302.515
302.988
303.315
303.482
299.12
299.402
299.909
300.555
301.251
301.923
302.515
302.988
303.315
303.482
299.12
299.402
299.909
300.555
301.251
301.923
302.515
302.988
303.315
303.482
299.12
299.402
299.909
300.555
301.251
301.923
302.515
302.988
303.315
303.482
299.12
299.402
299.909
300.555
301.251
301.923
302.515
302.988
303.315
303.482
299.12
299.402
299.909
300.555
301.251
301.923
302.515
302.988
303.315
303.482
299.12
299.402
299.909
300.555
301.251
301.923
302.515
302.988
303.315
303.482
299.12
299.402
299.909
300.555
301.251
301.923
302.515
302.988
303.315
303.482
299.12
299.402
299.909
300.555
301.251
301.924
302.515
302.988
303.315
303.482
272.665
273.105
273.874
274.824
275.817
276.752
277.559
278.192
278.627
278.847
272.665
273.105
273.874
274.824
275.817
276.752
277.559
278.192
278.627
278.847
272.665
273.105
273.874
274.823
275.817
276.752
277.559
278.192
278.627
278.847
272.665
273.105
273.874
274.823
275.817
276.752
277.559
278.192
278.627
278.847
272.665
273.105
273.874
274.823
275.817
276.752
277.559
278.192
278.627
278.847
272.665
273.105
273.874
274.823
275.817
276.752
277.559
278.192
278.627
278.847
272.665
273.105
273.874
274.823
275.817
276.752
277.559
278.192
278.627
278.847
272.665
273.105
273.874
274.823
275.817
276.752
277.559
278.192
278.627
278.847
272.665
273.105
273.874
274.823
275.817
276.752
277.559
278.192
278.627
278.847
272.665
273.105
273.874
274.824
275.817
276.752
277.559
278.192
278.627
278.847
246.293
247.002
248.185
249.575
250.971
252.24
253.308
254.131
254.688
254.969
246.293
247.002
248.185
249.575
250.97
252.24
253.308
254.131
254.688
254.969
246.293
247.002
248.185
249.575
250.97
252.24
253.308
254.131
254.688
254.969
246.293
247.002
248.185
249.575
250.97
252.24
253.308
254.131
254.688
254.969
246.293
247.002
248.185
249.575
250.97
252.24
253.308
254.131
254.688
254.969
246.293
247.002
248.185
249.575
250.97
252.24
253.308
254.131
254.688
254.969
246.293
247.002
248.185
249.575
250.97
252.24
253.308
254.131
254.688
254.969
246.293
247.002
248.185
249.575
250.97
252.24
253.308
254.131
254.688
254.969
246.293
247.002
248.185
249.575
250.97
252.24
253.308
254.131
254.688
254.969
246.293
247.002
248.185
249.575
250.971
252.24
253.308
254.131
254.688
254.969
219.808
221.024
222.887
224.923
226.853
228.537
229.909
230.946
231.637
231.983
219.808
221.024
222.887
224.923
226.853
228.537
229.909
230.946
231.637
231.983
219.808
221.024
222.887
224.923
226.853
228.536
229.909
230.945
231.637
231.983
219.808
221.024
222.887
224.923
226.853
228.536
229.909
230.945
231.637
231.983
219.808
221.024
222.887
224.923
226.853
228.536
229.909
230.945
231.637
231.983
219.808
221.024
222.887
224.923
226.853
228.536
229.909
230.945
231.637
231.983
219.808
221.024
222.887
224.923
226.853
228.536
229.909
230.945
231.637
231.983
219.808
221.024
222.887
224.923
226.853
228.536
229.909
230.945
231.637
231.983
219.808
221.024
222.887
224.923
226.853
228.537
229.909
230.946
231.637
231.983
219.808
221.024
222.887
224.923
226.853
228.537
229.909
230.946
231.637
231.983
192.765
195.058
198.078
201.042
203.651
205.815
207.521
208.781
209.61
210.021
192.765
195.058
198.078
201.042
203.65
205.815
207.521
208.781
209.61
210.021
192.765
195.058
198.078
201.041
203.65
205.815
207.521
208.781
209.61
210.021
192.765
195.058
198.078
201.041
203.65
205.815
207.521
208.781
209.61
210.021
192.765
195.058
198.078
201.041
203.65
205.815
207.521
208.781
209.61
210.021
192.765
195.058
198.078
201.041
203.65
205.815
207.521
208.781
209.61
210.021
192.765
195.058
198.078
201.041
203.65
205.815
207.521
208.781
209.61
210.021
192.765
195.058
198.078
201.041
203.65
205.815
207.521
208.781
209.61
210.021
192.765
195.058
198.078
201.042
203.65
205.815
207.521
208.781
209.61
210.021
192.765
195.058
198.078
201.042
203.651
205.815
207.521
208.781
209.61
210.021
164.14
169.076
174.042
178.233
181.615
184.278
186.31
187.78
188.735
189.206
164.14
169.075
174.042
178.233
181.615
184.278
186.31
187.78
188.735
189.206
164.14
169.075
174.042
178.233
181.615
184.278
186.31
187.78
188.735
189.206
164.14
169.075
174.042
178.233
181.615
184.277
186.31
187.78
188.735
189.206
164.14
169.075
174.042
178.233
181.615
184.277
186.31
187.78
188.735
189.206
164.14
169.075
174.042
178.233
181.615
184.277
186.31
187.78
188.735
189.206
164.14
169.075
174.042
178.233
181.615
184.277
186.31
187.78
188.735
189.206
164.14
169.075
174.042
178.233
181.615
184.278
186.31
187.78
188.735
189.206
164.14
169.075
174.042
178.233
181.615
184.278
186.31
187.78
188.735
189.206
164.14
169.076
174.042
178.233
181.615
184.278
186.31
187.78
188.735
189.206
14.6496
14.7042
14.8172
14.9964
15.2538
15.6056
16.0716
16.6714
17.4029
18.1418
14.6496
14.7041
14.8172
14.9964
15.2538
15.6056
16.0716
16.6713
17.4029
18.1417
14.6496
14.7041
14.8171
14.9964
15.2538
15.6055
16.0716
16.6713
17.4029
18.1417
14.6495
14.7041
14.8171
14.9963
15.2537
15.6055
16.0715
16.6713
17.4028
18.1417
14.6495
14.7041
14.8171
14.9963
15.2537
15.6055
16.0715
16.6713
17.4028
18.1417
14.6495
14.7041
14.8171
14.9963
15.2537
15.6055
16.0715
16.6713
17.4028
18.1417
14.6495
14.7041
14.8171
14.9963
15.2537
15.6055
16.0715
16.6713
17.4028
18.1417
14.6495
14.7041
14.8171
14.9964
15.2538
15.6055
16.0716
16.6713
17.4029
18.1417
14.6496
14.7041
14.8172
14.9964
15.2538
15.6056
16.0716
16.6714
17.4029
18.1418
14.6496
14.7042
14.8172
14.9964
15.2538
15.6056
16.0717
16.6714
17.403
18.1418
12.8404
12.8879
12.9854
13.1374
13.3501
13.6299
13.9797
14.3907
14.8215
15.1549
12.8404
12.8879
12.9853
13.1373
13.3501
13.6298
13.9797
14.3907
14.8215
15.1548
12.8403
12.8879
12.9853
13.1373
13.35
13.6298
13.9796
14.3906
14.8214
15.1548
12.8403
12.8878
12.9853
13.1373
13.35
13.6298
13.9796
14.3906
14.8214
15.1548
12.8403
12.8878
12.9853
13.1373
13.35
13.6298
13.9796
14.3906
14.8214
15.1548
12.8403
12.8878
12.9853
13.1373
13.35
13.6298
13.9796
14.3906
14.8214
15.1548
12.8403
12.8878
12.9853
13.1373
13.35
13.6298
13.9796
14.3906
14.8214
15.1548
12.8403
12.8879
12.9853
13.1373
13.35
13.6298
13.9796
14.3907
14.8214
15.1548
12.8404
12.8879
12.9853
13.1373
13.3501
13.6298
13.9797
14.3907
14.8215
15.1549
12.8404
12.8879
12.9854
13.1374
13.3501
13.6299
13.9797
14.3907
14.8215
15.1549
11.2537
11.2934
11.3739
11.4973
11.6653
11.8778
12.1293
12.4025
12.659
12.8294
11.2536
11.2933
11.3739
11.4973
11.6653
11.8778
12.1293
12.4025
12.6589
12.8294
11.2536
11.2933
11.3739
11.4972
11.6653
11.8778
12.1292
12.4025
12.6589
12.8294
11.2536
11.2933
11.3738
11.4972
11.6652
11.8778
12.1292
12.4025
12.6589
12.8293
11.2536
11.2933
11.3738
11.4972
11.6652
11.8778
12.1292
12.4025
12.6589
12.8293
11.2536
11.2933
11.3738
11.4972
11.6652
11.8778
12.1292
12.4025
12.6589
12.8293
11.2536
11.2933
11.3738
11.4972
11.6652
11.8778
12.1292
12.4025
12.6589
12.8294
11.2536
11.2933
11.3739
11.4972
11.6653
11.8778
12.1293
12.4025
12.6589
12.8294
11.2536
11.2933
11.3739
11.4973
11.6653
11.8778
12.1293
12.4025
12.6589
12.8294
11.2537
11.2934
11.3739
11.4973
11.6653
11.8779
12.1293
12.4026
12.659
12.8295
9.88312
9.91516
9.97955
10.0764
10.2049
10.3618
10.5387
10.7194
10.8765
10.9722
9.88309
9.91513
9.97952
10.0764
10.2049
10.3617
10.5387
10.7194
10.8765
10.9721
9.88306
9.9151
9.97949
10.0764
10.2049
10.3617
10.5386
10.7194
10.8764
10.9721
9.88304
9.91509
9.97948
10.0763
10.2049
10.3617
10.5386
10.7194
10.8764
10.9721
9.88304
9.91508
9.97947
10.0763
10.2049
10.3617
10.5386
10.7194
10.8764
10.9721
9.88304
9.91508
9.97947
10.0763
10.2049
10.3617
10.5386
10.7194
10.8764
10.9721
9.88304
9.91509
9.97948
10.0764
10.2049
10.3617
10.5386
10.7194
10.8764
10.9721
9.88306
9.9151
9.97949
10.0764
10.2049
10.3617
10.5387
10.7194
10.8765
10.9721
9.88308
9.91513
9.97952
10.0764
10.2049
10.3617
10.5387
10.7194
10.8765
10.9722
9.88311
9.91516
9.97956
10.0764
10.205
10.3618
10.5387
10.7195
10.8765
10.9722
8.72281
8.74804
8.79826
8.87258
8.96889
9.0828
9.20638
9.32681
9.42607
9.48352
8.72278
8.74801
8.79822
8.87255
8.96885
9.08277
9.20635
9.32678
9.42604
9.4835
8.72275
8.74798
8.7982
8.87252
8.96883
9.08274
9.20633
9.32675
9.42602
9.48348
8.72274
8.74797
8.79818
8.87251
8.96881
9.08273
9.20631
9.32674
9.426
9.48346
8.72273
8.74796
8.79818
8.8725
8.9688
9.08272
9.2063
9.32673
9.426
9.48346
8.72273
8.74796
8.79818
8.8725
8.96881
9.08272
9.20631
9.32674
9.426
9.48346
8.72274
8.74797
8.79819
8.87251
8.96882
9.08273
9.20632
9.32675
9.42601
9.48347
8.72275
8.74798
8.7982
8.87253
8.96883
9.08275
9.20634
9.32677
9.42603
9.4835
8.72277
8.74801
8.79823
8.87255
8.96886
9.08278
9.20637
9.3268
9.42606
9.48353
8.7228
8.74804
8.79826
8.87259
8.9689
9.08282
9.2064
9.32684
9.4261
9.48357
7.76698
7.78655
7.82518
7.88152
7.95304
8.03546
8.1221
8.20357
8.26831
8.30463
7.76695
7.78652
7.82514
7.88148
7.95301
8.03543
8.12207
8.20354
8.26828
8.30461
7.76692
7.7865
7.82512
7.88146
7.95299
8.03541
8.12204
8.20352
8.26826
8.30459
7.76691
7.78648
7.82511
7.88145
7.95297
8.03539
8.12203
8.20351
8.26825
8.30458
7.7669
7.78647
7.8251
7.88144
7.95297
8.03539
8.12202
8.2035
8.26825
8.30457
7.7669
7.78647
7.8251
7.88144
7.95297
8.03539
8.12203
8.20351
8.26825
8.30458
7.76691
7.78648
7.82511
7.88145
7.95298
8.0354
8.12204
8.20352
8.26826
8.30459
7.76692
7.7865
7.82513
7.88147
7.953
8.03542
8.12206
8.20354
8.26828
8.30461
7.76694
7.78652
7.82515
7.88149
7.95302
8.03544
8.12208
8.20357
8.26831
8.30464
7.76697
7.78655
7.82518
7.88153
7.95306
8.03548
8.12212
8.2036
8.26835
8.30467
7.01014
7.02532
7.05503
7.09784
7.15125
7.21147
7.2732
7.32972
7.37348
7.39754
7.01011
7.02529
7.055
7.09781
7.15122
7.21144
7.27317
7.32969
7.37345
7.39752
7.01009
7.02526
7.05498
7.09779
7.15119
7.21141
7.27315
7.32967
7.37343
7.3975
7.01008
7.02525
7.05497
7.09777
7.15118
7.2114
7.27314
7.32966
7.37342
7.39749
7.01007
7.02524
7.05496
7.09777
7.15118
7.2114
7.27313
7.32965
7.37342
7.39748
7.01007
7.02525
7.05496
7.09777
7.15118
7.2114
7.27314
7.32966
7.37342
7.39749
7.01008
7.02525
7.05497
7.09778
7.15119
7.21141
7.27315
7.32967
7.37343
7.3975
7.01009
7.02527
7.05499
7.0978
7.1512
7.21143
7.27316
7.32969
7.37345
7.39752
7.01011
7.02529
7.05501
7.09782
7.15123
7.21145
7.27319
7.32971
7.37348
7.39755
7.01014
7.02532
7.05504
7.09785
7.15126
7.21148
7.27322
7.32975
7.37351
7.39758
6.44739
6.45938
6.48272
6.516
6.55692
6.60226
6.64784
6.68873
6.71981
6.73667
6.44736
6.45935
6.4827
6.51597
6.55689
6.60223
6.64781
6.68871
6.71979
6.73665
6.44734
6.45933
6.48268
6.51595
6.55687
6.60221
6.64779
6.68869
6.71977
6.73664
6.44733
6.45932
6.48266
6.51593
6.55686
6.6022
6.64778
6.68868
6.71976
6.73663
6.44732
6.45931
6.48266
6.51593
6.55685
6.6022
6.64778
6.68867
6.71976
6.73662
6.44732
6.45931
6.48266
6.51593
6.55685
6.6022
6.64778
6.68868
6.71976
6.73663
6.44733
6.45932
6.48267
6.51594
6.55686
6.60221
6.64779
6.68869
6.71977
6.73664
6.44734
6.45934
6.48268
6.51596
6.55688
6.60223
6.64781
6.6887
6.71979
6.73666
6.44736
6.45936
6.4827
6.51598
6.5569
6.60225
6.64783
6.68873
6.71982
6.73668
6.44738
6.45939
6.48273
6.51601
6.55694
6.60228
6.64787
6.68876
6.71985
6.73672
6.07465
6.0846
6.10387
6.13111
6.16427
6.20053
6.23646
6.26824
6.29208
6.3049
6.07463
6.08457
6.10384
6.13109
6.16424
6.2005
6.23643
6.26821
6.29206
6.30489
6.07461
6.08456
6.10383
6.13107
6.16422
6.20048
6.23642
6.26819
6.29204
6.30487
6.0746
6.08454
6.10381
6.13106
6.16421
6.20047
6.23641
6.26818
6.29204
6.30486
6.07459
6.08454
6.10381
6.13105
6.16421
6.20047
6.2364
6.26818
6.29203
6.30486
6.07459
6.08454
6.10381
6.13106
6.16421
6.20047
6.23641
6.26819
6.29204
6.30487
6.0746
6.08455
6.10382
6.13106
6.16422
6.20048
6.23642
6.2682
6.29205
6.30488
6.07461
6.08456
6.10383
6.13108
6.16423
6.2005
6.23643
6.26821
6.29207
6.30489
6.07463
6.08458
6.10385
6.1311
6.16426
6.20052
6.23646
6.26824
6.29209
6.30492
6.07465
6.08461
6.10388
6.13113
6.16429
6.20055
6.23649
6.26827
6.29212
6.30495
5.88904
5.898
5.91529
5.93962
5.96906
6.00103
6.03246
6.06003
6.08059
6.09159
5.88902
5.89798
5.91527
5.9396
5.96904
6.00101
6.03244
6.06002
6.08057
6.09158
5.88901
5.89796
5.91525
5.93959
5.96903
6.00099
6.03242
6.06
6.08056
6.09157
5.889
5.89795
5.91524
5.93958
5.96901
6.00098
6.03241
6.05999
6.08055
6.09156
5.88899
5.89794
5.91524
5.93957
5.96901
6.00098
6.03241
6.05999
6.08055
6.09156
5.88899
5.89795
5.91524
5.93958
5.96901
6.00098
6.03241
6.05999
6.08055
6.09156
5.889
5.89795
5.91525
5.93958
5.96902
6.00099
6.03242
6.06
6.08056
6.09157
5.88901
5.89797
5.91526
5.9396
5.96904
6.00101
6.03244
6.06002
6.08058
6.09159
5.88903
5.89799
5.91528
5.93962
5.96906
6.00103
6.03246
6.06004
6.08061
6.09161
5.88905
5.89801
5.91531
5.93965
5.96909
6.00106
6.03249
6.06008
6.08064
6.09165
42.2623
42.563
43.1342
43.848
44.5984
45.3093
45.9278
46.418
46.7565
46.929
42.2622
42.5629
43.1341
43.8479
44.5983
45.3092
45.9277
46.4179
46.7564
46.929
42.2622
42.5628
43.134
43.8478
44.5982
45.3091
45.9277
46.4179
46.7563
46.9289
42.2621
42.5628
43.1339
43.8477
44.5982
45.3091
45.9276
46.4178
46.7563
46.9289
42.2621
42.5627
43.1339
43.8477
44.5982
45.3091
45.9276
46.4178
46.7563
46.9289
42.2621
42.5627
43.1339
43.8477
44.5982
45.3091
45.9276
46.4178
46.7563
46.9289
42.2621
42.5628
43.1339
43.8478
44.5982
45.3091
45.9276
46.4179
46.7563
46.9289
42.2622
42.5628
43.134
43.8478
44.5982
45.3092
45.9277
46.4179
46.7564
46.929
42.2622
42.5629
43.1341
43.8479
44.5983
45.3093
45.9278
46.418
46.7565
46.929
42.2623
42.563
43.1342
43.848
44.5984
45.3094
45.9279
46.4181
46.7566
46.9292
37.4931
37.6998
38.0842
38.5803
39.1196
39.6445
40.1105
40.4853
40.7467
40.8807
37.493
37.6997
38.0841
38.5802
39.1195
39.6444
40.1104
40.4852
40.7466
40.8807
37.4929
37.6996
38.084
38.5801
39.1194
39.6443
40.1103
40.4852
40.7466
40.8806
37.4929
37.6996
38.084
38.5801
39.1194
39.6442
40.1103
40.4851
40.7465
40.8806
37.4928
37.6995
38.0839
38.5801
39.1194
39.6442
40.1103
40.4851
40.7465
40.8806
37.4929
37.6995
38.0839
38.5801
39.1194
39.6442
40.1103
40.4851
40.7465
40.8806
37.4929
37.6996
38.084
38.5801
39.1194
39.6443
40.1103
40.4852
40.7465
40.8806
37.4929
37.6996
38.084
38.5801
39.1194
39.6443
40.1104
40.4852
40.7466
40.8807
37.493
37.6997
38.0841
38.5802
39.1195
39.6444
40.1104
40.4853
40.7467
40.8808
37.4931
37.6998
38.0842
38.5803
39.1196
39.6445
40.1106
40.4854
40.7468
40.8809
33.2106
33.3534
33.6188
33.968
34.3562
34.7418
35.0899
35.3734
35.5727
35.6755
33.2105
33.3533
33.6187
33.9679
34.3561
34.7417
35.0898
35.3733
35.5727
35.6755
33.2105
33.3533
33.6187
33.9678
34.3561
34.7417
35.0897
35.3732
35.5726
35.6754
33.2104
33.3532
33.6186
33.9678
34.356
34.7416
35.0897
35.3732
35.5726
35.6754
33.2104
33.3532
33.6186
33.9678
34.356
34.7416
35.0897
35.3731
35.5726
35.6754
33.2104
33.3532
33.6186
33.9678
34.356
34.7416
35.0897
35.3732
35.5726
35.6754
33.2104
33.3532
33.6186
33.9678
34.356
34.7416
35.0897
35.3732
35.5726
35.6754
33.2105
33.3533
33.6187
33.9679
34.3561
34.7417
35.0898
35.3732
35.5727
35.6755
33.2105
33.3533
33.6188
33.9679
34.3562
34.7418
35.0898
35.3733
35.5727
35.6756
33.2106
33.3534
33.6189
33.968
34.3563
34.7419
35.09
35.3734
35.5728
35.6757
29.4526
29.5526
29.7391
29.9877
30.2684
30.5515
30.8104
31.0234
31.1743
31.2524
29.4525
29.5525
29.739
29.9876
30.2683
30.5514
30.8103
31.0233
31.1742
31.2524
29.4525
29.5524
29.7389
29.9875
30.2683
30.5514
30.8102
31.0232
31.1741
31.2523
29.4524
29.5524
29.7389
29.9875
30.2682
30.5513
30.8102
31.0232
31.1741
31.2523
29.4524
29.5523
29.7389
29.9875
30.2682
30.5513
30.8102
31.0232
31.1741
31.2523
29.4524
29.5523
29.7389
29.9875
30.2682
30.5513
30.8102
31.0232
31.1741
31.2523
29.4524
29.5524
29.7389
29.9875
30.2682
30.5513
30.8102
31.0232
31.1741
31.2523
29.4525
29.5524
29.739
29.9875
30.2683
30.5514
30.8103
31.0233
31.1742
31.2524
29.4525
29.5525
29.739
29.9876
30.2684
30.5515
30.8103
31.0233
31.1743
31.2524
29.4526
29.5526
29.7391
29.9877
30.2685
30.5516
30.8104
31.0234
31.1744
31.2525
26.2362
26.3072
26.4404
26.6195
26.8241
27.0327
27.2254
27.3852
27.4991
27.5584
26.2361
26.3071
26.4403
26.6194
26.824
27.0326
27.2253
27.3851
27.4991
27.5583
26.236
26.307
26.4402
26.6194
26.8239
27.0325
27.2252
27.385
27.499
27.5582
26.236
26.307
26.4402
26.6193
26.8239
27.0325
27.2252
27.385
27.499
27.5582
26.236
26.307
26.4402
26.6193
26.8239
27.0325
27.2252
27.385
27.499
27.5582
26.236
26.307
26.4402
26.6193
26.8239
27.0325
27.2252
27.385
27.499
27.5582
26.236
26.307
26.4402
26.6193
26.8239
27.0325
27.2252
27.385
27.499
27.5582
26.236
26.307
26.4402
26.6194
26.824
27.0326
27.2252
27.3851
27.499
27.5583
26.2361
26.3071
26.4403
26.6194
26.824
27.0326
27.2253
27.3852
27.4991
27.5584
26.2362
26.3072
26.4404
26.6195
26.8241
27.0327
27.2254
27.3853
27.4992
27.5585
23.5659
23.6174
23.7142
23.8453
23.9963
24.1515
24.296
24.4167
24.5031
24.5481
23.5659
23.6173
23.7141
23.8452
23.9962
24.1514
24.2959
24.4166
24.503
24.5481
23.5658
23.6172
23.7141
23.8452
23.9961
24.1514
24.2959
24.4165
24.503
24.548
23.5658
23.6172
23.714
23.8451
23.9961
24.1513
24.2958
24.4165
24.5029
24.548
23.5657
23.6172
23.714
23.8451
23.9961
24.1513
24.2958
24.4165
24.5029
24.548
23.5657
23.6172
23.714
23.8451
23.9961
24.1513
24.2958
24.4165
24.5029
24.548
23.5658
23.6172
23.714
23.8451
23.9961
24.1513
24.2959
24.4165
24.503
24.548
23.5658
23.6172
23.7141
23.8452
23.9962
24.1514
24.2959
24.4166
24.503
24.5481
23.5659
23.6173
23.7141
23.8452
23.9962
24.1515
24.296
24.4166
24.5031
24.5482
23.5659
23.6174
23.7142
23.8453
23.9963
24.1516
24.2961
24.4167
24.5032
24.5483
21.4398
21.478
21.5502
21.6485
21.7623
21.8802
21.9905
22.0831
22.1497
22.1845
21.4397
21.4779
21.5501
21.6484
21.7623
21.8801
21.9904
22.083
22.1496
22.1844
21.4396
21.4778
21.5501
21.6484
21.7622
21.88
21.9904
22.0829
22.1495
22.1844
21.4396
21.4778
21.55
21.6483
21.7622
21.88
21.9903
22.0829
22.1495
22.1843
21.4396
21.4778
21.55
21.6483
21.7622
21.88
21.9903
22.0829
22.1495
22.1843
21.4396
21.4778
21.55
21.6483
21.7622
21.88
21.9903
22.0829
22.1495
22.1843
21.4396
21.4778
21.55
21.6483
21.7622
21.88
21.9903
22.0829
22.1495
22.1844
21.4396
21.4778
21.5501
21.6484
21.7622
21.8801
21.9904
22.083
22.1496
22.1844
21.4397
21.4779
21.5502
21.6484
21.7623
21.8801
21.9905
22.0831
22.1497
22.1845
21.4397
21.478
21.5502
21.6485
21.7624
21.8802
21.9906
22.0832
22.1497
22.1846
19.8524
19.882
19.9381
20.0146
20.1037
20.1964
20.2835
20.3569
20.4098
20.4376
19.8523
19.8819
19.938
20.0146
20.1037
20.1963
20.2834
20.3568
20.4098
20.4375
19.8523
19.8819
19.9379
20.0145
20.1036
20.1962
20.2834
20.3568
20.4097
20.4375
19.8522
19.8818
19.9379
20.0145
20.1036
20.1962
20.2833
20.3567
20.4097
20.4375
19.8522
19.8818
19.9379
20.0145
20.1036
20.1962
20.2833
20.3567
20.4097
20.4375
19.8522
19.8818
19.9379
20.0145
20.1036
20.1962
20.2833
20.3567
20.4097
20.4375
19.8523
19.8818
19.9379
20.0145
20.1036
20.1962
20.2834
20.3568
20.4097
20.4375
19.8523
19.8819
19.938
20.0145
20.1036
20.1963
20.2834
20.3568
20.4098
20.4375
19.8523
19.8819
19.938
20.0146
20.1037
20.1963
20.2835
20.3569
20.4099
20.4376
19.8524
19.882
19.9381
20.0147
20.1038
20.1964
20.2836
20.357
20.4099
20.4377
18.7982
18.8226
18.8688
18.9322
19.0061
19.0833
19.1561
19.2175
19.262
19.2853
18.7981
18.8225
18.8688
18.9321
19.0061
19.0832
19.156
19.2175
19.2619
19.2853
18.798
18.8224
18.8687
18.9321
19.006
19.0832
19.1559
19.2174
19.2619
19.2852
18.798
18.8224
18.8687
18.932
19.006
19.0831
19.1559
19.2174
19.2619
19.2852
18.798
18.8224
18.8687
18.932
19.006
19.0831
19.1559
19.2174
19.2619
19.2852
18.798
18.8224
18.8687
18.932
19.006
19.0831
19.1559
19.2174
19.2619
19.2852
18.798
18.8224
18.8687
18.9321
19.006
19.0832
19.1559
19.2174
19.2619
19.2852
18.7981
18.8224
18.8687
18.9321
19.0061
19.0832
19.156
19.2175
19.2619
19.2853
18.7981
18.8225
18.8688
18.9322
19.0061
19.0833
19.1561
19.2176
19.262
19.2854
18.7982
18.8226
18.8689
18.9323
19.0062
19.0833
19.1561
19.2176
19.2621
19.2854
18.2723
18.2943
18.336
18.3931
18.4598
18.5296
18.5955
18.6513
18.6917
18.7129
18.2723
18.2942
18.3359
18.393
18.4598
18.5296
18.5955
18.6513
18.6916
18.7129
18.2722
18.2942
18.3359
18.393
18.4597
18.5295
18.5954
18.6512
18.6916
18.7128
18.2722
18.2942
18.3358
18.393
18.4597
18.5295
18.5954
18.6512
18.6916
18.7128
18.2722
18.2941
18.3358
18.3929
18.4597
18.5295
18.5954
18.6512
18.6916
18.7128
18.2722
18.2941
18.3358
18.3929
18.4597
18.5295
18.5954
18.6512
18.6916
18.7128
18.2722
18.2942
18.3358
18.393
18.4597
18.5295
18.5954
18.6512
18.6916
18.7128
18.2723
18.2942
18.3359
18.393
18.4598
18.5296
18.5955
18.6513
18.6917
18.7129
18.2723
18.2943
18.3359
18.3931
18.4598
18.5296
18.5956
18.6514
18.6917
18.713
18.2724
18.2943
18.336
18.3932
18.4599
18.5297
18.5956
18.6514
18.6918
18.713
)
;

boundaryField
{
    inlet1
    {
        type            fixedValue;
        value           uniform 10;
    }
    inlet2
    {
        type            fixedValue;
        value           uniform 20;
    }
    outlet1
    {
        type            zeroGradient;
    }
    outlet2
    {
        type            zeroGradient;
    }
    fixedWalls
    {
        type            zeroGradient;
    }
}


// ************************************************************************* //
