/*--------------------------------*- C++ -*----------------------------------*\
  =========                 |
  \\      /  F ield         | OpenFOAM: The Open Source CFD Toolbox
   \\    /   O peration     | Website:  https://openfoam.org
    \\  /    A nd           | Version:  6
     \\/     M anipulation  |
\*---------------------------------------------------------------------------*/
FoamFile
{
    version     2.0;
    format      ascii;
    class       volScalarField;
    location    "0.015";
    object      T;
}
// * * * * * * * * * * * * * * * * * * * * * * * * * * * * * * * * * * * * * //

dimensions      [0 0 0 1 0 0 0];

internalField   nonuniform List<scalar> 
7000
(
83.1834
83.1824
83.182
83.1819
83.1819
83.1819
83.1819
83.182
83.1822
83.1825
83.1824
83.1813
83.181
83.1809
83.1809
83.1809
83.1809
83.181
83.1812
83.1818
83.182
83.181
83.1807
83.1806
83.1806
83.1806
83.1806
83.1807
83.181
83.1816
83.1819
83.1809
83.1806
83.1805
83.1805
83.1805
83.1805
83.1806
83.1809
83.1816
83.1819
83.1809
83.1806
83.1805
83.1805
83.1805
83.1805
83.1806
83.1809
83.1815
83.1819
83.1809
83.1806
83.1805
83.1805
83.1805
83.1805
83.1806
83.1809
83.1815
83.1819
83.1809
83.1806
83.1805
83.1805
83.1805
83.1805
83.1806
83.1809
83.1816
83.182
83.181
83.1807
83.1806
83.1806
83.1806
83.1806
83.1807
83.181
83.1817
83.1822
83.1812
83.181
83.1809
83.1809
83.1809
83.1809
83.181
83.1813
83.1819
83.1825
83.1818
83.1816
83.1816
83.1815
83.1815
83.1816
83.1817
83.1819
83.1826
39.872
39.8705
39.87
39.8699
39.8698
39.8698
39.8699
39.87
39.8705
39.8714
39.8705
39.8691
39.8686
39.8684
39.8684
39.8684
39.8684
39.8686
39.8692
39.8706
39.87
39.8686
39.8681
39.8679
39.8679
39.8679
39.8679
39.8681
39.8688
39.8703
39.8699
39.8684
39.8679
39.8678
39.8677
39.8677
39.8678
39.868
39.8687
39.8703
39.8698
39.8684
39.8679
39.8677
39.8677
39.8677
39.8678
39.868
39.8686
39.8702
39.8698
39.8684
39.8679
39.8677
39.8677
39.8677
39.8678
39.868
39.8686
39.8702
39.8699
39.8684
39.8679
39.8678
39.8678
39.8678
39.8678
39.868
39.8687
39.8703
39.87
39.8686
39.8681
39.868
39.868
39.868
39.868
39.8682
39.8689
39.8705
39.8705
39.8692
39.8688
39.8687
39.8686
39.8686
39.8687
39.8689
39.8696
39.8712
39.8714
39.8706
39.8703
39.8703
39.8702
39.8702
39.8703
39.8705
39.8712
39.8728
15.3574
15.3565
15.3561
15.356
15.356
15.356
15.356
15.3562
15.3567
15.3578
15.3565
15.3555
15.3552
15.3551
15.355
15.3551
15.3551
15.3553
15.3558
15.3573
15.3561
15.3552
15.3548
15.3547
15.3547
15.3547
15.3548
15.3549
15.3556
15.3571
15.356
15.3551
15.3547
15.3546
15.3546
15.3546
15.3547
15.3548
15.3555
15.3571
15.356
15.355
15.3547
15.3546
15.3546
15.3546
15.3546
15.3548
15.3555
15.3571
15.356
15.3551
15.3547
15.3546
15.3546
15.3546
15.3546
15.3548
15.3555
15.3571
15.356
15.3551
15.3548
15.3547
15.3546
15.3546
15.3547
15.3549
15.3555
15.3571
15.3562
15.3553
15.3549
15.3548
15.3548
15.3548
15.3549
15.3551
15.3557
15.3573
15.3567
15.3558
15.3556
15.3555
15.3555
15.3555
15.3555
15.3557
15.3564
15.358
15.3578
15.3573
15.3571
15.3571
15.3571
15.3571
15.3571
15.3573
15.358
15.3596
4.88327
4.88283
4.88267
4.88262
4.88261
4.88261
4.88264
4.88273
4.88305
4.88381
4.88283
4.8824
4.88224
4.88219
4.88218
4.88218
4.88221
4.88232
4.88268
4.88362
4.88267
4.88224
4.88208
4.88203
4.88202
4.88202
4.88205
4.88217
4.88255
4.88354
4.88262
4.88219
4.88203
4.88198
4.88197
4.88198
4.88201
4.88212
4.88251
4.88351
4.88261
4.88218
4.88202
4.88197
4.88196
4.88197
4.882
4.88211
4.88251
4.88351
4.88261
4.88218
4.88202
4.88198
4.88197
4.88197
4.882
4.88212
4.88251
4.88351
4.88264
4.88221
4.88205
4.88201
4.882
4.882
4.88203
4.88215
4.88254
4.88354
4.88273
4.88232
4.88217
4.88212
4.88211
4.88212
4.88215
4.88227
4.88266
4.88366
4.88305
4.88268
4.88255
4.88251
4.88251
4.88251
4.88254
4.88266
4.88305
4.88406
4.88381
4.88362
4.88354
4.88351
4.88351
4.88351
4.88354
4.88366
4.88406
4.88507
1.31456
1.31441
1.31435
1.31434
1.31433
1.31433
1.31434
1.31439
1.31453
1.3149
1.31441
1.31426
1.3142
1.31418
1.31418
1.31418
1.31419
1.31424
1.31441
1.31483
1.31435
1.3142
1.31415
1.31413
1.31412
1.31413
1.31414
1.31419
1.31436
1.31481
1.31434
1.31418
1.31413
1.31411
1.31411
1.31411
1.31412
1.31418
1.31435
1.3148
1.31433
1.31418
1.31412
1.31411
1.3141
1.31411
1.31412
1.31417
1.31435
1.3148
1.31433
1.31418
1.31413
1.31411
1.31411
1.31411
1.31412
1.31417
1.31435
1.3148
1.31434
1.31419
1.31414
1.31412
1.31412
1.31412
1.31413
1.31419
1.31436
1.31481
1.31439
1.31424
1.31419
1.31418
1.31417
1.31417
1.31419
1.31424
1.31442
1.31487
1.31453
1.31441
1.31436
1.31435
1.31435
1.31435
1.31436
1.31442
1.31459
1.31504
1.3149
1.31483
1.31481
1.3148
1.3148
1.3148
1.31481
1.31487
1.31504
1.3155
0.306022
0.305978
0.305962
0.305957
0.305956
0.305956
0.30596
0.305977
0.306029
0.306161
0.305978
0.305935
0.305919
0.305914
0.305913
0.305913
0.305918
0.305935
0.305993
0.306144
0.305962
0.305919
0.305902
0.305897
0.305896
0.305897
0.305902
0.30592
0.30598
0.306136
0.305957
0.305914
0.305897
0.305893
0.305892
0.305892
0.305897
0.305915
0.305976
0.306134
0.305956
0.305913
0.305896
0.305892
0.30589
0.305891
0.305896
0.305915
0.305976
0.306133
0.305956
0.305913
0.305897
0.305892
0.305891
0.305892
0.305897
0.305915
0.305976
0.306134
0.30596
0.305918
0.305902
0.305897
0.305896
0.305897
0.305901
0.30592
0.305981
0.306139
0.305977
0.305935
0.30592
0.305915
0.305915
0.305915
0.30592
0.305939
0.306
0.306158
0.306029
0.305993
0.30598
0.305976
0.305976
0.305976
0.305981
0.306
0.306061
0.30622
0.306161
0.306144
0.306136
0.306134
0.306133
0.306134
0.306139
0.306158
0.30622
0.306379
0.062689
0.0626785
0.0626745
0.0626733
0.062673
0.0626732
0.0626744
0.0626792
0.0626946
0.0627335
0.0626785
0.062668
0.062664
0.0626628
0.0626626
0.0626628
0.062664
0.0626692
0.0626859
0.0627297
0.0626745
0.062664
0.0626601
0.0626589
0.0626586
0.0626588
0.0626602
0.0626655
0.0626829
0.0627279
0.0626733
0.0626628
0.0626589
0.0626577
0.0626574
0.0626577
0.062659
0.0626644
0.062682
0.0627274
0.062673
0.0626626
0.0626586
0.0626574
0.0626572
0.0626574
0.0626588
0.0626642
0.0626818
0.0627273
0.0626732
0.0626628
0.0626588
0.0626577
0.0626574
0.0626576
0.062659
0.0626644
0.062682
0.0627275
0.0626744
0.062664
0.0626602
0.062659
0.0626588
0.062659
0.0626603
0.0626657
0.0626834
0.0627289
0.0626792
0.0626692
0.0626655
0.0626644
0.0626642
0.0626644
0.0626657
0.0626712
0.0626888
0.0627343
0.0626946
0.0626859
0.0626829
0.062682
0.0626818
0.062682
0.0626834
0.0626888
0.0627065
0.0627522
0.0627335
0.0627297
0.0627279
0.0627274
0.0627273
0.0627275
0.0627289
0.0627343
0.0627522
0.0627982
0.011463
0.0114607
0.0114599
0.0114596
0.0114596
0.0114596
0.0114599
0.0114611
0.011465
0.0114747
0.0114607
0.0114585
0.0114577
0.0114575
0.0114574
0.0114575
0.0114578
0.011459
0.0114632
0.0114739
0.0114599
0.0114577
0.0114569
0.0114566
0.0114566
0.0114566
0.011457
0.0114583
0.0114625
0.0114736
0.0114596
0.0114575
0.0114566
0.0114564
0.0114563
0.0114564
0.0114567
0.011458
0.0114623
0.0114734
0.0114596
0.0114574
0.0114566
0.0114563
0.0114563
0.0114563
0.0114567
0.011458
0.0114623
0.0114734
0.0114596
0.0114575
0.0114566
0.0114564
0.0114563
0.0114564
0.0114567
0.011458
0.0114624
0.0114735
0.0114599
0.0114578
0.011457
0.0114567
0.0114567
0.0114567
0.011457
0.0114584
0.0114627
0.0114738
0.0114611
0.011459
0.0114583
0.011458
0.011458
0.011458
0.0114584
0.0114597
0.011464
0.0114752
0.011465
0.0114632
0.0114625
0.0114623
0.0114623
0.0114624
0.0114627
0.011464
0.0114684
0.0114795
0.0114747
0.0114739
0.0114736
0.0114734
0.0114734
0.0114735
0.0114738
0.0114752
0.0114795
0.0114908
0.00189314
0.00189272
0.00189256
0.00189252
0.00189251
0.00189252
0.00189258
0.00189284
0.00189366
0.00189573
0.00189272
0.00189231
0.00189215
0.00189211
0.0018921
0.00189211
0.00189218
0.00189245
0.00189333
0.00189559
0.00189256
0.00189215
0.001892
0.00189195
0.00189194
0.00189195
0.00189202
0.0018923
0.00189321
0.00189552
0.00189252
0.00189211
0.00189195
0.0018919
0.00189189
0.00189191
0.00189198
0.00189226
0.00189317
0.0018955
0.00189251
0.0018921
0.00189194
0.00189189
0.00189189
0.0018919
0.00189197
0.00189225
0.00189316
0.0018955
0.00189252
0.00189211
0.00189195
0.00189191
0.0018919
0.00189191
0.00189198
0.00189227
0.00189318
0.00189551
0.00189258
0.00189218
0.00189202
0.00189198
0.00189197
0.00189198
0.00189205
0.00189234
0.00189325
0.00189558
0.00189284
0.00189245
0.00189231
0.00189226
0.00189225
0.00189227
0.00189234
0.00189262
0.00189354
0.00189587
0.00189367
0.00189334
0.00189322
0.00189318
0.00189318
0.00189319
0.00189326
0.00189355
0.00189446
0.0018968
0.00189577
0.00189563
0.00189557
0.00189554
0.00189554
0.00189555
0.00189563
0.00189591
0.00189684
0.0018992
0.000285171
0.000285101
0.000285075
0.000285067
0.000285065
0.000285067
0.000285079
0.000285119
0.000285211
0.000285267
0.000285101
0.000285033
0.000285007
0.000284998
0.000284997
0.000284999
0.000285011
0.000285054
0.000285155
0.000285245
0.000285075
0.000285007
0.00028498
0.000284972
0.000284971
0.000284973
0.000284985
0.000285029
0.000285135
0.000285234
0.000285067
0.000284998
0.000284972
0.000284964
0.000284963
0.000284965
0.000284978
0.000285022
0.000285129
0.000285231
0.000285065
0.000284997
0.000284971
0.000284963
0.000284961
0.000284964
0.000284976
0.000285021
0.000285128
0.00028523
0.000285068
0.000284999
0.000284973
0.000284965
0.000284964
0.000284966
0.000284979
0.000285023
0.000285131
0.000285233
0.00028508
0.000285012
0.000284987
0.000284979
0.000284977
0.00028498
0.000284992
0.000285037
0.000285144
0.000285247
0.00028513
0.000285064
0.00028504
0.000285033
0.000285031
0.000285034
0.000285046
0.000285091
0.000285199
0.000285301
0.000285288
0.000285232
0.000285212
0.000285206
0.000285205
0.000285208
0.000285221
0.000285265
0.000285374
0.000285477
0.000285688
0.000285666
0.000285655
0.000285651
0.000285651
0.000285654
0.000285666
0.000285711
0.000285821
0.000285928
3.95052e-05
3.94947e-05
3.94906e-05
3.94894e-05
3.94891e-05
3.94892e-05
3.9488e-05
3.94613e-05
3.9136e-05
3.58063e-05
3.94947e-05
3.94843e-05
3.94803e-05
3.9479e-05
3.94788e-05
3.94789e-05
3.94777e-05
3.94514e-05
3.91277e-05
3.58032e-05
3.94906e-05
3.94803e-05
3.94763e-05
3.9475e-05
3.94748e-05
3.94749e-05
3.94738e-05
3.94478e-05
3.91247e-05
3.58017e-05
3.94894e-05
3.9479e-05
3.9475e-05
3.94738e-05
3.94736e-05
3.94737e-05
3.94726e-05
3.94466e-05
3.91238e-05
3.58012e-05
3.94892e-05
3.94788e-05
3.94748e-05
3.94736e-05
3.94733e-05
3.94735e-05
3.94724e-05
3.94465e-05
3.91237e-05
3.58011e-05
3.94896e-05
3.94792e-05
3.94752e-05
3.9474e-05
3.94738e-05
3.94739e-05
3.94729e-05
3.94469e-05
3.91241e-05
3.58016e-05
3.94917e-05
3.94815e-05
3.94775e-05
3.94763e-05
3.94761e-05
3.94762e-05
3.94752e-05
3.94492e-05
3.91264e-05
3.58037e-05
3.95002e-05
3.94903e-05
3.94866e-05
3.94855e-05
3.94853e-05
3.94854e-05
3.94844e-05
3.94584e-05
3.91356e-05
3.5812e-05
3.95274e-05
3.95189e-05
3.95159e-05
3.9515e-05
3.95148e-05
3.9515e-05
3.9514e-05
3.9488e-05
3.91649e-05
3.58387e-05
3.95957e-05
3.95925e-05
3.95909e-05
3.95903e-05
3.95902e-05
3.95904e-05
3.95894e-05
3.95634e-05
3.92399e-05
3.59084e-05
5.06855e-06
5.06708e-06
5.06652e-06
5.06634e-06
5.0663e-06
5.06622e-06
5.06517e-06
5.05404e-06
4.95799e-06
4.27852e-06
5.06708e-06
5.06563e-06
5.06507e-06
5.0649e-06
5.06485e-06
5.06478e-06
5.06374e-06
5.05267e-06
4.95687e-06
4.2781e-06
5.06652e-06
5.06507e-06
5.06452e-06
5.06434e-06
5.0643e-06
5.06422e-06
5.06319e-06
5.05216e-06
4.95646e-06
4.27791e-06
5.06635e-06
5.0649e-06
5.06434e-06
5.06417e-06
5.06413e-06
5.06405e-06
5.06302e-06
5.052e-06
4.95634e-06
4.27784e-06
5.06631e-06
5.06487e-06
5.06431e-06
5.06414e-06
5.0641e-06
5.06402e-06
5.063e-06
5.05198e-06
4.95632e-06
4.27783e-06
5.06638e-06
5.06494e-06
5.06438e-06
5.06421e-06
5.06417e-06
5.06409e-06
5.06306e-06
5.05205e-06
4.95639e-06
4.2779e-06
5.06672e-06
5.06529e-06
5.06474e-06
5.06457e-06
5.06453e-06
5.06446e-06
5.06343e-06
5.05241e-06
4.95674e-06
4.2782e-06
5.06804e-06
5.06666e-06
5.06615e-06
5.06599e-06
5.06595e-06
5.06588e-06
5.06485e-06
5.05383e-06
4.95813e-06
4.27939e-06
5.07226e-06
5.07108e-06
5.07066e-06
5.07053e-06
5.0705e-06
5.07043e-06
5.0694e-06
5.05838e-06
4.9626e-06
4.28323e-06
5.08284e-06
5.08241e-06
5.08219e-06
5.08211e-06
5.08209e-06
5.08202e-06
5.08099e-06
5.06995e-06
4.97399e-06
4.29323e-06
6.05923e-07
6.05735e-07
6.05662e-07
6.05639e-07
6.05631e-07
6.05601e-07
6.05305e-07
6.02783e-07
5.84926e-07
4.85367e-07
6.05735e-07
6.05548e-07
6.05476e-07
6.05453e-07
6.05445e-07
6.05416e-07
6.05121e-07
6.02609e-07
5.84786e-07
4.85312e-07
6.05662e-07
6.05476e-07
6.05404e-07
6.05382e-07
6.05374e-07
6.05344e-07
6.05051e-07
6.02543e-07
5.84734e-07
4.85288e-07
6.0564e-07
6.05454e-07
6.05382e-07
6.05359e-07
6.05352e-07
6.05322e-07
6.0503e-07
6.02523e-07
5.84718e-07
4.8528e-07
6.05636e-07
6.0545e-07
6.05378e-07
6.05356e-07
6.05348e-07
6.05319e-07
6.05026e-07
6.0252e-07
5.84716e-07
4.85279e-07
6.05645e-07
6.0546e-07
6.05388e-07
6.05366e-07
6.05358e-07
6.05329e-07
6.05036e-07
6.0253e-07
5.84726e-07
4.85287e-07
6.05694e-07
6.0551e-07
6.05439e-07
6.05417e-07
6.05409e-07
6.0538e-07
6.05088e-07
6.02582e-07
5.84776e-07
4.85328e-07
6.05883e-07
6.05705e-07
6.05639e-07
6.05618e-07
6.05611e-07
6.05582e-07
6.05289e-07
6.02783e-07
5.8497e-07
4.85489e-07
6.06482e-07
6.06331e-07
6.06277e-07
6.06261e-07
6.06255e-07
6.06226e-07
6.05933e-07
6.03424e-07
5.85592e-07
4.86005e-07
6.07984e-07
6.07931e-07
6.07902e-07
6.07892e-07
6.07888e-07
6.07859e-07
6.07566e-07
6.05051e-07
5.87178e-07
4.87344e-07
6.78474e-08
6.78248e-08
6.78161e-08
6.78133e-08
6.7812e-08
6.78052e-08
6.77471e-08
6.73158e-08
6.46701e-08
5.2245e-08
6.78248e-08
6.78025e-08
6.77939e-08
6.77911e-08
6.77898e-08
6.7783e-08
6.77252e-08
6.72952e-08
6.46538e-08
5.22384e-08
6.78161e-08
6.77939e-08
6.77852e-08
6.77825e-08
6.77811e-08
6.77744e-08
6.77168e-08
6.72873e-08
6.46477e-08
5.22355e-08
6.78134e-08
6.77912e-08
6.77826e-08
6.77798e-08
6.77785e-08
6.77718e-08
6.77142e-08
6.72849e-08
6.46458e-08
5.22346e-08
6.7813e-08
6.77908e-08
6.77821e-08
6.77794e-08
6.77781e-08
6.77714e-08
6.77138e-08
6.72846e-08
6.46456e-08
5.22346e-08
6.78142e-08
6.77921e-08
6.77835e-08
6.77807e-08
6.77794e-08
6.77727e-08
6.77151e-08
6.72859e-08
6.46469e-08
5.22356e-08
6.78206e-08
6.77986e-08
6.77902e-08
6.77875e-08
6.77862e-08
6.77795e-08
6.77219e-08
6.72927e-08
6.46534e-08
5.22408e-08
6.78455e-08
6.78243e-08
6.78164e-08
6.78138e-08
6.78126e-08
6.78059e-08
6.77483e-08
6.73189e-08
6.46785e-08
5.22611e-08
6.79243e-08
6.79062e-08
6.78998e-08
6.78978e-08
6.78967e-08
6.789e-08
6.78323e-08
6.74024e-08
6.47588e-08
5.23261e-08
6.8121e-08
6.81148e-08
6.81115e-08
6.81103e-08
6.81093e-08
6.81027e-08
6.80449e-08
6.76138e-08
6.49628e-08
5.24938e-08
7.14859e-09
7.14608e-09
7.14509e-09
7.14477e-09
7.14456e-09
7.14338e-09
7.13417e-09
7.07247e-09
6.73413e-09
5.34001e-09
7.14608e-09
7.14358e-09
7.14261e-09
7.14229e-09
7.14208e-09
7.1409e-09
7.13173e-09
7.07018e-09
6.73235e-09
5.33926e-09
7.1451e-09
7.14261e-09
7.14164e-09
7.14132e-09
7.14111e-09
7.13994e-09
7.13078e-09
7.06931e-09
6.73167e-09
5.33894e-09
7.14479e-09
7.14231e-09
7.14134e-09
7.14102e-09
7.14081e-09
7.13964e-09
7.13049e-09
7.06904e-09
6.73146e-09
5.33884e-09
7.14474e-09
7.14226e-09
7.14129e-09
7.14098e-09
7.14077e-09
7.13959e-09
7.13045e-09
7.069e-09
6.73144e-09
5.33884e-09
7.1449e-09
7.14242e-09
7.14146e-09
7.14114e-09
7.14093e-09
7.13976e-09
7.13061e-09
7.06917e-09
6.7316e-09
5.33897e-09
7.14569e-09
7.14323e-09
7.14228e-09
7.14197e-09
7.14177e-09
7.14059e-09
7.13144e-09
7.06999e-09
6.73238e-09
5.33958e-09
7.14874e-09
7.14637e-09
7.14547e-09
7.14518e-09
7.14499e-09
7.14381e-09
7.13466e-09
7.07318e-09
6.73541e-09
5.34198e-09
7.15834e-09
7.15633e-09
7.15561e-09
7.15538e-09
7.1552e-09
7.15403e-09
7.14486e-09
7.08329e-09
6.74505e-09
5.34967e-09
7.1823e-09
7.18163e-09
7.18126e-09
7.18112e-09
7.18095e-09
7.17978e-09
7.17059e-09
7.10883e-09
6.76947e-09
5.36939e-09
7.11598e-10
7.11333e-10
7.11229e-10
7.11194e-10
7.11165e-10
7.1099e-10
7.09733e-10
7.01984e-10
6.63186e-10
5.19039e-10
7.11333e-10
7.11071e-10
7.10968e-10
7.10933e-10
7.10904e-10
7.1073e-10
7.09478e-10
7.01745e-10
6.63002e-10
5.18959e-10
7.1123e-10
7.10968e-10
7.10866e-10
7.10831e-10
7.10802e-10
7.10629e-10
7.09378e-10
7.01654e-10
6.62932e-10
5.18926e-10
7.11198e-10
7.10936e-10
7.10834e-10
7.10799e-10
7.1077e-10
7.10597e-10
7.09347e-10
7.01625e-10
6.6291e-10
5.18915e-10
7.11193e-10
7.10932e-10
7.1083e-10
7.10795e-10
7.10766e-10
7.10593e-10
7.09343e-10
7.01622e-10
6.62908e-10
5.18915e-10
7.11211e-10
7.1095e-10
7.10849e-10
7.10814e-10
7.10785e-10
7.10612e-10
7.09362e-10
7.01641e-10
6.62926e-10
5.18929e-10
7.11302e-10
7.11043e-10
7.10943e-10
7.10909e-10
7.1088e-10
7.10707e-10
7.09457e-10
7.01735e-10
6.63015e-10
5.18999e-10
7.1165e-10
7.11401e-10
7.11307e-10
7.11275e-10
7.11247e-10
7.11074e-10
7.09824e-10
7.02097e-10
6.63356e-10
5.19266e-10
7.12746e-10
7.12535e-10
7.12459e-10
7.12434e-10
7.12408e-10
7.12234e-10
7.10982e-10
7.03243e-10
6.6444e-10
5.20121e-10
7.15473e-10
7.15404e-10
7.15366e-10
7.1535e-10
7.15326e-10
7.15152e-10
7.13896e-10
7.06128e-10
6.67178e-10
5.22303e-10
6.71631e-11
6.71368e-11
6.71265e-11
6.71229e-11
6.71191e-11
6.70965e-11
6.69438e-11
6.60653e-11
6.19884e-11
4.80634e-11
6.71368e-11
6.71108e-11
6.71005e-11
6.7097e-11
6.70932e-11
6.70707e-11
6.69185e-11
6.60419e-11
6.19705e-11
4.80554e-11
6.71265e-11
6.71006e-11
6.70904e-11
6.70868e-11
6.70831e-11
6.70606e-11
6.69086e-11
6.60328e-11
6.19636e-11
4.80521e-11
6.71233e-11
6.70974e-11
6.70872e-11
6.70836e-11
6.70799e-11
6.70574e-11
6.69055e-11
6.603e-11
6.19614e-11
4.8051e-11
6.71229e-11
6.7097e-11
6.70868e-11
6.70832e-11
6.70795e-11
6.7057e-11
6.69051e-11
6.60296e-11
6.19613e-11
4.8051e-11
6.71248e-11
6.7099e-11
6.70888e-11
6.70853e-11
6.70816e-11
6.70591e-11
6.69072e-11
6.60317e-11
6.19632e-11
4.80526e-11
6.71346e-11
6.7109e-11
6.7099e-11
6.70955e-11
6.70918e-11
6.70693e-11
6.69174e-11
6.60418e-11
6.19726e-11
4.80599e-11
6.71721e-11
6.71474e-11
6.7138e-11
6.71348e-11
6.71311e-11
6.71087e-11
6.69567e-11
6.60805e-11
6.20089e-11
4.80881e-11
6.72895e-11
6.72686e-11
6.72611e-11
6.72585e-11
6.7255e-11
6.72325e-11
6.70803e-11
6.62025e-11
6.21235e-11
4.81778e-11
6.75811e-11
6.75744e-11
6.75707e-11
6.7569e-11
6.75658e-11
6.75432e-11
6.73903e-11
6.65088e-11
6.24123e-11
4.84057e-11
6.02971e-12
6.02724e-12
6.02627e-12
6.02591e-12
6.02548e-12
6.02284e-12
6.00597e-12
5.91451e-12
5.51649e-12
4.24863e-12
6.02724e-12
6.0248e-12
6.02383e-12
6.02348e-12
6.02305e-12
6.02041e-12
6.0036e-12
5.91232e-12
5.51483e-12
4.24787e-12
6.02627e-12
6.02384e-12
6.02287e-12
6.02252e-12
6.02209e-12
6.01946e-12
6.00267e-12
5.91147e-12
5.51419e-12
4.24756e-12
6.02597e-12
6.02354e-12
6.02257e-12
6.02222e-12
6.02179e-12
6.01917e-12
6.00238e-12
5.91121e-12
5.51399e-12
4.24746e-12
6.02593e-12
6.0235e-12
6.02254e-12
6.02219e-12
6.02175e-12
6.01913e-12
6.00234e-12
5.91118e-12
5.51397e-12
4.24746e-12
6.02614e-12
6.02371e-12
6.02275e-12
6.0224e-12
6.02197e-12
6.01934e-12
6.00256e-12
5.91139e-12
5.51417e-12
4.24762e-12
6.02713e-12
6.02472e-12
6.02378e-12
6.02344e-12
6.02301e-12
6.02038e-12
6.00359e-12
5.91241e-12
5.51512e-12
4.24835e-12
6.03093e-12
6.02861e-12
6.02773e-12
6.02741e-12
6.02698e-12
6.02436e-12
6.00756e-12
5.91631e-12
5.51876e-12
4.25117e-12
6.0428e-12
6.04084e-12
6.04014e-12
6.03987e-12
6.03947e-12
6.03684e-12
6.02001e-12
5.92858e-12
5.53021e-12
4.26009e-12
6.07221e-12
6.07161e-12
6.07126e-12
6.07109e-12
6.0707e-12
6.06807e-12
6.05115e-12
5.95928e-12
5.55899e-12
4.28264e-12
5.16391e-13
5.16171e-13
5.16083e-13
5.1605e-13
5.16003e-13
5.15721e-13
5.14003e-13
5.05151e-13
4.68704e-13
3.59243e-13
5.16171e-13
5.15953e-13
5.15866e-13
5.15833e-13
5.15786e-13
5.15505e-13
5.13791e-13
5.04957e-13
4.68558e-13
3.59175e-13
5.16084e-13
5.15866e-13
5.1578e-13
5.15747e-13
5.157e-13
5.15419e-13
5.13708e-13
5.04881e-13
4.685e-13
3.59147e-13
5.16057e-13
5.15839e-13
5.15753e-13
5.1572e-13
5.15673e-13
5.15393e-13
5.13682e-13
5.04857e-13
4.68483e-13
3.59138e-13
5.16053e-13
5.15836e-13
5.1575e-13
5.15717e-13
5.1567e-13
5.1539e-13
5.13679e-13
5.04855e-13
4.68482e-13
3.59139e-13
5.16073e-13
5.15856e-13
5.1577e-13
5.15738e-13
5.15691e-13
5.1541e-13
5.137e-13
5.04876e-13
4.68501e-13
3.59154e-13
5.16169e-13
5.15954e-13
5.15869e-13
5.15837e-13
5.15791e-13
5.1551e-13
5.13799e-13
5.04973e-13
4.68591e-13
3.59224e-13
5.16534e-13
5.16327e-13
5.16248e-13
5.16218e-13
5.16172e-13
5.15891e-13
5.14179e-13
5.05346e-13
4.68937e-13
3.59491e-13
5.17671e-13
5.17496e-13
5.17433e-13
5.17408e-13
5.17364e-13
5.17083e-13
5.15367e-13
5.06514e-13
4.70023e-13
3.60332e-13
5.20481e-13
5.20428e-13
5.20397e-13
5.20381e-13
5.20338e-13
5.20056e-13
5.18331e-13
5.0943e-13
4.72742e-13
3.62452e-13
4.22962e-14
4.22774e-14
4.22699e-14
4.2267e-14
4.22622e-14
4.22343e-14
4.20711e-14
4.1268e-14
3.812e-14
2.91787e-14
4.22774e-14
4.22588e-14
4.22514e-14
4.22485e-14
4.22437e-14
4.22159e-14
4.20532e-14
4.12516e-14
3.81076e-14
2.91728e-14
4.227e-14
4.22515e-14
4.2244e-14
4.22411e-14
4.22364e-14
4.22086e-14
4.20461e-14
4.12451e-14
3.81028e-14
2.91704e-14
4.22677e-14
4.22491e-14
4.22417e-14
4.22388e-14
4.22341e-14
4.22063e-14
4.20439e-14
4.12431e-14
3.81013e-14
2.91697e-14
4.22674e-14
4.22489e-14
4.22415e-14
4.22386e-14
4.22339e-14
4.22061e-14
4.20436e-14
4.1243e-14
3.81012e-14
2.91697e-14
4.22692e-14
4.22508e-14
4.22434e-14
4.22405e-14
4.22358e-14
4.2208e-14
4.20456e-14
4.12448e-14
3.8103e-14
2.91711e-14
4.2278e-14
4.22597e-14
4.22524e-14
4.22496e-14
4.22449e-14
4.22171e-14
4.20546e-14
4.12538e-14
3.81112e-14
2.91774e-14
4.23113e-14
4.22937e-14
4.22869e-14
4.22842e-14
4.22796e-14
4.22518e-14
4.20892e-14
4.12876e-14
3.81425e-14
2.92016e-14
4.24147e-14
4.23999e-14
4.23945e-14
4.23923e-14
4.23878e-14
4.23599e-14
4.21969e-14
4.13933e-14
3.82403e-14
2.92774e-14
4.26698e-14
4.26655e-14
4.26629e-14
4.26614e-14
4.2657e-14
4.26291e-14
4.24651e-14
4.16567e-14
3.84848e-14
2.94676e-14
4.20738e-06
4.68347e-07
4.94489e-08
4.97426e-09
6.38408e-10
1.85211e-09
1.89401e-08
1.88701e-07
1.78662e-06
1.60452e-05
4.20702e-06
4.68306e-07
4.94444e-08
4.97372e-09
6.3779e-10
1.84683e-09
1.88944e-08
1.88335e-07
1.78395e-06
1.6028e-05
4.20686e-06
4.68288e-07
4.94425e-08
4.97351e-09
6.37614e-10
1.84543e-09
1.8883e-08
1.88249e-07
1.78337e-06
1.60244e-05
4.2068e-06
4.68282e-07
4.94418e-08
4.97345e-09
6.37572e-10
1.84512e-09
1.88805e-08
1.88231e-07
1.78325e-06
1.60236e-05
4.20679e-06
4.68282e-07
4.94419e-08
4.97345e-09
6.37567e-10
1.84507e-09
1.88801e-08
1.88228e-07
1.78323e-06
1.60235e-05
4.20685e-06
4.6829e-07
4.94429e-08
4.97357e-09
6.37583e-10
1.8451e-09
1.88804e-08
1.88231e-07
1.78325e-06
1.60237e-05
4.20715e-06
4.68329e-07
4.94477e-08
4.97414e-09
6.37663e-10
1.84529e-09
1.88821e-08
1.88247e-07
1.78338e-06
1.60247e-05
4.20831e-06
4.68482e-07
4.94666e-08
4.97633e-09
6.3796e-10
1.84592e-09
1.88881e-08
1.88302e-07
1.78386e-06
1.60285e-05
4.21206e-06
4.68972e-07
4.95267e-08
4.98327e-09
6.38851e-10
1.84749e-09
1.89034e-08
1.88449e-07
1.78518e-06
1.60397e-05
4.22165e-06
4.70214e-07
4.96779e-08
5.00062e-09
6.40918e-10
1.84979e-09
1.89259e-08
1.88678e-07
1.78741e-06
1.60604e-05
8.47777e-07
1.25395e-07
1.59126e-08
1.8239e-09
2.62234e-10
7.43046e-10
6.88967e-09
6.03282e-08
4.75574e-07
3.21629e-06
8.47701e-07
1.25384e-07
1.59112e-08
1.82372e-09
2.61974e-10
7.40961e-10
6.87333e-09
6.02138e-08
4.74885e-07
3.21299e-06
8.47666e-07
1.25379e-07
1.59106e-08
1.82364e-09
2.61896e-10
7.4037e-10
6.86888e-09
6.01838e-08
4.7471e-07
3.21215e-06
8.47654e-07
1.25377e-07
1.59104e-08
1.82362e-09
2.61877e-10
7.40233e-10
6.86788e-09
6.01772e-08
4.74671e-07
3.21196e-06
8.47654e-07
1.25377e-07
1.59104e-08
1.82362e-09
2.61874e-10
7.40209e-10
6.86771e-09
6.01761e-08
4.74665e-07
3.21192e-06
8.47668e-07
1.2538e-07
1.59108e-08
1.82367e-09
2.61882e-10
7.40224e-10
6.86783e-09
6.01772e-08
4.74673e-07
3.21197e-06
8.47738e-07
1.25392e-07
1.59125e-08
1.8239e-09
2.61917e-10
7.40304e-10
6.86852e-09
6.01826e-08
4.74712e-07
3.2122e-06
8.48011e-07
1.25439e-07
1.59193e-08
1.82479e-09
2.6205e-10
7.4058e-10
6.8709e-09
6.02021e-08
4.74854e-07
3.21308e-06
8.48891e-07
1.25589e-07
1.59411e-08
1.82763e-09
2.62454e-10
7.41292e-10
6.87716e-09
6.02551e-08
4.75253e-07
3.21563e-06
8.51169e-07
1.25975e-07
1.59971e-08
1.83487e-09
2.63421e-10
7.42548e-10
6.8883e-09
6.03535e-08
4.76038e-07
3.22103e-06
1.26874e-07
2.29383e-08
3.38108e-09
4.35619e-10
6.99572e-11
1.93502e-10
1.63341e-09
1.27481e-08
8.66177e-08
4.79866e-07
1.26862e-07
2.29363e-08
3.3808e-09
4.35575e-10
6.98853e-11
1.92961e-10
1.62955e-09
1.27241e-08
8.64937e-08
4.7938e-07
1.26856e-07
2.29354e-08
3.38067e-09
4.35557e-10
6.98626e-11
1.92799e-10
1.62843e-09
1.27172e-08
8.64585e-08
4.79237e-07
1.26855e-07
2.29351e-08
3.38063e-09
4.35552e-10
6.98569e-11
1.92759e-10
1.62816e-09
1.27156e-08
8.64502e-08
4.79203e-07
1.26855e-07
2.29351e-08
3.38063e-09
4.35552e-10
6.98561e-11
1.92752e-10
1.62811e-09
1.27153e-08
8.64489e-08
4.79197e-07
1.26857e-07
2.29357e-08
3.38072e-09
4.35566e-10
6.98582e-11
1.92756e-10
1.62814e-09
1.27156e-08
8.64504e-08
4.79205e-07
1.26869e-07
2.29382e-08
3.38114e-09
4.35627e-10
6.98687e-11
1.92779e-10
1.62832e-09
1.27169e-08
8.64583e-08
4.79245e-07
1.26917e-07
2.2948e-08
3.38278e-09
4.35866e-10
6.99079e-11
1.92859e-10
1.62895e-09
1.27215e-08
8.64875e-08
4.79394e-07
1.2707e-07
2.29794e-08
3.38803e-09
4.36626e-10
7.00275e-11
1.9307e-10
1.63064e-09
1.27342e-08
8.6571e-08
4.79835e-07
1.27465e-07
2.30604e-08
3.40149e-09
4.38567e-10
7.03172e-11
1.93484e-10
1.63399e-09
1.27605e-08
8.67504e-08
4.80841e-07
1.62681e-08
3.40938e-09
5.66282e-10
8.05249e-11
1.42615e-11
3.85623e-11
2.9981e-10
2.12441e-09
1.28251e-08
6.13704e-08
1.62665e-08
3.40908e-09
5.66235e-10
8.05168e-11
1.42462e-11
3.84545e-11
2.99101e-10
2.12041e-09
1.28068e-08
6.13082e-08
1.62658e-08
3.40894e-09
5.66214e-10
8.05134e-11
1.42412e-11
3.84204e-11
2.98881e-10
2.11919e-09
1.28011e-08
6.12879e-08
1.62655e-08
3.4089e-09
5.66207e-10
8.05123e-11
1.42399e-11
3.84118e-11
2.98826e-10
2.11888e-09
1.27997e-08
6.12828e-08
1.62655e-08
3.4089e-09
5.66208e-10
8.05126e-11
1.42397e-11
3.84102e-11
2.98816e-10
2.11883e-09
1.27994e-08
6.12819e-08
1.62659e-08
3.40899e-09
5.66225e-10
8.05153e-11
1.42402e-11
3.84111e-11
2.98822e-10
2.11887e-09
1.27997e-08
6.1283e-08
1.62677e-08
3.40942e-09
5.66306e-10
8.05281e-11
1.42426e-11
3.84161e-11
2.98858e-10
2.11911e-09
1.2801e-08
6.12888e-08
1.62747e-08
3.41108e-09
5.66616e-10
8.05776e-11
1.42514e-11
3.84336e-11
2.98986e-10
2.11997e-09
1.28059e-08
6.13106e-08
1.62973e-08
3.41639e-09
5.67607e-10
8.07347e-11
1.42784e-11
3.84817e-11
2.9934e-10
2.1224e-09
1.28201e-08
6.13758e-08
1.63554e-08
3.43005e-09
5.70142e-10
8.11347e-11
1.43443e-11
3.85822e-11
3.00091e-10
2.12773e-09
1.28524e-08
6.15318e-08
1.8762e-09
4.4038e-10
8.05896e-11
1.24563e-11
2.4029e-12
6.36208e-12
4.60561e-11
3.00877e-10
1.65058e-09
7.06022e-09
1.876e-09
4.40339e-10
8.05829e-11
1.2455e-11
2.40023e-12
6.34421e-12
4.59466e-11
3.00309e-10
1.64821e-09
7.05301e-09
1.87591e-09
4.40321e-10
8.05799e-11
1.24545e-11
2.39932e-12
6.33833e-12
4.59109e-11
3.00123e-10
1.64742e-09
7.05048e-09
1.87588e-09
4.40315e-10
8.05789e-11
1.24543e-11
2.39908e-12
6.33678e-12
4.59015e-11
3.00075e-10
1.64722e-09
7.0498e-09
1.87588e-09
4.40316e-10
8.05791e-11
1.24543e-11
2.39904e-12
6.33648e-12
4.58998e-11
3.00067e-10
1.64718e-09
7.04968e-09
1.87593e-09
4.40329e-10
8.05819e-11
1.24548e-11
2.39913e-12
6.33663e-12
4.59009e-11
3.00073e-10
1.64722e-09
7.04982e-09
1.87617e-09
4.40392e-10
8.05947e-11
1.2457e-11
2.39957e-12
6.33754e-12
4.5907e-11
3.00111e-10
1.64741e-09
7.05058e-09
1.8771e-09
4.40635e-10
8.06444e-11
1.24656e-11
2.40121e-12
6.34075e-12
4.59288e-11
3.00247e-10
1.64811e-09
7.05342e-09
1.88007e-09
4.41411e-10
8.08024e-11
1.24926e-11
2.40625e-12
6.34976e-12
4.59907e-11
3.0064e-10
1.6502e-09
7.06207e-09
1.88768e-09
4.43396e-10
8.12052e-11
1.25612e-11
2.41857e-12
6.36948e-12
4.61282e-11
3.01538e-10
1.65514e-09
7.08333e-09
1.99176e-10
5.11422e-11
1.01407e-11
1.68314e-12
3.49892e-13
9.08519e-13
6.18038e-12
3.76801e-11
1.90999e-10
7.47635e-10
1.99154e-10
5.11373e-11
1.01399e-11
1.68297e-12
3.49488e-13
9.0595e-13
6.16557e-12
3.76083e-11
1.90723e-10
7.46862e-10
1.99144e-10
5.11352e-11
1.01395e-11
1.68289e-12
3.49348e-13
9.05073e-13
6.16053e-12
3.75838e-11
1.90626e-10
7.46574e-10
1.99141e-10
5.11345e-11
1.01394e-11
1.68287e-12
3.49309e-13
9.04834e-13
6.15917e-12
3.75771e-11
1.906e-10
7.46493e-10
1.99141e-10
5.11346e-11
1.01394e-11
1.68288e-12
3.49303e-13
9.04786e-13
6.1589e-12
3.75759e-11
1.90595e-10
7.46478e-10
1.99147e-10
5.11364e-11
1.01398e-11
1.68295e-12
3.49317e-13
9.0481e-13
6.15906e-12
3.75768e-11
1.90599e-10
7.46495e-10
1.99176e-10
5.11446e-11
1.01416e-11
1.68328e-12
3.49387e-13
9.04952e-13
6.15996e-12
3.7582e-11
1.90624e-10
7.46586e-10
1.99288e-10
5.11764e-11
1.01486e-11
1.68456e-12
3.49651e-13
9.0546e-13
6.16321e-12
3.7601e-11
1.90716e-10
7.46927e-10
1.99645e-10
5.12776e-11
1.01708e-11
1.68861e-12
3.50458e-13
9.06914e-13
6.17262e-12
3.76569e-11
1.90991e-10
7.47974e-10
2.00556e-10
5.15352e-11
1.0227e-11
1.69883e-12
3.5244e-13
9.10203e-13
6.19419e-12
3.77882e-11
1.91658e-10
7.50596e-10
1.97238e-11
5.44781e-12
1.15572e-12
2.04014e-13
4.5293e-14
1.15495e-13
7.43932e-13
4.27381e-12
2.02724e-11
7.38459e-11
1.97214e-11
5.44728e-12
1.15562e-12
2.03991e-13
4.5239e-14
1.15166e-13
7.42131e-13
4.26559e-12
2.02428e-11
7.37683e-11
1.97204e-11
5.44704e-12
1.15557e-12
2.03982e-13
4.52197e-14
1.1505e-13
7.41497e-13
4.26267e-12
2.02319e-11
7.3738e-11
1.97201e-11
5.44697e-12
1.15556e-12
2.03979e-13
4.52142e-14
1.15017e-13
7.41319e-13
4.26185e-12
2.02289e-11
7.37292e-11
1.97201e-11
5.44698e-12
1.15557e-12
2.0398e-13
4.52134e-14
1.15011e-13
7.41284e-13
4.26169e-12
2.02283e-11
7.37275e-11
1.97208e-11
5.4472e-12
1.15562e-12
2.0399e-13
4.52154e-14
1.15014e-13
7.41304e-13
4.2618e-12
2.02288e-11
7.37294e-11
1.9724e-11
5.44818e-12
1.15585e-12
2.04035e-13
4.52254e-14
1.15034e-13
7.41424e-13
4.26246e-12
2.02317e-11
7.37395e-11
1.97365e-11
5.45198e-12
1.15673e-12
2.04207e-13
4.52628e-14
1.15105e-13
7.41858e-13
4.26485e-12
2.02426e-11
7.37774e-11
1.97763e-11
5.464e-12
1.15953e-12
2.04747e-13
4.53776e-14
1.15313e-13
7.43132e-13
4.272e-12
2.02757e-11
7.3895e-11
1.98772e-11
5.49448e-12
1.16661e-12
2.06107e-13
4.56597e-14
1.15794e-13
7.46124e-13
4.28915e-12
2.0357e-11
7.41924e-11
1.83781e-12
5.3929e-13
1.21207e-13
2.25805e-14
5.31367e-15
1.33223e-14
8.17633e-14
4.46056e-13
1.99944e-12
6.86255e-12
1.83758e-12
5.39235e-13
1.21197e-13
2.2578e-14
5.30713e-15
1.3284e-14
8.15633e-14
4.45188e-13
1.99648e-12
6.85521e-12
1.83748e-12
5.39212e-13
1.21192e-13
2.25769e-14
5.30475e-15
1.32701e-14
8.14907e-14
4.44869e-13
1.99536e-12
6.85224e-12
1.83745e-12
5.39204e-13
1.21191e-13
2.25766e-14
5.30405e-15
1.32661e-14
8.14697e-14
4.44777e-13
1.99503e-12
6.85134e-12
1.83745e-12
5.39206e-13
1.21192e-13
2.25767e-14
5.30394e-15
1.32653e-14
8.14654e-14
4.44758e-13
1.99496e-12
6.85116e-12
1.83752e-12
5.3923e-13
1.21197e-13
2.2578e-14
5.3042e-15
1.32657e-14
8.14678e-14
4.44771e-13
1.99502e-12
6.85135e-12
1.83786e-12
5.39339e-13
1.21224e-13
2.25834e-14
5.30548e-15
1.32682e-14
8.14822e-14
4.44846e-13
1.99534e-12
6.8524e-12
1.83917e-12
5.39757e-13
1.21327e-13
2.26043e-14
5.31028e-15
1.32773e-14
8.1535e-14
4.45124e-13
1.99654e-12
6.85636e-12
1.8433e-12
5.41077e-13
1.21651e-13
2.26699e-14
5.32501e-15
1.3304e-14
8.16919e-14
4.45961e-13
2.00021e-12
6.8687e-12
1.85376e-12
5.44409e-13
1.22466e-13
2.28344e-14
5.36125e-15
1.33671e-14
8.20661e-14
4.47997e-13
2.00933e-12
6.90008e-12
1.62188e-13
5.00942e-14
1.18372e-14
2.31289e-15
5.73314e-16
1.41473e-15
8.31555e-15
4.33477e-14
1.85029e-13
6.03965e-13
1.62167e-13
5.00889e-14
1.18361e-14
2.31261e-15
5.72589e-16
1.41062e-15
8.29497e-15
4.32624e-14
1.84751e-13
6.03308e-13
1.62157e-13
5.00867e-14
1.18357e-14
2.3125e-15
5.72318e-16
1.4091e-15
8.2873e-15
4.32301e-14
1.84643e-13
6.03033e-13
1.62155e-13
5.00859e-14
1.18355e-14
2.31247e-15
5.72238e-16
1.40865e-15
8.28503e-15
4.32204e-14
1.8461e-13
6.02947e-13
1.62155e-13
5.00862e-14
1.18356e-14
2.31248e-15
5.72225e-16
1.40855e-15
8.28455e-15
4.32184e-14
1.84603e-13
6.02929e-13
1.62162e-13
5.00887e-14
1.18363e-14
2.31262e-15
5.72255e-16
1.4086e-15
8.28481e-15
4.32198e-14
1.84609e-13
6.02948e-13
1.62196e-13
5.00999e-14
1.18392e-14
2.31324e-15
5.72406e-16
1.40889e-15
8.28642e-15
4.32279e-14
1.84642e-13
6.03051e-13
1.62324e-13
5.01429e-14
1.18502e-14
2.31559e-15
5.72971e-16
1.40995e-15
8.29235e-15
4.32577e-14
1.84765e-13
6.0344e-13
1.62729e-13
5.02782e-14
1.18849e-14
2.32292e-15
5.74705e-16
1.41311e-15
8.31012e-15
4.33485e-14
1.85145e-13
6.04658e-13
1.63749e-13
5.06183e-14
1.1972e-14
2.34126e-15
5.78969e-16
1.42065e-15
8.353e-15
4.35713e-14
1.86095e-13
6.07765e-13
1.45387e-14
4.74401e-15
1.17658e-15
2.40681e-16
6.27381e-17
1.52378e-16
8.58969e-16
4.28665e-15
1.74534e-14
5.39792e-14
1.45367e-14
4.74352e-15
1.17648e-15
2.40653e-16
6.26567e-17
1.51931e-16
8.56817e-16
4.2781e-15
1.74269e-14
5.39197e-14
1.45359e-14
4.7433e-15
1.17644e-15
2.40641e-16
6.26256e-17
1.51762e-16
8.55995e-16
4.27478e-15
1.74161e-14
5.3894e-14
1.45356e-14
4.74324e-15
1.17643e-15
2.40637e-16
6.26162e-17
1.51711e-16
8.55745e-16
4.27376e-15
1.74128e-14
5.38856e-14
1.45357e-14
4.74327e-15
1.17644e-15
2.40639e-16
6.26146e-17
1.51699e-16
8.55691e-16
4.27354e-15
1.74121e-14
5.38839e-14
1.45364e-14
4.74353e-15
1.17651e-15
2.40655e-16
6.26183e-17
1.51705e-16
8.55721e-16
4.27369e-15
1.74127e-14
5.38858e-14
1.45398e-14
4.74472e-15
1.17683e-15
2.40726e-16
6.26365e-17
1.51739e-16
8.55905e-16
4.27457e-15
1.74162e-14
5.3896e-14
1.45526e-14
4.74923e-15
1.17804e-15
2.40994e-16
6.27041e-17
1.51866e-16
8.56583e-16
4.27786e-15
1.74291e-14
5.39349e-14
1.45928e-14
4.76336e-15
1.18183e-15
2.41829e-16
6.29112e-17
1.52244e-16
8.58628e-16
4.28787e-15
1.74692e-14
5.40568e-14
1.4693e-14
4.79848e-15
1.19122e-15
2.43892e-16
6.34161e-17
1.53146e-16
8.63548e-16
4.31235e-15
1.75687e-14
5.43656e-14
0.000136519
0.000149372
0.000150692
0.00015082
0.000150832
0.000150835
0.000150843
0.000150875
0.000150972
0.000151173
0.000136427
0.000149272
0.000150592
0.00015072
0.000150732
0.000150735
0.000150743
0.000150777
0.000150879
0.0001511
0.000136407
0.000149251
0.00015057
0.000150699
0.00015071
0.000150713
0.000150722
0.000150756
0.000150861
0.000151087
0.000136402
0.000149246
0.000150565
0.000150693
0.000150705
0.000150708
0.000150717
0.000150751
0.000150857
0.000151085
0.000136401
0.000149245
0.000150564
0.000150692
0.000150704
0.000150707
0.000150716
0.00015075
0.000150856
0.000151084
0.000136403
0.000149246
0.000150565
0.000150694
0.000150706
0.000150709
0.000150718
0.000150752
0.000150858
0.000151086
0.00013641
0.000149255
0.000150574
0.000150703
0.000150715
0.000150717
0.000150726
0.000150761
0.000150867
0.000151095
0.000136438
0.000149287
0.000150608
0.000150737
0.000150749
0.000150752
0.000150761
0.000150795
0.000150901
0.00015113
0.000136525
0.000149388
0.000150713
0.000150843
0.000150855
0.000150858
0.000150867
0.000150901
0.000151008
0.000151237
0.000136709
0.000149607
0.000150939
0.00015107
0.000151083
0.000151086
0.000151095
0.00015113
0.000151237
0.000151468
1.62355e-05
1.88445e-05
1.92224e-05
1.9269e-05
1.92741e-05
1.92749e-05
1.92762e-05
1.9281e-05
1.92955e-05
1.93284e-05
1.62251e-05
1.88327e-05
1.92105e-05
1.9257e-05
1.92622e-05
1.9263e-05
1.92643e-05
1.92693e-05
1.92846e-05
1.93203e-05
1.62221e-05
1.88293e-05
1.9207e-05
1.92535e-05
1.92587e-05
1.92595e-05
1.92609e-05
1.9266e-05
1.92816e-05
1.9318e-05
1.62213e-05
1.88284e-05
1.92061e-05
1.92526e-05
1.92578e-05
1.92586e-05
1.926e-05
1.92652e-05
1.92809e-05
1.93175e-05
1.62212e-05
1.88283e-05
1.9206e-05
1.92525e-05
1.92577e-05
1.92585e-05
1.92599e-05
1.9265e-05
1.92808e-05
1.93174e-05
1.62214e-05
1.88285e-05
1.92062e-05
1.92528e-05
1.92579e-05
1.92587e-05
1.92601e-05
1.92653e-05
1.92811e-05
1.93177e-05
1.62225e-05
1.88298e-05
1.92076e-05
1.92541e-05
1.92593e-05
1.92601e-05
1.92615e-05
1.92666e-05
1.92824e-05
1.93191e-05
1.62264e-05
1.88347e-05
1.92127e-05
1.92592e-05
1.92644e-05
1.92652e-05
1.92666e-05
1.92718e-05
1.92876e-05
1.93243e-05
1.62385e-05
1.88495e-05
1.92282e-05
1.9275e-05
1.92802e-05
1.9281e-05
1.92824e-05
1.92876e-05
1.93035e-05
1.93403e-05
1.62664e-05
1.88843e-05
1.92645e-05
1.93116e-05
1.93168e-05
1.93177e-05
1.93191e-05
1.93243e-05
1.93403e-05
1.93775e-05
1.83946e-06
2.22109e-06
2.29078e-06
2.30098e-06
2.30228e-06
2.30246e-06
2.30265e-06
2.30332e-06
2.30536e-06
2.31024e-06
1.83826e-06
2.21971e-06
2.28937e-06
2.29957e-06
2.30086e-06
2.30105e-06
2.30124e-06
2.30194e-06
2.30407e-06
2.30933e-06
1.83786e-06
2.21923e-06
2.28888e-06
2.29907e-06
2.30037e-06
2.30055e-06
2.30076e-06
2.30147e-06
2.30365e-06
2.309e-06
1.83776e-06
2.21911e-06
2.28875e-06
2.29895e-06
2.30024e-06
2.30043e-06
2.30063e-06
2.30135e-06
2.30354e-06
2.30892e-06
1.83774e-06
2.21909e-06
2.28873e-06
2.29893e-06
2.30022e-06
2.30041e-06
2.30061e-06
2.30133e-06
2.30353e-06
2.30891e-06
1.83777e-06
2.21912e-06
2.28877e-06
2.29896e-06
2.30026e-06
2.30044e-06
2.30065e-06
2.30137e-06
2.30357e-06
2.30895e-06
1.83791e-06
2.2193e-06
2.28895e-06
2.29915e-06
2.30044e-06
2.30063e-06
2.30084e-06
2.30156e-06
2.30376e-06
2.30914e-06
1.83844e-06
2.21996e-06
2.28966e-06
2.29987e-06
2.30116e-06
2.30135e-06
2.30156e-06
2.30228e-06
2.30448e-06
2.30987e-06
1.84004e-06
2.22201e-06
2.29182e-06
2.30206e-06
2.30336e-06
2.30355e-06
2.30376e-06
2.30448e-06
2.30669e-06
2.3121e-06
1.84398e-06
2.22705e-06
2.29714e-06
2.30743e-06
2.30874e-06
2.30894e-06
2.30914e-06
2.30987e-06
2.3121e-06
2.31757e-06
1.97722e-07
2.45309e-07
2.55601e-07
2.57323e-07
2.57567e-07
2.57602e-07
2.57629e-07
2.57716e-07
2.57982e-07
2.58642e-07
1.97591e-07
2.45156e-07
2.55443e-07
2.57164e-07
2.57408e-07
2.57443e-07
2.57471e-07
2.57561e-07
2.57839e-07
2.58544e-07
1.97542e-07
2.45097e-07
2.55381e-07
2.57103e-07
2.57346e-07
2.57382e-07
2.5741e-07
2.57502e-07
2.57786e-07
2.58503e-07
1.97529e-07
2.45081e-07
2.55365e-07
2.57086e-07
2.5733e-07
2.57365e-07
2.57393e-07
2.57486e-07
2.57772e-07
2.58492e-07
1.97527e-07
2.45078e-07
2.55362e-07
2.57083e-07
2.57327e-07
2.57362e-07
2.5739e-07
2.57483e-07
2.57769e-07
2.5849e-07
1.9753e-07
2.45082e-07
2.55366e-07
2.57088e-07
2.57331e-07
2.57367e-07
2.57395e-07
2.57488e-07
2.57774e-07
2.58495e-07
1.97547e-07
2.45105e-07
2.5539e-07
2.57112e-07
2.57356e-07
2.57391e-07
2.57419e-07
2.57513e-07
2.57799e-07
2.5852e-07
1.97613e-07
2.4519e-07
2.55481e-07
2.57204e-07
2.57449e-07
2.57484e-07
2.57512e-07
2.57606e-07
2.57892e-07
2.58614e-07
1.97815e-07
2.45453e-07
2.55762e-07
2.5749e-07
2.57735e-07
2.5777e-07
2.57799e-07
2.57892e-07
2.5818e-07
2.58904e-07
1.98327e-07
2.4612e-07
2.56472e-07
2.58209e-07
2.58455e-07
2.58491e-07
2.5852e-07
2.58614e-07
2.58904e-07
2.59637e-07
2.01785e-08
2.55152e-08
2.68293e-08
2.70742e-08
2.71122e-08
2.71179e-08
2.71213e-08
2.71319e-08
2.71644e-08
2.72466e-08
2.01647e-08
2.54989e-08
2.68125e-08
2.70574e-08
2.70953e-08
2.7101e-08
2.71045e-08
2.71154e-08
2.71493e-08
2.72366e-08
2.01592e-08
2.54922e-08
2.68055e-08
2.70503e-08
2.70882e-08
2.7094e-08
2.70975e-08
2.71086e-08
2.71432e-08
2.72317e-08
2.01576e-08
2.54903e-08
2.68035e-08
2.70483e-08
2.70862e-08
2.70919e-08
2.70955e-08
2.71067e-08
2.71414e-08
2.72304e-08
2.01573e-08
2.54899e-08
2.68031e-08
2.70479e-08
2.70858e-08
2.70916e-08
2.70951e-08
2.71064e-08
2.71412e-08
2.72302e-08
2.01577e-08
2.54905e-08
2.68037e-08
2.70485e-08
2.70864e-08
2.70921e-08
2.70957e-08
2.7107e-08
2.71418e-08
2.72308e-08
2.01598e-08
2.54931e-08
2.68065e-08
2.70514e-08
2.70893e-08
2.70951e-08
2.70987e-08
2.71099e-08
2.71447e-08
2.72338e-08
2.01675e-08
2.55033e-08
2.68175e-08
2.70625e-08
2.71005e-08
2.71063e-08
2.71099e-08
2.71211e-08
2.7156e-08
2.72451e-08
2.01915e-08
2.5535e-08
2.68516e-08
2.70972e-08
2.71353e-08
2.71411e-08
2.71447e-08
2.7156e-08
2.7191e-08
2.72804e-08
2.02532e-08
2.56164e-08
2.69389e-08
2.71859e-08
2.72242e-08
2.72301e-08
2.72337e-08
2.72451e-08
2.72804e-08
2.73709e-08
1.95809e-09
2.50969e-09
2.66029e-09
2.69098e-09
2.6961e-09
2.69691e-09
2.69732e-09
2.69853e-09
2.70225e-09
2.71175e-09
1.9567e-09
2.50806e-09
2.6586e-09
2.68927e-09
2.6944e-09
2.69521e-09
2.69563e-09
2.69687e-09
2.70074e-09
2.71077e-09
1.95612e-09
2.50735e-09
2.65786e-09
2.68852e-09
2.69365e-09
2.69445e-09
2.69488e-09
2.69614e-09
2.70008e-09
2.71026e-09
1.95595e-09
2.50714e-09
2.65763e-09
2.68829e-09
2.69342e-09
2.69422e-09
2.69465e-09
2.69593e-09
2.69989e-09
2.7101e-09
1.95592e-09
2.5071e-09
2.65759e-09
2.68825e-09
2.69338e-09
2.69418e-09
2.69461e-09
2.69589e-09
2.69985e-09
2.71008e-09
1.95596e-09
2.50716e-09
2.65765e-09
2.68831e-09
2.69344e-09
2.69425e-09
2.69468e-09
2.69595e-09
2.69992e-09
2.71014e-09
1.95619e-09
2.50745e-09
2.65798e-09
2.68864e-09
2.69377e-09
2.69458e-09
2.69501e-09
2.69629e-09
2.70026e-09
2.71048e-09
1.95704e-09
2.50859e-09
2.65921e-09
2.6899e-09
2.69504e-09
2.69585e-09
2.69628e-09
2.69756e-09
2.70153e-09
2.71177e-09
1.95973e-09
2.51217e-09
2.66308e-09
2.69385e-09
2.699e-09
2.69981e-09
2.70025e-09
2.70153e-09
2.70552e-09
2.7158e-09
1.96669e-09
2.52143e-09
2.67309e-09
2.70403e-09
2.70922e-09
2.71004e-09
2.71047e-09
2.71177e-09
2.7158e-09
2.7262e-09
1.81002e-10
2.34276e-10
2.501e-10
2.53573e-10
2.54193e-10
2.54295e-10
2.54342e-10
2.54471e-10
2.54872e-10
2.55899e-10
1.8087e-10
2.34121e-10
2.49938e-10
2.5341e-10
2.5403e-10
2.54132e-10
2.54179e-10
2.54312e-10
2.54728e-10
2.55809e-10
1.80812e-10
2.3405e-10
2.49863e-10
2.53335e-10
2.53954e-10
2.54056e-10
2.54104e-10
2.5424e-10
2.54662e-10
2.55757e-10
1.80795e-10
2.34028e-10
2.4984e-10
2.53311e-10
2.5393e-10
2.54032e-10
2.54081e-10
2.54217e-10
2.54641e-10
2.5574e-10
1.80791e-10
2.34024e-10
2.49835e-10
2.53306e-10
2.53926e-10
2.54028e-10
2.54076e-10
2.54213e-10
2.54638e-10
2.55738e-10
1.80796e-10
2.3403e-10
2.49842e-10
2.53313e-10
2.53933e-10
2.54035e-10
2.54083e-10
2.5422e-10
2.54645e-10
2.55745e-10
1.80819e-10
2.34061e-10
2.49876e-10
2.53348e-10
2.53968e-10
2.5407e-10
2.54119e-10
2.54255e-10
2.54681e-10
2.55781e-10
1.80909e-10
2.34182e-10
2.50007e-10
2.53482e-10
2.54103e-10
2.54205e-10
2.54254e-10
2.54391e-10
2.54817e-10
2.55918e-10
1.81193e-10
2.34562e-10
2.50421e-10
2.53905e-10
2.54528e-10
2.5463e-10
2.54679e-10
2.54817e-10
2.55245e-10
2.5635e-10
1.81931e-10
2.35549e-10
2.51494e-10
2.55e-10
2.55627e-10
2.5573e-10
2.55779e-10
2.55918e-10
2.5635e-10
2.5747e-10
1.59702e-11
2.082e-11
2.2365e-11
2.27266e-11
2.27949e-11
2.28066e-11
2.28116e-11
2.28247e-11
2.28654e-11
2.29699e-11
1.59582e-11
2.08058e-11
2.23503e-11
2.27117e-11
2.278e-11
2.27917e-11
2.27967e-11
2.28102e-11
2.28523e-11
2.29619e-11
1.59528e-11
2.07991e-11
2.23432e-11
2.27046e-11
2.27728e-11
2.27846e-11
2.27896e-11
2.28033e-11
2.28461e-11
2.29571e-11
1.5951e-11
2.0797e-11
2.23409e-11
2.27022e-11
2.27705e-11
2.27822e-11
2.27873e-11
2.28011e-11
2.28441e-11
2.29554e-11
1.59507e-11
2.07966e-11
2.23405e-11
2.27018e-11
2.277e-11
2.27818e-11
2.27869e-11
2.28007e-11
2.28437e-11
2.29551e-11
1.59511e-11
2.07972e-11
2.23411e-11
2.27024e-11
2.27707e-11
2.27824e-11
2.27876e-11
2.28014e-11
2.28444e-11
2.29558e-11
1.59535e-11
2.08003e-11
2.23446e-11
2.2706e-11
2.27743e-11
2.2786e-11
2.27911e-11
2.2805e-11
2.2848e-11
2.29595e-11
1.59625e-11
2.08124e-11
2.23578e-11
2.27195e-11
2.27879e-11
2.27996e-11
2.28048e-11
2.28186e-11
2.28618e-11
2.29733e-11
1.59909e-11
2.08505e-11
2.23996e-11
2.27623e-11
2.28309e-11
2.28427e-11
2.28478e-11
2.28617e-11
2.29051e-11
2.30171e-11
1.60647e-11
2.09497e-11
2.25079e-11
2.2873e-11
2.29422e-11
2.2954e-11
2.29593e-11
2.29733e-11
2.30171e-11
2.31306e-11
1.34773e-12
1.76638e-12
1.90792e-12
1.94292e-12
1.94988e-12
1.95111e-12
1.95161e-12
1.95288e-12
1.9568e-12
1.96685e-12
1.34668e-12
1.76515e-12
1.90663e-12
1.94162e-12
1.94858e-12
1.94981e-12
1.95032e-12
1.95162e-12
1.95566e-12
1.96617e-12
1.3462e-12
1.76455e-12
1.906e-12
1.94098e-12
1.94794e-12
1.94917e-12
1.94969e-12
1.951e-12
1.9551e-12
1.96573e-12
1.34604e-12
1.76435e-12
1.90579e-12
1.94077e-12
1.94772e-12
1.94896e-12
1.94947e-12
1.95079e-12
1.95492e-12
1.96558e-12
1.34601e-12
1.76431e-12
1.90575e-12
1.94072e-12
1.94768e-12
1.94892e-12
1.94943e-12
1.95075e-12
1.95488e-12
1.96555e-12
1.34605e-12
1.76437e-12
1.90581e-12
1.94079e-12
1.94774e-12
1.94898e-12
1.94949e-12
1.95082e-12
1.95495e-12
1.96562e-12
1.34627e-12
1.76467e-12
1.90614e-12
1.94113e-12
1.94808e-12
1.94932e-12
1.94984e-12
1.95116e-12
1.95529e-12
1.96597e-12
1.34712e-12
1.76581e-12
1.9074e-12
1.94242e-12
1.94938e-12
1.95062e-12
1.95114e-12
1.95247e-12
1.95661e-12
1.96729e-12
1.34982e-12
1.76945e-12
1.91139e-12
1.94652e-12
1.9535e-12
1.95475e-12
1.95527e-12
1.9566e-12
1.96076e-12
1.97149e-12
1.35682e-12
1.77888e-12
1.92174e-12
1.95712e-12
1.96416e-12
1.96542e-12
1.96594e-12
1.96729e-12
1.97149e-12
1.98238e-12
1.0924e-13
1.43442e-13
1.55675e-13
1.58853e-13
1.59514e-13
1.59636e-13
1.59683e-13
1.59799e-13
1.60157e-13
1.61075e-13
1.09153e-13
1.43339e-13
1.55568e-13
1.58745e-13
1.59406e-13
1.59528e-13
1.59576e-13
1.59694e-13
1.60063e-13
1.6102e-13
1.09112e-13
1.43289e-13
1.55514e-13
1.58691e-13
1.59351e-13
1.59473e-13
1.59522e-13
1.59642e-13
1.60016e-13
1.60983e-13
1.09098e-13
1.43271e-13
1.55496e-13
1.58672e-13
1.59332e-13
1.59454e-13
1.59503e-13
1.59624e-13
1.59999e-13
1.60969e-13
1.09095e-13
1.43268e-13
1.55492e-13
1.58668e-13
1.59328e-13
1.5945e-13
1.59499e-13
1.5962e-13
1.59996e-13
1.60967e-13
1.09099e-13
1.43273e-13
1.55497e-13
1.58674e-13
1.59334e-13
1.59456e-13
1.59505e-13
1.59626e-13
1.60002e-13
1.60973e-13
1.09119e-13
1.433e-13
1.55527e-13
1.58705e-13
1.59365e-13
1.59487e-13
1.59536e-13
1.59657e-13
1.60034e-13
1.61004e-13
1.09196e-13
1.43404e-13
1.55642e-13
1.58822e-13
1.59483e-13
1.59606e-13
1.59655e-13
1.59776e-13
1.60153e-13
1.61125e-13
1.0944e-13
1.43733e-13
1.56005e-13
1.59195e-13
1.59859e-13
1.59982e-13
1.60031e-13
1.60153e-13
1.60532e-13
1.61508e-13
1.10073e-13
1.44585e-13
1.56943e-13
1.60159e-13
1.60828e-13
1.60952e-13
1.61002e-13
1.61125e-13
1.61508e-13
1.62499e-13
317.609
317.605
317.604
317.604
317.604
317.604
317.604
317.604
317.605
317.606
317.605
317.601
317.6
317.6
317.6
317.6
317.6
317.6
317.601
317.603
317.604
317.6
317.599
317.599
317.599
317.599
317.599
317.599
317.6
317.603
317.604
317.6
317.599
317.598
317.598
317.598
317.598
317.599
317.6
317.602
317.604
317.6
317.599
317.598
317.598
317.598
317.598
317.599
317.6
317.602
317.604
317.6
317.599
317.598
317.598
317.598
317.598
317.599
317.6
317.602
317.604
317.6
317.599
317.598
317.598
317.598
317.598
317.599
317.6
317.602
317.604
317.6
317.599
317.599
317.599
317.599
317.599
317.599
317.6
317.603
317.605
317.601
317.6
317.6
317.6
317.6
317.6
317.6
317.601
317.604
317.606
317.603
317.603
317.602
317.602
317.602
317.602
317.603
317.604
317.606
152.238
152.233
152.231
152.23
152.23
152.23
152.23
152.231
152.233
152.236
152.233
152.227
152.225
152.225
152.225
152.225
152.225
152.226
152.228
152.233
152.231
152.225
152.224
152.223
152.223
152.223
152.223
152.224
152.226
152.232
152.23
152.225
152.223
152.222
152.222
152.222
152.223
152.223
152.226
152.232
152.23
152.225
152.223
152.222
152.222
152.222
152.222
152.223
152.226
152.232
152.23
152.225
152.223
152.222
152.222
152.222
152.222
152.223
152.226
152.232
152.23
152.225
152.223
152.223
152.222
152.222
152.223
152.223
152.226
152.232
152.231
152.226
152.224
152.223
152.223
152.223
152.223
152.224
152.227
152.233
152.233
152.228
152.226
152.226
152.226
152.226
152.226
152.227
152.229
152.235
152.236
152.233
152.232
152.232
152.232
152.232
152.232
152.233
152.235
152.241
58.6375
58.6338
58.6325
58.6321
58.632
58.632
58.6321
58.6327
58.6345
58.6388
58.6338
58.6302
58.6288
58.6284
58.6284
58.6284
58.6285
58.6292
58.6314
58.6371
58.6325
58.6288
58.6275
58.6271
58.627
58.6271
58.6272
58.628
58.6303
58.6364
58.6321
58.6284
58.6271
58.6267
58.6267
58.6267
58.6269
58.6276
58.63
58.6362
58.632
58.6284
58.627
58.6267
58.6266
58.6266
58.6268
58.6275
58.63
58.6361
58.632
58.6284
58.6271
58.6267
58.6266
58.6266
58.6268
58.6276
58.63
58.6361
58.6321
58.6285
58.6272
58.6269
58.6268
58.6268
58.627
58.6277
58.6302
58.6363
58.6327
58.6292
58.628
58.6276
58.6275
58.6276
58.6277
58.6285
58.6309
58.6371
58.6345
58.6314
58.6303
58.63
58.63
58.63
58.6302
58.6309
58.6334
58.6395
58.6388
58.6371
58.6364
58.6362
58.6361
58.6361
58.6363
58.6371
58.6395
58.6457
18.6452
18.6435
18.6429
18.6427
18.6427
18.6427
18.6428
18.6432
18.6444
18.6473
18.6435
18.6419
18.6413
18.6411
18.641
18.6411
18.6412
18.6416
18.643
18.6465
18.6429
18.6413
18.6407
18.6405
18.6404
18.6405
18.6406
18.641
18.6425
18.6462
18.6427
18.6411
18.6405
18.6403
18.6403
18.6403
18.6404
18.6408
18.6423
18.6461
18.6427
18.641
18.6404
18.6403
18.6402
18.6402
18.6403
18.6408
18.6423
18.6461
18.6427
18.6411
18.6405
18.6403
18.6402
18.6402
18.6404
18.6408
18.6423
18.6461
18.6428
18.6412
18.6406
18.6404
18.6403
18.6404
18.6405
18.6409
18.6424
18.6463
18.6432
18.6416
18.641
18.6408
18.6408
18.6408
18.6409
18.6414
18.6429
18.6467
18.6444
18.643
18.6425
18.6423
18.6423
18.6423
18.6424
18.6429
18.6444
18.6482
18.6473
18.6465
18.6462
18.6461
18.6461
18.6461
18.6463
18.6467
18.6482
18.6521
5.01924
5.01865
5.01844
5.01837
5.01836
5.01836
5.01841
5.01858
5.01913
5.02051
5.01865
5.01808
5.01786
5.0178
5.01778
5.01779
5.01783
5.01802
5.01865
5.02028
5.01844
5.01786
5.01765
5.01758
5.01757
5.01757
5.01762
5.01782
5.01848
5.02017
5.01837
5.0178
5.01758
5.01752
5.0175
5.01751
5.01756
5.01776
5.01843
5.02014
5.01836
5.01778
5.01757
5.0175
5.01749
5.0175
5.01755
5.01775
5.01842
5.02013
5.01836
5.01779
5.01757
5.01751
5.0175
5.0175
5.01755
5.01776
5.01842
5.02014
5.01841
5.01783
5.01762
5.01756
5.01755
5.01755
5.0176
5.01781
5.01847
5.02019
5.01858
5.01802
5.01782
5.01776
5.01775
5.01776
5.01781
5.01801
5.01868
5.0204
5.01913
5.01865
5.01848
5.01843
5.01842
5.01842
5.01847
5.01868
5.01935
5.02107
5.02051
5.02028
5.02017
5.02014
5.02013
5.02014
5.02019
5.0204
5.02107
5.02281
1.16845
1.16828
1.16822
1.1682
1.16819
1.1682
1.16821
1.16827
1.16847
1.16898
1.16828
1.16811
1.16805
1.16803
1.16803
1.16803
1.16805
1.16812
1.16834
1.16891
1.16822
1.16805
1.16799
1.16797
1.16797
1.16797
1.16799
1.16806
1.16829
1.16888
1.1682
1.16803
1.16797
1.16795
1.16795
1.16795
1.16797
1.16804
1.16827
1.16888
1.16819
1.16803
1.16797
1.16795
1.16795
1.16795
1.16797
1.16804
1.16827
1.16887
1.1682
1.16803
1.16797
1.16795
1.16795
1.16795
1.16797
1.16804
1.16827
1.16888
1.16821
1.16805
1.16799
1.16797
1.16797
1.16797
1.16799
1.16806
1.16829
1.16889
1.16827
1.16812
1.16806
1.16804
1.16804
1.16804
1.16806
1.16813
1.16836
1.16897
1.16847
1.16834
1.16829
1.16827
1.16827
1.16827
1.16829
1.16836
1.1686
1.1692
1.16898
1.16891
1.16888
1.16888
1.16887
1.16888
1.16889
1.16897
1.1692
1.16981
0.239358
0.239318
0.239303
0.239298
0.239297
0.239298
0.239302
0.239321
0.23938
0.239528
0.239318
0.239278
0.239263
0.239258
0.239257
0.239258
0.239263
0.239282
0.239346
0.239514
0.239303
0.239263
0.239248
0.239243
0.239242
0.239243
0.239248
0.239268
0.239335
0.239507
0.239298
0.239258
0.239243
0.239238
0.239237
0.239238
0.239243
0.239264
0.239331
0.239504
0.239297
0.239257
0.239242
0.239237
0.239237
0.239237
0.239243
0.239263
0.23933
0.239504
0.239298
0.239258
0.239243
0.239238
0.239237
0.239238
0.239243
0.239264
0.239331
0.239505
0.239302
0.239263
0.239248
0.239243
0.239243
0.239243
0.239249
0.239269
0.239337
0.23951
0.239321
0.239282
0.239268
0.239264
0.239263
0.239264
0.239269
0.23929
0.239357
0.239531
0.23938
0.239346
0.239335
0.239331
0.23933
0.239331
0.239337
0.239357
0.239425
0.239599
0.239528
0.239514
0.239507
0.239504
0.239504
0.239505
0.23951
0.239531
0.239599
0.239775
0.0437677
0.0437592
0.043756
0.043755
0.0437548
0.043755
0.0437562
0.0437607
0.0437754
0.0438125
0.0437592
0.0437508
0.0437476
0.0437466
0.0437464
0.0437466
0.0437479
0.0437527
0.0437685
0.0438096
0.043756
0.0437476
0.0437444
0.0437435
0.0437433
0.0437435
0.0437447
0.0437497
0.043766
0.0438082
0.043755
0.0437466
0.0437435
0.0437425
0.0437423
0.0437425
0.0437438
0.0437488
0.0437653
0.0438077
0.0437548
0.0437464
0.0437433
0.0437423
0.0437421
0.0437423
0.0437436
0.0437487
0.0437652
0.0438076
0.043755
0.0437466
0.0437435
0.0437425
0.0437423
0.0437425
0.0437438
0.0437489
0.0437654
0.0438079
0.0437561
0.0437478
0.0437447
0.0437438
0.0437436
0.0437438
0.0437451
0.0437502
0.0437667
0.0438092
0.0437607
0.0437527
0.0437497
0.0437488
0.0437487
0.0437489
0.0437502
0.0437552
0.0437718
0.0438143
0.0437754
0.0437685
0.043766
0.0437653
0.0437652
0.0437654
0.0437667
0.0437718
0.0437884
0.043831
0.0438125
0.0438096
0.0438082
0.0438077
0.0438076
0.0438079
0.0438092
0.0438143
0.043831
0.043874
0.00722817
0.00722671
0.00722615
0.00722597
0.00722593
0.00722598
0.00722623
0.00722722
0.00723039
0.00723839
0.00722659
0.00722515
0.00722458
0.00722441
0.00722437
0.00722442
0.00722468
0.00722572
0.0072291
0.00723787
0.00722598
0.00722455
0.00722399
0.00722381
0.00722378
0.00722383
0.00722409
0.00722517
0.00722865
0.00723762
0.0072258
0.00722437
0.00722381
0.00722363
0.0072236
0.00722364
0.00722392
0.007225
0.00722851
0.00723753
0.00722576
0.00722433
0.00722377
0.0072236
0.00722356
0.00722361
0.00722388
0.00722497
0.00722849
0.00723752
0.00722581
0.00722438
0.00722382
0.00722364
0.00722361
0.00722366
0.00722393
0.00722502
0.00722854
0.00723757
0.00722606
0.00722464
0.00722409
0.00722392
0.00722388
0.00722393
0.00722421
0.00722529
0.00722881
0.00723785
0.00722705
0.00722568
0.00722516
0.007225
0.00722497
0.00722502
0.00722529
0.00722638
0.00722991
0.00723895
0.00723022
0.00722906
0.00722864
0.00722851
0.00722849
0.00722854
0.00722881
0.00722991
0.00723344
0.00724251
0.00723822
0.00723783
0.00723761
0.00723753
0.00723752
0.00723757
0.00723785
0.00723895
0.00724251
0.00725166
0.00108723
0.00108827
0.00108842
0.00108843
0.00108843
0.00108844
0.00108848
0.00108867
0.00108928
0.00109081
0.00108696
0.00108801
0.00108816
0.00108817
0.00108817
0.00108818
0.00108823
0.00108842
0.00108907
0.00109072
0.00108686
0.00108791
0.00108806
0.00108807
0.00108807
0.00108808
0.00108813
0.00108833
0.00108899
0.00109068
0.00108683
0.00108788
0.00108803
0.00108804
0.00108804
0.00108805
0.0010881
0.0010883
0.00108897
0.00109067
0.00108683
0.00108787
0.00108803
0.00108803
0.00108803
0.00108804
0.00108809
0.0010883
0.00108896
0.00109067
0.00108683
0.00108788
0.00108804
0.00108804
0.00108804
0.00108805
0.0010881
0.00108831
0.00108897
0.00109068
0.00108688
0.00108793
0.00108809
0.00108809
0.00108809
0.0010881
0.00108815
0.00108836
0.00108903
0.00109073
0.00108707
0.00108813
0.00108829
0.0010883
0.0010883
0.00108831
0.00108836
0.00108857
0.00108923
0.00109094
0.00108768
0.00108877
0.00108895
0.00108896
0.00108896
0.00108897
0.00108903
0.00108923
0.0010899
0.00109161
0.0010892
0.00109043
0.00109064
0.00109066
0.00109066
0.00109068
0.00109073
0.00109094
0.00109161
0.00109334
3.3211e-15
3.31957e-15
3.31896e-15
3.31871e-15
3.31826e-15
3.31568e-15
3.30115e-15
3.23268e-15
2.97955e-15
2.35527e-15
3.31958e-15
3.31806e-15
3.31745e-15
3.3172e-15
3.31676e-15
3.31418e-15
3.29969e-15
3.23136e-15
2.97855e-15
2.35484e-15
3.31897e-15
3.31746e-15
3.31685e-15
3.3166e-15
3.31616e-15
3.31359e-15
3.29911e-15
3.23083e-15
2.97816e-15
2.35464e-15
3.31878e-15
3.31727e-15
3.31666e-15
3.31641e-15
3.31597e-15
3.3134e-15
3.29893e-15
3.23067e-15
2.97804e-15
2.35458e-15
3.31876e-15
3.31725e-15
3.31664e-15
3.3164e-15
3.31595e-15
3.31338e-15
3.29891e-15
3.23066e-15
2.97804e-15
2.35459e-15
3.31892e-15
3.31741e-15
3.31681e-15
3.31656e-15
3.31612e-15
3.31355e-15
3.29908e-15
3.23082e-15
2.97819e-15
2.35471e-15
3.31969e-15
3.31819e-15
3.3176e-15
3.31736e-15
3.31692e-15
3.31434e-15
3.29987e-15
3.2316e-15
2.9789e-15
2.35528e-15
3.32258e-15
3.32115e-15
3.32059e-15
3.32036e-15
3.31992e-15
3.31735e-15
3.30287e-15
3.23453e-15
2.98161e-15
2.35744e-15
3.33155e-15
3.33035e-15
3.3299e-15
3.32971e-15
3.32928e-15
3.32671e-15
3.31218e-15
3.24365e-15
2.99004e-15
2.36419e-15
3.35363e-15
3.35329e-15
3.35307e-15
3.35294e-15
3.35252e-15
3.34993e-15
3.33531e-15
3.26633e-15
3.01104e-15
2.38101e-15
2.50524e-16
2.50404e-16
2.50356e-16
2.50336e-16
2.50296e-16
2.50071e-16
2.48851e-16
2.43341e-16
2.24137e-16
1.81958e-16
2.50404e-16
2.50286e-16
2.50238e-16
2.50218e-16
2.50179e-16
2.49954e-16
2.48737e-16
2.43238e-16
2.2406e-16
1.81927e-16
2.50357e-16
2.50239e-16
2.50191e-16
2.50171e-16
2.50132e-16
2.49908e-16
2.48692e-16
2.43197e-16
2.24029e-16
1.81911e-16
2.50342e-16
2.50224e-16
2.50177e-16
2.50156e-16
2.50117e-16
2.49893e-16
2.48678e-16
2.43184e-16
2.2402e-16
1.81906e-16
2.50341e-16
2.50223e-16
2.50175e-16
2.50155e-16
2.50116e-16
2.49892e-16
2.48677e-16
2.43183e-16
2.2402e-16
1.81907e-16
2.50354e-16
2.50237e-16
2.50189e-16
2.50169e-16
2.5013e-16
2.49906e-16
2.48691e-16
2.43197e-16
2.24033e-16
1.81917e-16
2.50418e-16
2.50302e-16
2.50255e-16
2.50235e-16
2.50196e-16
2.49972e-16
2.48756e-16
2.43262e-16
2.24092e-16
1.81966e-16
2.50659e-16
2.50547e-16
2.50503e-16
2.50485e-16
2.50446e-16
2.50222e-16
2.49005e-16
2.43504e-16
2.24316e-16
1.8215e-16
2.51402e-16
2.51308e-16
2.51274e-16
2.51258e-16
2.5122e-16
2.50995e-16
2.49775e-16
2.44258e-16
2.25012e-16
1.82722e-16
2.53228e-16
2.53202e-16
2.53186e-16
2.53175e-16
2.53137e-16
2.52911e-16
2.51682e-16
2.46125e-16
2.26739e-16
1.84141e-16
1.81906e-17
1.81817e-17
1.8178e-17
1.81764e-17
1.81731e-17
1.81546e-17
1.80575e-17
1.76367e-17
1.62508e-17
1.34869e-17
1.81817e-17
1.81728e-17
1.81692e-17
1.81676e-17
1.81643e-17
1.81458e-17
1.8049e-17
1.7629e-17
1.6245e-17
1.34847e-17
1.81781e-17
1.81693e-17
1.81657e-17
1.81641e-17
1.81608e-17
1.81423e-17
1.80456e-17
1.7626e-17
1.62427e-17
1.34835e-17
1.8177e-17
1.81681e-17
1.81646e-17
1.8163e-17
1.81597e-17
1.81412e-17
1.80445e-17
1.7625e-17
1.6242e-17
1.34831e-17
1.81769e-17
1.81681e-17
1.81645e-17
1.81629e-17
1.81596e-17
1.81411e-17
1.80444e-17
1.7625e-17
1.6242e-17
1.34832e-17
1.8178e-17
1.81692e-17
1.81656e-17
1.8164e-17
1.81607e-17
1.81423e-17
1.80456e-17
1.76261e-17
1.6243e-17
1.34841e-17
1.81831e-17
1.81744e-17
1.81708e-17
1.81693e-17
1.8166e-17
1.81476e-17
1.80508e-17
1.76312e-17
1.62477e-17
1.3488e-17
1.82023e-17
1.81939e-17
1.81906e-17
1.81891e-17
1.81858e-17
1.81674e-17
1.80705e-17
1.76505e-17
1.62655e-17
1.3503e-17
1.82613e-17
1.82543e-17
1.82516e-17
1.82504e-17
1.82472e-17
1.82287e-17
1.81315e-17
1.77101e-17
1.63206e-17
1.35493e-17
1.8406e-17
1.84041e-17
1.84029e-17
1.8402e-17
1.83988e-17
1.83802e-17
1.82823e-17
1.78575e-17
1.6457e-17
1.36637e-17
1.27366e-18
1.27302e-18
1.27275e-18
1.27263e-18
1.27237e-18
1.27092e-18
1.26357e-18
1.23294e-18
1.13724e-18
9.61482e-19
1.27302e-18
1.27238e-18
1.27212e-18
1.272e-18
1.27173e-18
1.27029e-18
1.26296e-18
1.23239e-18
1.13683e-18
9.61335e-19
1.27276e-18
1.27212e-18
1.27186e-18
1.27174e-18
1.27148e-18
1.27003e-18
1.26271e-18
1.23217e-18
1.13666e-18
9.6125e-19
1.27268e-18
1.27204e-18
1.27178e-18
1.27166e-18
1.2714e-18
1.26995e-18
1.26263e-18
1.2321e-18
1.13661e-18
9.61221e-19
1.27267e-18
1.27204e-18
1.27178e-18
1.27166e-18
1.27139e-18
1.26995e-18
1.26263e-18
1.2321e-18
1.13661e-18
9.61226e-19
1.27276e-18
1.27212e-18
1.27186e-18
1.27174e-18
1.27148e-18
1.27004e-18
1.26272e-18
1.23218e-18
1.13669e-18
9.61295e-19
1.27315e-18
1.27252e-18
1.27226e-18
1.27215e-18
1.27188e-18
1.27044e-18
1.26312e-18
1.23258e-18
1.13705e-18
9.61604e-19
1.27461e-18
1.27401e-18
1.27377e-18
1.27366e-18
1.2734e-18
1.27196e-18
1.26462e-18
1.23404e-18
1.13841e-18
9.62767e-19
1.27911e-18
1.27861e-18
1.27842e-18
1.27833e-18
1.27807e-18
1.27662e-18
1.26926e-18
1.23857e-18
1.14261e-18
9.66355e-19
1.29012e-18
1.28999e-18
1.2899e-18
1.28984e-18
1.28958e-18
1.28812e-18
1.2807e-18
1.24975e-18
1.15295e-18
9.75196e-19
8.61358e-20
8.6091e-20
8.60726e-20
8.60638e-20
8.60436e-20
8.59355e-20
8.54041e-20
8.32712e-20
7.69232e-20
6.60688e-20
8.6091e-20
8.60467e-20
8.60284e-20
8.60196e-20
8.59995e-20
8.58918e-20
8.53617e-20
8.32329e-20
7.68943e-20
6.60591e-20
8.6073e-20
8.60288e-20
8.60106e-20
8.60019e-20
8.59817e-20
8.58742e-20
8.53447e-20
8.32176e-20
7.68829e-20
6.60533e-20
8.60673e-20
8.60231e-20
8.60049e-20
8.59962e-20
8.59761e-20
8.58686e-20
8.53393e-20
8.32128e-20
7.68794e-20
6.60513e-20
8.6067e-20
8.60228e-20
8.60046e-20
8.59959e-20
8.59758e-20
8.58683e-20
8.53391e-20
8.32128e-20
7.68795e-20
6.60517e-20
8.60733e-20
8.60291e-20
8.6011e-20
8.60024e-20
8.59823e-20
8.58748e-20
8.53455e-20
8.3219e-20
7.68854e-20
6.60568e-20
8.61022e-20
8.60585e-20
8.60407e-20
8.60321e-20
8.60121e-20
8.59046e-20
8.53751e-20
8.32479e-20
7.69121e-20
6.60801e-20
8.621e-20
8.6168e-20
8.61514e-20
8.61433e-20
8.61234e-20
8.60157e-20
8.54856e-20
8.33556e-20
7.7012e-20
6.61668e-20
8.654e-20
8.6505e-20
8.64918e-20
8.6485e-20
8.64653e-20
8.63573e-20
8.58251e-20
8.36869e-20
7.73192e-20
6.64338e-20
8.73461e-20
8.73373e-20
8.73312e-20
8.73261e-20
8.73067e-20
8.71978e-20
8.66607e-20
8.45025e-20
7.80753e-20
6.70898e-20
5.63502e-21
5.63201e-21
5.63077e-21
5.63015e-21
5.62868e-21
5.62097e-21
5.58417e-21
5.44155e-21
5.03577e-21
4.38434e-21
5.63202e-21
5.62904e-21
5.6278e-21
5.62719e-21
5.62572e-21
5.61804e-21
5.58133e-21
5.43899e-21
5.03383e-21
4.38372e-21
5.6308e-21
5.62783e-21
5.6266e-21
5.62599e-21
5.62453e-21
5.61686e-21
5.58019e-21
5.43797e-21
5.03307e-21
4.38334e-21
5.63042e-21
5.62745e-21
5.62622e-21
5.62561e-21
5.62415e-21
5.61648e-21
5.57982e-21
5.43764e-21
5.03283e-21
4.3832e-21
5.6304e-21
5.62743e-21
5.62621e-21
5.6256e-21
5.62414e-21
5.61647e-21
5.57982e-21
5.43764e-21
5.03285e-21
4.38323e-21
5.63085e-21
5.62789e-21
5.62666e-21
5.62606e-21
5.6246e-21
5.61693e-21
5.58027e-21
5.43809e-21
5.03327e-21
4.38361e-21
5.63291e-21
5.62997e-21
5.62877e-21
5.62817e-21
5.62671e-21
5.61905e-21
5.58238e-21
5.44014e-21
5.03517e-21
4.38528e-21
5.64055e-21
5.63773e-21
5.63661e-21
5.63604e-21
5.63459e-21
5.62691e-21
5.59019e-21
5.44776e-21
5.04225e-21
4.39151e-21
5.66388e-21
5.66154e-21
5.66065e-21
5.66017e-21
5.65873e-21
5.65102e-21
5.61415e-21
5.47113e-21
5.06395e-21
4.41062e-21
5.72077e-21
5.7202e-21
5.71979e-21
5.71943e-21
5.71801e-21
5.71023e-21
5.67299e-21
5.52852e-21
5.11725e-21
4.45748e-21
3.57108e-22
3.56913e-22
3.56831e-22
3.5679e-22
3.56687e-22
3.5616e-22
3.53711e-22
3.4453e-22
3.19471e-22
2.81451e-22
3.56913e-22
3.56719e-22
3.56639e-22
3.56598e-22
3.56495e-22
3.55969e-22
3.53527e-22
3.44364e-22
3.19345e-22
2.81413e-22
3.56834e-22
3.56641e-22
3.56561e-22
3.5652e-22
3.56417e-22
3.55892e-22
3.53452e-22
3.44298e-22
3.19296e-22
2.81388e-22
3.56809e-22
3.56616e-22
3.56536e-22
3.56495e-22
3.56393e-22
3.55868e-22
3.53429e-22
3.44277e-22
3.1928e-22
2.8138e-22
3.56808e-22
3.56615e-22
3.56535e-22
3.56494e-22
3.56392e-22
3.55867e-22
3.53428e-22
3.44277e-22
3.19281e-22
2.81382e-22
3.56839e-22
3.56647e-22
3.56567e-22
3.56526e-22
3.56424e-22
3.55899e-22
3.5346e-22
3.44308e-22
3.1931e-22
2.81408e-22
3.5698e-22
3.5679e-22
3.56711e-22
3.56671e-22
3.56569e-22
3.56044e-22
3.53604e-22
3.44448e-22
3.19441e-22
2.81525e-22
3.57504e-22
3.57321e-22
3.57247e-22
3.57209e-22
3.57107e-22
3.56582e-22
3.54138e-22
3.44969e-22
3.19926e-22
2.81956e-22
3.59096e-22
3.58944e-22
3.58886e-22
3.58853e-22
3.58753e-22
3.58226e-22
3.55771e-22
3.4656e-22
3.21407e-22
2.83275e-22
3.62972e-22
3.62937e-22
3.6291e-22
3.62885e-22
3.62786e-22
3.62253e-22
3.59772e-22
3.50461e-22
3.25037e-22
2.86503e-22
2.19514e-23
2.19391e-23
2.1934e-23
2.19313e-23
2.19244e-23
2.18897e-23
2.17327e-23
2.11623e-23
1.96642e-23
1.75049e-23
2.19391e-23
2.1927e-23
2.19219e-23
2.19192e-23
2.19123e-23
2.18777e-23
2.17211e-23
2.11519e-23
1.96563e-23
1.75026e-23
2.19342e-23
2.1922e-23
2.19169e-23
2.19143e-23
2.19074e-23
2.18729e-23
2.17165e-23
2.11478e-23
1.96532e-23
1.75011e-23
2.19326e-23
2.19204e-23
2.19154e-23
2.19127e-23
2.19058e-23
2.18713e-23
2.1715e-23
2.11464e-23
1.96522e-23
1.75006e-23
2.19325e-23
2.19204e-23
2.19154e-23
2.19127e-23
2.19058e-23
2.18713e-23
2.1715e-23
2.11465e-23
1.96523e-23
1.75007e-23
2.19346e-23
2.19225e-23
2.19175e-23
2.19148e-23
2.19079e-23
2.18734e-23
2.17171e-23
2.11485e-23
1.96543e-23
1.75025e-23
2.1944e-23
2.1932e-23
2.1927e-23
2.19244e-23
2.19176e-23
2.1883e-23
2.17266e-23
2.11578e-23
1.96629e-23
1.75103e-23
2.19786e-23
2.19671e-23
2.19625e-23
2.196e-23
2.19532e-23
2.19186e-23
2.17619e-23
2.11922e-23
1.9695e-23
1.75392e-23
2.20837e-23
2.20742e-23
2.20706e-23
2.20684e-23
2.20616e-23
2.20269e-23
2.18695e-23
2.12971e-23
1.97929e-23
1.76271e-23
2.23392e-23
2.2337e-23
2.23354e-23
2.23337e-23
2.2327e-23
2.22919e-23
2.21327e-23
2.15536e-23
2.0032e-23
1.7842e-23
1.31065e-24
1.3099e-24
1.30959e-24
1.30942e-24
1.30897e-24
1.30677e-24
1.29706e-24
1.26278e-24
1.17591e-24
1.05647e-24
1.30991e-24
1.30916e-24
1.30885e-24
1.30868e-24
1.30824e-24
1.30604e-24
1.29635e-24
1.26215e-24
1.17543e-24
1.05634e-24
1.3096e-24
1.30886e-24
1.30855e-24
1.30838e-24
1.30794e-24
1.30574e-24
1.29607e-24
1.26189e-24
1.17524e-24
1.05625e-24
1.3095e-24
1.30876e-24
1.30845e-24
1.30828e-24
1.30784e-24
1.30565e-24
1.29597e-24
1.26181e-24
1.17518e-24
1.05622e-24
1.3095e-24
1.30876e-24
1.30845e-24
1.30828e-24
1.30784e-24
1.30565e-24
1.29598e-24
1.26182e-24
1.17519e-24
1.05623e-24
1.30964e-24
1.3089e-24
1.30859e-24
1.30842e-24
1.30798e-24
1.30579e-24
1.29611e-24
1.26195e-24
1.17531e-24
1.05635e-24
1.31024e-24
1.30951e-24
1.30921e-24
1.30904e-24
1.3086e-24
1.3064e-24
1.29673e-24
1.26255e-24
1.17587e-24
1.05685e-24
1.31246e-24
1.31176e-24
1.31147e-24
1.31132e-24
1.31087e-24
1.30868e-24
1.29898e-24
1.26475e-24
1.17793e-24
1.05872e-24
1.31918e-24
1.3186e-24
1.31838e-24
1.31824e-24
1.3178e-24
1.3156e-24
1.30585e-24
1.27144e-24
1.18419e-24
1.0644e-24
1.33549e-24
1.33536e-24
1.33526e-24
1.33515e-24
1.33472e-24
1.33249e-24
1.32262e-24
1.28778e-24
1.19945e-24
1.07824e-24
8.03659e-26
8.03192e-26
8.02993e-26
8.02882e-26
8.02586e-26
8.01156e-26
7.95005e-26
7.73927e-26
7.22329e-26
6.54541e-26
8.03193e-26
8.0273e-26
8.02533e-26
8.02422e-26
8.02128e-26
8.00702e-26
7.94567e-26
7.73532e-26
7.22029e-26
6.54466e-26
8.03002e-26
8.02541e-26
8.02344e-26
8.02234e-26
8.0194e-26
8.00516e-26
7.94388e-26
7.73373e-26
7.21911e-26
6.54409e-26
8.02941e-26
8.0248e-26
8.02284e-26
8.02173e-26
8.01879e-26
8.00457e-26
7.94331e-26
7.73322e-26
7.21874e-26
6.54389e-26
8.02941e-26
8.02481e-26
8.02285e-26
8.02174e-26
8.01881e-26
8.00458e-26
7.94333e-26
7.73326e-26
7.2188e-26
6.54398e-26
8.0303e-26
8.0257e-26
8.02375e-26
8.02265e-26
8.01971e-26
8.00549e-26
7.94423e-26
7.73414e-26
7.21963e-26
6.54474e-26
8.03429e-26
8.02973e-26
8.02782e-26
8.02673e-26
8.0238e-26
8.00957e-26
7.94828e-26
7.73808e-26
7.22333e-26
6.54813e-26
8.04892e-26
8.04455e-26
8.04276e-26
8.04172e-26
8.0388e-26
8.02455e-26
7.96314e-26
7.75257e-26
7.23691e-26
6.56055e-26
8.09307e-26
8.08946e-26
8.08806e-26
8.08715e-26
8.08425e-26
8.06993e-26
8.00819e-26
7.79647e-26
7.27804e-26
6.59817e-26
8.19939e-26
8.19866e-26
8.19804e-26
8.19733e-26
8.19445e-26
8.17994e-26
8.11739e-26
7.90287e-26
7.37765e-26
6.68924e-26
8.80199e-15
1.11941e-14
1.21792e-14
1.24505e-14
1.25094e-14
1.25207e-14
1.25249e-14
1.2535e-14
1.25662e-14
1.26459e-14
8.79485e-15
1.11859e-14
1.21706e-14
1.24419e-14
1.25008e-14
1.2512e-14
1.25163e-14
1.25267e-14
1.25587e-14
1.26417e-14
8.7914e-15
1.11818e-14
1.21663e-14
1.24374e-14
1.24963e-14
1.25076e-14
1.25119e-14
1.25224e-14
1.25549e-14
1.26387e-14
8.7902e-15
1.11804e-14
1.21647e-14
1.24359e-14
1.24947e-14
1.2506e-14
1.25104e-14
1.25209e-14
1.25535e-14
1.26375e-14
8.78995e-15
1.11801e-14
1.21644e-14
1.24355e-14
1.24944e-14
1.25057e-14
1.25101e-14
1.25206e-14
1.25533e-14
1.26373e-14
8.79029e-15
1.11805e-14
1.21649e-14
1.2436e-14
1.24949e-14
1.25062e-14
1.25106e-14
1.25211e-14
1.25538e-14
1.26379e-14
8.7921e-15
1.11829e-14
1.21675e-14
1.24387e-14
1.24976e-14
1.25089e-14
1.25133e-14
1.25238e-14
1.25565e-14
1.26406e-14
8.79901e-15
1.11918e-14
1.21774e-14
1.24489e-14
1.25079e-14
1.25192e-14
1.25236e-14
1.25341e-14
1.25669e-14
1.26511e-14
8.82093e-15
1.12203e-14
1.22088e-14
1.24813e-14
1.25405e-14
1.25518e-14
1.25562e-14
1.25669e-14
1.25998e-14
1.26844e-14
8.87705e-15
1.12938e-14
1.22899e-14
1.25647e-14
1.26244e-14
1.26359e-14
1.26403e-14
1.26511e-14
1.26844e-14
1.27704e-14
6.78419e-16
8.40718e-16
9.15601e-16
9.3748e-16
9.42436e-16
9.43415e-16
9.43783e-16
9.44626e-16
9.47222e-16
9.53836e-16
6.77861e-16
8.40092e-16
9.14947e-16
9.36818e-16
9.41773e-16
9.42752e-16
9.43124e-16
9.43984e-16
9.46649e-16
9.53517e-16
6.77587e-16
8.39774e-16
9.14608e-16
9.36474e-16
9.41428e-16
9.42408e-16
9.42782e-16
9.43654e-16
9.46352e-16
9.53288e-16
6.77489e-16
8.39658e-16
9.14485e-16
9.36349e-16
9.41302e-16
9.42282e-16
9.42658e-16
9.43533e-16
9.46242e-16
9.53196e-16
6.77469e-16
8.39634e-16
9.14459e-16
9.36322e-16
9.41275e-16
9.42255e-16
9.42632e-16
9.43509e-16
9.46221e-16
9.53178e-16
6.77497e-16
8.39671e-16
9.145e-16
9.36364e-16
9.41317e-16
9.42298e-16
9.42674e-16
9.43552e-16
9.46265e-16
9.53223e-16
6.77652e-16
8.39865e-16
9.14714e-16
9.36586e-16
9.41541e-16
9.42521e-16
9.42898e-16
9.43776e-16
9.46491e-16
9.53452e-16
6.78241e-16
8.40607e-16
9.15536e-16
9.37433e-16
9.42394e-16
9.43377e-16
9.43754e-16
9.44634e-16
9.47353e-16
9.54324e-16
6.80109e-16
8.42965e-16
9.18141e-16
9.40118e-16
9.45099e-16
9.46086e-16
9.46466e-16
9.4735e-16
9.50085e-16
9.57092e-16
6.84857e-16
8.49029e-16
9.24837e-16
9.47014e-16
9.52045e-16
9.53042e-16
9.53426e-16
9.54321e-16
9.57091e-16
9.64209e-16
5.01664e-17
6.08549e-17
6.62733e-17
6.79482e-17
6.83435e-17
6.84242e-17
6.84544e-17
6.85218e-17
6.87287e-17
6.92542e-17
5.01247e-17
6.08088e-17
6.62251e-17
6.78994e-17
6.82946e-17
6.83753e-17
6.84058e-17
6.84745e-17
6.86866e-17
6.92313e-17
5.01038e-17
6.0785e-17
6.61999e-17
6.78737e-17
6.82689e-17
6.83496e-17
6.83803e-17
6.84499e-17
6.86645e-17
6.92143e-17
5.00962e-17
6.07762e-17
6.61905e-17
6.78642e-17
6.82593e-17
6.834e-17
6.83708e-17
6.84407e-17
6.86561e-17
6.92073e-17
5.00946e-17
6.07744e-17
6.61885e-17
6.78622e-17
6.82572e-17
6.8338e-17
6.83688e-17
6.84388e-17
6.86545e-17
6.92059e-17
5.00969e-17
6.07773e-17
6.61918e-17
6.78655e-17
6.82606e-17
6.83414e-17
6.83722e-17
6.84422e-17
6.8658e-17
6.92095e-17
5.01095e-17
6.07927e-17
6.62088e-17
6.78831e-17
6.82784e-17
6.83592e-17
6.839e-17
6.84601e-17
6.8676e-17
6.92277e-17
5.01576e-17
6.08518e-17
6.62741e-17
6.79505e-17
6.83463e-17
6.84273e-17
6.84582e-17
6.85284e-17
6.87447e-17
6.92973e-17
5.03093e-17
6.10391e-17
6.64809e-17
6.81639e-17
6.85614e-17
6.86427e-17
6.86738e-17
6.87444e-17
6.8962e-17
6.95175e-17
5.06931e-17
6.15191e-17
6.70106e-17
6.87101e-17
6.91118e-17
6.9194e-17
6.92255e-17
6.9297e-17
6.95175e-17
7.00822e-17
3.56787e-18
4.25163e-18
4.62692e-18
4.74918e-18
4.7792e-18
4.78552e-18
4.78789e-18
4.79307e-18
4.8089e-18
4.84897e-18
3.56486e-18
4.24835e-18
4.62349e-18
4.74571e-18
4.77572e-18
4.78205e-18
4.78444e-18
4.78971e-18
4.80592e-18
4.84738e-18
3.56334e-18
4.24664e-18
4.62169e-18
4.74388e-18
4.77388e-18
4.78021e-18
4.78261e-18
4.78795e-18
4.80434e-18
4.84617e-18
3.56278e-18
4.246e-18
4.621e-18
4.74318e-18
4.77318e-18
4.77951e-18
4.78192e-18
4.78728e-18
4.80373e-18
4.84566e-18
3.56266e-18
4.24586e-18
4.62086e-18
4.74303e-18
4.77303e-18
4.77936e-18
4.78177e-18
4.78714e-18
4.80361e-18
4.84556e-18
3.56284e-18
4.24609e-18
4.62111e-18
4.74329e-18
4.77329e-18
4.77962e-18
4.78204e-18
4.7874e-18
4.80388e-18
4.84584e-18
3.56382e-18
4.24727e-18
4.62241e-18
4.74464e-18
4.77465e-18
4.78099e-18
4.7834e-18
4.78877e-18
4.80526e-18
4.84724e-18
3.56757e-18
4.25179e-18
4.6274e-18
4.74979e-18
4.77985e-18
4.78619e-18
4.78861e-18
4.794e-18
4.81051e-18
4.85256e-18
3.57937e-18
4.26609e-18
4.64316e-18
4.76606e-18
4.79626e-18
4.80264e-18
4.80507e-18
4.81049e-18
4.82711e-18
4.86939e-18
3.60909e-18
4.30259e-18
4.68339e-18
4.80759e-18
4.83813e-18
4.84458e-18
4.84705e-18
4.85254e-18
4.86939e-18
4.9124e-18
2.44583e-19
2.87105e-19
3.12088e-19
3.20631e-19
3.22809e-19
3.23282e-19
3.2346e-19
3.23843e-19
3.25008e-19
3.27947e-19
2.44375e-19
2.8688e-19
3.11853e-19
3.20394e-19
3.22571e-19
3.23045e-19
3.23224e-19
3.23613e-19
3.24804e-19
3.27841e-19
2.44269e-19
2.86762e-19
3.11729e-19
3.20267e-19
3.22444e-19
3.22917e-19
3.23098e-19
3.23492e-19
3.24696e-19
3.27758e-19
2.44229e-19
2.86717e-19
3.11681e-19
3.20218e-19
3.22395e-19
3.22869e-19
3.2305e-19
3.23445e-19
3.24653e-19
3.27723e-19
2.4422e-19
2.86707e-19
3.11671e-19
3.20208e-19
3.22385e-19
3.22858e-19
3.23039e-19
3.23435e-19
3.24645e-19
3.27716e-19
2.44234e-19
2.86724e-19
3.11689e-19
3.20227e-19
3.22404e-19
3.22877e-19
3.23059e-19
3.23455e-19
3.24665e-19
3.27736e-19
2.44307e-19
2.86811e-19
3.11785e-19
3.20326e-19
3.22504e-19
3.22978e-19
3.23159e-19
3.23556e-19
3.24766e-19
3.27839e-19
2.44588e-19
2.87144e-19
3.12151e-19
3.20705e-19
3.22887e-19
3.23361e-19
3.23543e-19
3.2394e-19
3.25153e-19
3.28232e-19
2.45469e-19
2.88194e-19
3.13307e-19
3.219e-19
3.24092e-19
3.24569e-19
3.24752e-19
3.25152e-19
3.26373e-19
3.29469e-19
2.47679e-19
2.90867e-19
3.16248e-19
3.24937e-19
3.27156e-19
3.27639e-19
3.27824e-19
3.28229e-19
3.29469e-19
3.32621e-19
1.61919e-20
1.87645e-20
2.0368e-20
2.09414e-20
2.10929e-20
2.11268e-20
2.11396e-20
2.11669e-20
2.12495e-20
2.14572e-20
1.6178e-20
1.87496e-20
2.03525e-20
2.09257e-20
2.10771e-20
2.1111e-20
2.1124e-20
2.11517e-20
2.12361e-20
2.14504e-20
1.61708e-20
1.87417e-20
2.03442e-20
2.09173e-20
2.10687e-20
2.11026e-20
2.11156e-20
2.11436e-20
2.12289e-20
2.14449e-20
1.61681e-20
1.87387e-20
2.0341e-20
2.0914e-20
2.10653e-20
2.10993e-20
2.11123e-20
2.11404e-20
2.1226e-20
2.14425e-20
1.61675e-20
1.8738e-20
2.03403e-20
2.09133e-20
2.10646e-20
2.10986e-20
2.11116e-20
2.11398e-20
2.12254e-20
2.14421e-20
1.61685e-20
1.87392e-20
2.03416e-20
2.09146e-20
2.1066e-20
2.10999e-20
2.1113e-20
2.11412e-20
2.12268e-20
2.14435e-20
1.61738e-20
1.87454e-20
2.03484e-20
2.09217e-20
2.10731e-20
2.11071e-20
2.11202e-20
2.11484e-20
2.12341e-20
2.14509e-20
1.61941e-20
1.87691e-20
2.03744e-20
2.09486e-20
2.11003e-20
2.11343e-20
2.11474e-20
2.11757e-20
2.12616e-20
2.14787e-20
1.62573e-20
1.88435e-20
2.04561e-20
2.10331e-20
2.11856e-20
2.12198e-20
2.1233e-20
2.12614e-20
2.13479e-20
2.15664e-20
1.64154e-20
1.90322e-20
2.06633e-20
2.12472e-20
2.14017e-20
2.14363e-20
2.14497e-20
2.14786e-20
2.15664e-20
2.1789e-20
1.03698e-21
1.18851e-21
1.28799e-21
1.32506e-21
1.33518e-21
1.33751e-21
1.33841e-21
1.34028e-21
1.34594e-21
1.36011e-21
1.03608e-21
1.18756e-21
1.287e-21
1.32405e-21
1.33417e-21
1.3365e-21
1.33741e-21
1.33931e-21
1.34508e-21
1.35968e-21
1.03561e-21
1.18705e-21
1.28647e-21
1.32351e-21
1.33363e-21
1.33596e-21
1.33687e-21
1.33879e-21
1.34462e-21
1.35934e-21
1.03543e-21
1.18685e-21
1.28626e-21
1.3233e-21
1.33341e-21
1.33575e-21
1.33665e-21
1.33858e-21
1.34443e-21
1.35918e-21
1.03539e-21
1.18681e-21
1.28621e-21
1.32325e-21
1.33337e-21
1.3357e-21
1.33661e-21
1.33854e-21
1.3444e-21
1.35915e-21
1.03547e-21
1.18689e-21
1.2863e-21
1.32334e-21
1.33346e-21
1.3358e-21
1.33671e-21
1.33864e-21
1.3445e-21
1.35925e-21
1.03584e-21
1.18732e-21
1.28677e-21
1.32383e-21
1.33395e-21
1.33629e-21
1.3372e-21
1.33913e-21
1.34499e-21
1.35976e-21
1.03724e-21
1.18894e-21
1.28855e-21
1.32567e-21
1.33581e-21
1.33815e-21
1.33906e-21
1.341e-21
1.34688e-21
1.36167e-21
1.04161e-21
1.19403e-21
1.29413e-21
1.33144e-21
1.34164e-21
1.34399e-21
1.34491e-21
1.34687e-21
1.35278e-21
1.36767e-21
1.05252e-21
1.2069e-21
1.30823e-21
1.34602e-21
1.35636e-21
1.35874e-21
1.35968e-21
1.36166e-21
1.36767e-21
1.38285e-21
6.43445e-23
7.30417e-23
7.90196e-23
8.13326e-23
8.19847e-23
8.21389e-23
8.2199e-23
8.23237e-23
8.26982e-23
8.36329e-23
6.42884e-23
7.29821e-23
7.89579e-23
8.12702e-23
8.19221e-23
8.20764e-23
8.21369e-23
8.22633e-23
8.26451e-23
8.36073e-23
6.4259e-23
7.29504e-23
7.89247e-23
8.12364e-23
8.18882e-23
8.20425e-23
8.21033e-23
8.2231e-23
8.26164e-23
8.35859e-23
6.42476e-23
7.2938e-23
7.89115e-23
8.1223e-23
8.18747e-23
8.20291e-23
8.209e-23
8.22182e-23
8.26048e-23
8.35762e-23
6.42451e-23
7.29353e-23
7.89087e-23
8.12202e-23
8.18719e-23
8.20263e-23
8.20872e-23
8.22156e-23
8.26026e-23
8.35744e-23
6.42499e-23
7.29408e-23
7.89148e-23
8.12264e-23
8.18782e-23
8.20326e-23
8.20936e-23
8.2222e-23
8.26091e-23
8.35812e-23
6.42748e-23
7.29693e-23
7.89459e-23
8.12587e-23
8.19108e-23
8.20653e-23
8.21263e-23
8.22548e-23
8.26422e-23
8.36147e-23
6.43689e-23
7.30772e-23
7.90638e-23
8.13807e-23
8.20341e-23
8.21889e-23
8.22501e-23
8.23789e-23
8.27672e-23
8.37417e-23
6.46614e-23
7.34142e-23
7.94323e-23
8.17621e-23
8.24193e-23
8.25751e-23
8.26367e-23
8.27665e-23
8.31577e-23
8.41389e-23
6.53885e-23
7.42625e-23
8.03599e-23
8.27216e-23
8.33883e-23
8.35465e-23
8.36091e-23
8.37409e-23
8.41388e-23
8.51397e-23
3.87449e-24
4.36129e-24
4.7099e-24
4.84958e-24
4.89015e-24
4.9e-24
4.9039e-24
4.91193e-24
4.93594e-24
4.99566e-24
3.87109e-24
4.3577e-24
4.70619e-24
4.84582e-24
4.88638e-24
4.89624e-24
4.90016e-24
4.9083e-24
4.93275e-24
4.99416e-24
3.8693e-24
4.35578e-24
4.70419e-24
4.84379e-24
4.88434e-24
4.8942e-24
4.89814e-24
4.90635e-24
4.93103e-24
4.99289e-24
3.8686e-24
4.35502e-24
4.70339e-24
4.84297e-24
4.88352e-24
4.89338e-24
4.89733e-24
4.90557e-24
4.93033e-24
4.9923e-24
3.86845e-24
4.35486e-24
4.70322e-24
4.8428e-24
4.88335e-24
4.89321e-24
4.89716e-24
4.90541e-24
4.93019e-24
4.99219e-24
3.86877e-24
4.35522e-24
4.70361e-24
4.84321e-24
4.88376e-24
4.89362e-24
4.89758e-24
4.90583e-24
4.93062e-24
4.99263e-24
3.87039e-24
4.35706e-24
4.70562e-24
4.84529e-24
4.88586e-24
4.89573e-24
4.89968e-24
4.90795e-24
4.93275e-24
4.9948e-24
3.87649e-24
4.364e-24
4.71318e-24
4.85312e-24
4.89377e-24
4.90366e-24
4.90763e-24
4.91592e-24
4.94079e-24
5.00297e-24
3.89541e-24
4.38561e-24
4.73676e-24
4.87752e-24
4.91843e-24
4.92839e-24
4.93239e-24
4.94074e-24
4.9658e-24
5.02842e-24
3.94229e-24
4.43981e-24
4.79589e-24
4.93871e-24
4.98024e-24
4.99036e-24
4.99442e-24
5.00291e-24
5.02842e-24
5.09235e-24
2.395e-25
2.67502e-25
2.88343e-25
2.96981e-25
2.99565e-25
3.00209e-25
3.00469e-25
3.01001e-25
3.02582e-25
3.0648e-25
2.39289e-25
2.6728e-25
2.88114e-25
2.9675e-25
2.99333e-25
2.99978e-25
3.00239e-25
3.00777e-25
3.02387e-25
3.06392e-25
2.39178e-25
2.67162e-25
2.87991e-25
2.96624e-25
2.99207e-25
2.99852e-25
3.00114e-25
3.00657e-25
3.02281e-25
3.06314e-25
2.39134e-25
2.67114e-25
2.87941e-25
2.96573e-25
2.99156e-25
2.99801e-25
3.00064e-25
3.00609e-25
3.02237e-25
3.06278e-25
2.39125e-25
2.67105e-25
2.87931e-25
2.96563e-25
2.99146e-25
2.9979e-25
3.00054e-25
3.00599e-25
3.02229e-25
3.06272e-25
2.39146e-25
2.67129e-25
2.87957e-25
2.9659e-25
2.99173e-25
2.99818e-25
3.00081e-25
3.00627e-25
3.02258e-25
3.06301e-25
2.39255e-25
2.67251e-25
2.8809e-25
2.96728e-25
2.99312e-25
2.99958e-25
3.00221e-25
3.00768e-25
3.02399e-25
3.06445e-25
2.39662e-25
2.6771e-25
2.88589e-25
2.97245e-25
2.99835e-25
3.00482e-25
3.00746e-25
3.01294e-25
3.0293e-25
3.06985e-25
2.40918e-25
2.69134e-25
2.90139e-25
2.98849e-25
3.01456e-25
3.02108e-25
3.02374e-25
3.02926e-25
3.04576e-25
3.08661e-25
2.44006e-25
2.72673e-25
2.93992e-25
3.02836e-25
3.05486e-25
3.06148e-25
3.06419e-25
3.06981e-25
3.08661e-25
3.12834e-25
)
;

boundaryField
{
    inlet1
    {
        type            fixedValue;
        value           uniform 10;
    }
    inlet2
    {
        type            fixedValue;
        value           uniform 20;
    }
    outlet1
    {
        type            zeroGradient;
    }
    outlet2
    {
        type            zeroGradient;
    }
    fixedWalls
    {
        type            zeroGradient;
    }
}


// ************************************************************************* //
