/*--------------------------------*- C++ -*----------------------------------*\
  =========                 |
  \\      /  F ield         | OpenFOAM: The Open Source CFD Toolbox
   \\    /   O peration     | Website:  https://openfoam.org
    \\  /    A nd           | Version:  6
     \\/     M anipulation  |
\*---------------------------------------------------------------------------*/
FoamFile
{
    version     2.0;
    format      ascii;
    class       volScalarField;
    location    "0.195";
    object      T;
}
// * * * * * * * * * * * * * * * * * * * * * * * * * * * * * * * * * * * * * //

dimensions      [0 0 0 1 0 0 0];

internalField   nonuniform List<scalar> 
7000
(
102.948
102.948
102.948
102.947
102.947
102.946
102.946
102.945
102.944
102.944
102.948
102.948
102.948
102.947
102.947
102.946
102.946
102.945
102.944
102.944
102.948
102.948
102.948
102.947
102.947
102.946
102.946
102.945
102.944
102.944
102.948
102.948
102.948
102.947
102.947
102.946
102.946
102.945
102.944
102.944
102.948
102.948
102.948
102.947
102.947
102.946
102.946
102.945
102.944
102.944
102.948
102.948
102.948
102.947
102.947
102.946
102.946
102.945
102.944
102.944
102.948
102.948
102.948
102.947
102.947
102.946
102.946
102.945
102.944
102.944
102.948
102.948
102.948
102.947
102.947
102.946
102.946
102.945
102.944
102.944
102.948
102.948
102.948
102.947
102.947
102.946
102.946
102.945
102.944
102.944
102.948
102.948
102.948
102.947
102.947
102.946
102.946
102.945
102.944
102.944
89.0268
89.0263
89.0254
89.0242
89.0225
89.0204
89.0181
89.0159
89.0141
89.0131
89.0267
89.0262
89.0253
89.0241
89.0224
89.0203
89.018
89.0158
89.014
89.013
89.0266
89.0262
89.0253
89.024
89.0223
89.0202
89.0179
89.0157
89.0139
89.013
89.0266
89.0261
89.0252
89.024
89.0222
89.0202
89.0179
89.0157
89.0139
89.0129
89.0266
89.0261
89.0252
89.0239
89.0222
89.0202
89.0179
89.0157
89.0139
89.0129
89.0266
89.0261
89.0252
89.0239
89.0222
89.0202
89.0179
89.0157
89.0139
89.0129
89.0266
89.0261
89.0252
89.0239
89.0222
89.0202
89.0179
89.0157
89.0139
89.0129
89.0266
89.0261
89.0253
89.024
89.0223
89.0202
89.0179
89.0157
89.0139
89.013
89.0266
89.0262
89.0253
89.024
89.0223
89.0203
89.018
89.0158
89.014
89.013
89.0267
89.0262
89.0254
89.0241
89.0224
89.0203
89.018
89.0158
89.0141
89.0131
75.6373
75.6364
75.6347
75.6322
75.6288
75.6247
75.6199
75.6153
75.6114
75.6093
75.6371
75.6363
75.6346
75.6321
75.6287
75.6245
75.6198
75.6151
75.6113
75.6092
75.637
75.6362
75.6345
75.632
75.6286
75.6244
75.6197
75.6151
75.6112
75.6091
75.637
75.6361
75.6344
75.6319
75.6285
75.6244
75.6197
75.615
75.6112
75.6091
75.6369
75.6361
75.6344
75.6319
75.6285
75.6243
75.6196
75.615
75.6112
75.609
75.6369
75.636
75.6344
75.6319
75.6285
75.6243
75.6196
75.615
75.6112
75.609
75.637
75.6361
75.6344
75.6319
75.6285
75.6244
75.6197
75.615
75.6112
75.6091
75.637
75.6361
75.6345
75.632
75.6286
75.6244
75.6197
75.6151
75.6113
75.6091
75.6371
75.6362
75.6345
75.6321
75.6287
75.6245
75.6198
75.6152
75.6114
75.6092
75.6371
75.6363
75.6346
75.6322
75.6288
75.6246
75.6199
75.6153
75.6115
75.6093
63.0892
63.0877
63.0849
63.0806
63.0747
63.0671
63.0584
63.0494
63.0419
63.0376
63.089
63.0875
63.0847
63.0804
63.0745
63.0669
63.0582
63.0493
63.0418
63.0375
63.0889
63.0874
63.0846
63.0803
63.0744
63.0668
63.0581
63.0492
63.0417
63.0374
63.0888
63.0873
63.0845
63.0802
63.0743
63.0667
63.058
63.0491
63.0416
63.0373
63.0887
63.0873
63.0845
63.0802
63.0743
63.0667
63.058
63.0491
63.0416
63.0373
63.0887
63.0873
63.0845
63.0802
63.0743
63.0667
63.058
63.0491
63.0416
63.0373
63.0887
63.0873
63.0845
63.0802
63.0743
63.0667
63.058
63.0491
63.0416
63.0374
63.0888
63.0874
63.0846
63.0803
63.0744
63.0668
63.0581
63.0492
63.0417
63.0374
63.0889
63.0875
63.0847
63.0804
63.0745
63.0669
63.0582
63.0493
63.0418
63.0375
63.089
63.0876
63.0848
63.0806
63.0746
63.0671
63.0584
63.0495
63.042
63.0377
51.6301
51.6278
51.6234
51.6165
51.6065
51.5935
51.5779
51.5615
51.5471
51.5385
51.6299
51.6276
51.6232
51.6163
51.6063
51.5933
51.5777
51.5613
51.5469
51.5383
51.6297
51.6275
51.6231
51.6161
51.6062
51.5932
51.5776
51.5612
51.5468
51.5382
51.6296
51.6274
51.623
51.6161
51.6061
51.5931
51.5775
51.5611
51.5467
51.5382
51.6296
51.6274
51.623
51.616
51.6061
51.5931
51.5775
51.561
51.5467
51.5381
51.6296
51.6274
51.623
51.616
51.6061
51.5931
51.5775
51.5611
51.5467
51.5382
51.6296
51.6274
51.623
51.6161
51.6061
51.5931
51.5776
51.5611
51.5467
51.5382
51.6297
51.6275
51.6231
51.6161
51.6062
51.5932
51.5777
51.5612
51.5468
51.5383
51.6298
51.6276
51.6232
51.6163
51.6064
51.5933
51.5778
51.5613
51.547
51.5385
51.6299
51.6278
51.6234
51.6164
51.6065
51.5935
51.578
51.5615
51.5472
51.5386
41.4322
41.429
41.4223
41.4115
41.3956
41.3739
41.3469
41.317
41.2895
41.2724
41.432
41.4288
41.4221
41.4113
41.3954
41.3737
41.3467
41.3168
41.2894
41.2723
41.4319
41.4286
41.422
41.4112
41.3952
41.3736
41.3466
41.3167
41.2892
41.2722
41.4318
41.4285
41.4219
41.4111
41.3952
41.3735
41.3465
41.3166
41.2892
41.2721
41.4317
41.4285
41.4218
41.411
41.3951
41.3735
41.3465
41.3166
41.2891
41.2721
41.4317
41.4285
41.4218
41.411
41.3951
41.3735
41.3465
41.3166
41.2892
41.2721
41.4318
41.4285
41.4219
41.4111
41.3952
41.3735
41.3466
41.3167
41.2892
41.2721
41.4318
41.4286
41.422
41.4112
41.3953
41.3736
41.3467
41.3168
41.2893
41.2723
41.432
41.4287
41.4221
41.4113
41.3954
41.3738
41.3468
41.3169
41.2895
41.2724
41.4321
41.4289
41.4223
41.4115
41.3956
41.374
41.347
41.3171
41.2897
41.2726
32.5874
32.5829
32.5733
32.5572
32.5327
32.4981
32.4526
32.3991
32.3465
32.3114
32.5872
32.5827
32.5731
32.557
32.5326
32.4979
32.4524
32.3989
32.3463
32.3113
32.5871
32.5825
32.5729
32.5569
32.5324
32.4977
32.4523
32.3988
32.3462
32.3112
32.587
32.5824
32.5728
32.5568
32.5323
32.4977
32.4522
32.3987
32.3461
32.3111
32.5869
32.5824
32.5728
32.5567
32.5323
32.4976
32.4522
32.3987
32.3461
32.3111
32.5869
32.5824
32.5728
32.5567
32.5323
32.4976
32.4522
32.3987
32.3461
32.3111
32.587
32.5824
32.5729
32.5568
32.5324
32.4977
32.4522
32.3987
32.3462
32.3112
32.5871
32.5825
32.5729
32.5569
32.5325
32.4978
32.4523
32.3988
32.3463
32.3113
32.5872
32.5827
32.5731
32.5571
32.5326
32.498
32.4525
32.399
32.3465
32.3114
32.5873
32.5828
32.5733
32.5573
32.5328
32.4982
32.4527
32.3992
32.3467
32.3116
25.1104
25.1043
25.0911
25.0685
25.0328
24.9797
24.9058
24.812
24.7109
24.6356
25.1102
25.1041
25.091
25.0683
25.0326
24.9795
24.9056
24.8118
24.7107
24.6355
25.1101
25.104
25.0908
25.0682
25.0325
24.9794
24.9055
24.8117
24.7106
24.6354
25.11
25.1039
25.0907
25.0681
25.0324
24.9793
24.9054
24.8117
24.7105
24.6354
25.1099
25.1038
25.0907
25.0681
25.0324
24.9793
24.9054
24.8116
24.7105
24.6354
25.1099
25.1038
25.0907
25.0681
25.0324
24.9793
24.9054
24.8116
24.7105
24.6354
25.11
25.1039
25.0908
25.0681
25.0324
24.9794
24.9055
24.8117
24.7106
24.6354
25.1101
25.104
25.0909
25.0683
25.0325
24.9795
24.9056
24.8118
24.7107
24.6355
25.1102
25.1041
25.091
25.0684
25.0327
24.9796
24.9057
24.812
24.7109
24.6357
25.1103
25.1043
25.0912
25.0686
25.0329
24.9798
24.9059
24.8122
24.7111
24.6359
18.9491
18.9414
18.9245
18.8945
18.8455
18.769
18.6551
18.4964
18.3015
18.1287
18.949
18.9413
18.9243
18.8944
18.8454
18.7689
18.6549
18.4962
18.3014
18.1286
18.9488
18.9412
18.9242
18.8943
18.8453
18.7688
18.6548
18.4961
18.3013
18.1285
18.9488
18.9411
18.9241
18.8942
18.8452
18.7687
18.6548
18.4961
18.3013
18.1285
18.9487
18.941
18.9241
18.8942
18.8452
18.7687
18.6547
18.496
18.3012
18.1285
18.9487
18.941
18.9241
18.8942
18.8452
18.7687
18.6548
18.4961
18.3013
18.1285
18.9488
18.9411
18.9242
18.8942
18.8452
18.7688
18.6548
18.4961
18.3013
18.1285
18.9489
18.9412
18.9243
18.8943
18.8453
18.7689
18.6549
18.4962
18.3014
18.1286
18.949
18.9413
18.9244
18.8945
18.8455
18.769
18.6551
18.4964
18.3016
18.1288
18.9491
18.9415
18.9246
18.8947
18.8457
18.7692
18.6553
18.4965
18.3017
18.129
13.9999
13.9908
13.9704
13.9337
13.8716
13.7702
13.6084
13.3574
12.9905
12.5531
13.9997
13.9906
13.9703
13.9335
13.8715
13.7701
13.6083
13.3572
12.9904
12.5531
13.9996
13.9905
13.9702
13.9334
13.8714
13.77
13.6082
13.3572
12.9904
12.553
13.9995
13.9905
13.9701
13.9334
13.8713
13.7699
13.6081
13.3571
12.9903
12.553
13.9995
13.9904
13.9701
13.9334
13.8713
13.7699
13.6081
13.3571
12.9903
12.5529
13.9995
13.9904
13.9701
13.9334
13.8713
13.7699
13.6081
13.3571
12.9903
12.553
13.9996
13.9905
13.9702
13.9334
13.8714
13.77
13.6082
13.3572
12.9904
12.553
13.9996
13.9906
13.9702
13.9335
13.8715
13.7701
13.6083
13.3573
12.9905
12.5531
13.9997
13.9907
13.9704
13.9336
13.8716
13.7702
13.6084
13.3574
12.9906
12.5532
13.9999
13.9908
13.9705
13.9338
13.8718
13.7704
13.6086
13.3575
12.9907
12.5534
10.1239
10.114
10.0914
10.0502
9.97912
9.85937
9.65812
9.31423
8.69595
7.45076
10.1238
10.1138
10.0913
10.0501
9.97901
9.85926
9.65801
9.31413
8.69587
7.45069
10.1237
10.1138
10.0912
10.05
9.97893
9.85918
9.65794
9.31406
8.69581
7.45064
10.1237
10.1137
10.0912
10.0499
9.97888
9.85913
9.6579
9.31402
8.69577
7.45061
10.1236
10.1137
10.0912
10.0499
9.97886
9.85912
9.65788
9.31401
8.69576
7.45061
10.1236
10.1137
10.0912
10.0499
9.97888
9.85914
9.6579
9.31403
8.69578
7.45062
10.1237
10.1137
10.0912
10.05
9.97892
9.85918
9.65795
9.31407
8.69583
7.45066
10.1238
10.1138
10.0913
10.05
9.979
9.85926
9.65803
9.31415
8.6959
7.45073
10.1238
10.1139
10.0914
10.0502
9.97912
9.85937
9.65814
9.31426
8.696
7.45081
10.124
10.114
10.0915
10.0503
9.97926
9.85952
9.65828
9.3144
8.69613
7.45093
7.1645
7.15441
7.13152
7.0895
7.01702
6.89489
6.6909
6.35031
5.77972
4.83282
7.1644
7.15431
7.13142
7.0894
7.01692
6.8948
6.69082
6.35023
5.77965
4.83276
7.16434
7.15424
7.13135
7.08934
7.01686
6.89474
6.69076
6.35018
5.77961
4.83272
7.16429
7.1542
7.13131
7.0893
7.01682
6.89471
6.69073
6.35015
5.77958
4.8327
7.16428
7.15418
7.1313
7.08928
7.01681
6.8947
6.69072
6.35014
5.77957
4.8327
7.16428
7.15419
7.13131
7.08929
7.01682
6.89471
6.69074
6.35016
5.77959
4.83271
7.16432
7.15423
7.13134
7.08933
7.01686
6.89475
6.69078
6.3502
5.77962
4.83274
7.16438
7.15429
7.13141
7.0894
7.01693
6.89482
6.69084
6.35026
5.77968
4.83279
7.16446
7.15438
7.1315
7.08949
7.01702
6.89491
6.69093
6.35035
5.77976
4.83286
7.16455
7.15449
7.13162
7.08961
7.01715
6.89503
6.69105
6.35046
5.77987
4.83295
4.96119
4.95172
4.93033
4.89134
4.8249
4.71514
4.53766
4.25694
3.82729
3.21071
4.96111
4.95165
4.93025
4.89126
4.82483
4.71507
4.5376
4.25688
3.82723
3.21067
4.96106
4.95159
4.9302
4.89121
4.82478
4.71503
4.53756
4.25684
3.8272
3.21064
4.96102
4.95156
4.93017
4.89118
4.82475
4.715
4.53753
4.25682
3.82718
3.21062
4.96101
4.95155
4.93016
4.89117
4.82474
4.71499
4.53753
4.25682
3.82718
3.21062
4.96102
4.95156
4.93017
4.89118
4.82475
4.71501
4.53754
4.25683
3.82719
3.21063
4.96105
4.95159
4.9302
4.89122
4.82478
4.71504
4.53757
4.25686
3.82722
3.21065
4.9611
4.95164
4.93025
4.89127
4.82484
4.71509
4.53762
4.25691
3.82726
3.21069
4.96116
4.95171
4.93032
4.89134
4.82491
4.71517
4.5377
4.25698
3.82733
3.21075
4.96124
4.9518
4.93042
4.89144
4.82501
4.71526
4.53779
4.25707
3.82741
3.21082
3.36144
3.35319
3.33466
3.30134
3.24566
3.15622
3.0172
2.80916
2.51404
2.12967
3.36138
3.35313
3.3346
3.30129
3.24561
3.15617
3.01715
2.80912
2.514
2.12964
3.36134
3.35309
3.33456
3.30125
3.24557
3.15614
3.01712
2.80909
2.51398
2.12961
3.36131
3.35306
3.33454
3.30122
3.24555
3.15612
3.0171
2.80907
2.51396
2.1296
3.36131
3.35306
3.33453
3.30122
3.24555
3.15611
3.0171
2.80907
2.51396
2.1296
3.36131
3.35306
3.33454
3.30123
3.24556
3.15612
3.01711
2.80908
2.51397
2.12961
3.36134
3.35309
3.33457
3.30125
3.24558
3.15615
3.01713
2.80911
2.51399
2.12963
3.36137
3.35313
3.33461
3.3013
3.24562
3.15619
3.01718
2.80914
2.51403
2.12966
3.36143
3.35318
3.33467
3.30136
3.24568
3.15625
3.01723
2.8092
2.51408
2.1297
3.36149
3.35326
3.33474
3.30143
3.24576
3.15633
3.0173
2.80927
2.51414
2.12976
2.22846
2.22173
2.20674
2.1802
2.13685
2.06924
1.96814
1.82408
1.6315
1.39667
2.22842
2.22168
2.2067
2.18016
2.13681
2.06921
1.96811
1.82405
1.63147
1.39664
2.22839
2.22165
2.20667
2.18013
2.13678
2.06918
1.96809
1.82402
1.63145
1.39662
2.22837
2.22164
2.20665
2.18012
2.13676
2.06917
1.96807
1.82401
1.63144
1.39661
2.22837
2.22163
2.20665
2.18011
2.13676
2.06916
1.96807
1.82401
1.63144
1.39661
2.22837
2.22164
2.20665
2.18012
2.13677
2.06917
1.96808
1.82402
1.63145
1.39662
2.22839
2.22166
2.20667
2.18014
2.13679
2.06919
1.9681
1.82404
1.63147
1.39664
2.22842
2.22169
2.2067
2.18017
2.13682
2.06922
1.96813
1.82407
1.63149
1.39666
2.22846
2.22173
2.20675
2.18022
2.13687
2.06927
1.96817
1.82411
1.63153
1.39669
2.22851
2.22179
2.20681
2.18028
2.13693
2.06932
1.96823
1.82416
1.63158
1.39674
1.4456
1.44041
1.42898
1.40909
1.37731
1.32916
1.25965
1.16461
1.04336
0.902345
1.44557
1.44038
1.42895
1.40906
1.37728
1.32914
1.25962
1.16459
1.04334
0.902327
1.44555
1.44036
1.42893
1.40904
1.37726
1.32912
1.25961
1.16457
1.04332
0.902315
1.44553
1.44035
1.42892
1.40903
1.37725
1.32911
1.2596
1.16457
1.04332
0.902308
1.44553
1.44034
1.42892
1.40903
1.37725
1.32911
1.2596
1.16457
1.04331
0.902308
1.44553
1.44035
1.42892
1.40903
1.37726
1.32911
1.2596
1.16457
1.04332
0.902313
1.44555
1.44036
1.42894
1.40905
1.37727
1.32913
1.25962
1.16459
1.04333
0.902325
1.44557
1.44038
1.42896
1.40907
1.3773
1.32915
1.25964
1.16461
1.04335
0.902343
1.4456
1.44042
1.42899
1.4091
1.37733
1.32919
1.25967
1.16464
1.04338
0.902367
1.44563
1.44046
1.42904
1.40915
1.37737
1.32923
1.25971
1.16467
1.04342
0.902398
0.917668
0.913877
0.905611
0.891454
0.869327
0.836693
0.791039
0.73082
0.656907
0.574205
0.917647
0.913856
0.905591
0.891434
0.869308
0.836675
0.791022
0.730804
0.656893
0.574192
0.917632
0.913841
0.905576
0.89142
0.869295
0.836663
0.79101
0.730794
0.656884
0.574183
0.917624
0.913833
0.905568
0.891412
0.869288
0.836656
0.791004
0.730788
0.656879
0.574179
0.917622
0.913831
0.905567
0.891411
0.869287
0.836655
0.791003
0.730788
0.656879
0.574178
0.917626
0.913835
0.905571
0.891416
0.869292
0.83666
0.791008
0.730793
0.656883
0.574183
0.917636
0.913845
0.905582
0.891427
0.869303
0.836671
0.791019
0.730803
0.656892
0.574191
0.917652
0.913862
0.905599
0.891444
0.86932
0.836688
0.791036
0.730818
0.656907
0.574204
0.917673
0.913885
0.905623
0.891468
0.869344
0.836712
0.791058
0.730839
0.656926
0.574222
0.917698
0.913915
0.905654
0.8915
0.869375
0.836742
0.791087
0.730866
0.656951
0.574244
0.570123
0.567479
0.561774
0.552155
0.537431
0.516259
0.487507
0.450861
0.407611
0.361303
0.570108
0.567465
0.56176
0.552141
0.537418
0.516246
0.487495
0.450851
0.407601
0.361294
0.570098
0.567455
0.561751
0.552132
0.537409
0.516238
0.487487
0.450844
0.407594
0.361288
0.570093
0.56745
0.561745
0.552127
0.537405
0.516234
0.487483
0.45084
0.407591
0.361285
0.570092
0.567449
0.561744
0.552126
0.537404
0.516233
0.487483
0.45084
0.407591
0.361284
0.570095
0.567452
0.561748
0.55213
0.537408
0.516237
0.487487
0.450843
0.407594
0.361288
0.570102
0.567459
0.561755
0.552138
0.537416
0.516245
0.487494
0.450851
0.407601
0.361294
0.570113
0.567471
0.561767
0.55215
0.537428
0.516257
0.487506
0.450862
0.407611
0.361303
0.570128
0.567487
0.561784
0.552167
0.537445
0.516273
0.487522
0.450876
0.407625
0.361316
0.570146
0.567508
0.561806
0.552189
0.537466
0.516294
0.487542
0.450895
0.407642
0.361331
0.346699
0.344933
0.341159
0.334893
0.325494
0.312314
0.294967
0.273739
0.25013
0.227319
0.346689
0.344924
0.34115
0.334884
0.325485
0.312306
0.29496
0.273732
0.250123
0.227312
0.346683
0.344917
0.341144
0.334878
0.325479
0.312301
0.294955
0.273728
0.250119
0.227308
0.346679
0.344914
0.34114
0.334875
0.325476
0.312298
0.294952
0.273725
0.250117
0.227306
0.346678
0.344913
0.34114
0.334874
0.325476
0.312298
0.294952
0.273725
0.250117
0.227306
0.34668
0.344915
0.341142
0.334877
0.325479
0.3123
0.294955
0.273728
0.250119
0.227308
0.346686
0.344921
0.341148
0.334882
0.325484
0.312306
0.29496
0.273733
0.250124
0.227313
0.346693
0.344929
0.341156
0.334891
0.325492
0.312314
0.294968
0.27374
0.250131
0.227319
0.346704
0.34494
0.341167
0.334902
0.325504
0.312325
0.294978
0.27375
0.25014
0.227328
0.346716
0.344954
0.341182
0.334917
0.325519
0.312339
0.294992
0.273763
0.250152
0.227339
0.206396
0.205262
0.202862
0.198936
0.193165
0.185282
0.175269
0.16368
0.15223
0.145181
0.20639
0.205256
0.202856
0.198931
0.193159
0.185277
0.175264
0.163675
0.152225
0.145177
0.206386
0.205252
0.202853
0.198927
0.193156
0.185273
0.175261
0.163672
0.152223
0.145174
0.206383
0.20525
0.20285
0.198925
0.193154
0.185272
0.175259
0.163671
0.152221
0.145173
0.206383
0.20525
0.20285
0.198925
0.193154
0.185272
0.175259
0.163671
0.152221
0.145173
0.206385
0.205251
0.202852
0.198926
0.193156
0.185273
0.175261
0.163673
0.152223
0.145175
0.206388
0.205255
0.202855
0.19893
0.193159
0.185277
0.175264
0.163676
0.152226
0.145178
0.206393
0.20526
0.202861
0.198936
0.193165
0.185283
0.17527
0.163681
0.152231
0.145182
0.2064
0.205268
0.202869
0.198943
0.193173
0.18529
0.175277
0.163688
0.152237
0.145189
0.206408
0.205277
0.202878
0.198953
0.193182
0.185299
0.175286
0.163696
0.152246
0.145196
4.38332
2.77276
1.95173
1.6568
1.8071
2.4411
3.71534
5.94864
9.74132
16.2837
4.38326
2.77272
1.95168
1.65676
1.80704
2.44103
3.71524
5.9485
9.74113
16.2835
4.38323
2.77269
1.95166
1.65673
1.807
2.44098
3.71517
5.9484
9.74099
16.2833
4.38321
2.77267
1.95164
1.65671
1.80698
2.44095
3.71512
5.94834
9.7409
16.2831
4.3832
2.77267
1.95163
1.6567
1.80697
2.44093
3.7151
5.94831
9.74086
16.2831
4.38321
2.77267
1.95164
1.6567
1.80697
2.44093
3.7151
5.94831
9.74087
16.2831
4.38324
2.7727
1.95166
1.65672
1.80698
2.44095
3.71512
5.94834
9.74091
16.2832
4.38329
2.77273
1.95168
1.65674
1.80701
2.44097
3.71516
5.94839
9.74099
16.2833
4.38335
2.77277
1.95172
1.65677
1.80704
2.44101
3.7152
5.94846
9.74109
16.2834
4.38342
2.77282
1.95176
1.6568
1.80707
2.44105
3.71526
5.94854
9.7412
16.2836
3.40129
2.34876
1.73578
1.51327
1.6641
2.23401
3.34626
5.21802
8.16905
12.5494
3.40124
2.34872
1.73574
1.51323
1.66405
2.23395
3.34617
5.21789
8.16889
12.5492
3.40121
2.34869
1.73572
1.5132
1.66401
2.2339
3.34611
5.21781
8.16877
12.549
3.40119
2.34867
1.7357
1.51319
1.66399
2.23387
3.34607
5.21775
8.16869
12.5489
3.40119
2.34867
1.7357
1.51318
1.66398
2.23386
3.34605
5.21772
8.16866
12.5489
3.4012
2.34868
1.7357
1.51318
1.66398
2.23386
3.34605
5.21773
8.16866
12.5489
3.40122
2.3487
1.73572
1.5132
1.66399
2.23387
3.34607
5.21775
8.1687
12.5489
3.40126
2.34873
1.73574
1.51322
1.66402
2.2339
3.3461
5.2178
8.16877
12.549
3.40132
2.34877
1.73578
1.51325
1.66405
2.23394
3.34616
5.21788
8.16888
12.5492
3.40139
2.34883
1.73582
1.51329
1.66409
2.23399
3.34622
5.21797
8.16901
12.5494
2.4486
1.81547
1.41683
1.27944
1.42259
1.89073
2.76624
4.16767
6.21988
8.95222
2.44856
1.81544
1.4168
1.2794
1.42255
1.89068
2.76616
4.16757
6.21974
8.95205
2.44854
1.81542
1.41677
1.27937
1.42252
1.89064
2.76611
4.16749
6.21964
8.95193
2.44852
1.81541
1.41676
1.27936
1.4225
1.89061
2.76607
4.16745
6.21958
8.95185
2.44852
1.8154
1.41676
1.27935
1.42249
1.8906
2.76606
4.16742
6.21955
8.95181
2.44853
1.81541
1.41676
1.27936
1.42249
1.8906
2.76606
4.16743
6.21956
8.95182
2.44855
1.81543
1.41678
1.27937
1.4225
1.89061
2.76607
4.16745
6.21959
8.95187
2.44859
1.81545
1.4168
1.27939
1.42253
1.89064
2.76611
4.1675
6.21966
8.95196
2.44863
1.81549
1.41683
1.27942
1.42256
1.89068
2.76616
4.16756
6.21975
8.95208
2.44869
1.81554
1.41687
1.27946
1.4226
1.89073
2.76622
4.16765
6.21987
8.95225
1.69835
1.32704
1.08692
1.01555
1.14099
1.49892
2.13876
3.1164
4.46665
6.14471
1.69832
1.32702
1.08689
1.01552
1.14096
1.49888
2.1387
3.11632
4.46654
6.14458
1.6983
1.327
1.08687
1.0155
1.14093
1.49884
2.13865
3.11626
4.46647
6.14449
1.69829
1.32699
1.08686
1.01549
1.14091
1.49882
2.13862
3.11622
4.46642
6.14443
1.69829
1.32699
1.08686
1.01549
1.14091
1.49881
2.13861
3.11621
4.4664
6.1444
1.6983
1.32699
1.08686
1.01549
1.14091
1.49881
2.13861
3.11621
4.46641
6.14441
1.69831
1.32701
1.08688
1.0155
1.14092
1.49883
2.13863
3.11623
4.46644
6.14445
1.69834
1.32703
1.0869
1.01552
1.14094
1.49885
2.13866
3.11627
4.46649
6.14452
1.69838
1.32706
1.08692
1.01555
1.14097
1.49888
2.1387
3.11633
4.46657
6.14462
1.69842
1.3271
1.08696
1.01558
1.14101
1.49893
2.13876
3.11641
4.46667
6.14476
1.14733
0.932777
0.795516
0.765673
0.867514
1.12619
1.56921
2.21985
3.08007
4.10422
1.14731
0.932756
0.795495
0.76565
0.867485
1.12615
1.56916
2.21979
3.07999
4.10413
1.1473
0.932742
0.795481
0.765634
0.867465
1.12612
1.56913
2.21974
3.07994
4.10406
1.14729
0.932734
0.795472
0.765624
0.867452
1.12611
1.56911
2.21971
3.0799
4.10402
1.14729
0.932733
0.79547
0.76562
0.867447
1.1261
1.5691
2.2197
3.07989
4.104
1.14729
0.932738
0.795474
0.765623
0.86745
1.1261
1.5691
2.2197
3.07989
4.10401
1.14731
0.932749
0.795484
0.765632
0.867459
1.12611
1.56911
2.21972
3.07992
4.10404
1.14733
0.932767
0.7955
0.765648
0.867475
1.12613
1.56914
2.21976
3.07996
4.1041
1.14736
0.932792
0.795522
0.765669
0.867499
1.12616
1.56918
2.2198
3.08002
4.10418
1.14739
0.932824
0.795551
0.765698
0.86753
1.1262
1.56922
2.21987
3.0801
4.10428
0.758274
0.636351
0.561387
0.553992
0.631648
0.810575
1.10526
1.5239
2.05956
2.67975
0.758257
0.636335
0.561371
0.553974
0.631626
0.810547
1.10522
1.52386
2.05951
2.67969
0.758246
0.636325
0.56136
0.553961
0.631611
0.810528
1.1052
1.52383
2.05947
2.67964
0.75824
0.636319
0.561354
0.553954
0.631601
0.810515
1.10518
1.52381
2.05944
2.67961
0.758239
0.636318
0.561352
0.553951
0.631598
0.81051
1.10518
1.5238
2.05943
2.6796
0.758244
0.636322
0.561355
0.553954
0.6316
0.810512
1.10518
1.5238
2.05943
2.6796
0.758254
0.636331
0.561363
0.553961
0.631607
0.810521
1.10519
1.52381
2.05945
2.67963
0.75827
0.636345
0.561376
0.553974
0.631621
0.810537
1.10521
1.52384
2.05949
2.67967
0.758292
0.636364
0.561393
0.553991
0.63164
0.81056
1.10524
1.52388
2.05954
2.67973
0.758319
0.636388
0.561416
0.554014
0.631664
0.810589
1.10528
1.52393
2.0596
2.67981
0.492457
0.425008
0.386252
0.389421
0.446071
0.566068
0.756608
1.01946
1.34677
1.71759
0.492445
0.424996
0.38624
0.389408
0.446055
0.566047
0.756583
1.01943
1.34674
1.71754
0.492437
0.424989
0.386231
0.389398
0.446043
0.566033
0.756564
1.01941
1.34671
1.71751
0.492433
0.424984
0.386227
0.389393
0.446037
0.566024
0.756553
1.01939
1.34669
1.71749
0.492433
0.424984
0.386226
0.389391
0.446034
0.56602
0.756548
1.01939
1.34668
1.71748
0.492436
0.424987
0.386228
0.389393
0.446036
0.566022
0.75655
1.01939
1.34669
1.71749
0.492444
0.424994
0.386234
0.389399
0.446042
0.566029
0.756559
1.0194
1.3467
1.7175
0.492456
0.425004
0.386244
0.389409
0.446053
0.566042
0.756575
1.01942
1.34673
1.71754
0.492472
0.425018
0.386257
0.389422
0.446067
0.566059
0.756597
1.01945
1.34676
1.71758
0.492492
0.425037
0.386275
0.38944
0.446086
0.566082
0.756626
1.01949
1.34681
1.71764
0.31756
0.282393
0.264266
0.271772
0.312441
0.392129
0.514072
0.67723
0.874319
1.09111
0.317551
0.282385
0.264257
0.271762
0.312429
0.392113
0.514053
0.677207
0.874291
1.09108
0.317546
0.282379
0.264251
0.271755
0.312421
0.392103
0.51404
0.677191
0.874271
1.09105
0.317543
0.282376
0.264248
0.271751
0.312416
0.392096
0.514032
0.677181
0.874259
1.09104
0.317543
0.282376
0.264247
0.27175
0.312414
0.392094
0.514029
0.677177
0.874255
1.09103
0.317545
0.282378
0.264249
0.271752
0.312416
0.392096
0.514031
0.677179
0.874258
1.09104
0.317551
0.282383
0.264254
0.271756
0.31242
0.392101
0.514038
0.677188
0.874269
1.09105
0.317559
0.282391
0.264261
0.271764
0.312429
0.392111
0.51405
0.677203
0.874288
1.09107
0.317571
0.282402
0.264272
0.271774
0.31244
0.392125
0.514066
0.677224
0.874314
1.09111
0.317585
0.282415
0.264284
0.271787
0.312455
0.392142
0.514088
0.677252
0.874348
1.09115
0.209531
0.194256
0.187835
0.197
0.227215
0.282134
0.362874
0.466803
0.586104
0.707287
0.209524
0.19425
0.187828
0.196992
0.227206
0.282123
0.36286
0.466786
0.586084
0.707265
0.20952
0.194246
0.187824
0.196987
0.227199
0.282115
0.36285
0.466774
0.58607
0.707249
0.209518
0.194244
0.187821
0.196984
0.227195
0.28211
0.362845
0.466767
0.586061
0.707239
0.209518
0.194244
0.187821
0.196983
0.227194
0.282109
0.362843
0.466764
0.586059
0.707236
0.20952
0.194245
0.187822
0.196985
0.227196
0.28211
0.362844
0.466767
0.586061
0.70724
0.209524
0.194249
0.187826
0.196988
0.2272
0.282115
0.36285
0.466773
0.58607
0.70725
0.209531
0.194255
0.187832
0.196994
0.227206
0.282122
0.362859
0.466785
0.586084
0.707267
0.209539
0.194263
0.18784
0.197002
0.227215
0.282133
0.362872
0.466801
0.586104
0.70729
0.20955
0.194273
0.18785
0.197013
0.227227
0.282147
0.362889
0.466822
0.586129
0.707321
0.154098
0.151392
0.15099
0.16084
0.185972
0.229159
0.290528
0.366348
0.446777
0.511315
0.154093
0.151388
0.150985
0.160834
0.185965
0.229151
0.290519
0.366337
0.446764
0.5113
0.15409
0.151385
0.150981
0.16083
0.18596
0.229145
0.290511
0.366328
0.446753
0.511289
0.154089
0.151383
0.150979
0.160828
0.185957
0.229141
0.290506
0.366322
0.446747
0.511282
0.154089
0.151383
0.150979
0.160827
0.185956
0.22914
0.290505
0.36632
0.446745
0.511279
0.154091
0.151385
0.15098
0.160828
0.185957
0.229141
0.290506
0.366322
0.446747
0.511282
0.154094
0.151388
0.150984
0.160832
0.185961
0.229145
0.290511
0.366328
0.446754
0.511291
0.154099
0.151393
0.150989
0.160837
0.185967
0.229152
0.290519
0.366338
0.446766
0.511304
0.154106
0.1514
0.150995
0.160844
0.185974
0.229161
0.29053
0.366352
0.446782
0.511323
0.154114
0.151408
0.151003
0.160853
0.185984
0.229173
0.290544
0.366369
0.446803
0.511346
28.2472
33.1051
35.5143
36.8514
37.632
38.0954
38.3698
38.5289
38.6156
38.6537
28.2468
33.1047
35.5138
36.8509
37.6315
38.0949
38.3693
38.5284
38.6151
38.6534
28.2465
33.1044
35.5135
36.8506
37.6312
38.0946
38.369
38.528
38.6148
38.6531
28.2463
33.1042
35.5133
36.8504
37.631
38.0944
38.3688
38.5279
38.6146
38.6529
28.2463
33.1041
35.5132
36.8503
37.6309
38.0943
38.3687
38.5278
38.6146
38.6529
28.2463
33.1041
35.5133
36.8504
37.631
38.0944
38.3688
38.5279
38.6147
38.653
28.2464
33.1042
35.5134
36.8505
37.6311
38.0945
38.369
38.5281
38.6149
38.6532
28.2466
33.1045
35.5136
36.8508
37.6314
38.0948
38.3693
38.5284
38.6152
38.6535
28.2468
33.1048
35.514
36.8511
37.6318
38.0952
38.3697
38.5288
38.6156
38.6539
28.2471
33.1051
35.5144
36.8516
37.6322
38.0957
38.3701
38.5293
38.6161
38.6544
18.2281
21.9543
24.1892
25.518
26.3111
26.7846
27.0649
27.2271
27.3153
27.354
18.2279
21.954
24.1888
25.5176
26.3108
26.7842
27.0645
27.2267
27.3149
27.3538
18.2277
21.9538
24.1886
25.5174
26.3105
26.7839
27.0642
27.2264
27.3147
27.3536
18.2275
21.9537
24.1884
25.5172
26.3103
26.7838
27.0641
27.2263
27.3145
27.3534
18.2275
21.9536
24.1883
25.5171
26.3103
26.7837
27.064
27.2262
27.3145
27.3534
18.2275
21.9536
24.1884
25.5172
26.3103
26.7838
27.0641
27.2263
27.3146
27.3535
18.2276
21.9537
24.1885
25.5173
26.3105
26.7839
27.0642
27.2265
27.3147
27.3536
18.2277
21.9539
24.1887
25.5175
26.3107
26.7842
27.0645
27.2267
27.315
27.3539
18.2279
21.9541
24.189
25.5178
26.311
26.7845
27.0648
27.2271
27.3153
27.3543
18.2282
21.9544
24.1893
25.5182
26.3114
26.7849
27.0653
27.2275
27.3158
27.3547
12.0455
14.5012
16.1959
17.2961
17.9883
18.4147
18.672
18.8227
18.9052
18.9416
12.0453
14.501
16.1957
17.2958
17.988
18.4144
18.6717
18.8224
18.9049
18.9414
12.0452
14.5008
16.1955
17.2956
17.9878
18.4142
18.6715
18.8222
18.9048
18.9413
12.0451
14.5007
16.1954
17.2955
17.9877
18.4141
18.6714
18.8221
18.9047
18.9412
12.045
14.5007
16.1953
17.2955
17.9876
18.414
18.6714
18.8221
18.9046
18.9412
12.045
14.5007
16.1954
17.2955
17.9876
18.4141
18.6714
18.8221
18.9047
18.9412
12.0451
14.5008
16.1955
17.2956
17.9878
18.4142
18.6715
18.8222
18.9048
18.9414
12.0452
14.5009
16.1956
17.2958
17.9879
18.4144
18.6717
18.8224
18.905
18.9416
12.0454
14.5011
16.1958
17.296
17.9882
18.4146
18.672
18.8227
18.9053
18.9419
12.0456
14.5014
16.1961
17.2963
17.9885
18.415
18.6724
18.8231
18.9057
18.9422
7.94426
9.49851
10.673
11.4929
12.037
12.3854
12.6014
12.7304
12.8019
12.8337
7.94411
9.49834
10.6728
11.4927
12.0368
12.3852
12.6012
12.7302
12.8017
12.8336
7.944
9.49822
10.6727
11.4925
12.0367
12.385
12.6011
12.73
12.8016
12.8335
7.94393
9.49814
10.6726
11.4924
12.0366
12.3849
12.601
12.7299
12.8015
12.8334
7.9439
9.49811
10.6726
11.4924
12.0366
12.3849
12.601
12.7299
12.8015
12.8334
7.94391
9.49812
10.6726
11.4924
12.0366
12.3849
12.601
12.73
12.8015
12.8334
7.94396
9.49818
10.6727
11.4925
12.0367
12.385
12.6011
12.7301
12.8016
12.8335
7.94405
9.49829
10.6728
11.4926
12.0368
12.3852
12.6013
12.7302
12.8018
12.8337
7.94418
9.49845
10.673
11.4928
12.037
12.3854
12.6015
12.7304
12.802
12.8339
7.94435
9.49865
10.6732
11.4931
12.0373
12.3857
12.6018
12.7307
12.8023
12.8342
5.17793
6.14481
6.91949
7.49106
7.88852
8.15261
8.3212
8.42404
8.48199
8.508
5.17782
6.14469
6.91936
7.49092
7.88837
8.15246
8.32105
8.42388
8.48185
8.50789
5.17774
6.1446
6.91926
7.49081
7.88827
8.15235
8.32094
8.42378
8.48175
8.50781
5.17769
6.14454
6.9192
7.49075
7.8882
8.15228
8.32088
8.42372
8.4817
8.50776
5.17767
6.14452
6.91918
7.49073
7.88818
8.15227
8.32086
8.42371
8.48169
8.50775
5.17768
6.14453
6.91919
7.49075
7.88821
8.15229
8.32089
8.42374
8.48173
8.50779
5.17772
6.14458
6.91925
7.49081
7.88827
8.15237
8.32097
8.42382
8.48181
8.50788
5.17779
6.14466
6.91934
7.49092
7.88839
8.15248
8.32109
8.42395
8.48194
8.50801
5.17789
6.14478
6.91948
7.49107
7.88854
8.15265
8.32126
8.42413
8.48212
8.50819
5.17802
6.14494
6.91965
7.49126
7.88875
8.15287
8.32149
8.42435
8.48235
8.50842
3.32307
3.91607
4.41011
4.79019
5.0649
5.25363
5.37749
5.45473
5.49897
5.51903
3.32299
3.91598
4.41002
4.79008
5.06479
5.25352
5.37738
5.45462
5.49887
5.51895
3.32294
3.91592
4.40995
4.79001
5.06472
5.25344
5.37731
5.45455
5.49881
5.5189
3.3229
3.91588
4.40991
4.78997
5.06467
5.2534
5.37726
5.45451
5.49877
5.51886
3.32289
3.91587
4.40989
4.78995
5.06466
5.25338
5.37725
5.4545
5.49876
5.51886
3.3229
3.91588
4.40991
4.78997
5.06468
5.25341
5.37728
5.45453
5.49879
5.51889
3.32293
3.91592
4.40995
4.79002
5.06473
5.25346
5.37734
5.45459
5.49885
5.51895
3.32298
3.91598
4.41002
4.79009
5.06481
5.25355
5.37743
5.45468
5.49895
5.51905
3.32305
3.91606
4.41012
4.7902
5.06493
5.25367
5.37756
5.45481
5.49909
5.51919
3.32315
3.91618
4.41025
4.79035
5.06508
5.25383
5.37772
5.45498
5.49926
5.51936
2.09913
2.45608
2.76198
3.00515
3.18669
3.31514
3.40162
3.4567
3.48875
3.50343
2.09908
2.45602
2.76191
3.00508
3.18662
3.31506
3.40155
3.45662
3.48868
3.50338
2.09904
2.45598
2.76187
3.00503
3.18657
3.31501
3.40149
3.45657
3.48864
3.50334
2.09902
2.45595
2.76184
3.005
3.18654
3.31498
3.40147
3.45655
3.48861
3.50332
2.09901
2.45594
2.76183
3.005
3.18653
3.31497
3.40146
3.45654
3.48861
3.50332
2.09901
2.45595
2.76184
3.00501
3.18654
3.31499
3.40148
3.45656
3.48863
3.50334
2.09904
2.45598
2.76187
3.00504
3.18658
3.31503
3.40152
3.45661
3.48868
3.50339
2.09907
2.45602
2.76192
3.0051
3.18664
3.3151
3.40159
3.45668
3.48875
3.50346
2.09913
2.45609
2.76199
3.00518
3.18673
3.31518
3.40168
3.45677
3.48884
3.50355
2.0992
2.45617
2.76209
3.00528
3.18683
3.3153
3.4018
3.45689
3.48897
3.50368
1.30972
1.51729
1.70012
1.84995
1.96515
2.04889
2.10662
2.14413
2.16629
2.17654
1.30968
1.51725
1.70008
1.8499
1.9651
2.04884
2.10657
2.14408
2.16625
2.17651
1.30966
1.51722
1.70005
1.84987
1.96506
2.0488
2.10654
2.14404
2.16622
2.17648
1.30964
1.5172
1.70003
1.84985
1.96504
2.04878
2.10652
2.14403
2.1662
2.17647
1.30964
1.5172
1.70002
1.84984
1.96504
2.04878
2.10652
2.14403
2.1662
2.17647
1.30964
1.5172
1.70003
1.84985
1.96505
2.04879
2.10653
2.14404
2.16622
2.17649
1.30966
1.51722
1.70005
1.84988
1.96508
2.04882
2.10656
2.14407
2.16625
2.17652
1.30968
1.51725
1.70009
1.84992
1.96512
2.04886
2.10661
2.14412
2.1663
2.17657
1.30972
1.5173
1.70014
1.84997
1.96518
2.04893
2.10667
2.14419
2.16637
2.17664
1.30977
1.51735
1.7002
1.85004
1.96525
2.04901
2.10675
2.14427
2.16645
2.17673
0.815998
0.926491
1.0297
1.11795
1.1881
1.24052
1.27751
1.30201
1.3167
1.32355
0.815973
0.926463
1.02967
1.11792
1.18807
1.24049
1.27748
1.30197
1.31666
1.32353
0.815955
0.926444
1.02965
1.1179
1.18804
1.24046
1.27745
1.30195
1.31664
1.32351
0.815945
0.926433
1.02963
1.11788
1.18803
1.24045
1.27744
1.30194
1.31663
1.3235
0.815942
0.92643
1.02963
1.11788
1.18803
1.24045
1.27744
1.30194
1.31664
1.32351
0.815946
0.926435
1.02964
1.11789
1.18804
1.24046
1.27745
1.30195
1.31665
1.32352
0.815958
0.926448
1.02965
1.1179
1.18806
1.24048
1.27747
1.30197
1.31667
1.32354
0.815977
0.92647
1.02968
1.11793
1.18808
1.24051
1.2775
1.302
1.3167
1.32357
0.816004
0.926501
1.02971
1.11797
1.18813
1.24055
1.27755
1.30205
1.31675
1.32362
0.816039
0.926541
1.02976
1.11802
1.18818
1.2406
1.2776
1.30211
1.31681
1.32368
0.517015
0.561612
0.614393
0.663532
0.704426
0.73596
0.758758
0.774145
0.783506
0.787916
0.516998
0.561595
0.614374
0.663511
0.704405
0.735938
0.758736
0.774123
0.783486
0.787901
0.516986
0.561582
0.614361
0.663497
0.70439
0.735923
0.758721
0.774109
0.783473
0.787891
0.516979
0.561575
0.614353
0.66349
0.704382
0.735916
0.758714
0.774102
0.783467
0.787885
0.516978
0.561573
0.614352
0.663488
0.704381
0.735915
0.758713
0.774102
0.783468
0.787886
0.516981
0.561577
0.614356
0.663493
0.704387
0.735921
0.75872
0.77411
0.783476
0.787894
0.516989
0.561586
0.614366
0.663505
0.704399
0.735934
0.758734
0.774124
0.783491
0.78791
0.517003
0.561601
0.614383
0.663523
0.704419
0.735955
0.758756
0.774147
0.783514
0.787933
0.517022
0.561622
0.614406
0.663548
0.704445
0.735983
0.758785
0.774177
0.783545
0.787964
0.517046
0.561649
0.614435
0.66358
0.70448
0.736019
0.758823
0.774215
0.783584
0.788004
393.06
393.061
393.063
393.065
393.068
393.07
393.072
393.073
393.074
393.075
393.059
393.06
393.062
393.065
393.068
393.07
393.072
393.073
393.074
393.075
393.059
393.06
393.062
393.065
393.067
393.07
393.072
393.073
393.074
393.075
393.059
393.06
393.062
393.065
393.067
393.07
393.072
393.073
393.074
393.075
393.059
393.06
393.062
393.065
393.067
393.07
393.072
393.073
393.074
393.075
393.059
393.06
393.062
393.065
393.067
393.07
393.072
393.073
393.074
393.075
393.059
393.06
393.062
393.065
393.067
393.07
393.072
393.073
393.074
393.075
393.059
393.06
393.062
393.065
393.067
393.07
393.072
393.073
393.074
393.075
393.059
393.06
393.062
393.065
393.067
393.07
393.072
393.073
393.074
393.075
393.059
393.06
393.062
393.065
393.068
393.07
393.072
393.073
393.074
393.075
339.868
339.872
339.879
339.887
339.896
339.904
339.91
339.915
339.918
339.92
339.868
339.872
339.878
339.887
339.896
339.903
339.91
339.915
339.918
339.92
339.868
339.871
339.878
339.887
339.895
339.903
339.91
339.915
339.918
339.92
339.868
339.871
339.878
339.886
339.895
339.903
339.91
339.914
339.918
339.919
339.867
339.871
339.878
339.886
339.895
339.903
339.909
339.914
339.918
339.919
339.867
339.871
339.878
339.886
339.895
339.903
339.909
339.914
339.918
339.919
339.868
339.871
339.878
339.886
339.895
339.903
339.91
339.914
339.918
339.919
339.868
339.871
339.878
339.887
339.895
339.903
339.91
339.915
339.918
339.92
339.868
339.871
339.878
339.887
339.895
339.903
339.91
339.915
339.918
339.92
339.868
339.872
339.878
339.887
339.896
339.904
339.91
339.915
339.918
339.92
288.69
288.698
288.713
288.73
288.748
288.764
288.777
288.787
288.793
288.796
288.69
288.698
288.712
288.73
288.748
288.764
288.777
288.786
288.793
288.796
288.689
288.697
288.712
288.73
288.748
288.764
288.777
288.786
288.792
288.796
288.689
288.697
288.712
288.729
288.747
288.763
288.776
288.786
288.792
288.795
288.689
288.697
288.711
288.729
288.747
288.763
288.776
288.786
288.792
288.795
288.689
288.697
288.711
288.729
288.747
288.763
288.776
288.786
288.792
288.795
288.689
288.697
288.711
288.729
288.747
288.763
288.776
288.786
288.792
288.795
288.689
288.697
288.712
288.73
288.748
288.764
288.777
288.786
288.792
288.796
288.689
288.697
288.712
288.73
288.748
288.764
288.777
288.786
288.793
288.796
288.69
288.698
288.712
288.73
288.748
288.764
288.777
288.787
288.793
288.796
240.689
240.705
240.734
240.768
240.801
240.83
240.853
240.869
240.88
240.885
240.688
240.704
240.733
240.767
240.801
240.83
240.852
240.869
240.879
240.885
240.687
240.704
240.732
240.767
240.8
240.829
240.852
240.868
240.879
240.884
240.687
240.703
240.732
240.766
240.8
240.829
240.852
240.868
240.879
240.884
240.687
240.703
240.732
240.766
240.8
240.829
240.851
240.868
240.879
240.884
240.687
240.703
240.732
240.766
240.8
240.829
240.852
240.868
240.879
240.884
240.687
240.703
240.732
240.766
240.8
240.829
240.852
240.868
240.879
240.884
240.687
240.704
240.732
240.767
240.8
240.829
240.852
240.868
240.879
240.884
240.688
240.704
240.733
240.767
240.801
240.83
240.852
240.869
240.879
240.885
240.688
240.704
240.733
240.768
240.801
240.83
240.853
240.869
240.88
240.886
196.782
196.814
196.87
196.933
196.993
197.043
197.081
197.107
197.124
197.132
196.781
196.814
196.869
196.932
196.992
197.042
197.08
197.107
197.123
197.132
196.78
196.813
196.868
196.932
196.991
197.041
197.079
197.106
197.123
197.131
196.78
196.813
196.868
196.931
196.991
197.041
197.079
197.106
197.123
197.131
196.78
196.813
196.868
196.931
196.991
197.041
197.079
197.106
197.122
197.131
196.78
196.813
196.868
196.931
196.991
197.041
197.079
197.106
197.123
197.131
196.78
196.813
196.868
196.931
196.991
197.041
197.079
197.106
197.123
197.131
196.78
196.813
196.868
196.932
196.991
197.041
197.08
197.106
197.123
197.132
196.781
196.813
196.869
196.932
196.992
197.042
197.08
197.107
197.124
197.132
196.781
196.814
196.869
196.933
196.993
197.043
197.081
197.108
197.124
197.133
157.581
157.647
157.753
157.868
157.972
158.055
158.116
158.157
158.183
158.195
157.58
157.646
157.752
157.867
157.971
158.054
158.115
158.157
158.182
158.194
157.58
157.646
157.751
157.867
157.97
158.054
158.115
158.156
158.182
158.194
157.58
157.645
157.751
157.866
157.97
158.053
158.114
158.156
158.181
158.194
157.579
157.645
157.751
157.866
157.97
158.053
158.114
158.156
158.181
158.194
157.579
157.645
157.751
157.866
157.97
158.053
158.114
158.156
158.181
158.194
157.58
157.645
157.751
157.866
157.97
158.053
158.115
158.156
158.182
158.194
157.58
157.646
157.752
157.867
157.971
158.054
158.115
158.157
158.182
158.194
157.58
157.646
157.752
157.867
157.971
158.054
158.116
158.157
158.183
158.195
157.581
157.647
157.753
157.868
157.972
158.055
158.116
158.158
158.183
158.196
123.361
123.497
123.699
123.906
124.081
124.214
124.308
124.37
124.407
124.424
123.36
123.496
123.699
123.905
124.08
124.214
124.308
124.369
124.406
124.423
123.36
123.495
123.698
123.904
124.08
124.213
124.307
124.369
124.406
124.423
123.36
123.495
123.698
123.904
124.079
124.213
124.307
124.368
124.405
124.423
123.359
123.495
123.698
123.904
124.079
124.213
124.307
124.368
124.405
124.423
123.359
123.495
123.698
123.904
124.079
124.213
124.307
124.368
124.405
124.423
123.36
123.495
123.698
123.904
124.079
124.213
124.307
124.369
124.405
124.423
123.36
123.495
123.698
123.905
124.08
124.213
124.307
124.369
124.406
124.423
123.36
123.496
123.699
123.905
124.08
124.214
124.308
124.37
124.407
124.424
123.361
123.497
123.7
123.906
124.081
124.215
124.309
124.37
124.407
124.425
94.043
94.3342
94.7253
95.0876
95.3727
95.5771
95.7145
95.8015
95.8519
95.8751
94.0424
94.3335
94.7247
95.0869
95.372
95.5764
95.7139
95.8009
95.8513
95.8747
94.0419
94.333
94.7242
95.0864
95.3715
95.576
95.7134
95.8004
95.8509
95.8743
94.0416
94.3327
94.7239
95.0861
95.3712
95.5757
95.7131
95.8002
95.8507
95.8741
94.0414
94.3326
94.7237
95.086
95.3711
95.5756
95.713
95.8001
95.8506
95.874
94.0414
94.3326
94.7237
95.086
95.3711
95.5756
95.7131
95.8001
95.8507
95.8741
94.0416
94.3328
94.7239
95.0862
95.3713
95.5758
95.7133
95.8004
95.8509
95.8743
94.0419
94.3331
94.7243
95.0866
95.3717
95.5763
95.7138
95.8008
95.8514
95.8748
94.0424
94.3336
94.7248
95.0872
95.3723
95.5769
95.7144
95.8014
95.852
95.8754
94.0429
94.3343
94.7256
95.0879
95.3731
95.5776
95.7151
95.8022
95.8528
95.8762
69.1759
69.8469
70.6021
71.2164
71.6567
71.9517
72.1405
72.2557
72.3208
72.3502
69.1753
69.8463
70.6015
71.2158
71.6561
71.9511
72.1399
72.2551
72.3203
72.3498
69.1749
69.8459
70.6011
71.2154
71.6557
71.9507
72.1395
72.2548
72.3199
72.3495
69.1746
69.8456
70.6008
71.2151
71.6554
71.9505
72.1392
72.2545
72.3197
72.3493
69.1745
69.8455
70.6007
71.215
71.6553
71.9504
72.1391
72.2544
72.3196
72.3492
69.1745
69.8455
70.6008
71.2151
71.6553
71.9504
72.1392
72.2545
72.3197
72.3493
69.1747
69.8457
70.6009
71.2153
71.6555
71.9506
72.1394
72.2548
72.32
72.3496
69.175
69.846
70.6013
71.2156
71.6559
71.951
72.1398
72.2552
72.3204
72.35
69.1754
69.8465
70.6018
71.2162
71.6565
71.9516
72.1404
72.2557
72.321
72.3506
69.1759
69.8471
70.6025
71.2169
71.6572
71.9523
72.1412
72.2565
72.3217
72.3513
47.839
49.5415
50.967
51.9406
52.5671
52.9588
53.1981
53.3397
53.4179
53.4528
47.8386
49.5411
50.9666
51.9402
52.5666
52.9584
53.1977
53.3392
53.4175
53.4525
47.8382
49.5407
50.9662
51.9398
52.5663
52.958
53.1973
53.3389
53.4172
53.4522
47.838
49.5405
50.966
51.9396
52.566
52.9578
53.1971
53.3387
53.417
53.4521
47.8379
49.5404
50.9659
51.9395
52.5659
52.9577
53.197
53.3386
53.4169
53.452
47.8379
49.5404
50.966
51.9396
52.566
52.9578
53.1971
53.3387
53.417
53.4521
47.8381
49.5406
50.9661
51.9397
52.5662
52.958
53.1973
53.3389
53.4172
53.4523
47.8383
49.5409
50.9664
51.9401
52.5665
52.9583
53.1977
53.3393
53.4176
53.4527
47.8387
49.5413
50.9669
51.9405
52.567
52.9588
53.1982
53.3398
53.4181
53.4532
47.8392
49.5419
50.9675
51.9412
52.5677
52.9595
53.1989
53.3405
53.4189
53.454
0.120306
0.119604
0.118133
0.11576
0.112341
0.10779
0.102205
0.0960467
0.0903625
0.0868921
0.120302
0.1196
0.118129
0.115756
0.112337
0.107787
0.102202
0.0960438
0.0903598
0.08689
0.120299
0.119598
0.118126
0.115754
0.112335
0.107784
0.1022
0.0960419
0.0903581
0.0868884
0.120298
0.119597
0.118125
0.115753
0.112334
0.107783
0.102199
0.0960411
0.0903573
0.0868877
0.120298
0.119596
0.118125
0.115753
0.112334
0.107783
0.102199
0.0960412
0.0903574
0.0868878
0.120299
0.119598
0.118126
0.115754
0.112335
0.107785
0.1022
0.0960423
0.0903585
0.0868889
0.120301
0.1196
0.118129
0.115756
0.112337
0.107787
0.102203
0.0960445
0.0903607
0.086891
0.120304
0.119603
0.118132
0.11576
0.112341
0.10779
0.102206
0.0960478
0.0903638
0.0868941
0.120309
0.119608
0.118137
0.115765
0.112346
0.107795
0.102211
0.0960523
0.090368
0.0868982
0.120314
0.119614
0.118143
0.115771
0.112352
0.107801
0.102216
0.0960578
0.0903733
0.0869033
0.0686722
0.0682529
0.0673807
0.0659939
0.0640329
0.0614858
0.0584554
0.0552421
0.0524074
0.0507126
0.0686699
0.0682506
0.0673784
0.0659917
0.0640308
0.0614838
0.0584535
0.0552403
0.0524058
0.0507115
0.0686683
0.0682491
0.0673769
0.0659903
0.0640294
0.0614825
0.0584523
0.0552392
0.0524047
0.0507106
0.0686675
0.0682483
0.0673762
0.0659895
0.0640287
0.0614818
0.0584518
0.0552387
0.0524043
0.0507101
0.0686674
0.0682482
0.0673762
0.0659895
0.0640288
0.0614819
0.0584518
0.0552388
0.0524044
0.0507103
0.0686681
0.068249
0.0673769
0.0659903
0.0640295
0.0614827
0.0584526
0.0552396
0.0524051
0.050711
0.0686696
0.0682504
0.0673784
0.0659918
0.0640311
0.0614842
0.0584541
0.055241
0.0524065
0.0507124
0.0686717
0.0682527
0.0673807
0.0659942
0.0640334
0.0614864
0.0584563
0.0552431
0.0524086
0.0507144
0.0686746
0.0682557
0.0673839
0.0659973
0.0640365
0.0614895
0.0584592
0.0552459
0.0524113
0.050717
0.0686779
0.0682596
0.0673879
0.0660013
0.0640404
0.0614933
0.0584629
0.0552494
0.0524146
0.0507203
0.0383944
0.0381517
0.0376509
0.036865
0.0357731
0.034386
0.0327797
0.0311292
0.0297201
0.028895
0.038393
0.0381503
0.0376495
0.0368637
0.0357718
0.0343848
0.0327786
0.0311281
0.0297192
0.0288943
0.0383921
0.0381494
0.0376487
0.0368628
0.035771
0.0343841
0.0327779
0.0311275
0.0297186
0.0288938
0.0383916
0.038149
0.0376482
0.0368624
0.0357706
0.0343837
0.0327776
0.0311272
0.0297183
0.0288936
0.0383916
0.038149
0.0376482
0.0368624
0.0357707
0.0343838
0.0327776
0.0311273
0.0297184
0.0288937
0.0383921
0.0381494
0.0376487
0.0368629
0.0357712
0.0343843
0.0327781
0.0311278
0.0297189
0.0288942
0.038393
0.0381503
0.0376496
0.0368639
0.0357721
0.0343852
0.032779
0.0311287
0.0297198
0.028895
0.0383943
0.0381517
0.0376511
0.0368653
0.0357736
0.0343866
0.0327804
0.03113
0.029721
0.0288963
0.0383961
0.0381536
0.037653
0.0368672
0.0357755
0.0343885
0.0327822
0.0311317
0.0297227
0.0288979
0.0383981
0.038156
0.0376555
0.0368697
0.0357779
0.0343908
0.0327845
0.0311339
0.0297248
0.0289
0.0210301
0.0208937
0.0206146
0.0201818
0.0195901
0.0188533
0.0180195
0.0171843
0.0164888
0.0160886
0.0210293
0.0208929
0.0206138
0.020181
0.0195894
0.0188526
0.0180189
0.0171837
0.0164883
0.0160882
0.0210287
0.0208924
0.0206133
0.0201805
0.0195889
0.0188522
0.0180185
0.0171833
0.016488
0.016088
0.0210285
0.0208922
0.020613
0.0201803
0.0195887
0.018852
0.0180183
0.0171832
0.0164878
0.0160878
0.0210285
0.0208922
0.0206131
0.0201803
0.0195888
0.018852
0.0180183
0.0171832
0.0164879
0.0160879
0.0210288
0.0208925
0.0206134
0.0201806
0.0195891
0.0188523
0.0180186
0.0171835
0.0164882
0.0160882
0.0210293
0.020893
0.0206139
0.0201812
0.0195897
0.0188529
0.0180192
0.0171841
0.0164887
0.0160888
0.0210301
0.0208939
0.0206148
0.0201821
0.0195905
0.0188537
0.01802
0.0171849
0.0164895
0.0160895
0.0210312
0.020895
0.020616
0.0201833
0.0195917
0.0188549
0.0180211
0.0171859
0.0164905
0.0160905
0.0210324
0.0208964
0.0206174
0.0201847
0.0195931
0.0188563
0.0180225
0.0171873
0.0164918
0.0160918
0.0112886
0.0112142
0.0110628
0.0108308
0.0105181
0.0101355
0.0097111
0.00929468
0.0089546
0.00876164
0.0112882
0.0112137
0.0110624
0.0108303
0.0105177
0.0101351
0.00971072
0.00929433
0.00895429
0.00876142
0.0112879
0.0112134
0.0110621
0.01083
0.0105174
0.0101349
0.00971048
0.00929411
0.0089541
0.00876126
0.0112877
0.0112133
0.0110619
0.0108299
0.0105173
0.0101348
0.00971038
0.00929402
0.00895403
0.00876121
0.0112877
0.0112133
0.011062
0.0108299
0.0105174
0.0101348
0.00971043
0.00929407
0.00895408
0.00876126
0.0112879
0.0112135
0.0110621
0.0108301
0.0105175
0.010135
0.00971061
0.00929426
0.00895426
0.00876144
0.0112882
0.0112138
0.0110625
0.0108305
0.0105179
0.0101353
0.00971094
0.00929458
0.00895458
0.00876176
0.0112887
0.0112143
0.011063
0.010831
0.0105184
0.0101358
0.00971143
0.00929505
0.00895504
0.00876221
0.0112893
0.011215
0.0110637
0.0108317
0.0105191
0.0101365
0.00971207
0.00929568
0.00895565
0.00876281
0.0112901
0.0112158
0.0110645
0.0108325
0.0105199
0.0101373
0.00971288
0.00929645
0.0089564
0.00876355
0.00594302
0.00590342
0.00582344
0.00570204
0.00554062
0.0053461
0.00513392
0.00492929
0.00476476
0.00467244
0.00594276
0.00590316
0.00582319
0.0057018
0.00554039
0.00534588
0.0051337
0.00492909
0.00476458
0.00467232
0.0059426
0.005903
0.00582303
0.00570164
0.00554024
0.00534574
0.00513357
0.00492898
0.00476448
0.00467223
0.00594252
0.00590292
0.00582296
0.00570158
0.00554018
0.00534568
0.00513352
0.00492893
0.00476444
0.00467221
0.00594253
0.00590294
0.00582297
0.00570159
0.0055402
0.00534571
0.00513355
0.00492896
0.00476448
0.00467224
0.00594263
0.00590304
0.00582308
0.0057017
0.00554031
0.00534582
0.00513366
0.00492907
0.00476459
0.00467235
0.00594282
0.00590323
0.00582327
0.0057019
0.00554051
0.00534601
0.00513385
0.00492926
0.00476477
0.00467254
0.0059431
0.00590352
0.00582357
0.0057022
0.0055408
0.0053463
0.00513413
0.00492953
0.00476504
0.0046728
0.00594346
0.0059039
0.00582396
0.00570259
0.00554119
0.00534668
0.00513451
0.00492989
0.00476539
0.00467315
0.00594388
0.00590439
0.00582446
0.00570309
0.00554168
0.00534716
0.00513497
0.00493034
0.00476583
0.00467357
0.00307713
0.00305652
0.00301517
0.00295298
0.00287126
0.00277411
0.00266967
0.0025704
0.00249158
0.00244776
0.00307698
0.00305638
0.00301503
0.00295285
0.00287113
0.00277399
0.00266956
0.00257029
0.00249148
0.00244769
0.00307689
0.00305629
0.00301495
0.00295276
0.00287105
0.00277391
0.00266949
0.00257023
0.00249143
0.00244765
0.00307685
0.00305625
0.00301491
0.00295273
0.00287102
0.00277388
0.00266946
0.0025702
0.00249141
0.00244763
0.00307686
0.00305626
0.00301492
0.00295274
0.00287103
0.0027739
0.00266948
0.00257022
0.00249143
0.00244766
0.00307692
0.00305632
0.00301498
0.0029528
0.00287109
0.00277396
0.00266954
0.00257029
0.0024915
0.00244772
0.00307703
0.00305643
0.00301509
0.00295292
0.00287121
0.00277407
0.00266965
0.0025704
0.0024916
0.00244782
0.00307718
0.0030566
0.00301526
0.00295309
0.00287137
0.00277424
0.00266981
0.00257055
0.00249176
0.00244798
0.00307739
0.00305681
0.00301548
0.00295331
0.00287159
0.00277445
0.00267002
0.00257076
0.00249195
0.00244817
0.00307762
0.00305708
0.00301576
0.00295359
0.00287187
0.00277472
0.00267028
0.00257101
0.0024922
0.00244842
0.00158478
0.00157418
0.00155301
0.00152145
0.00148042
0.00143225
0.00138113
0.00133314
0.00129544
0.00127464
0.00158471
0.0015741
0.00155294
0.00152138
0.00148035
0.00143218
0.00138106
0.00133308
0.00129538
0.0012746
0.00158466
0.00157405
0.00155289
0.00152133
0.00148031
0.00143214
0.00138103
0.00133304
0.00129535
0.00127458
0.00158464
0.00157403
0.00155287
0.00152131
0.00148029
0.00143213
0.00138101
0.00133303
0.00129535
0.00127457
0.00158464
0.00157404
0.00155288
0.00152132
0.0014803
0.00143214
0.00138102
0.00133304
0.00129536
0.00127458
0.00158468
0.00157407
0.00155291
0.00152136
0.00148034
0.00143217
0.00138106
0.00133308
0.0012954
0.00127462
0.00158474
0.00157414
0.00155298
0.00152142
0.0014804
0.00143224
0.00138112
0.00133314
0.00129546
0.00127468
0.00158483
0.00157423
0.00155307
0.00152152
0.0014805
0.00143233
0.00138121
0.00133323
0.00129554
0.00127477
0.00158494
0.00157435
0.00155319
0.00152164
0.00148062
0.00143245
0.00138133
0.00133334
0.00129565
0.00127488
0.00158507
0.0015745
0.00155335
0.0015218
0.00148077
0.0014326
0.00138148
0.00133348
0.00129579
0.00127501
0.000849721
0.000844063
0.000832834
0.000816228
0.000794863
0.000770066
0.000744063
0.000719927
0.000701147
0.000690854
0.000849676
0.000844018
0.000832791
0.000816186
0.000794822
0.000770027
0.000744026
0.000719892
0.000701116
0.000690833
0.000849648
0.000843991
0.000832765
0.000816161
0.000794798
0.000770004
0.000744004
0.000719872
0.0007011
0.00069082
0.000849637
0.00084398
0.000832754
0.000816151
0.000794789
0.000769995
0.000743997
0.000719867
0.000701095
0.000690817
0.000849641
0.000843985
0.000832759
0.000816157
0.000794795
0.000770002
0.000744005
0.000719875
0.000701104
0.000690826
0.000849662
0.000844006
0.00083278
0.000816178
0.000794817
0.000770024
0.000744027
0.000719897
0.000701126
0.000690848
0.000849698
0.000844043
0.000832818
0.000816216
0.000794855
0.000770062
0.000744064
0.000719933
0.000701162
0.000690884
0.000849751
0.000844097
0.000832873
0.000816271
0.00079491
0.000770116
0.000744117
0.000719985
0.000701213
0.000690935
0.000849817
0.000844166
0.000832945
0.000816344
0.000794982
0.000770186
0.000744185
0.000720052
0.000701279
0.000690999
0.000849891
0.000844253
0.000833034
0.000816433
0.00079507
0.000770272
0.000744269
0.000720133
0.000701358
0.000691078
0.00055038
0.000546745
0.000539556
0.000528993
0.000515516
0.000500019
0.000483925
0.000469119
0.000457685
0.000451449
0.000550354
0.000546719
0.000539531
0.000528969
0.000515493
0.000499997
0.000483903
0.000469099
0.000457668
0.000451439
0.000550337
0.000546702
0.000539514
0.000528953
0.000515478
0.000499983
0.00048389
0.000469087
0.000457657
0.000451432
0.000550329
0.000546695
0.000539508
0.000528947
0.000515472
0.000499978
0.000483886
0.000469084
0.000457655
0.00045143
0.000550333
0.000546699
0.000539512
0.000528951
0.000515477
0.000499983
0.000483891
0.00046909
0.000457662
0.000451437
0.000550348
0.000546714
0.000539527
0.000528967
0.000515492
0.000499999
0.000483907
0.000469105
0.000457677
0.000451453
0.000550373
0.00054674
0.000539553
0.000528994
0.000515519
0.000500025
0.000483933
0.000469131
0.000457703
0.000451478
0.00055041
0.000546777
0.000539591
0.000529032
0.000515557
0.000500063
0.00048397
0.000469167
0.000457738
0.000451513
0.000550455
0.000546825
0.00053964
0.000529081
0.000515606
0.000500111
0.000484017
0.000469213
0.000457783
0.000451558
0.000550504
0.000546882
0.0005397
0.000529141
0.000515665
0.000500168
0.000484073
0.000469268
0.000457837
0.000451611
0.315804
0.334444
0.360447
0.386695
0.409624
0.427903
0.44145
0.45077
0.456521
0.459255
0.315793
0.334432
0.360435
0.386683
0.409611
0.427889
0.441437
0.450757
0.456509
0.459246
0.315786
0.334424
0.360427
0.386674
0.409602
0.42788
0.441428
0.450748
0.456501
0.459239
0.315782
0.33442
0.360422
0.386669
0.409597
0.427875
0.441423
0.450744
0.456497
0.459236
0.315781
0.334419
0.360421
0.386668
0.409597
0.427875
0.441423
0.450744
0.456498
0.459237
0.315783
0.334422
0.360424
0.386672
0.4096
0.427879
0.441428
0.450749
0.456503
0.459242
0.315789
0.334428
0.360431
0.386679
0.409609
0.427888
0.441437
0.450759
0.456513
0.459252
0.315798
0.334438
0.360442
0.386691
0.409621
0.427902
0.441451
0.450774
0.456528
0.459267
0.315811
0.334451
0.360457
0.386707
0.409639
0.42792
0.44147
0.450793
0.456548
0.459288
0.315825
0.334469
0.360476
0.386728
0.409661
0.427943
0.441494
0.450818
0.456573
0.459313
0.186611
0.194856
0.207524
0.221157
0.233604
0.243852
0.251636
0.257093
0.260506
0.262143
0.186604
0.194849
0.207516
0.221149
0.233596
0.243844
0.251628
0.257085
0.260499
0.262138
0.1866
0.194844
0.207511
0.221144
0.233591
0.243838
0.251622
0.257079
0.260494
0.262134
0.186597
0.194841
0.207509
0.221141
0.233588
0.243836
0.25162
0.257077
0.260492
0.262132
0.186597
0.194841
0.207508
0.22114
0.233588
0.243836
0.25162
0.257077
0.260493
0.262133
0.186598
0.194843
0.20751
0.221143
0.23359
0.243838
0.251623
0.25708
0.260496
0.262136
0.186602
0.194847
0.207515
0.221148
0.233595
0.243844
0.251629
0.257087
0.260502
0.262143
0.186608
0.194853
0.207522
0.221155
0.233603
0.243853
0.251638
0.257096
0.260512
0.262152
0.186616
0.194862
0.207531
0.221165
0.233614
0.243864
0.25165
0.257108
0.260524
0.262165
0.186625
0.194873
0.207543
0.221179
0.233628
0.243879
0.251665
0.257124
0.26054
0.262181
0.107206
0.110978
0.117122
0.12406
0.130639
0.136218
0.140554
0.143649
0.145612
0.14656
0.107202
0.110973
0.117117
0.124056
0.130634
0.136213
0.140549
0.143644
0.145607
0.146557
0.107199
0.11097
0.117114
0.124052
0.130631
0.136209
0.140546
0.143641
0.145604
0.146555
0.107197
0.110969
0.117112
0.124051
0.130629
0.136208
0.140544
0.14364
0.145603
0.146554
0.107197
0.110969
0.117112
0.124051
0.130629
0.136208
0.140545
0.14364
0.145603
0.146554
0.107198
0.11097
0.117114
0.124052
0.130631
0.13621
0.140547
0.143642
0.145606
0.146556
0.107201
0.110972
0.117116
0.124055
0.130634
0.136213
0.14055
0.143646
0.14561
0.146561
0.107205
0.110976
0.117121
0.12406
0.130639
0.136219
0.140556
0.143652
0.145615
0.146566
0.10721
0.110982
0.117127
0.124066
0.130646
0.136226
0.140563
0.14366
0.145623
0.146574
0.107215
0.110989
0.117134
0.124074
0.130655
0.136235
0.140573
0.143669
0.145633
0.146584
0.0600399
0.0617956
0.0647633
0.0682376
0.0716362
0.074594
0.0769426
0.0786474
0.0797418
0.0802752
0.0600374
0.0617931
0.0647607
0.0682349
0.0716334
0.0745911
0.0769397
0.0786446
0.0797392
0.0802733
0.0600357
0.0617913
0.0647589
0.068233
0.0716315
0.0745892
0.0769378
0.0786428
0.0797376
0.080272
0.0600348
0.0617904
0.064758
0.0682321
0.0716306
0.0745883
0.076937
0.078642
0.0797369
0.0802715
0.0600347
0.0617904
0.0647579
0.0682321
0.0716306
0.0745884
0.0769371
0.0786423
0.0797372
0.0802718
0.0600354
0.0617911
0.0647587
0.068233
0.0716316
0.0745895
0.0769383
0.0786435
0.0797385
0.0802732
0.060037
0.0617927
0.0647605
0.0682349
0.0716336
0.0745916
0.0769406
0.0786459
0.079741
0.0802757
0.0600393
0.0617952
0.0647631
0.0682377
0.0716367
0.0745948
0.0769439
0.0786493
0.0797445
0.0802792
0.0600424
0.0617985
0.0647667
0.0682416
0.0716408
0.0745991
0.0769484
0.0786539
0.0797492
0.080284
0.0600459
0.0618028
0.0647713
0.0682465
0.071646
0.0746046
0.076954
0.0786597
0.0797551
0.08029
0.0328373
0.0336602
0.0350856
0.0368001
0.0385206
0.0400519
0.0412913
0.0422051
0.0427984
0.0430899
0.0328359
0.0336587
0.0350841
0.0367985
0.0385189
0.0400503
0.0412897
0.0422034
0.042797
0.0430888
0.0328349
0.0336578
0.0350831
0.0367975
0.0385179
0.0400492
0.0412886
0.0422024
0.0427961
0.0430881
0.0328344
0.0336573
0.0350826
0.036797
0.0385174
0.0400487
0.0412882
0.042202
0.0427957
0.0430878
0.0328344
0.0336572
0.0350826
0.036797
0.0385174
0.0400488
0.0412883
0.0422022
0.0427959
0.043088
0.0328348
0.0336577
0.0350831
0.0367976
0.038518
0.0400495
0.041289
0.0422029
0.0427967
0.0430889
0.0328358
0.0336587
0.0350841
0.0367987
0.0385192
0.0400507
0.0412903
0.0422043
0.0427982
0.0430903
0.0328372
0.0336601
0.0350857
0.0368004
0.038521
0.0400526
0.0412923
0.0422064
0.0428002
0.0430924
0.032839
0.0336621
0.0350879
0.0368027
0.0385234
0.0400552
0.0412949
0.0422091
0.042803
0.0430952
0.0328411
0.0336646
0.0350906
0.0368055
0.0385265
0.0400583
0.0412983
0.0422125
0.0428065
0.0430988
0.017569
0.0179547
0.0186344
0.019469
0.0203241
0.0211001
0.0217389
0.0222164
0.0225299
0.022685
0.0175681
0.0179539
0.0186335
0.0194681
0.0203232
0.0210991
0.0217379
0.0222155
0.0225291
0.0226844
0.0175676
0.0179533
0.018633
0.0194675
0.0203226
0.0210986
0.0217373
0.022215
0.0225286
0.022684
0.0175673
0.017953
0.0186327
0.0194672
0.0203223
0.0210983
0.0217371
0.0222148
0.0225284
0.0226839
0.0175673
0.017953
0.0186327
0.0194673
0.0203224
0.0210984
0.0217372
0.0222149
0.0225286
0.022684
0.0175676
0.0179533
0.018633
0.0194676
0.0203227
0.0210987
0.0217376
0.0222153
0.022529
0.0226845
0.0175681
0.0179539
0.0186336
0.0194682
0.0203234
0.0210995
0.0217384
0.0222161
0.0225299
0.0226853
0.017569
0.0179548
0.0186345
0.0194692
0.0203245
0.0211006
0.0217395
0.0222173
0.0225311
0.0226866
0.01757
0.0179559
0.0186358
0.0194705
0.0203258
0.021102
0.021741
0.0222189
0.0225327
0.0226882
0.0175713
0.0179574
0.0186374
0.0194722
0.0203276
0.0211039
0.0217429
0.0222208
0.0225346
0.0226902
0.00922756
0.00940789
0.00972966
0.0101312
0.0105497
0.0109359
0.0112586
0.011503
0.011665
0.0117456
0.00922711
0.00940743
0.00972919
0.0101307
0.0105492
0.0109354
0.0112581
0.0115025
0.0116645
0.0117453
0.00922681
0.00940713
0.00972888
0.0101304
0.0105489
0.0109351
0.0112578
0.0115022
0.0116642
0.0117451
0.00922666
0.00940698
0.00972873
0.0101302
0.0105488
0.0109349
0.0112576
0.0115021
0.0116641
0.011745
0.00922667
0.00940699
0.00972875
0.0101303
0.0105488
0.010935
0.0112577
0.0115021
0.0116642
0.0117451
0.00922683
0.00940716
0.00972893
0.0101304
0.010549
0.0109352
0.0112579
0.0115024
0.0116645
0.0117454
0.00922714
0.00940749
0.00972928
0.0101308
0.0105494
0.0109356
0.0112584
0.0115028
0.011665
0.0117458
0.00922761
0.00940798
0.0097298
0.0101314
0.01055
0.0109362
0.011259
0.0115035
0.0116656
0.0117465
0.00922822
0.00940864
0.00973051
0.0101321
0.0105508
0.0109371
0.0112599
0.0115044
0.0116665
0.0117474
0.00922893
0.00940947
0.00973141
0.0101331
0.0105518
0.0109381
0.011261
0.0115055
0.0116677
0.0117486
0.00481524
0.00489982
0.0050522
0.00524487
0.00544866
0.00563946
0.00580108
0.00592491
0.00600775
0.00604925
0.00481499
0.00489956
0.00505194
0.0052446
0.00544838
0.00563918
0.0058008
0.00592463
0.0060075
0.00604908
0.00481483
0.0048994
0.00505177
0.00524443
0.00544821
0.005639
0.00580063
0.00592447
0.00600736
0.00604897
0.00481475
0.00489932
0.00505169
0.00524435
0.00544813
0.00563893
0.00580056
0.00592441
0.00600731
0.00604893
0.00481476
0.00489933
0.00505171
0.00524437
0.00544815
0.00563896
0.0058006
0.00592446
0.00600736
0.00604899
0.00481485
0.00489943
0.00505181
0.00524448
0.00544828
0.00563909
0.00580074
0.00592461
0.00600752
0.00604915
0.00481503
0.00489962
0.00505201
0.00524469
0.0054485
0.00563933
0.00580099
0.00592487
0.00600779
0.00604942
0.0048153
0.0048999
0.00505231
0.00524501
0.00544884
0.00563968
0.00580135
0.00592524
0.00600817
0.00604981
0.00481564
0.00490027
0.00505271
0.00524543
0.00544928
0.00564014
0.00580183
0.00592573
0.00600867
0.00605031
0.00481604
0.00490074
0.00505321
0.00524596
0.00544983
0.00564072
0.00580242
0.00592634
0.00600929
0.00605095
0.00261458
0.002656
0.00273126
0.00282749
0.00293061
0.00302847
0.00311242
0.00317746
0.00322136
0.00324348
0.00261443
0.00265586
0.00273111
0.00282734
0.00293046
0.0030283
0.00311225
0.0031773
0.00322121
0.00324338
0.00261434
0.00265576
0.00273102
0.00282724
0.00293036
0.00302821
0.00311216
0.00317721
0.00322114
0.00324332
0.0026143
0.00265572
0.00273097
0.0028272
0.00293032
0.00302817
0.00311212
0.00317718
0.00322111
0.0032433
0.0026143
0.00265573
0.00273098
0.00282721
0.00293033
0.00302819
0.00311215
0.00317721
0.00322115
0.00324334
0.00261436
0.00265579
0.00273105
0.00282728
0.00293041
0.00302827
0.00311223
0.0031773
0.00322124
0.00324344
0.00261447
0.0026559
0.00273117
0.00282741
0.00293054
0.00302841
0.00311238
0.00317745
0.0032214
0.0032436
0.00261463
0.00265607
0.00273134
0.00282759
0.00293074
0.00302862
0.00311259
0.00317767
0.00322162
0.00324382
0.00261483
0.00265629
0.00273157
0.00282784
0.00293099
0.00302888
0.00311287
0.00317796
0.00322191
0.00324411
0.00261506
0.00265656
0.00273186
0.00282814
0.00293131
0.00302921
0.00311321
0.0031783
0.00322227
0.00324448
0.00171081
0.00173572
0.00178123
0.00183994
0.0019035
0.00196446
0.0020173
0.0020586
0.00208668
0.0021009
0.00171072
0.00173563
0.00178115
0.00183985
0.00190341
0.00196437
0.0020172
0.00205851
0.0020866
0.00210085
0.00171066
0.00173557
0.00178109
0.00183979
0.00190335
0.0019643
0.00201714
0.00205846
0.00208656
0.00210081
0.00171064
0.00173555
0.00178106
0.00183976
0.00190332
0.00196428
0.00201712
0.00205844
0.00208654
0.0021008
0.00171064
0.00173555
0.00178107
0.00183978
0.00190333
0.0019643
0.00201714
0.00205846
0.00208657
0.00210083
0.00171068
0.0017356
0.00178111
0.00183983
0.00190339
0.00196435
0.0020172
0.00205853
0.00208664
0.0021009
0.00171076
0.00173568
0.0017812
0.00183991
0.00190348
0.00196445
0.00201731
0.00205863
0.00208675
0.00210101
0.00171087
0.00173579
0.00178132
0.00184004
0.00190362
0.00196459
0.00201745
0.00205879
0.0020869
0.00210117
0.00171101
0.00173594
0.00178148
0.00184021
0.00190379
0.00196478
0.00201764
0.00205898
0.0020871
0.00210137
0.00171116
0.00173612
0.00178167
0.00184042
0.00190401
0.001965
0.00201787
0.00205921
0.00208734
0.00210161
)
;

boundaryField
{
    inlet1
    {
        type            fixedValue;
        value           uniform 10;
    }
    inlet2
    {
        type            fixedValue;
        value           uniform 20;
    }
    outlet1
    {
        type            zeroGradient;
    }
    outlet2
    {
        type            zeroGradient;
    }
    fixedWalls
    {
        type            zeroGradient;
    }
}


// ************************************************************************* //
