/*--------------------------------*- C++ -*----------------------------------*\
  =========                 |
  \\      /  F ield         | OpenFOAM: The Open Source CFD Toolbox
   \\    /   O peration     | Website:  https://openfoam.org
    \\  /    A nd           | Version:  6
     \\/     M anipulation  |
\*---------------------------------------------------------------------------*/
FoamFile
{
    version     2.0;
    format      ascii;
    class       volScalarField;
    location    "200";
    object      p;
}
// * * * * * * * * * * * * * * * * * * * * * * * * * * * * * * * * * * * * * //

dimensions      [0 2 -2 0 0 0 0];

internalField   nonuniform List<scalar> 
7000
(
0.0448931
0.0426566
0.0421372
0.0419112
0.0418034
0.041823
0.0419683
0.0422257
0.0427676
0.0450305
0.0426792
0.0404447
0.0399292
0.039707
0.0396036
0.0396279
0.0397777
0.0400386
0.0405821
0.0428506
0.0421764
0.0399458
0.0394324
0.039213
0.0391131
0.0391412
0.0392947
0.0395587
0.0401047
0.0423755
0.0419714
0.0397447
0.0392342
0.0390189
0.038924
0.0389576
0.0391166
0.0393852
0.039935
0.0422112
0.0418891
0.0396669
0.0391601
0.0389498
0.0388612
0.0389019
0.0390682
0.0393433
0.0398984
0.0421827
0.0419362
0.0397189
0.0392162
0.0390115
0.03893
0.0389789
0.0391535
0.0394363
0.0399979
0.0422918
0.0421079
0.0398955
0.0393968
0.0391977
0.0391233
0.0391804
0.0393636
0.0396542
0.0402227
0.0425266
0.0423878
0.0401794
0.0396841
0.0394897
0.0394216
0.0394859
0.0396767
0.0399744
0.0405491
0.0428623
0.0429481
0.0407417
0.0402493
0.0400588
0.0399956
0.0400657
0.0402626
0.040566
0.0411456
0.0434675
0.0452353
0.0430345
0.0425445
0.0423588
0.0423022
0.0423798
0.0425844
0.0428953
0.0434827
0.0458127
0.0419175
0.040512
0.0405329
0.0403098
0.0401991
0.0402177
0.0403646
0.0406186
0.0406108
0.0420488
0.0405355
0.039134
0.0391613
0.0389424
0.0388375
0.0388622
0.0390154
0.0392751
0.0392672
0.0407129
0.0405742
0.039179
0.039207
0.038991
0.0388893
0.0389177
0.0390745
0.0393371
0.0393316
0.0407786
0.0403743
0.0389831
0.0390142
0.038803
0.0387072
0.0387421
0.0389055
0.0391738
0.0391721
0.0406281
0.0402919
0.0389062
0.0389409
0.0387358
0.0386474
0.0386909
0.0388632
0.0391396
0.0391437
0.0406116
0.0403413
0.0389615
0.0390004
0.0388018
0.0387218
0.038775
0.0389576
0.0392435
0.039255
0.0407363
0.040518
0.0391441
0.0391872
0.038995
0.0389235
0.0389865
0.0391795
0.0394755
0.0394946
0.0409896
0.0407976
0.0394293
0.0394759
0.0392892
0.0392251
0.0392967
0.039499
0.039804
0.0398306
0.0413371
0.0408117
0.0394437
0.0394938
0.0393111
0.0392523
0.0393301
0.039539
0.0398506
0.0398816
0.0414003
0.0422766
0.0409137
0.0409643
0.040788
0.0407367
0.0408231
0.041041
0.0413607
0.0414025
0.0429307
0.0393981
0.038588
0.0389307
0.0387235
0.0386679
0.0386857
0.0387764
0.039017
0.0386806
0.0395234
0.038618
0.0378173
0.0381692
0.037967
0.0379194
0.0379456
0.0380441
0.0382929
0.0379542
0.0388046
0.03898
0.0381884
0.0385401
0.0383412
0.0382973
0.0383274
0.0384299
0.0386816
0.0383454
0.0391965
0.0387988
0.0380119
0.0383673
0.0381748
0.0381384
0.0381771
0.0382885
0.0385479
0.038216
0.0390821
0.0387763
0.037997
0.0383566
0.0381717
0.038145
0.038195
0.0383186
0.0385896
0.0382654
0.0391501
0.0388301
0.0380587
0.0384232
0.0382467
0.038231
0.0382939
0.0384317
0.0387165
0.0384023
0.0393088
0.038956
0.038192
0.0385614
0.0383933
0.0383886
0.0384646
0.0386168
0.0389159
0.0386127
0.0395414
0.0392253
0.0384694
0.0388426
0.0386815
0.0386864
0.0387739
0.0389388
0.0392508
0.0389581
0.0399041
0.0389141
0.0381571
0.0385349
0.0383783
0.0383896
0.0384846
0.038658
0.0389789
0.0386914
0.0396568
0.0397945
0.0390406
0.0394177
0.0392703
0.0392912
0.0393978
0.0395836
0.039915
0.0396438
0.040625
0.0380348
0.0374507
0.0378123
0.0375906
0.0376018
0.0376177
0.0376374
0.0378946
0.0375316
0.0381421
0.0374913
0.0369222
0.0372949
0.0370794
0.0371019
0.0371286
0.0371571
0.0374245
0.0370573
0.0376737
0.0378753
0.0373172
0.0376889
0.037478
0.0375048
0.0375362
0.0375693
0.0378388
0.0374736
0.0380916
0.0376851
0.0371329
0.0375098
0.0373075
0.0373446
0.0373879
0.0374336
0.0377144
0.0373547
0.0379964
0.0377377
0.0371967
0.0375791
0.0373872
0.0374379
0.0374974
0.037561
0.0378594
0.0375118
0.038184
0.0377988
0.0372686
0.0376574
0.0374773
0.0375435
0.0376217
0.0377068
0.0380269
0.0376961
0.038406
0.0378635
0.0373428
0.0377382
0.0375697
0.0376516
0.037749
0.037856
0.0381989
0.0378864
0.0386354
0.0381553
0.037646
0.0380462
0.0378877
0.0379832
0.0380973
0.0382234
0.0385866
0.0382921
0.0390706
0.0378244
0.0373148
0.0377214
0.0375685
0.0376728
0.0377977
0.0379361
0.0383139
0.0380278
0.0388341
0.0384905
0.0379833
0.03839
0.0382502
0.0383671
0.0385081
0.0386653
0.0390578
0.0387933
0.0396251
0.0370349
0.036555
0.0368581
0.0366182
0.0366713
0.0366844
0.0366548
0.0369312
0.0366216
0.0371112
0.0366082
0.0361486
0.036464
0.0362321
0.0363
0.036326
0.0363052
0.0365909
0.0362706
0.0367626
0.036938
0.0364905
0.0368044
0.0365786
0.0366517
0.0366832
0.0366671
0.0369537
0.0366316
0.0371256
0.036738
0.0362986
0.0366198
0.0364056
0.0364932
0.0365414
0.0365433
0.0368465
0.0365307
0.0370613
0.0368446
0.0364208
0.0367494
0.0365499
0.0366569
0.0367288
0.0367578
0.0370888
0.0367923
0.0373753
0.0369153
0.0365064
0.0368438
0.036661
0.0367904
0.0368905
0.0369529
0.0373196
0.037052
0.0377028
0.0369448
0.0365484
0.036895
0.036729
0.0368811
0.03701
0.0371068
0.0375111
0.0372762
0.0379971
0.0372646
0.0368836
0.0372368
0.0370852
0.037257
0.0374107
0.0375373
0.0379745
0.0377709
0.0385432
0.0369934
0.0366143
0.036976
0.0368322
0.0370167
0.0371863
0.0373319
0.037792
0.0376048
0.0384198
0.0375675
0.0371912
0.0375554
0.0374292
0.0376303
0.0378221
0.0379941
0.0384754
0.0383181
0.0391615
0.0359244
0.0355477
0.035821
0.0355854
0.0356608
0.0356712
0.0356115
0.035887
0.0356015
0.0359701
0.0356148
0.0352645
0.0355511
0.0353259
0.0354192
0.0354433
0.0353888
0.0356659
0.0353536
0.0356993
0.035919
0.0355821
0.0358669
0.0356493
0.0357483
0.0357779
0.035727
0.036
0.0356765
0.0360161
0.0357334
0.0354079
0.0357023
0.0355001
0.0356191
0.035672
0.0356461
0.0359421
0.0356257
0.0360192
0.0358762
0.0355716
0.0358758
0.0356942
0.0358405
0.0359279
0.035943
0.0362825
0.0359995
0.0364865
0.0359582
0.0356733
0.0359897
0.0358315
0.0360101
0.0361396
0.0362069
0.0366056
0.0363765
0.0369895
0.035973
0.0357048
0.0360341
0.0358993
0.0361107
0.0362832
0.0364046
0.0368668
0.036698
0.0374404
0.0362995
0.0360512
0.0363896
0.0362754
0.0365148
0.036724
0.0368916
0.0374075
0.0372944
0.0381301
0.0360604
0.0358169
0.0361661
0.0360629
0.0363205
0.0365529
0.0367491
0.0373026
0.0372187
0.0381158
0.0365434
0.0363034
0.036658
0.0365771
0.0368563
0.0371177
0.0373494
0.037931
0.0378805
0.0388109
0.0347278
0.0344458
0.0347031
0.0344865
0.0345743
0.034583
0.0345038
0.0347678
0.0345127
0.0347633
0.0345273
0.0342785
0.0345498
0.034346
0.0344533
0.0344732
0.0343889
0.0346329
0.0343046
0.034467
0.0348187
0.0345845
0.0348536
0.0346584
0.0347713
0.0347954
0.0347102
0.0349392
0.0345737
0.0346975
0.0346624
0.034444
0.0347254
0.0345503
0.03469
0.0347456
0.0346942
0.0349551
0.0345911
0.0347858
0.0348321
0.0346407
0.0349349
0.0347878
0.0349655
0.0350706
0.035081
0.0354127
0.0351055
0.0354667
0.0349258
0.0347603
0.0350708
0.034956
0.0351795
0.0353466
0.0354388
0.0358715
0.0356647
0.0362698
0.0349365
0.034793
0.0351209
0.0350384
0.0353083
0.0355389
0.0357158
0.0362559
0.0361629
0.0370202
0.0352558
0.0351372
0.0354776
0.0354233
0.0357321
0.0360158
0.036263
0.0368899
0.0368968
0.0379282
0.0350357
0.0349255
0.035279
0.0352397
0.0355736
0.0358902
0.0361801
0.0368631
0.0369223
0.038051
0.0354358
0.0353297
0.035692
0.0356798
0.0360409
0.0363936
0.0367268
0.0374414
0.0375418
0.0386756
0.0335493
0.033335
0.0335683
0.0333718
0.0334651
0.0334743
0.033388
0.0336619
0.0334742
0.0336834
0.0334305
0.0332559
0.0335031
0.0333213
0.033433
0.0334452
0.0333307
0.0335329
0.0331725
0.0331017
0.0336985
0.0335393
0.0337838
0.0336107
0.0337266
0.0337389
0.0336134
0.0337746
0.0333145
0.0330844
0.0335714
0.0334334
0.0336927
0.0335454
0.033696
0.0337495
0.0336682
0.0338667
0.0333893
0.0332176
0.0337593
0.0336551
0.0339308
0.0338204
0.0340224
0.0341457
0.0341563
0.0344673
0.0340904
0.0342236
0.0338642
0.0337931
0.0340898
0.0340228
0.0342882
0.0345017
0.0346388
0.0351206
0.034941
0.0355727
0.033878
0.0338357
0.0341551
0.0341312
0.0344608
0.0347662
0.0350343
0.0356967
0.0357468
0.036898
0.0341896
0.0341776
0.0345134
0.0345268
0.0349092
0.0352892
0.0356616
0.0364661
0.0367014
0.0381976
0.0339972
0.0339978
0.0343493
0.0343828
0.0347986
0.035224
0.0356575
0.0365471
0.0368678
0.0385129
0.0343406
0.0343466
0.0347104
0.0347754
0.0352235
0.0356901
0.0361703
0.0370871
0.0374231
0.0389882
0.0323961
0.0322272
0.0324317
0.0322547
0.0323485
0.0323629
0.0322842
0.0325893
0.0325639
0.032929
0.0323346
0.0322113
0.0324283
0.0322659
0.0323723
0.0323718
0.0322218
0.0323608
0.0319521
0.0316229
0.0325701
0.0324624
0.0326753
0.0325208
0.0326276
0.0326185
0.0324371
0.0324878
0.0318321
0.0310144
0.0324684
0.0323879
0.032618
0.0324951
0.0326451
0.0326875
0.0325598
0.0326516
0.0319167
0.0310145
0.0326657
0.0326261
0.0328763
0.0328006
0.0330182
0.0331562
0.0331614
0.033435
0.032888
0.0324836
0.03278
0.0327816
0.0330582
0.0330389
0.0333421
0.0336076
0.0338041
0.0343646
0.034205
0.0348115
0.0328023
0.0328405
0.0331455
0.0331823
0.0335718
0.0339671
0.0343608
0.0352223
0.0355055
0.0372114
0.0331069
0.0331812
0.0335071
0.0335915
0.03405
0.0345468
0.0350909
0.0361727
0.036792
0.0392273
0.0329478
0.0330395
0.0333833
0.0334934
0.0339947
0.0345508
0.0351773
0.0363728
0.0371329
0.0397901
0.0332554
0.0333537
0.0337132
0.033858
0.0343946
0.0349923
0.0356587
0.0368494
0.0375693
0.0398849
0.031231
0.0310968
0.0312777
0.0311236
0.0312186
0.0312469
0.0311936
0.0315864
0.0319685
0.0329523
0.0312116
0.0311281
0.0313184
0.0311768
0.0312732
0.0312572
0.0310651
0.0311572
0.0307849
0.030183
0.0314138
0.0313452
0.0315292
0.0313929
0.0314833
0.0314451
0.0311923
0.0311228
0.0302069
0.02806
0.0313351
0.0312998
0.0315028
0.0314039
0.0315454
0.0315684
0.0313768
0.0313328
0.0301818
0.027379
0.0315339
0.0315468
0.0317731
0.0317317
0.0319578
0.0321064
0.0320994
0.0323172
0.0314852
0.029585
0.0316544
0.0317167
0.0319746
0.0320035
0.0323397
0.0326611
0.0329299
0.0335876
0.0334984
0.0337126
0.0316864
0.0317933
0.032085
0.0321839
0.0326311
0.0331277
0.0336787
0.0348008
0.0355608
0.0382046
0.0319813
0.0321299
0.0324465
0.0326033
0.0331366
0.033764
0.0345186
0.0359672
0.037355
0.0416184
0.0318519
0.0320227
0.032359
0.0325472
0.0331325
0.0338325
0.034689
0.036286
0.0378814
0.0424809
0.0321327
0.0323113
0.0326657
0.0328899
0.0335101
0.0342436
0.0351138
0.0366437
0.0380131
0.0414046
0.0300352
0.029933
0.0300998
0.0299759
0.0300783
0.0301339
0.0301229
0.0305959
0.0314922
0.0336181
0.0300467
0.0299984
0.03017
0.0300534
0.0301403
0.030111
0.0298735
0.0298925
0.0296792
0.0288893
0.0302162
0.0301811
0.0303429
0.030227
0.0302984
0.030228
0.0298848
0.0296445
0.0285919
0.0244609
0.0301574
0.0301611
0.0303423
0.030268
0.0303954
0.0303905
0.0301041
0.0298547
0.0283251
0.0227378
0.0303506
0.0304085
0.030615
0.0306069
0.0308334
0.0309812
0.0309339
0.0310297
0.0298902
0.0259936
0.0304722
0.0305872
0.0308291
0.0309045
0.0312645
0.031631
0.0319555
0.0326563
0.0325648
0.0327738
0.0305113
0.0306787
0.0309587
0.0311172
0.0316128
0.0322024
0.0329104
0.0342624
0.0354123
0.0400781
0.0307918
0.0310057
0.0313134
0.0315391
0.0321365
0.0328861
0.0338568
0.0356502
0.0377231
0.0451685
0.0306847
0.0309252
0.0312532
0.0315151
0.0321723
0.0330055
0.0340874
0.0360407
0.038371
0.0457653
0.0309411
0.0311893
0.031536
0.0318321
0.0325186
0.0333663
0.0344116
0.0361778
0.0380235
0.0427374
0.0288045
0.0287348
0.028897
0.0288107
0.02893
0.0290217
0.0290507
0.0295139
0.0304317
0.0335161
0.0288357
0.0288214
0.0289821
0.0288961
0.0289822
0.0289524
0.0286796
0.0286356
0.0285838
0.0285624
0.0289719
0.0289677
0.0291146
0.029024
0.029086
0.0290036
0.0286129
0.0283571
0.0278392
0.0258492
0.0289277
0.0289665
0.0291318
0.0290853
0.0292048
0.0291892
0.0288689
0.0286571
0.0279289
0.0256627
0.0291075
0.0292046
0.0293944
0.0294193
0.0296451
0.0297963
0.0297599
0.0299666
0.0295512
0.0296253
0.0292239
0.0293837
0.0296101
0.0297272
0.0301013
0.0304976
0.0308892
0.0317447
0.031891
0.0353266
0.029265
0.0294832
0.0297491
0.0299589
0.0304856
0.0311354
0.0319657
0.0335029
0.0345007
0.041126
0.0295261
0.0297941
0.030088
0.0303706
0.0310079
0.0318334
0.0329439
0.0348945
0.0366002
0.0444176
0.029435
0.0297326
0.0300461
0.0303677
0.0310681
0.031979
0.0331802
0.0352031
0.0369877
0.0429751
0.0296664
0.0299708
0.0303021
0.0306531
0.0313728
0.0322731
0.0333754
0.0350889
0.0363065
0.0390575
0.0275406
0.0275087
0.0276775
0.0276402
0.0277942
0.0279375
0.0279897
0.0283475
0.028718
0.0310956
0.02758
0.0276027
0.0277627
0.0277183
0.0278245
0.0278279
0.0275362
0.0273838
0.0271263
0.0261977
0.027681
0.0277093
0.0278512
0.0277976
0.0278759
0.0278326
0.0274541
0.0272155
0.0269129
0.0240146
0.027644
0.0277172
0.0278744
0.0278648
0.0279985
0.028018
0.0277227
0.0276137
0.0271657
0.0240674
0.027802
0.027934
0.0281115
0.0281723
0.0284081
0.0285825
0.02857
0.0289289
0.0284387
0.0277567
0.0279051
0.0281022
0.0283131
0.0284681
0.0288528
0.0292648
0.0296752
0.0306886
0.0303887
0.0329508
0.0279412
0.0282001
0.0284479
0.028699
0.0292408
0.0299107
0.0307734
0.0324677
0.033027
0.0395152
0.028178
0.0284871
0.0287607
0.0290851
0.0297367
0.0305824
0.0317254
0.0337827
0.0352097
0.0433059
0.0280962
0.0284368
0.0287274
0.0290903
0.0298018
0.0307261
0.0319297
0.0339317
0.0354222
0.0407415
0.0283011
0.0286446
0.0289503
0.0293345
0.030052
0.0309415
0.0319963
0.0335971
0.0344561
0.0356683
0.0262343
0.0262483
0.0264339
0.0264554
0.0266593
0.0268732
0.026918
0.0270907
0.0267978
0.0274119
0.0262714
0.0263367
0.0265057
0.0265131
0.0266574
0.0267287
0.0264169
0.0260099
0.0254311
0.0226458
0.0263364
0.0264015
0.0265484
0.0265435
0.0266605
0.0266992
0.0263334
0.0258904
0.0255942
0.0208482
0.0262995
0.0264085
0.0265656
0.0266016
0.0267669
0.0268498
0.0265374
0.0262589
0.0256532
0.0202828
0.0264273
0.0265916
0.0267607
0.0268595
0.0271133
0.0273191
0.0272504
0.0275173
0.0265382
0.0229183
0.026509
0.0267365
0.0269311
0.0271189
0.0275125
0.0279354
0.0282811
0.0293266
0.0286622
0.0292719
0.0265323
0.0268209
0.0270461
0.0273276
0.0278752
0.0285545
0.0293893
0.0312525
0.0319611
0.0389231
0.026739
0.0270751
0.0273212
0.0276716
0.0283226
0.0291767
0.030328
0.0326167
0.0347041
0.0450972
0.026661
0.0270276
0.0272863
0.027672
0.0283751
0.0292979
0.0304948
0.0326285
0.0347296
0.0414464
0.0268347
0.0271996
0.0274695
0.0278669
0.028562
0.0294283
0.0304429
0.0320999
0.0335318
0.0353661
0.0248778
0.0249476
0.0251597
0.0252528
0.0255272
0.0258564
0.025969
0.0260128
0.0254327
0.0240221
0.0249029
0.0250182
0.0252059
0.0252788
0.0254836
0.0256792
0.0254663
0.0248644
0.0242622
0.0202908
0.0249319
0.02504
0.0252024
0.0252614
0.0254413
0.0256211
0.0253931
0.0247615
0.0246947
0.0199319
0.0248881
0.0250358
0.0252008
0.0252933
0.0255089
0.0257048
0.0254622
0.0249893
0.02465
0.0192418
0.0249781
0.0251728
0.0253376
0.0254789
0.0257632
0.0260429
0.0259661
0.0261338
0.0253529
0.0211825
0.0250302
0.0252813
0.0254598
0.0256783
0.0260878
0.026559
0.0268763
0.0279701
0.0276693
0.0284852
0.0250325
0.0253395
0.025539
0.0258429
0.0263972
0.027118
0.0279637
0.0299965
0.0314311
0.0404581
0.0252041
0.0255522
0.0257652
0.0261294
0.0267759
0.0276643
0.0288697
0.0313877
0.0346358
0.0487656
0.0251237
0.0254997
0.0257194
0.0261125
0.0267977
0.0277338
0.0289634
0.0312205
0.0341405
0.043069
0.0252636
0.0256294
0.0258545
0.0262477
0.0269085
0.0277662
0.0287854
0.0305242
0.0327433
0.0362084
0.0234561
0.0235892
0.0238333
0.0240109
0.0243798
0.0248909
0.0252607
0.025453
0.0252475
0.0225118
0.0234618
0.0236317
0.0238432
0.0239949
0.0242849
0.0246719
0.0247894
0.0243159
0.0241017
0.0197408
0.0234567
0.0236115
0.023795
0.0239319
0.0242002
0.0245836
0.0247313
0.024234
0.0244941
0.0208469
0.0234007
0.0235872
0.0237633
0.0239209
0.0242048
0.0245685
0.0246103
0.0242208
0.0243805
0.0211495
0.0234475
0.0236678
0.0238279
0.0240127
0.0243366
0.0247367
0.0248132
0.0250425
0.0248773
0.0230985
0.0234641
0.023729
0.0238874
0.0241291
0.0245513
0.0251009
0.0254758
0.0265951
0.0269006
0.0304134
0.0234388
0.0237496
0.0239163
0.0242265
0.0247705
0.0255343
0.0263956
0.0283676
0.0303275
0.0420841
0.0235707
0.0239126
0.0240827
0.0244388
0.0250532
0.0259511
0.0271584
0.0295659
0.0333149
0.0499743
0.0234844
0.0238477
0.0240168
0.0243916
0.0250246
0.0259331
0.0271123
0.0291632
0.0321096
0.0419774
0.0235862
0.0239277
0.0240966
0.0244596
0.0250531
0.0258666
0.026835
0.0284309
0.0308765
0.0355468
0.0219572
0.022153
0.0224252
0.0226925
0.023171
0.0239053
0.0247194
0.0254645
0.0266792
0.0244297
0.0219373
0.0221589
0.0223896
0.022624
0.0230123
0.0236154
0.0242464
0.0243565
0.0252602
0.0217164
0.0219014
0.0220995
0.0223001
0.0225174
0.0228836
0.0234779
0.0241503
0.0242283
0.0250409
0.0224743
0.0218292
0.0220474
0.0222276
0.0224448
0.0227937
0.0233181
0.0237585
0.0237795
0.0242328
0.0227688
0.0218294
0.0220634
0.0222083
0.0224212
0.0227643
0.0232594
0.0235406
0.0239228
0.023947
0.0246217
0.0218062
0.0220676
0.0221924
0.0224309
0.0228245
0.0233944
0.023797
0.0247529
0.0249874
0.0310709
0.0217485
0.0220409
0.0221578
0.0224376
0.0229092
0.0236193
0.0243741
0.025845
0.0273393
0.0402718
0.0218389
0.0221487
0.0222571
0.0225623
0.0230715
0.0238581
0.024872
0.0266082
0.0294458
0.044777
0.0217443
0.0220672
0.022167
0.0224797
0.0229864
0.0237448
0.0246775
0.026082
0.0279982
0.0364007
0.0218085
0.0220934
0.0221897
0.0224817
0.0229432
0.0236164
0.0243969
0.0255465
0.0276419
0.0326704
0.0203697
0.0206174
0.0209019
0.0212478
0.0218315
0.0227933
0.0241893
0.025823
0.0297534
0.0321959
0.0203216
0.0205817
0.0208157
0.0211208
0.0216043
0.0224164
0.0236697
0.0248259
0.02834
0.0295152
0.0202607
0.0204893
0.0206921
0.0209758
0.0214352
0.0222193
0.0234588
0.0246188
0.0274013
0.0282727
0.0201711
0.0204051
0.0205724
0.0208271
0.0212215
0.021862
0.0226951
0.0235317
0.0250222
0.0256424
0.020125
0.0203527
0.0204636
0.0206727
0.020992
0.0215065
0.0219423
0.0226015
0.0226246
0.0246274
0.0200619
0.0202953
0.0203655
0.0205577
0.0208531
0.0213305
0.0216444
0.0222124
0.0213776
0.0274958
0.0199704
0.0202158
0.0202597
0.0204567
0.0207649
0.0212735
0.0217307
0.0222556
0.0220579
0.0334199
0.020019
0.0202655
0.0202886
0.0204865
0.0207922
0.0213039
0.0218839
0.0224498
0.0231073
0.0337447
0.0199159
0.0201651
0.0201731
0.0203678
0.0206543
0.0211158
0.0216039
0.0220214
0.0224673
0.0285669
0.0199381
0.0201376
0.020141
0.0203121
0.0205633
0.0209835
0.0214514
0.0219293
0.0234936
0.0294641
0.0186885
0.0189629
0.0192291
0.0196147
0.0202513
0.0213382
0.0232476
0.0255743
0.0321681
0.0475621
0.0186123
0.0188863
0.019096
0.019436
0.0199768
0.0209213
0.0227364
0.0249648
0.0317078
0.0478694
0.0185343
0.0187708
0.0189518
0.019268
0.0197886
0.0207068
0.0224433
0.0248306
0.0310384
0.0457256
0.0184287
0.0186543
0.0187851
0.0190388
0.0194373
0.0201316
0.0212616
0.0230479
0.0269961
0.0369036
0.01834
0.0185344
0.0185883
0.018749
0.0189844
0.0194212
0.0198778
0.0208232
0.0212627
0.0266982
0.0182398
0.018415
0.0184072
0.0185011
0.0186148
0.0188536
0.0189141
0.0188965
0.0163274
0.0216984
0.0181159
0.0182817
0.0182283
0.0182844
0.0183291
0.018465
0.0184477
0.0177188
0.0149028
0.0244605
0.0181254
0.0182759
0.0181903
0.0182223
0.0182231
0.0182971
0.0182692
0.0173898
0.0156164
0.0242571
0.0180138
0.0181605
0.0180556
0.0180777
0.018054
0.0180864
0.0180227
0.0172868
0.0163797
0.0243542
0.0179942
0.0180884
0.0179799
0.0179846
0.0179535
0.0180167
0.0181272
0.0177552
0.0186168
0.0303528
0.0169211
0.017186
0.0173895
0.017739
0.0183032
0.0192312
0.0212574
0.0237404
0.0282796
0.0548961
0.0168216
0.0170759
0.0172245
0.0175341
0.0180366
0.0189161
0.0210028
0.0240177
0.0308564
0.0649642
0.0167369
0.0169521
0.0170817
0.0173744
0.0178807
0.0188082
0.0208551
0.024289
0.0324165
0.0689641
0.0166207
0.0168098
0.0168801
0.0170836
0.0174233
0.0180871
0.0193942
0.022139
0.0286183
0.0583074
0.0164978
0.016632
0.0166114
0.0166812
0.0167751
0.0170468
0.0174367
0.0188838
0.0203455
0.0366849
0.0163687
0.0164592
0.0163603
0.0163172
0.0161881
0.0160725
0.0157931
0.0154804
0.0106989
0.016718
0.0162183
0.0162787
0.016118
0.0159976
0.0157173
0.0153557
0.0147981
0.0130682
0.00575731
0.0107793
0.0161932
0.0162253
0.0160239
0.015859
0.0155016
0.0150333
0.0143839
0.0122666
0.00617069
0.0123146
0.0160759
0.0161014
0.0158771
0.0156988
0.01532
0.0148323
0.014233
0.0125411
0.00818402
0.0186404
0.0160147
0.0159937
0.0157675
0.0155825
0.0152316
0.0148419
0.0145912
0.0135637
0.0111118
0.0287151
0.031651
0.0360106
0.0370784
0.0354798
0.0327877
0.0295987
0.0270888
0.0260833
0.0265384
0.0254917
0.0253353
0.0304728
0.0323636
0.0315708
0.0303944
0.0281966
0.0261946
0.0254768
0.0259597
0.0244982
0.0198338
0.025809
0.026556
0.0264545
0.0271143
0.0259136
0.0247462
0.024791
0.0256116
0.0247656
0.018607
0.0251232
0.0235381
0.0238338
0.0261628
0.0261938
0.0262991
0.0271893
0.0284453
0.0287281
0.0240579
0.0286064
0.0245085
0.0246422
0.0280327
0.0294684
0.0311217
0.0331787
0.0345126
0.0349935
0.0330977
0.0340777
0.0280107
0.0273303
0.0307216
0.0328303
0.0349614
0.0375528
0.0392814
0.0397698
0.0416303
0.0395095
0.0323108
0.0301583
0.0323759
0.0342731
0.0358354
0.0380938
0.0405988
0.0414957
0.0469683
0.0431301
0.0356675
0.0322858
0.0330054
0.0345023
0.035616
0.0371449
0.0399144
0.0410385
0.0477202
0.0435078
0.0366739
0.0329878
0.0329274
0.0343492
0.0356388
0.0370862
0.0394424
0.0399447
0.0437287
0.0431173
0.0385764
0.0347362
0.0341991
0.0354083
0.0366216
0.0381888
0.0399136
0.0394399
0.0312949
0.0333403
0.0330517
0.0317676
0.0302436
0.0281408
0.0264078
0.0261819
0.0272377
0.0289835
0.0263058
0.0271976
0.026739
0.025387
0.0241299
0.0229538
0.0227335
0.0238967
0.0257628
0.0270852
0.0249747
0.0239055
0.0221632
0.0204332
0.019574
0.0194239
0.0200611
0.0217727
0.0239017
0.0241572
0.0276127
0.0230447
0.0203184
0.0189307
0.019277
0.020586
0.0216864
0.023141
0.0251501
0.0255069
0.0322632
0.0246459
0.021577
0.0210767
0.0225579
0.0249506
0.0268818
0.0282044
0.0297513
0.0306492
0.0364836
0.0277992
0.0245182
0.0245835
0.0266078
0.0290943
0.0312186
0.0324485
0.0339379
0.0348512
0.0408294
0.0316325
0.0274882
0.0270756
0.0287936
0.0309062
0.0323426
0.033099
0.0352441
0.0367215
0.0427147
0.0342945
0.0296225
0.0284446
0.0293873
0.0311008
0.0320342
0.0325339
0.0352267
0.0370672
0.0407614
0.0340667
0.0301938
0.0288274
0.0292908
0.0309424
0.032197
0.0330579
0.0359005
0.0373559
0.03874
0.0360788
0.032575
0.0304649
0.0309255
0.0329868
0.0345689
0.0358389
0.0379389
0.0383879
0.0303798
0.0307653
0.0299405
0.0291677
0.0278175
0.0261236
0.0254041
0.0263067
0.0280821
0.0297098
0.0257199
0.0250886
0.0242811
0.0232244
0.0211179
0.0196302
0.0203111
0.0228477
0.025768
0.0273432
0.0248803
0.0223936
0.0207843
0.0191049
0.0169371
0.0161883
0.0175563
0.0204191
0.0231424
0.0226079
0.024945
0.0213484
0.0193848
0.0180192
0.0169807
0.0174276
0.0187575
0.020827
0.0231394
0.0225164
0.0257758
0.0220402
0.0210433
0.0207004
0.0206614
0.0221244
0.0237053
0.0245686
0.0259383
0.0261021
0.0291251
0.0249213
0.0246375
0.0252682
0.0255905
0.0267539
0.0278664
0.027838
0.0288016
0.0293143
0.0336954
0.0284131
0.0271558
0.0275997
0.0281775
0.0288113
0.0291362
0.0285947
0.0298938
0.0309597
0.0361035
0.0306337
0.0281668
0.0279358
0.0283738
0.0289739
0.0289772
0.0284194
0.0301796
0.0316491
0.0346784
0.0305202
0.0285212
0.0281394
0.0286749
0.0296182
0.0296401
0.0291107
0.0311114
0.0321711
0.0343179
0.0323983
0.0304756
0.0297118
0.0301902
0.0311064
0.0314029
0.031634
0.0335368
0.0338272
0.0279112
0.0275747
0.0268198
0.0265431
0.0258928
0.0255207
0.0261752
0.0274953
0.0287995
0.0293609
0.0229684
0.0223715
0.0213351
0.0204429
0.0192116
0.0194106
0.0215069
0.0242812
0.0268396
0.0280555
0.0196784
0.0191143
0.0174092
0.0156097
0.0141276
0.0146002
0.0174648
0.021157
0.0239241
0.0227621
0.016992
0.0175823
0.0154667
0.0140773
0.0138374
0.0150149
0.0174006
0.0198448
0.0219691
0.0202745
0.0170892
0.0184488
0.0170305
0.0167507
0.0176231
0.0193708
0.0210615
0.0214216
0.0224522
0.0220085
0.0217699
0.0222953
0.021971
0.0227786
0.0232376
0.0241094
0.0244032
0.023399
0.0239204
0.0242438
0.0290253
0.0269868
0.0261736
0.026962
0.0271163
0.0269783
0.0262424
0.0246034
0.0249023
0.0255508
0.0336219
0.0293124
0.0271382
0.0271344
0.0272594
0.0272731
0.0265369
0.0249452
0.0255092
0.0263406
0.0334175
0.029521
0.0274726
0.0272338
0.0276716
0.0280584
0.0273414
0.0257306
0.0264341
0.0267827
0.0329885
0.0310115
0.0295922
0.0292538
0.0293704
0.0292634
0.0284965
0.0276343
0.0285971
0.0283893
0.0247765
0.0240992
0.0239437
0.0245336
0.025534
0.0269445
0.0282997
0.0291379
0.0296406
0.0296187
0.0203679
0.0198092
0.019054
0.0186352
0.0190624
0.0210276
0.0241402
0.0265985
0.0285313
0.0297731
0.0163106
0.0164037
0.0149851
0.0133515
0.0129808
0.0148337
0.01859
0.0219687
0.0245518
0.0241021
0.0133324
0.0142883
0.0125331
0.0114946
0.012104
0.0141709
0.0170128
0.0189317
0.0202618
0.0186029
0.0133081
0.0145846
0.0132605
0.01372
0.0156524
0.0178291
0.0190931
0.0185251
0.0189779
0.0186303
0.0181904
0.0183076
0.0180127
0.0192008
0.0205914
0.0214152
0.0209729
0.0194209
0.019607
0.0200531
0.0273371
0.0247766
0.023961
0.0247145
0.024833
0.0242872
0.0229103
0.0209562
0.0206916
0.0211273
0.034142
0.0288064
0.0264815
0.0261394
0.0255186
0.0248476
0.0239282
0.0219536
0.0216761
0.0221062
0.0337235
0.0294418
0.0270728
0.0259649
0.0254029
0.0247691
0.0241769
0.0226108
0.0226008
0.0227516
0.0328134
0.0304269
0.0291545
0.028243
0.0272348
0.0260796
0.025022
0.024142
0.0245935
0.0245795
0.0228011
0.0222313
0.0224102
0.0231726
0.0247339
0.0268619
0.0287361
0.0293359
0.0288914
0.027709
0.0191053
0.0188968
0.018599
0.0185404
0.0193276
0.0211194
0.0237647
0.0259017
0.0274335
0.0281745
0.0159838
0.0160702
0.0149792
0.0136554
0.0133334
0.014969
0.0183736
0.021083
0.0226879
0.0225704
0.0140015
0.013974
0.0123711
0.0116189
0.0124975
0.0148421
0.0174043
0.0180142
0.0177437
0.0158244
0.0138221
0.0138266
0.0123476
0.0131809
0.0156016
0.0177028
0.0178112
0.0163023
0.0160523
0.0154623
0.0183087
0.0167638
0.015935
0.0175006
0.0192698
0.0193945
0.0180724
0.0165195
0.0166015
0.0167949
0.0273298
0.0232704
0.0219235
0.0226944
0.0225305
0.0213304
0.0196279
0.0180166
0.0178207
0.0180809
0.0343108
0.0283501
0.0256919
0.0253592
0.0242164
0.0225327
0.0211224
0.0193024
0.018815
0.0191709
0.03239
0.0286952
0.0263793
0.0247039
0.0237379
0.0222877
0.0211735
0.0198701
0.01969
0.0198305
0.0314052
0.0292184
0.028363
0.026756
0.0250385
0.023034
0.0216619
0.0211804
0.0216171
0.0218583
0.0232352
0.022321
0.0219883
0.0219407
0.0228844
0.0250825
0.0281228
0.0283151
0.0250322
0.0204297
0.0193521
0.0193851
0.0193552
0.0187828
0.0181864
0.0190764
0.0226297
0.0242883
0.0229224
0.0206584
0.0160183
0.0169911
0.0166533
0.0154639
0.0146059
0.0158764
0.019196
0.0199924
0.0188065
0.0167495
0.0140498
0.014954
0.0142747
0.0138967
0.0149825
0.0167272
0.0187486
0.0174011
0.0150429
0.0119243
0.0142138
0.0142233
0.0130914
0.0144371
0.017309
0.0184487
0.0173574
0.0152023
0.0143963
0.0128616
0.0186447
0.01673
0.0158414
0.0179328
0.0195446
0.0184021
0.016172
0.0149935
0.0153234
0.0150574
0.0264293
0.0224826
0.0213144
0.0224772
0.0217213
0.0194323
0.0174822
0.0163426
0.0164142
0.0167213
0.0308952
0.0268841
0.0250924
0.0251678
0.0234915
0.0209966
0.0191298
0.0176949
0.0174138
0.017668
0.0275087
0.0262036
0.0255877
0.0244193
0.0232349
0.021019
0.0191323
0.0181611
0.0181782
0.0179799
0.0278564
0.02682
0.026945
0.025997
0.0244739
0.0216334
0.0194805
0.0192285
0.0199529
0.0198293
0.0291478
0.0249535
0.0225895
0.02192
0.0228269
0.0267905
0.0318894
0.0295692
0.0199973
0.0108694
0.024711
0.0215443
0.0207908
0.0200381
0.0190251
0.0212004
0.02642
0.0247833
0.0170847
0.0106905
0.0185034
0.0182223
0.0190647
0.0189071
0.0183264
0.0202044
0.0222851
0.0187503
0.0140796
0.00993501
0.0138104
0.0153471
0.0171559
0.017787
0.0191488
0.0204187
0.0199367
0.0158013
0.0129311
0.0093302
0.0128445
0.0142031
0.015109
0.0173307
0.0206105
0.0207275
0.0174474
0.0143786
0.0143928
0.0121003
0.0162951
0.0160723
0.0169342
0.0201037
0.022092
0.0194652
0.0158448
0.0146833
0.0162108
0.0155785
0.0223603
0.0207665
0.0220919
0.024915
0.0239826
0.0197107
0.0170992
0.0161072
0.0174727
0.0176069
0.0238286
0.0241089
0.0260071
0.0277391
0.0256072
0.0211572
0.0182177
0.0170373
0.0183503
0.0184539
0.0209764
0.023054
0.0265049
0.0273765
0.0255575
0.0211723
0.0179041
0.0171593
0.0188673
0.0184591
0.0239159
0.0244375
0.0261651
0.0280581
0.0271542
0.0224156
0.0186436
0.0185002
0.0206178
0.020015
0.0498535
0.0322019
0.0211808
0.0222376
0.0285131
0.0363147
0.0414239
0.0352881
0.0219077
0.0156448
0.0504742
0.0307317
0.0212911
0.0203683
0.0237535
0.0309037
0.0366
0.0297227
0.0179767
0.0154375
0.0419035
0.0261237
0.021328
0.021796
0.0256384
0.0311616
0.0297595
0.0186005
0.0136284
0.0196876
0.0267662
0.0195655
0.0192666
0.0224151
0.0278684
0.0298247
0.0223279
0.0110291
0.0120681
0.0223127
0.01646
0.0159348
0.0182386
0.0238147
0.0288622
0.0267171
0.0172521
0.00961422
0.0134899
0.0220613
0.0150588
0.0165313
0.0205778
0.0264562
0.0291511
0.0244322
0.0157831
0.0113586
0.0163139
0.0221551
0.0191751
0.0201917
0.0253938
0.0305372
0.0305599
0.0242656
0.0164131
0.0132689
0.019018
0.0230483
0.020428
0.0239343
0.0296012
0.0327823
0.0313556
0.0243321
0.0168963
0.0146387
0.0205337
0.023474
0.0200548
0.0238684
0.0301052
0.0330607
0.0311085
0.0238634
0.0165268
0.0154311
0.0207354
0.0230337
0.0276284
0.0252439
0.0279533
0.0326581
0.032468
0.025994
0.0184335
0.0174846
0.0220593
0.0248295
0.0975201
0.0563734
0.0275851
0.0282568
0.0376144
0.0445266
0.0463098
0.0409191
0.0450637
0.0818424
0.120049
0.06548
0.0313787
0.0296461
0.0376674
0.0441957
0.04501
0.0379995
0.0438247
0.0935668
0.115184
0.063469
0.034822
0.0353472
0.0433729
0.0471982
0.0421485
0.0298809
0.0431335
0.113342
0.0879153
0.0500009
0.0347144
0.0397616
0.0469593
0.0475643
0.0371352
0.0202817
0.0396249
0.120084
0.0548596
0.0371879
0.0343637
0.0413122
0.0464955
0.0455393
0.0324386
0.0145912
0.0341029
0.108669
0.0322782
0.0306324
0.034267
0.0402661
0.0439708
0.0424764
0.0287738
0.0128375
0.0314547
0.0925869
0.0256962
0.0292145
0.0335591
0.0375503
0.0397672
0.0368423
0.0235518
0.0115423
0.0312938
0.0823885
0.0263638
0.0301181
0.0332575
0.0351997
0.0354911
0.0312493
0.0197934
0.011523
0.0311926
0.0774293
0.0334332
0.0301961
0.0323957
0.0348789
0.0342526
0.0293713
0.0192159
0.0131778
0.0315599
0.077334
0.0476877
0.0312706
0.0301345
0.0341039
0.0347711
0.0308357
0.021553
0.015315
0.0315817
0.0780516
0.0282446
0.0324482
0.0333463
0.0338796
0.0345526
0.0348767
0.0349025
0.0354023
0.0350908
0.0354955
0.0272072
0.0319917
0.0331994
0.0337769
0.0344459
0.0347471
0.0347457
0.0352312
0.0349046
0.0352749
0.0279369
0.0326004
0.0338164
0.0343123
0.0349199
0.0351818
0.0351593
0.035623
0.0352988
0.0356553
0.0323638
0.0338769
0.0343601
0.0344629
0.0348705
0.0350235
0.0349383
0.0353671
0.0350237
0.035362
0.0391368
0.0362345
0.0356917
0.0352713
0.0354167
0.0354325
0.0352715
0.0356566
0.0352931
0.0356049
0.0437837
0.0379862
0.0366953
0.0358467
0.0357645
0.035655
0.035422
0.0357605
0.0353834
0.0356671
0.0450955
0.0386458
0.0371116
0.0360622
0.0358511
0.0356587
0.03537
0.0356814
0.0352804
0.035549
0.0439974
0.0389312
0.0375989
0.0365843
0.0363534
0.0361304
0.0358167
0.0361073
0.0356991
0.0359476
0.0417478
0.0383617
0.0372431
0.0362962
0.0360754
0.0358411
0.0355134
0.03579
0.0353758
0.0356121
0.0394835
0.0380959
0.0372611
0.0365214
0.0363789
0.0361673
0.035839
0.0361133
0.0356867
0.0359446
0.0319534
0.0318236
0.0318068
0.0323714
0.0329483
0.0332605
0.0333032
0.033773
0.0335004
0.0338722
0.0295513
0.0307887
0.0314332
0.0321629
0.0328068
0.0331338
0.0331681
0.0336283
0.0333513
0.0336867
0.0274553
0.0305861
0.031767
0.0325523
0.0331909
0.0335023
0.0335229
0.0339723
0.0336922
0.034019
0.0296089
0.0311996
0.0322141
0.0326785
0.0331462
0.0333625
0.033326
0.0337427
0.0334446
0.0337545
0.03515
0.0330279
0.0334911
0.0334468
0.0336628
0.0337481
0.0336382
0.0340116
0.0336995
0.0339812
0.0393144
0.0345045
0.0344884
0.0340114
0.0340021
0.0339631
0.033781
0.0341173
0.0337798
0.0340414
0.0408807
0.0351775
0.0349355
0.0342423
0.0340995
0.0339757
0.0337421
0.034039
0.033694
0.0339319
0.0405802
0.0356112
0.0353794
0.0347221
0.03456
0.0344073
0.0341472
0.0344284
0.0340756
0.0342944
0.0397695
0.0355157
0.0351366
0.0345095
0.034336
0.034163
0.0338841
0.0341615
0.0337891
0.0340029
0.0385684
0.0357888
0.035149
0.0347138
0.0346031
0.0344446
0.0341701
0.0344273
0.0340601
0.0342825
0.0309979
0.0303754
0.0306457
0.0310893
0.0314544
0.0317231
0.0317489
0.0321786
0.0319285
0.0322627
0.0280544
0.0290911
0.0300701
0.0307408
0.0312527
0.0315796
0.0316193
0.0320541
0.0318004
0.0321044
0.0250174
0.0284953
0.0301118
0.0309477
0.0315288
0.0318732
0.0319171
0.0323421
0.0320959
0.0323915
0.0258375
0.0284512
0.0302927
0.0309363
0.0314364
0.031724
0.0317282
0.0321297
0.0318704
0.0321504
0.0295931
0.0295079
0.0312712
0.0315249
0.0318625
0.0320551
0.0320029
0.0323707
0.032097
0.0323543
0.0325336
0.0304212
0.0320472
0.0319617
0.0321408
0.032236
0.0321254
0.0324535
0.0321732
0.0324034
0.0337641
0.0308858
0.0324227
0.0321531
0.03222
0.0322412
0.0320797
0.0323878
0.0320832
0.0322999
0.0339189
0.0313227
0.0328216
0.0325874
0.032628
0.0326228
0.0324429
0.0327308
0.0324238
0.032625
0.0336255
0.0314105
0.0326962
0.0324628
0.032452
0.0324161
0.0322163
0.0324891
0.0321838
0.0323635
0.03351
0.0321795
0.0328054
0.0327354
0.0327142
0.0326699
0.0324594
0.032732
0.0324028
0.0326058
0.0295871
0.0290847
0.0296109
0.0298302
0.0300348
0.0302591
0.0302464
0.0306141
0.0303757
0.0306602
0.0272178
0.0280202
0.0289652
0.0293865
0.0297875
0.0300976
0.0301178
0.0304972
0.0302685
0.0305228
0.0244778
0.0274253
0.0288232
0.0294505
0.0299691
0.0303201
0.0303542
0.0307396
0.0305135
0.0307665
0.0237909
0.0267941
0.0287041
0.0292677
0.029806
0.0301436
0.0301607
0.0305344
0.0303008
0.0305423
0.025357
0.0270664
0.0292904
0.029621
0.0301094
0.0303983
0.0303834
0.0307345
0.0304994
0.0307187
0.0269746
0.027405
0.0297686
0.0298793
0.0302935
0.0305217
0.0304678
0.0308021
0.0305483
0.0307545
0.0276844
0.0275814
0.0300227
0.0299951
0.0303295
0.030502
0.0304155
0.0307183
0.0304665
0.0306503
0.0281092
0.0279114
0.0303495
0.0303587
0.0306666
0.0308238
0.0307224
0.0310173
0.0307635
0.0309329
0.0279203
0.0278978
0.0302445
0.0302668
0.0305084
0.0306368
0.0305143
0.0308097
0.0305364
0.0307012
0.0282778
0.0287896
0.0304177
0.0306169
0.0307686
0.0308699
0.0307377
0.0310037
0.0307365
0.0309074
0.0300987
0.0286006
0.0287259
0.0286146
0.0287037
0.0288615
0.0287742
0.0290741
0.0288332
0.02906
0.0286192
0.0279658
0.0281315
0.0281548
0.0284445
0.0286874
0.0286413
0.0289652
0.0287303
0.0289353
0.0258873
0.0273951
0.0278856
0.0281441
0.0285656
0.028852
0.0288296
0.0291552
0.0289349
0.0291377
0.0232784
0.026173
0.0274723
0.0278113
0.0283386
0.0286443
0.028626
0.0289523
0.0287317
0.028926
0.0225316
0.0257298
0.0276898
0.0279535
0.0285226
0.0288172
0.0287926
0.0291126
0.0288903
0.0290721
0.0227729
0.0255674
0.0278983
0.0280426
0.0286048
0.0288738
0.0288362
0.0291391
0.0289268
0.0290883
0.023192
0.0255316
0.0280379
0.0280684
0.028583
0.0288194
0.0287571
0.029059
0.0288293
0.0289839
0.0242412
0.0258452
0.0283129
0.0283482
0.0288385
0.0290744
0.0290127
0.0293055
0.0290808
0.0292276
0.0244843
0.0257345
0.0281874
0.0282325
0.0286666
0.0288913
0.0288189
0.0290995
0.0288865
0.0290104
0.0251358
0.0265687
0.0283755
0.0286101
0.0288962
0.0290955
0.028996
0.0292768
0.0290344
0.0291838
0.0290683
0.0277392
0.0278042
0.0274954
0.0274803
0.0275137
0.02733
0.0275421
0.0272887
0.0274467
0.0282035
0.0276292
0.0273823
0.0271165
0.027256
0.0273455
0.0272005
0.0274306
0.0271944
0.0273275
0.0253831
0.0271954
0.0271217
0.0270995
0.0273515
0.0274718
0.0273444
0.0275865
0.0273541
0.0274915
0.0218991
0.0257396
0.0265243
0.026674
0.0270806
0.027239
0.0271316
0.0273822
0.0271535
0.0272878
0.0202066
0.0249942
0.0265034
0.026664
0.0271647
0.0273376
0.0272431
0.0274958
0.0272797
0.0274027
0.0197965
0.0246135
0.0265213
0.0266091
0.0271494
0.0273258
0.0272377
0.0275007
0.0272784
0.0274009
0.0204798
0.0245554
0.0265802
0.0265408
0.0270626
0.0272295
0.027141
0.0273887
0.0271829
0.0272901
0.02203
0.0248802
0.026831
0.0267342
0.0272325
0.0274154
0.0273322
0.0275878
0.0273893
0.0274914
0.0223566
0.0246221
0.0266889
0.0265668
0.0270269
0.027219
0.0271322
0.0274015
0.0271906
0.0272935
0.0229179
0.025292
0.0268683
0.0269248
0.0272004
0.0273805
0.0272777
0.0275172
0.0273163
0.0274269
0.0235956
0.0259686
0.0267196
0.0264298
0.026313
0.0261782
0.0258722
0.0259941
0.0257213
0.025799
0.0239903
0.0266596
0.0266118
0.0262261
0.0261691
0.026036
0.0257518
0.0258916
0.025624
0.0256829
0.0225846
0.0268357
0.0264793
0.0262691
0.0262653
0.0261364
0.0258676
0.0260049
0.0257513
0.0258118
0.0202365
0.0257739
0.0258953
0.0258283
0.0259746
0.0258863
0.0256471
0.0257992
0.0255541
0.0256143
0.019106
0.0251591
0.0257855
0.0257265
0.0259803
0.0259202
0.0257096
0.0258746
0.0256384
0.0256984
0.0190258
0.0247678
0.0256592
0.0255437
0.0258717
0.0258427
0.0256607
0.0258312
0.0256215
0.0256732
0.0201897
0.024735
0.0256268
0.0253709
0.0257154
0.0257024
0.0255267
0.0257174
0.0255021
0.0255575
0.0218417
0.0249919
0.0258332
0.0254715
0.0258047
0.0258212
0.0256664
0.0258631
0.0256623
0.0257224
0.0216675
0.0245074
0.0256601
0.0252348
0.0255627
0.0256101
0.0254657
0.0256636
0.0254877
0.02553
0.0217897
0.0249437
0.0257829
0.0255129
0.0256534
0.0257171
0.025546
0.0257566
0.0255547
0.0256282
0.0182208
0.025427
0.0258259
0.025434
0.0251276
0.024784
0.0243655
0.0243884
0.0240988
0.0240941
0.0205698
0.0270757
0.0261122
0.0254709
0.0250955
0.024685
0.0242653
0.024287
0.0240094
0.0239788
0.0228688
0.0283102
0.0262291
0.025627
0.0252082
0.0247705
0.0243513
0.0243767
0.0241
0.0240762
0.023242
0.0280122
0.0257941
0.0252338
0.0249175
0.0245116
0.0241267
0.0241684
0.0239018
0.0238826
0.0226972
0.0274473
0.0256088
0.0250601
0.0248553
0.0244895
0.0241433
0.0242003
0.0239563
0.0239369
0.0225064
0.0267183
0.025266
0.0247356
0.0246513
0.0243455
0.0240439
0.0241343
0.0238985
0.0238927
0.0237076
0.0263988
0.0250466
0.0244334
0.0244192
0.0241561
0.0238869
0.0239822
0.0237763
0.0237671
0.0251048
0.0264243
0.0251343
0.024416
0.0244266
0.0242112
0.0239649
0.0240833
0.0238947
0.023893
0.0245318
0.0257795
0.0249031
0.0240829
0.0241432
0.0239775
0.0237491
0.0238976
0.0237076
0.0237149
0.024556
0.0260801
0.0249602
0.0242423
0.024137
0.0240185
0.0237843
0.023922
0.0237493
0.0237737
0.0309078
0.0283098
0.0253801
0.0245204
0.0237992
0.0232391
0.0227268
0.0226763
0.022387
0.0223092
0.0352149
0.030442
0.0259376
0.0247871
0.0238748
0.0231828
0.0226454
0.0225867
0.0222948
0.0221945
0.0417777
0.0323089
0.0262357
0.0250512
0.0239931
0.0232484
0.0227102
0.0226401
0.0223599
0.022264
0.0441105
0.0322959
0.0258835
0.0247114
0.023701
0.0229809
0.022481
0.0224295
0.0221637
0.0220747
0.0406776
0.0309885
0.0254391
0.0244241
0.0235601
0.022903
0.0224554
0.0224282
0.0221805
0.0221021
0.036232
0.029089
0.0246927
0.0239101
0.0232481
0.0226918
0.022313
0.0223145
0.0221067
0.0220354
0.0354353
0.0279484
0.0241625
0.0234485
0.0229354
0.0224536
0.0221159
0.022158
0.0219599
0.0219034
0.0354432
0.02756
0.024062
0.0233021
0.022871
0.0224507
0.0221503
0.0222138
0.0220372
0.0219992
0.0346084
0.0269345
0.0237899
0.0228884
0.0225675
0.0222063
0.021936
0.0220155
0.0218712
0.0218257
0.0352429
0.0272039
0.0237697
0.0229
0.0224627
0.0221819
0.0219011
0.0220156
0.021858
0.0218527
0.0659752
0.0317381
0.0257087
0.0235588
0.0221688
0.0214599
0.0209152
0.0208189
0.0205566
0.020432
0.0726178
0.0336839
0.0263251
0.0239688
0.0222999
0.0214275
0.0208496
0.0207278
0.0204712
0.0203159
0.0820796
0.0353355
0.026693
0.0242782
0.0223808
0.0214613
0.0208823
0.0207599
0.0205059
0.0203612
0.0840647
0.0347535
0.0263138
0.0239417
0.0220595
0.0211801
0.0206482
0.0205459
0.0203087
0.0201759
0.0755766
0.0321615
0.0254306
0.0234645
0.0218106
0.0210429
0.0205806
0.0205068
0.0203006
0.0201789
0.0648782
0.0287757
0.0241133
0.0227029
0.021373
0.0207621
0.0203911
0.0203727
0.0201912
0.0200965
0.0590052
0.0264001
0.0231159
0.0220529
0.0209754
0.0204747
0.0201734
0.0201841
0.020041
0.019957
0.0564813
0.0255319
0.0227147
0.0217754
0.0208486
0.0204222
0.020161
0.0202068
0.0200864
0.0200223
0.055931
0.0251283
0.022376
0.0213103
0.0205466
0.0201719
0.0199435
0.0200262
0.0199142
0.0198642
0.0575648
0.0255237
0.0223005
0.0211846
0.0203626
0.0200851
0.0198664
0.0199693
0.0198775
0.0198609
0.0610116
0.0565217
0.0554797
0.0550174
0.0547838
0.0548005
0.0550664
0.0555572
0.0566229
0.0611484
0.0565707
0.0520718
0.0510255
0.0505572
0.050317
0.0503276
0.0505883
0.0510749
0.0521367
0.0566608
0.0555717
0.0510678
0.050017
0.0495438
0.0492984
0.049304
0.0495605
0.0500439
0.0511036
0.0556241
0.0551667
0.050655
0.0495987
0.0491193
0.0488673
0.0488667
0.0491178
0.049597
0.0506537
0.0551708
0.0550009
0.0504802
0.0494177
0.0489313
0.0486717
0.048664
0.0489089
0.0493833
0.0504367
0.05495
0.0550873
0.050558
0.0494894
0.048996
0.048729
0.0487142
0.048953
0.0494227
0.0504726
0.0549821
0.0554166
0.0508801
0.0498064
0.0493069
0.0490334
0.0490123
0.0492457
0.049711
0.0507579
0.0552638
0.0559582
0.0514162
0.0503385
0.0498343
0.0495557
0.0495298
0.0497589
0.0502209
0.0512654
0.0557687
0.0570607
0.0525142
0.051434
0.0509266
0.0506445
0.0506152
0.0508413
0.0513009
0.0523435
0.056846
0.0616264
0.0570786
0.0559947
0.0554839
0.0551982
0.0551651
0.0553877
0.0558448
0.0568865
0.0613855
0.0551092
0.052278
0.0523316
0.0518776
0.0516424
0.051662
0.0519358
0.0524244
0.0523934
0.0552746
0.0523226
0.0494818
0.0495325
0.0490706
0.0488278
0.0488406
0.0491086
0.0495934
0.0495562
0.052435
0.052422
0.0495772
0.0496223
0.0491548
0.0489062
0.0489137
0.0491774
0.0496586
0.0496202
0.0524933
0.052031
0.0491757
0.0492144
0.0487393
0.0484828
0.048483
0.0487405
0.0492168
0.0491752
0.0520454
0.0518698
0.0490035
0.0490349
0.0485511
0.0482857
0.0482777
0.0485282
0.048999
0.048954
0.0518203
0.0519651
0.0490885
0.0491131
0.0486208
0.0483467
0.0483306
0.0485742
0.0490397
0.0489911
0.0518533
0.0523073
0.0494223
0.0494411
0.0489416
0.0486599
0.0486367
0.0488741
0.0493349
0.0492831
0.0521414
0.0528508
0.0499602
0.0499746
0.0494695
0.0491819
0.0491532
0.0493859
0.0498429
0.0497887
0.0526435
0.0528582
0.049961
0.0499739
0.0494653
0.0491741
0.0491418
0.0493712
0.0498258
0.0497688
0.052625
0.0557746
0.0528755
0.0528828
0.0523716
0.0520768
0.0520408
0.0522667
0.0527179
0.0526624
0.0555163
0.0501399
0.0485134
0.0492323
0.048817
0.0487029
0.0487304
0.0488986
0.0493649
0.0486754
0.0503774
0.0485612
0.0469238
0.0476396
0.0472122
0.047088
0.0471062
0.0472666
0.0477287
0.0470302
0.0487251
0.0493308
0.0476879
0.0483956
0.0479609
0.0478293
0.0478411
0.0479964
0.0484542
0.0477555
0.0494418
0.0489893
0.0473291
0.0480281
0.0475827
0.0474403
0.0474425
0.04759
0.0480417
0.047339
0.0490226
0.0489638
0.0472868
0.0479756
0.0475179
0.0473635
0.0473551
0.0474938
0.0479389
0.0472323
0.0489107
0.0490814
0.0473885
0.0480681
0.0475987
0.0474327
0.047414
0.0475441
0.0479825
0.047272
0.0489454
0.0493294
0.0476239
0.048296
0.047817
0.0476412
0.0476136
0.0477361
0.0481687
0.0474546
0.0491237
0.0498564
0.0481442
0.0488109
0.0483247
0.0481418
0.0481074
0.0482241
0.0486526
0.047936
0.0495999
0.0492077
0.0474857
0.0481517
0.0476613
0.0474744
0.0474361
0.0475491
0.0479751
0.0472547
0.048922
0.050943
0.0492174
0.0498761
0.0493842
0.049193
0.0491503
0.0492596
0.0496807
0.0489639
0.0506324
0.0475109
0.0463699
0.0471542
0.0467254
0.0467665
0.0468072
0.0468462
0.0473539
0.0466166
0.0478772
0.0464205
0.0452624
0.0460395
0.045592
0.045619
0.0456465
0.0456739
0.0461765
0.0454281
0.0466773
0.0472668
0.0460962
0.0468605
0.0464022
0.0464183
0.0464369
0.0464576
0.0469542
0.046206
0.0474451
0.0469349
0.0457343
0.0464845
0.046009
0.0460089
0.0460139
0.0460238
0.0465123
0.0457587
0.0469948
0.0470958
0.0458664
0.0465999
0.0461051
0.0460871
0.046077
0.0460749
0.0465546
0.0457962
0.0470247
0.047257
0.0460005
0.046719
0.0462063
0.0461714
0.0461467
0.0461329
0.0466038
0.0458404
0.0470624
0.047399
0.0461213
0.0468285
0.0463017
0.046253
0.046216
0.0461921
0.0466555
0.0458874
0.0471047
0.0479792
0.0466923
0.0473918
0.0468554
0.0467971
0.0467512
0.0467197
0.0471775
0.0464069
0.0476171
0.0472851
0.0459879
0.0466878
0.046146
0.0460829
0.0460321
0.0459961
0.0464514
0.0456757
0.0468896
0.0485769
0.047275
0.0479676
0.0474258
0.0473573
0.0473015
0.0472619
0.0477107
0.0469392
0.0481567
0.045614
0.044745
0.0454493
0.0450125
0.045171
0.0452315
0.045192
0.0457507
0.0451236
0.0461889
0.0447872
0.043888
0.0445774
0.0441126
0.0442508
0.0442926
0.0442366
0.0447883
0.044149
0.0451985
0.0455726
0.0446463
0.045315
0.044833
0.0449546
0.0449836
0.0449183
0.0454618
0.0448228
0.0458611
0.0452746
0.0442952
0.0449392
0.0444286
0.0445254
0.0445343
0.0444538
0.0449863
0.0443401
0.0453743
0.0456098
0.0445779
0.0451927
0.0446506
0.0447198
0.0447064
0.0446091
0.0451295
0.0444769
0.0455008
0.0458446
0.0447645
0.0453537
0.0447829
0.0448263
0.0447918
0.044678
0.0451866
0.0445274
0.0455428
0.0459463
0.044831
0.0454026
0.0448101
0.0448334
0.0447815
0.0446538
0.0451523
0.0444869
0.0454968
0.0465928
0.0454649
0.0460259
0.0454207
0.0454309
0.0453671
0.0452295
0.0457205
0.0450522
0.046053
0.0460128
0.0448747
0.0454372
0.0448255
0.04483
0.0447601
0.0446166
0.0451048
0.0444301
0.0454338
0.0470883
0.045956
0.0465156
0.0459071
0.0459059
0.0458305
0.0456836
0.0461637
0.0454924
0.0465016
0.043435
0.0428962
0.0435963
0.0432155
0.0434657
0.0435545
0.04348
0.044047
0.0434763
0.0443467
0.0428954
0.0423047
0.0429785
0.0425575
0.0427785
0.0428416
0.0427448
0.043302
0.0427172
0.0435677
0.043703
0.0430585
0.0436994
0.0432505
0.0434466
0.0434914
0.043382
0.0439283
0.0433434
0.0441818
0.0435352
0.0427933
0.0433893
0.042893
0.0430507
0.0430661
0.0429353
0.0434671
0.0428725
0.0437052
0.0440658
0.043222
0.0437649
0.0432162
0.0433311
0.0433138
0.0431593
0.0436746
0.0430718
0.0438908
0.0444239
0.0434899
0.0439876
0.0433919
0.0434675
0.0434194
0.043242
0.0437413
0.0431297
0.0439378
0.0445508
0.0435575
0.0440269
0.0433981
0.0434441
0.0433716
0.0431752
0.043661
0.0430412
0.0438426
0.0452224
0.0442134
0.0446697
0.0440242
0.0440526
0.0439641
0.0437548
0.0442305
0.0436072
0.0443975
0.0446885
0.0436789
0.0441406
0.0434888
0.0435107
0.0434147
0.0431977
0.0436702
0.0430391
0.0438314
0.0455239
0.0445411
0.0450091
0.0443671
0.0443853
0.0442844
0.0440644
0.0445276
0.0438994
0.0446987
0.040944
0.0408267
0.041579
0.0413101
0.0416487
0.0417762
0.0416921
0.0422424
0.0417019
0.042396
0.0406978
0.0404963
0.0412087
0.0408846
0.0411833
0.0412768
0.0411643
0.0417009
0.0411456
0.0418141
0.0415965
0.0412911
0.0419507
0.0415823
0.0418447
0.0419128
0.0417836
0.0423063
0.0417506
0.0424055
0.0416788
0.0411858
0.0417624
0.0413155
0.0415193
0.0415451
0.0413866
0.0418902
0.0413222
0.041969
0.0424927
0.0417936
0.042272
0.0417371
0.0418746
0.0418531
0.0416618
0.0421434
0.0415649
0.0421944
0.0430611
0.0421869
0.0425836
0.0419714
0.0420489
0.0419831
0.0417604
0.0422207
0.0416309
0.0422466
0.0432713
0.0422973
0.0426487
0.0419858
0.0420203
0.0419207
0.0416727
0.0421155
0.0415144
0.0421217
0.0439283
0.0429437
0.0432827
0.0425997
0.0426116
0.0424918
0.0422272
0.0426573
0.0420515
0.042646
0.0433947
0.0424314
0.0427837
0.0420968
0.0421026
0.041974
0.0417005
0.0421262
0.0415124
0.0421071
0.0439321
0.0430641
0.0434444
0.0427812
0.0427884
0.0426567
0.0423804
0.0427962
0.0421839
0.0427857
0.0382135
0.0386773
0.0395103
0.0393912
0.0398227
0.0400004
0.0399294
0.0404626
0.0399756
0.0405466
0.0382019
0.0385471
0.0393306
0.0391423
0.0395235
0.0396593
0.0395539
0.0400707
0.0395674
0.0401091
0.0392317
0.0393862
0.0400852
0.0398289
0.0401593
0.0402615
0.040135
0.040636
0.0401302
0.0406585
0.0397428
0.0395145
0.0400555
0.0396697
0.0399123
0.0399554
0.0397897
0.0402667
0.0397458
0.040263
0.0410589
0.0403796
0.0407283
0.0401936
0.0403349
0.0403107
0.0401009
0.0405493
0.0400155
0.0405116
0.0420157
0.0409722
0.0411667
0.0405039
0.0405546
0.0404683
0.0402166
0.0406379
0.0400884
0.0405683
0.0423839
0.0411704
0.0412917
0.0405521
0.0405418
0.0404097
0.0401251
0.0405228
0.0399608
0.0404293
0.0429775
0.0417936
0.0419141
0.0411532
0.0411154
0.0409582
0.0406535
0.041035
0.040468
0.040922
0.0423757
0.0412985
0.0414579
0.0407016
0.0406591
0.0404923
0.0401765
0.0405538
0.0399766
0.0404253
0.0425474
0.041709
0.0419418
0.0412356
0.0412057
0.0410396
0.0407223
0.0410888
0.0405101
0.0409737
0.0351252
0.0364854
0.0374272
0.0374957
0.0380253
0.0382614
0.0382193
0.0387458
0.0383248
0.0388228
0.0352132
0.0364568
0.0373655
0.0373621
0.0378369
0.0380266
0.0379472
0.038455
0.038017
0.0384825
0.0364202
0.0373325
0.0381195
0.03802
0.0384292
0.0385773
0.0384739
0.0389618
0.0385226
0.0389733
0.0376966
0.0377905
0.0382828
0.0379759
0.0382591
0.0383282
0.0381751
0.0386338
0.0381768
0.0386129
0.0399534
0.0390377
0.0391603
0.0386067
0.0387399
0.038717
0.0385072
0.0389306
0.0384566
0.0388691
0.0416149
0.0399349
0.0397714
0.0390097
0.0390103
0.038903
0.0386394
0.0390269
0.0385373
0.0389288
0.042228
0.0402677
0.0399889
0.0391131
0.0390296
0.0388628
0.0385569
0.038918
0.0384126
0.0387909
0.0426174
0.0408371
0.0405932
0.0397013
0.0395875
0.0393917
0.0390622
0.0394062
0.0388926
0.0392533
0.0418076
0.0403391
0.0401816
0.0393105
0.0391966
0.0389911
0.0386502
0.0389857
0.0384604
0.0388189
0.0414177
0.0405199
0.0405078
0.0397299
0.0396457
0.0394474
0.0391056
0.0394316
0.0389075
0.0392804
0.0313389
0.0342762
0.0353419
0.0356369
0.0362616
0.0365539
0.0365508
0.0370693
0.0367105
0.037159
0.031187
0.0341802
0.0353033
0.0355563
0.036138
0.0363883
0.0363494
0.0368484
0.0364741
0.0368868
0.0324989
0.0350601
0.0360319
0.0361708
0.0366786
0.0368835
0.0368184
0.0372967
0.0369209
0.0373185
0.0351955
0.0359991
0.0364128
0.0362417
0.0365801
0.0366863
0.0365623
0.0370065
0.0366108
0.0369915
0.0394268
0.0378576
0.0375391
0.0369794
0.0371076
0.0370951
0.0369021
0.037304
0.0368905
0.0372444
0.0424272
0.0392207
0.0383638
0.0374822
0.0374266
0.0373058
0.0370469
0.0374086
0.0369775
0.0373077
0.0433635
0.0397297
0.0386908
0.0376488
0.0374841
0.0372897
0.0369814
0.0373145
0.0368638
0.0371794
0.0431209
0.0401611
0.0392522
0.0382132
0.0380202
0.0377946
0.0374617
0.0377732
0.0373154
0.0376133
0.0416362
0.0395894
0.038872
0.0378785
0.037691
0.0374559
0.0371082
0.0374108
0.0369447
0.037235
0.0403086
0.0394545
0.0390298
0.0381943
0.0380614
0.0378415
0.0374952
0.0377921
0.0373204
0.0376273
0.0150839
0.0152963
0.0153867
0.0155959
0.0159036
0.0161914
0.0170063
0.0173652
0.00989091
-0.00640781
0.0149693
0.0151673
0.0152166
0.0154104
0.0157272
0.0161603
0.0173966
0.0189443
0.0153412
0.0100484
0.0148902
0.0150539
0.0151041
0.0153059
0.015679
0.0163226
0.0178037
0.0202114
0.0199338
0.0275176
0.0147718
0.0148989
0.014892
0.0149979
0.0151973
0.0156462
0.0165536
0.0187788
0.019932
0.0322476
0.0146276
0.014681
0.0145811
0.0145325
0.0144442
0.0144491
0.0144049
0.0156282
0.0136244
0.0161863
0.0144815
0.0144707
0.0142842
0.0140907
0.0137051
0.0131585
0.0122356
0.0114915
0.00204279
-0.0110408
0.0143145
0.0142555
0.0139964
0.0136957
0.0130906
0.0121557
0.0107727
0.00806993
-0.00630237
-0.0255931
0.0142643
0.0141666
0.013862
0.0135031
0.0127957
0.0117151
0.0101847
0.00679423
-0.00727419
-0.0261195
0.0141471
0.0140425
0.0137128
0.0133379
0.0126128
0.0115222
0.0100713
0.00727169
-0.0043337
-0.0175637
0.0140542
0.0139113
0.0135809
0.01321
0.0125447
0.0115879
0.0105643
0.00864247
-0.00132644
-0.00873557
0.0132134
0.0133373
0.0132787
0.0132564
0.0131608
0.0125473
0.0113353
0.00942985
-4.8829e-05
-0.0225401
0.013094
0.0132058
0.0131291
0.0131284
0.0131192
0.0128361
0.012344
0.0116928
0.00453445
-0.0106047
0.013032
0.0131204
0.0130719
0.0131158
0.0132231
0.0133119
0.0133656
0.0136563
0.00870735
0.00491501
0.0129215
0.0129692
0.012879
0.012846
0.0128189
0.0128774
0.0127359
0.0134384
0.0112488
0.0145966
0.0127719
0.0127363
0.0125672
0.0123924
0.0121054
0.0118115
0.0109766
0.0115694
0.00931158
0.00782616
0.0126242
0.0125123
0.0122618
0.0119387
0.0113444
0.0104616
0.00881781
0.00820556
0.00105353
-0.0114284
0.0124539
0.0122814
0.0119572
0.0115164
0.0106757
0.00933455
0.00722957
0.0048787
-0.00659352
-0.0229267
0.0123902
0.0121719
0.0118034
0.0112999
0.0103467
0.00882971
0.00652507
0.00322965
-0.00891281
-0.0260875
0.0122829
0.0120549
0.0116608
0.0111371
0.0101632
0.00861896
0.00629476
0.0033345
-0.00735975
-0.0229296
0.0121693
0.0119088
0.0115146
0.0109984
0.0101004
0.00868517
0.00669524
0.00446353
-0.00521712
-0.0175149
0.0113469
0.0113642
0.0111584
0.0108965
0.0104455
0.0093387
0.00714367
0.00508971
0.000754608
-0.0132104
0.0112323
0.0112445
0.0110456
0.0108379
0.0105153
0.00978912
0.00828523
0.00703241
0.00258284
-0.00850524
0.0111969
0.0112006
0.0110575
0.0109294
0.0107551
0.0104388
0.00951277
0.00882681
0.00424027
-0.000180508
0.0111052
0.011071
0.0109118
0.0107457
0.0104973
0.0103081
0.00950327
0.00940098
0.00726131
0.00924215
0.0109674
0.0108517
0.0106442
0.0103819
0.00996376
0.00962149
0.00850003
0.0090378
0.00904005
0.00980664
0.0108354
0.010642
0.0103739
0.00999334
0.00933611
0.00852266
0.00690251
0.00732775
0.00539917
-0.000308112
0.0106764
0.0104179
0.0100866
0.0096019
0.0087296
0.00749783
0.00563582
0.0050362
0.0003494
-0.00690546
0.0106119
0.010305
0.00993616
0.00939371
0.00841683
0.0070054
0.00495312
0.00333942
-0.00229782
-0.0104306
0.0105226
0.0102033
0.00981016
0.00924044
0.00823126
0.00676447
0.00453548
0.00285357
-0.0023454
-0.0108755
0.010402
0.0100514
0.00965775
0.00909076
0.00815407
0.00679009
0.0047405
0.0035134
-0.00113511
-0.00791837
0.00953746
0.00945993
0.00915687
0.00875053
0.0081402
0.00708179
0.0050444
0.00358328
0.00293489
-0.00481514
0.00943383
0.00935799
0.00908019
0.00874152
0.00824987
0.00750574
0.00593886
0.00480738
0.00250802
-0.00519836
0.00942856
0.00935779
0.00915424
0.00891229
0.00855355
0.00814269
0.00700305
0.00602542
0.00191356
-0.00259848
0.00936134
0.00925944
0.00906556
0.00882538
0.00843955
0.00823858
0.00737624
0.00688852
0.00453355
0.00547515
0.00924872
0.00907579
0.00887102
0.00859475
0.0081462
0.00798088
0.00707666
0.0075424
0.00837614
0.0103197
0.0091461
0.00890366
0.00866934
0.0083248
0.00774546
0.00727635
0.00615334
0.00724108
0.00795869
0.00604556
0.00901067
0.00870658
0.0084285
0.00801092
0.00728819
0.00649595
0.00537607
0.00609471
0.00517397
0.00276909
0.00895547
0.00860536
0.00830166
0.0078391
0.0070369
0.00609175
0.00485844
0.00469091
0.00291376
-6.51416e-05
0.00889087
0.00852691
0.00820292
0.00770832
0.00686305
0.00586027
0.00438706
0.00392115
0.00212834
-0.001778
0.0087739
0.00837948
0.00805611
0.00755722
0.00677391
0.00586916
0.0044928
0.00427571
0.00277233
-0.000285493
0.00781761
0.00767109
0.00732995
0.00688225
0.00625016
0.00542591
0.00384537
0.00265938
0.0032929
-0.00166407
0.00772567
0.00758494
0.00727761
0.0068933
0.0063369
0.00571796
0.00438039
0.00327871
0.00164683
-0.00472813
0.00774904
0.00762314
0.00739636
0.00710904
0.0066433
0.00622695
0.0051327
0.0039918
-0.000257623
-0.00561977
0.00770879
0.00755976
0.00736186
0.00710889
0.00664359
0.00644681
0.00568244
0.00491684
0.00172415
0.000950307
0.00763037
0.00742635
0.00725342
0.00702161
0.00658509
0.00655457
0.00588549
0.00604792
0.00626006
0.00774083
0.0075669
0.00730827
0.00713957
0.0068907
0.00643135
0.00624346
0.00549203
0.00654453
0.00748628
0.00660954
0.0074641
0.00715327
0.00696457
0.00667785
0.0061583
0.00574297
0.00514263
0.00622788
0.00612873
0.00521044
0.00742595
0.00707537
0.00687523
0.00655907
0.00599255
0.00546123
0.00483773
0.00521168
0.00442494
0.00318491
0.00738957
0.00702569
0.00681117
0.00646129
0.00584254
0.00526762
0.00442503
0.00442304
0.00349266
0.00110809
0.00728619
0.0068925
0.00667996
0.00632021
0.00574865
0.00527502
0.00451334
0.00464186
0.00383144
0.00159238
0.00621128
0.00602495
0.00568982
0.0052636
0.0046618
0.00403401
0.00285044
0.00184873
0.00309125
-0.000126705
0.00612823
0.00594796
0.00564742
0.00527305
0.00469536
0.00416857
0.00306746
0.00210345
0.00102742
-0.0043115
0.00617376
0.00601328
0.00578881
0.00550227
0.00496947
0.00451528
0.00350724
0.00249943
-0.00144548
-0.00708878
0.00615629
0.0059792
0.00579238
0.00556081
0.00504526
0.0047845
0.00409585
0.00335931
-0.000132477
-0.00200606
0.00611232
0.00589681
0.0057602
0.00559122
0.00517076
0.00514865
0.00458309
0.00454831
0.00421924
0.00515212
0.00608877
0.00583501
0.00572944
0.00558032
0.00521868
0.00513821
0.00450662
0.00531646
0.00594465
0.00542846
0.00602027
0.00572555
0.00562137
0.00546023
0.00510564
0.00486762
0.00443519
0.00544475
0.00534211
0.00499158
0.00600071
0.00567395
0.00557134
0.00539202
0.00501619
0.00469006
0.0042991
0.00475261
0.00416358
0.00368591
0.00599292
0.00565434
0.00554331
0.00533092
0.0048928
0.00452976
0.00397242
0.00408065
0.00334598
0.00168614
0.0059105
0.00554447
0.00543864
0.0052139
0.00480483
0.00453937
0.00407724
0.0042664
0.0035808
0.00154553
0.00473324
0.00452207
0.00422371
0.00385983
0.00332717
0.00289302
0.00212328
0.00139502
0.00316044
0.00142953
0.00464126
0.00443082
0.00416178
0.00383751
0.00328593
0.00286666
0.00206838
0.00145299
0.00118981
-0.00284449
0.00469946
0.00450999
0.00430401
0.00405308
0.00351369
0.00305639
0.00221184
0.00164703
-0.00130668
-0.00637552
0.00469776
0.00449596
0.00432608
0.00413754
0.00362731
0.0033204
0.00273354
0.00235636
-0.000629877
-0.00270022
0.00468338
0.00445738
0.00435033
0.00424502
0.00386652
0.0038259
0.00332822
0.00333041
0.00298229
0.00384009
0.00469481
0.004445
0.00438499
0.00431633
0.00404266
0.00400069
0.00338657
0.00401801
0.00452513
0.00437505
0.00465729
0.00437677
0.00433367
0.00426511
0.00404068
0.0038845
0.00345876
0.00433756
0.00422037
0.00425252
0.00465447
0.0043486
0.00431695
0.0042353
0.00400485
0.00377739
0.00344333
0.00390393
0.00346066
0.00356905
0.00467245
0.00435646
0.00432102
0.00420729
0.00390459
0.00363919
0.00320093
0.00339077
0.0029378
0.00199875
0.0046287
0.00428944
0.00426066
0.00413392
0.00384297
0.00365904
0.0033327
0.00361157
0.0032511
0.00166484
0.00333617
0.00313399
0.00290254
0.00263718
0.00221167
0.00197559
0.00160436
0.00112248
0.00317424
0.00249584
0.00324208
0.00303436
0.00282376
0.00258956
0.00211976
0.00183649
0.00136327
0.00114455
0.00166328
-0.00116691
0.00330792
0.00312046
0.00295519
0.00277667
0.00230209
0.00190709
0.0012732
0.00124947
-0.000528298
-0.00464114
0.00331236
0.00311532
0.00297631
0.00285319
0.00241559
0.00214182
0.00169563
0.00176826
-0.000435174
-0.0022262
0.0033166
0.00310608
0.00302979
0.00298808
0.00269394
0.0026943
0.00228399
0.00239005
0.002201
0.00312162
0.00335102
0.00312724
0.00310168
0.00309337
0.00291866
0.00294119
0.00234436
0.00282279
0.00318397
0.00328049
0.0033352
0.00308832
0.00308719
0.00307903
0.00297177
0.00289889
0.00245889
0.00316843
0.00289646
0.00311129
0.00334102
0.00307365
0.00309005
0.00306979
0.00296321
0.0028263
0.0025159
0.00291407
0.00250031
0.00291712
0.00337286
0.0030958
0.00311097
0.00306143
0.0028776
0.00269553
0.00233558
0.00256999
0.00231657
0.00194793
0.00335784
0.00306289
0.00308574
0.00302465
0.00283753
0.00271188
0.00247228
0.00281905
0.00277347
0.0017058
0.0021828
0.00191083
0.00177902
0.00164171
0.0013653
0.00128772
0.00124299
0.000891203
0.00269847
0.00266405
0.00195822
0.00163482
0.00151992
0.0014045
0.00107701
0.000938136
0.00074147
0.000778208
0.00166005
0.000130465
0.00203162
0.00173305
0.00164278
0.00156073
0.00122827
0.000960604
0.000533588
0.000860918
0.000111602
-0.00260051
0.00203649
0.00172819
0.0016503
0.00160338
0.00130432
0.00113215
0.000827434
0.00118764
-0.000213636
-0.0014344
0.00204959
0.00173207
0.00170548
0.00171722
0.00153648
0.00160932
0.00131268
0.00144232
0.0013268
0.00224089
0.00209248
0.00176538
0.00178207
0.0018084
0.00172757
0.00182658
0.00130092
0.00158729
0.00176913
0.0018836
0.00209039
0.00174388
0.00178548
0.00180495
0.00178989
0.00180423
0.00138495
0.00190396
0.00152419
0.00156803
0.00209791
0.00173284
0.00179469
0.0018036
0.00179445
0.00175058
0.00147862
0.0017966
0.00130682
0.00170261
0.0021267
0.00174557
0.00181
0.00179808
0.00171953
0.0016285
0.00134553
0.00155891
0.00135356
0.00134906
0.00226487
0.00190476
0.00197048
0.00195107
0.00186808
0.00181272
0.00164925
0.00198506
0.00210106
0.00154004
0.000386399
0.000477319
0.000438596
0.000397284
0.0002577
0.000247773
0.000314947
5.47089e-05
0.00102838
0.00100711
0.000528006
0.000666305
0.000625947
0.00059713
0.000436004
0.000383512
0.000337539
0.000415361
0.00122052
3.04264e-05
0.000579084
0.000725233
0.000692516
0.000674498
0.000512033
0.000373072
0.000112474
0.000485489
0.000409809
-0.00140061
0.000557562
0.000695325
0.000661651
0.000653243
0.000504946
0.000432029
0.000250541
0.000626247
-0.000132204
-0.00105773
0.000559227
0.000696925
0.000689888
0.000703934
0.000615912
0.000711843
0.000544269
0.000598859
0.000435056
0.000998756
0.000583128
0.000719475
0.000734289
0.000740345
0.000708097
0.000822534
0.000459396
0.000552735
0.000467002
0.000596685
0.000580243
0.000707723
0.000736471
0.000728942
0.000742731
0.000791701
0.000482907
0.000753677
0.000199647
0.000297017
0.000594356
0.000717757
0.000759364
0.000744021
0.000766625
0.00076955
0.00058035
0.000731341
0.000211488
0.000571411
0.000595634
0.000719054
0.000760312
0.000735248
0.000716774
0.000685725
0.000511321
0.000647135
0.000458607
0.000463582
0.000410254
0.000480487
0.000528966
0.000503896
0.000472914
0.000442193
0.00031095
0.000492775
0.000526273
5.0726e-05
0.021944
0.0194487
0.0228435
0.0209674
0.019834
0.019328
0.0188596
0.0187928
0.018597
0.0184593
0.022726
0.0194674
0.0231209
0.0213295
0.019918
0.0192825
0.0187933
0.0187036
0.0185062
0.0183422
0.0235036
0.0189345
0.0232106
0.0215162
0.019889
0.0192635
0.0187959
0.0187014
0.01852
0.0183681
0.0207836
0.0173676
0.0227677
0.0211006
0.0195076
0.0189641
0.0185557
0.018486
0.0183265
0.0181896
0.0153714
0.0153653
0.021856
0.0204791
0.0191595
0.0187751
0.0184526
0.0184208
0.0182901
0.0181737
0.0101905
0.0130449
0.0205682
0.0196093
0.0186363
0.0184446
0.0182323
0.0182525
0.0181691
0.0180765
0.00722068
0.0111498
0.0195449
0.0189151
0.0181962
0.0181294
0.0179925
0.0180657
0.0180047
0.0179356
0.0066291
0.0105499
0.0190795
0.018637
0.018049
0.0180472
0.0179583
0.018062
0.0180227
0.0179813
0.00777645
0.0105838
0.0187812
0.0182383
0.0177973
0.0178163
0.0177623
0.0178858
0.0178741
0.0178351
0.0103267
0.0111623
0.0187289
0.018081
0.0176033
0.0177018
0.0176453
0.0178168
0.0178029
0.0178122
0.00421573
0.0112466
0.0168233
0.0164338
0.0168146
0.0168241
0.0165839
0.0166239
0.016524
0.0164121
0.00163963
0.009842
0.0166802
0.0165546
0.0167533
0.0167366
0.0165061
0.0165222
0.0164343
0.0162933
-0.00138439
0.00804181
0.016419
0.0164569
0.0165671
0.0166637
0.0164734
0.016501
0.0164269
0.0163053
-0.00515936
0.0063392
0.015879
0.0158891
0.0161285
0.0163602
0.016235
0.016289
0.0162392
0.0161366
-0.00839439
0.00525987
0.0151027
0.0151978
0.0157392
0.0161499
0.0161103
0.0162027
0.0161887
0.0161076
-0.0111601
0.00400308
0.0141506
0.0143775
0.0152164
0.0158118
0.0158756
0.0160297
0.0160502
0.0160051
-0.0134189
0.00258321
0.0134618
0.0137922
0.0148016
0.0155062
0.0156454
0.0158364
0.015891
0.0158673
-0.0140355
0.00203803
0.013219
0.0136363
0.0146765
0.0154254
0.0156013
0.0158219
0.0158943
0.015897
-0.0128741
0.00212341
0.0131004
0.0134055
0.0145055
0.0152327
0.0154339
0.0156755
0.0157568
0.0157721
-0.0101447
0.0028009
0.0131789
0.0133322
0.0143544
0.0151142
0.0153112
0.0155848
0.015676
0.0157379
0.00923949
0.011029
0.0128381
0.012845
0.0140087
0.0142222
0.0142176
0.014392
0.0143885
0.0143249
0.00624576
0.00953348
0.0125202
0.012688
0.0137953
0.0140925
0.0141202
0.014281
0.0142922
0.0142055
0.00353658
0.00816543
0.0122512
0.012365
0.013511
0.0139945
0.0140681
0.0142404
0.0142749
0.0142104
0.00150195
0.00740353
0.01187
0.0117572
0.0130941
0.0137213
0.0138455
0.0140424
0.0141018
0.0140568
0.000698471
0.00741764
0.0113516
0.0111287
0.0127527
0.0135297
0.0137202
0.0139533
0.0140428
0.0140233
-0.000522667
0.00702038
0.010724
0.0104294
0.0123052
0.0132267
0.0134986
0.0137803
0.0139078
0.0139222
-0.00286909
0.00592891
0.0102896
0.00992381
0.0119483
0.0129622
0.0132893
0.0136076
0.0137562
0.0137953
-0.00444375
0.00524329
0.0101818
0.00981293
0.0118429
0.0129008
0.0132554
0.0135925
0.013752
0.01382
-0.00440388
0.00501608
0.0101446
0.00968738
0.0117343
0.0127572
0.0131319
0.0134722
0.0136435
0.0137177
-0.00257885
0.0053845
0.0102968
0.00971459
0.0116442
0.0126616
0.0130183
0.0133913
0.0135592
0.0136841
0.0119072
0.0107588
0.0110697
0.0110479
0.0118658
0.0118566
0.0119815
0.0122092
0.0122581
0.0122472
0.0100586
0.00992044
0.0107781
0.010718
0.0115832
0.0117136
0.0118698
0.0120863
0.0121613
0.0121274
0.00909222
0.00960548
0.0107085
0.0103528
0.0113346
0.011643
0.0118149
0.0120477
0.0121418
0.0121321
0.00895459
0.00985216
0.0106185
0.00988175
0.0110546
0.0114468
0.0116298
0.011878
0.0119912
0.0119987
0.00988683
0.0106736
0.0104258
0.00946793
0.010857
0.0113173
0.0115284
0.0118012
0.0119384
0.0119687
0.0100471
0.0110231
0.0101302
0.00897879
0.010556
0.0110861
0.0113422
0.011653
0.0118143
0.0118793
0.00853628
0.0105601
0.00991281
0.00855222
0.0102901
0.0108821
0.0111734
0.0115064
0.0116831
0.0117709
0.00716717
0.0101839
0.00990586
0.00842861
0.0102071
0.0108501
0.0111553
0.0115009
0.0116824
0.011796
0.00667293
0.00990198
0.00991906
0.00833347
0.0101375
0.0107554
0.0110755
0.0114165
0.0116018
0.0117215
0.00756468
0.00993081
0.0100863
0.00840404
0.0100846
0.0106859
0.0109861
0.0113495
0.0115276
0.0116991
0.00831811
0.00810866
0.00942412
0.00957193
0.00990935
0.00973413
0.00993018
0.0101258
0.0101887
0.0102215
0.00773451
0.00791881
0.00922096
0.00921647
0.00965741
0.00960635
0.00981028
0.00999808
0.0100879
0.0100998
0.00814524
0.00833316
0.00931921
0.00896282
0.00955177
0.00959921
0.00977486
0.00997351
0.010077
0.0101104
0.00887847
0.00900805
0.00940493
0.00870509
0.00946915
0.0095031
0.00964365
0.00984576
0.00995786
0.010002
0.0103012
0.0100378
0.00942874
0.00854813
0.00945331
0.00945767
0.0095861
0.0097988
0.00992146
0.00998362
0.0111745
0.0107818
0.00940858
0.00831765
0.00933464
0.00932017
0.00945666
0.00968944
0.00982102
0.00991384
0.0107752
0.0109718
0.0094091
0.00802852
0.00919616
0.00919039
0.0093391
0.00958123
0.00971872
0.00982947
0.0103793
0.0111781
0.00954483
0.00793473
0.00916679
0.00919533
0.00934345
0.00959291
0.00972704
0.0098619
0.0100728
0.0111413
0.00964647
0.00786835
0.00914171
0.00915037
0.00930731
0.00954564
0.00967767
0.00981742
0.0104038
0.0110105
0.00983376
0.00794517
0.0091137
0.00911287
0.00925105
0.00950359
0.0096282
0.00981677
0.0048188
0.00563636
0.00753269
0.00764151
0.00780555
0.00772296
0.00799552
0.0081294
0.00819502
0.00827043
0.00483908
0.00569967
0.00736125
0.00734081
0.00762981
0.00761694
0.00787059
0.00799764
0.00808963
0.00814314
0.00563091
0.00622238
0.00747418
0.00723573
0.00768123
0.00767015
0.00786201
0.00799881
0.00809473
0.00816345
0.00626404
0.00674021
0.00753158
0.00714215
0.00776062
0.00765271
0.00778448
0.00791831
0.00801089
0.00808173
0.00732424
0.00750793
0.0075858
0.00716102
0.00787933
0.00767344
0.00777342
0.00790772
0.00799614
0.00807905
0.00821345
0.00825382
0.0076979
0.00713375
0.00791042
0.00762149
0.00770723
0.00784313
0.00792771
0.00803322
0.00848116
0.00879796
0.00783137
0.00698701
0.00789544
0.00756319
0.00764465
0.00778048
0.00785528
0.00797669
0.00890545
0.00943513
0.00807788
0.00696356
0.00794107
0.00760809
0.00767594
0.00781181
0.00787647
0.00801882
0.00892682
0.00966292
0.00826649
0.00694818
0.0079778
0.00761586
0.00768316
0.00779889
0.00786129
0.00800229
0.00897914
0.00950612
0.00848825
0.00703184
0.00798341
0.00761888
0.00766483
0.00779562
0.00784184
0.00803326
0.00401695
0.0046243
0.00594456
0.00565035
0.00576423
0.00583276
0.00614202
0.00621606
0.00629616
0.00644349
0.00401577
0.00457279
0.00569427
0.00536957
0.00561271
0.00569638
0.00597369
0.00604404
0.00614743
0.00627446
0.00449318
0.00480754
0.00570742
0.00536856
0.00576184
0.00577654
0.00598716
0.0060736
0.00616827
0.00630552
0.00457449
0.00490734
0.00562216
0.00535047
0.00591674
0.0057902
0.00594819
0.00603376
0.0061155
0.00624785
0.00500764
0.0052661
0.00559887
0.00543808
0.00608738
0.00583793
0.0059707
0.00605319
0.00612216
0.00626037
0.00560869
0.00583043
0.0057231
0.00551241
0.00619925
0.00584331
0.00595778
0.00603333
0.006081
0.00623919
0.00611033
0.00645373
0.00587495
0.00545189
0.00626442
0.00583653
0.00594575
0.00600589
0.00604065
0.00620806
0.00693854
0.00725038
0.00613903
0.00548235
0.00636893
0.00591023
0.00599791
0.00605523
0.00607328
0.00625862
0.007128
0.00759782
0.00634847
0.005507
0.00646047
0.0059601
0.00603919
0.00607636
0.00608223
0.00626742
0.00703216
0.00746492
0.0066115
0.00562055
0.00653338
0.00603664
0.00609808
0.00614218
0.00613785
0.00636398
0.00410926
0.00410175
0.00461376
0.00391189
0.00397583
0.00408833
0.00435076
0.0043637
0.00444677
0.00463522
0.00391599
0.00387196
0.00429237
0.00364937
0.0038289
0.00392048
0.00415594
0.00417274
0.00427199
0.00444478
0.00395659
0.00379009
0.00421419
0.00370665
0.00400864
0.00399747
0.00419063
0.00422985
0.00431468
0.00449263
0.00353508
0.00353282
0.0040015
0.00370372
0.00415968
0.00399799
0.00417135
0.00421755
0.00428507
0.00445364
0.00347493
0.00357353
0.00389501
0.00378967
0.00431336
0.00403426
0.00420675
0.00425329
0.00430141
0.00447532
0.00380713
0.00395854
0.00397739
0.00388347
0.00444423
0.00406464
0.00422836
0.00425817
0.00428382
0.00447166
0.00434577
0.00452608
0.00406911
0.00384642
0.00454024
0.00408256
0.00424517
0.00425842
0.00426439
0.00446072
0.00527548
0.0052819
0.00426866
0.00389152
0.00466893
0.00416142
0.0043053
0.00431296
0.0042993
0.0045138
0.00545963
0.00560823
0.00442371
0.00391867
0.0047826
0.00422519
0.00436005
0.00434241
0.00431976
0.00452814
0.0052459
0.00547126
0.00468102
0.00403141
0.0048956
0.00434771
0.00446507
0.00446012
0.00442276
0.00466685
0.00387268
0.00317246
0.00333065
0.00256357
0.00260915
0.00267689
0.00283435
0.00279729
0.00281215
0.00332558
0.00330139
0.0024797
0.00264618
0.00194294
0.0020771
0.00211079
0.00226012
0.00222906
0.00224409
0.00279967
0.00316501
0.00233726
0.00261731
0.00209009
0.00229251
0.00222948
0.00236837
0.0023664
0.00236429
0.00291059
0.00255795
0.00196254
0.0023781
0.00208173
0.00238845
0.00219779
0.00235357
0.00236206
0.00234275
0.0028824
0.00226741
0.00187329
0.00224869
0.00214282
0.00248897
0.00220642
0.00238473
0.00239503
0.00235877
0.00290439
0.00241068
0.00212453
0.00228258
0.00221869
0.00260026
0.00223801
0.00241674
0.00241111
0.00235193
0.00291235
0.00282
0.00255599
0.00229026
0.00218322
0.0026911
0.00225636
0.00244295
0.00241935
0.00234547
0.0029142
0.00356287
0.00315222
0.00239198
0.00222612
0.0028115
0.00231995
0.00249411
0.00246685
0.00237565
0.00296238
0.00360928
0.00332949
0.00240788
0.00218101
0.00285845
0.0023132
0.00248171
0.00243205
0.00232704
0.00292118
0.0037097
0.00353604
0.00297042
0.00262235
0.00332865
0.00280178
0.00296062
0.002928
0.00282604
0.00339873
0.000684773
0.000919777
0.000946736
0.000400496
0.000484983
0.000509739
0.000576338
0.000563151
0.00060328
0.000235907
0.000961655
0.0013062
0.00130765
0.0008176
0.000933501
0.000931527
0.00100062
0.000999977
0.00105449
0.000608163
0.00084006
0.0011516
0.00127021
0.0008815
0.00101005
0.000944914
0.00102626
0.00104347
0.00107885
0.000646112
0.000424226
0.000852819
0.00108363
0.00083621
0.00100227
0.000856605
0.000971659
0.000993887
0.00101773
0.000585759
0.000240739
0.000772641
0.00100443
0.000873515
0.00104291
0.000842973
0.00098663
0.00100919
0.00102344
0.000595961
0.000323508
0.00090112
0.00100539
0.000915874
0.00110995
0.000860495
0.00100801
0.00101993
0.00102218
0.000599601
0.000591361
0.0010975
0.000945451
0.000884151
0.00116714
0.000863832
0.00102329
0.00102396
0.00102187
0.00060032
0.00110494
0.00139071
0.00097931
0.000946826
0.00127834
0.000929085
0.00108575
0.00108834
0.00107923
0.000659184
0.001107
0.00149276
0.000978302
0.0009465
0.00134297
0.000954379
0.00111245
0.00110404
0.00109301
0.00065732
0.000391732
0.000916228
0.00060153
0.000465588
0.000902251
0.000514729
0.000666834
0.000659379
0.000630704
0.000276342
)
;

boundaryField
{
    inlet1
    {
        type            zeroGradient;
    }
    inlet2
    {
        type            zeroGradient;
    }
    outlet1
    {
        type            fixedValue;
        value           uniform 0;
    }
    outlet2
    {
        type            fixedValue;
        value           uniform 0;
    }
    fixedWalls
    {
        type            zeroGradient;
    }
}


// ************************************************************************* //
